no weights
   0.0505921    -0.255528   0.00355969   0.00129178     0.204662     0.125868    -0.282116     0.128383    0.0717877     0.196706     0.494833    -0.244023    -0.182674     0.278771      0.21995     0.234452     0.374001    -0.119197    -0.186862    0.0306643   -0.0834532   -0.0374783     0.384421    -0.330102    -0.171307     0.143152      0.29957     0.461872     0.354111    -0.257544    -0.108006     0.161802      0.26841     0.272937     0.211588    -0.122207    -0.184367     0.436474     0.146831     0.105786     0.501859    -0.143023     0.180725     -0.44046    -0.220486    -0.124636     -0.20778    0.0299689
   -0.131191    -0.126311   -0.0840677    -0.010095    0.0748161     0.264893    -0.126804  -0.00854756   -0.0509371    0.0363867    0.0260345     0.250389    0.0313613     0.030059   -0.0268227     0.138628    -0.262399     0.260752     0.120102    0.0462229   -0.0194905    -0.357432     0.384707     0.199479    0.0833283   -0.0229533    -0.367239   -0.0410923     0.149643     0.357936     0.196568    -0.438496   -0.0128355    -0.121447     0.178826     0.301664   -0.0486481  -0.00982263    -0.266975   -0.0134078     0.146475     0.262641    0.0984095     -0.11887     0.128424     0.215196      0.16701     0.169386
    0.133368     -0.10731   0.00228803    -0.159733    -0.207359   -0.0730167    -0.218002     0.205789      0.16386     0.168493    -0.395007    0.0887489     0.164925   -0.0144224     0.233827     0.288494    -0.446866     0.466137   -0.0860981     0.240695   -0.0161966     0.033926    -0.126939      0.24946    -0.115473    0.0825518     0.361843     0.220574    -0.371244     0.221164    -0.080592    -0.132963     0.385544     0.348555    -0.320376    0.0673079     -0.28589     0.139207    0.0807563     0.146438    -0.159645     0.146598     0.190152     0.257234    0.0104407  -0.00859358    -0.165046     0.407841
   0.0470769     0.149114     0.315684     0.220479     0.197833     0.291279     -0.17993     0.112888      0.10555   -0.0452132    -0.457173     0.503259    -0.134234    -0.101083    -0.108736    -0.052491    -0.151232     0.159082    0.0994855    -0.120657      0.23167    0.0156908    -0.156179     0.244681    0.0159485    -0.070847   0.00522612   -0.0975693    0.0482999   0.00105037   -0.0424652   -0.0711228    -0.284834     -0.11199   -0.0289287   -0.0331767   -0.0399884    -0.041327    -0.316931   -0.0986056    -0.274114     0.105481   -0.0528474     0.385417     0.118512     0.272436     0.133928    -0.122485
     0.31253    -0.506729    -0.402462    -0.420526    0.0820541     0.185928    -0.181545      0.11863     0.121518    0.0469207     0.254355    -0.131122     0.179684     0.137155     0.208402   0.00340664     0.121047   -0.0683453      0.14822     0.201205   -0.0638747    -0.525393     0.345174    -0.126985     0.116204     0.210785    -0.121857     0.241157     0.393251     -0.15423     0.167509    -0.357882     0.478727   -0.0428618     0.312899    -0.069888    -0.254073    0.0677257    -0.100482     -0.39955      0.15998    -0.101932     0.337362    -0.111042     0.145088     0.132308     -0.03584     0.288038
    0.147776    -0.169598    -0.417054    -0.270601     0.105999   -0.0566404    0.0449036    -0.112879   -0.0211827   -0.0386805     0.129006    0.0794091     0.381769     0.029413   0.00409368    -0.128236    0.0381653     0.252376     0.098519     0.344495    -0.119739    -0.327548     0.240368      0.14517     0.177842     0.194739    -0.215316     0.226395     0.163297    0.0272429     0.256395    -0.149415     0.184639     0.150597     0.209154     0.169714   -0.0381918   -0.0609808   -0.0793528    -0.263734     0.170902    0.0943599     0.292026    -0.180851    -0.015051    -0.125652     0.111059     0.171128
   -0.626325    0.0199049     0.313506     0.212875   -0.0560251    -0.278295    -0.291851     0.154017     0.170296     0.277252    0.0889456    -0.289435    -0.290699    0.0694994     0.182874    0.0287748   -0.0179779   -0.0750425  -0.00181066    -0.224428     0.152128    -0.342592     0.263964    -0.132146   -0.0177873    -0.215639     0.295892     0.113011     0.428961    -0.290471   -0.0399399    0.0570689     0.131332     0.377414     0.426981    -0.176195     0.112431     0.245369    -0.124177     0.237152     0.688004    -0.197346     0.266666    -0.284275    -0.129704     0.212281     0.260301     0.124941
     0.02093   -0.0286392    -0.294728   -0.0158345    0.0924498    0.0941295     0.117314    -0.193425    -0.196232     0.029914    0.0588368    0.0291419     0.250865     0.167981    -0.274634     0.149425   -0.0937259     0.284261   -0.0586931     0.400926     0.026633     0.318078     0.282087     0.221844   -0.0901009     0.126233    -0.398901     0.338932   -0.0378509     0.316974   -0.0554263    -0.057294    -0.170703     0.270317    0.0206694     0.223326   -0.0559083    -0.127979    -0.149597     0.173904   -0.0648558      0.30625     0.112311     -0.44275   -0.0168608     -0.26579    0.0452361    0.0676221
    0.141306    0.0406983   -0.0652195      0.12894     0.181739     0.343502   -0.0469115   -0.0410717    -0.143086     0.151273     0.227301       0.1168   -0.0639226      0.13049    0.0053857     0.100904     0.342473     0.133882    -0.174235     0.364754     0.143535     0.404713     0.465661    0.0455388    -0.124087     0.108923    0.0632192     0.236905      0.12405     0.118696    -0.063805     0.317098    0.0306087     0.194034     0.118472     0.194006   -0.0869449      0.29165    -0.112713    0.0641082     0.300083      0.16473     0.190115    -0.481363    -0.524895    -0.583499    -0.308029    0.0828654
  -0.0548532    -0.139812    -0.304909    -0.489004    -0.591525    -0.094609  -0.00658396      0.23369     0.210374   -0.0226478    -0.131267    -0.308961     0.196092    0.0422642     0.297062   -0.0531929    -0.327405     0.105759     0.278325     0.066174     0.116274    -0.450589     0.113369  -0.00437203      0.37999    -0.181115     0.224887    -0.183117   -0.0857221    0.0516421     0.360556   -0.0701602     0.421461    -0.041115    -0.150791     0.207651     0.272952    -0.043933    0.0744139    -0.231165    0.0877824     0.148123     0.383326     0.262049    -0.144106     0.125779     0.189598     0.466545
   -0.119304    -0.113786    -0.143742   -0.0703968   -0.0369157    -0.180802     0.115762  -0.00771656    0.0333346     0.167845     0.276245     -0.43448    0.0400627    0.0973988     0.169128     0.146522    0.0474029    -0.127367     0.144725     0.127824    0.0469461   -0.0200575     0.154685    -0.188447     0.159387    0.0462301  0.000383372     0.152572    0.0972711    -0.149218     0.178882    0.0685639     0.109713     0.296041    0.0854343   -0.0231848      0.24593    -0.119009     0.184587     0.114043     0.216432   -0.0427722     0.270161    -0.257965    0.0632076     0.108548     0.134134     0.194402
  -0.0653061     -0.16426  0.000967393    -0.269059    -0.483697    -0.380403      0.12346     0.231884     0.228746  -0.00597231     0.138398    -0.416077    0.0306376    -0.116649     0.209317     0.115275   -0.0905144    0.0451594   -0.0736522    -0.122373   -0.0716683    -0.134955    -0.219705    -0.127589   -0.0955389   -0.0741609     0.386176   -0.0120452    -0.269502   -0.0242824   -0.0468603    -0.126629     0.524438    0.0532271    -0.132561    -0.215301    0.0065962     0.188886     0.590479     0.312953     0.230448    -0.136609    0.0537227     0.212678     0.133726     0.297926   -0.0762516     0.195745
   -0.228663    0.0581358    0.0617626     0.129947    -0.101482     -0.05874    0.0914719    0.0304832   -0.0504903     0.107216    0.0653192   -0.0478376     0.106545    0.0869413     0.047458     0.131958    -0.138564   0.00490382     0.177338   0.00746404     0.135445    -0.106536     0.255635    0.0419491     0.251195    -0.210872    -0.158096    -0.150273     0.161358     0.123742     0.217334    -0.225721     0.109458   -0.0569062      0.17956     0.148473     0.336175    0.0205754   -0.0856353     0.140137     0.308567     0.113541     0.205128    -0.156776    0.0516969     0.219341     0.262814     0.178387
   -0.226479   -0.0556031     0.111457   -0.0269895   -0.0351224    0.0355053    -0.208619    0.0783266      0.13067    0.0219074     0.336486    0.0770525    -0.201364    -0.166846     0.174685    -0.117033     0.501139    0.0325791    -0.527954     0.402312    -0.127725     0.192877    0.0492929  -0.00406802    -0.362261     0.150597     0.373733    0.0864792    0.0148399    -0.183325     -0.38494     0.410319      0.47131     0.305772     0.154296   -0.0677417    -0.489442     0.482217     0.338331    0.0779004     0.353184    -0.144258    -0.287565    -0.188708   0.00234768     -0.16135    -0.432392   -0.0180661
   0.0304285     0.284628    -0.118833      0.10143    0.0768466   0.00578802    0.0356877   -0.0912989    -0.142807     0.155453   -0.0321367     0.187407    0.0423796    -0.031872   -0.0985435    0.0355665     0.136228     0.338797    -0.126018     0.447205    0.0570004     0.455717    0.0380271     0.320584    -0.133752     0.106926    0.0703777     0.119543   -0.0701873     0.240422   -0.0827767     0.336725    0.0573845     0.288441    -0.105488     0.401581    -0.133198    0.0786659   0.00290972     0.199719   -0.0122605      0.28191    -0.159458    -0.251528     -0.37708    -0.581997   -0.0804903    -0.149233
    0.226921     0.355243     0.194357    0.0785167    -0.158973     -0.24807     0.268958    0.0926528    0.0910246    -0.089141    -0.443464     0.144022      0.23196    -0.292547    -0.200663    -0.168811    -0.252546     0.243547    0.0940758     0.206013     0.212177     0.301044     -0.34678     0.197787   -0.0657307     0.148957     0.226944    0.0292838    -0.334529   0.00886555  -0.00918258    -0.073831     0.163165      -0.1511    -0.397713    -0.186278    0.0539363    0.0149439      0.25207    0.0618547    -0.323837   -0.0653845    0.0951257     0.367538     0.229281    0.0814594  0.000760923     0.133861
   -0.198296    -0.119075    0.0297781     0.147091    0.0736666    0.0335184    -0.214899    0.0148954  -0.00271112     0.287405   -0.0303879     0.180906    -0.147611   -0.0149888  -0.00888611   -0.0136962    0.0843456    0.0976401     0.036271    -0.018321   -0.0300323    -0.088238    0.0117572    0.0978523    0.0523156   -0.0802821   -0.0255971    0.0747989     0.146763   0.00568496   0.00699099     0.034351    0.0323926     0.164433     0.149529     0.116239   -0.0662791     0.113591    -0.176098    0.0552959     0.217781    0.0520343    0.0103574    0.0922853     0.181578     0.249509     0.361913    0.0939879
    0.103662   -0.0403079     0.124564   -0.0211603     0.207294     0.176232    -0.151207     0.201685     0.159929     0.126899    -0.389528     0.272569    0.0884606    -0.108379   -0.0725143  -0.00387949   -0.0898896     0.126662    -0.165594     0.194245     0.259844     0.271445    -0.160666      0.15665    -0.250278     0.149638    0.0233071     0.226813    -0.140153     0.037189    -0.307618 -0.000110647  -0.00799819     0.090494    -0.184139   -0.0268933    -0.328395   -0.0498257   -0.0560415   -0.0997116    -0.399228    0.0880945   -0.0458654     0.301231     0.503314     0.314119    0.0895563   -0.0346314
    0.344654   -0.0473058    -0.249507    -0.110692    -0.194018   -0.0677548     0.220256    -0.237807    -0.276269   -0.0771967     0.496413    -0.162736     0.220199     0.103592     -0.10789     0.158369     0.340134    -0.102797     0.018052     0.114683    -0.331835    0.0825091     0.208666    -0.161993    -0.017332     0.169894     0.119368     0.205021     0.113335    -0.163578    0.0297994     0.249565   -0.0732162     0.263114  0.000307942    -0.167786     0.107177     0.318007    0.0626689    0.0950554     0.373238    -0.218934     0.600354    -0.520468     -0.34353    -0.409607    -0.224774     0.576058
   -0.225048      0.61129     0.701029      0.55636     0.474807    -0.126944   -0.0273971     0.147242     0.133605    0.0946432   -0.0567067     0.121365    -0.204192    -0.129151     0.039931    0.0421358    0.0808706    0.0338083    -0.147613   -0.0657906     0.161534      0.30876    -0.160948      0.16335    -0.143134     0.126809     0.147026   -0.0792118   -0.0242274    0.0658484    -0.170342     0.168468    0.0526564   -0.0637925    0.0652688   -0.0874945    -0.155624    0.0252934      0.27334     0.242604  -0.00233878    -0.084856    -0.448482     0.177475     0.127088    0.0122584    -0.106178    -0.523701
   0.0363766     0.178938     0.169212  0.000599327    -0.166531     0.416551    -0.214748     0.235243     0.198619     -0.17108     0.137872     0.144725    -0.068375    0.0306689     0.245965   -0.0997985     0.283343    0.0384107    -0.137771      0.18771      0.42368      0.14877     0.577552    -0.186452    -0.192813    -0.232136     0.459025    -0.386524    0.0243134     0.036171    -0.204161     0.243046     0.204789    -0.126077     0.247384   -0.0319297   -0.0758411     0.472727     0.148004    -0.169099     0.329778    0.0352145    0.0990669    0.0759602    -0.407109    -0.179882    -0.509375     0.183326
  -0.0884742     0.473454     0.575295      0.50643      0.51226    -0.322136     0.092468    0.0873131     0.043735    -0.111485     0.022981   -0.0573626   -0.0159024    0.0239755    -0.177268    -0.117216     0.229837    -0.235868   0.00776377    -0.204088     0.249404     0.207093   -0.0686311    -0.204098    -0.124609    0.0437519     0.283932     0.188913     0.123762    -0.322067    -0.223304   -0.0622807   -0.0294185    -0.107195      0.17762    -0.484777     0.189516     0.159955     0.151183    0.0567307     0.112277    -0.272076    0.0369734     0.148524     0.047057     0.175392    0.0335414    -0.256158
    0.232905    -0.154903    -0.154377   -0.0884978     0.066193    -0.294242    -0.160644  -0.00803029   -0.0509227     0.399212    0.0425382    -0.347995   -0.0657244    -0.105911   0.00704854     0.145479     0.207159    -0.199377    -0.189698     0.147879    -0.326086     0.176239    -0.277908    -0.338568   -0.0864076     0.144103     0.200335     0.463616   -0.0173389    -0.494884    -0.093281     0.420105      0.18641     0.588611    -0.118991    -0.320571    -0.156228    0.0463236    0.0603889     0.169826    0.0704976    -0.339823     0.241387    0.0357831    0.0985343     0.114073     0.360989     0.186851
    0.212201   -0.0403622     0.103741     0.126228   -0.0842948     0.264583    0.0654839     0.131401     0.106389    -0.122216    0.0780119     0.147039   -0.0980981      0.13713    0.0640788     0.115863     0.159154    -0.206157     0.197079     -0.43678   -0.0980831   -0.0967967    -0.210718    0.0289006    0.0376433    0.0157289     0.112431    -0.190932    0.0124201  -0.00716598   -0.0090387    0.0114631    -0.137328    -0.284782    0.0237172    -0.174821     0.200655      0.12024     0.123475    0.0137886   -0.0385948  -0.00569267   -0.0279194     0.242172     0.268261     0.334544    0.0409904    0.0557889
    0.267107     -0.33499    -0.148297    -0.261602    0.0515352    -0.136131    0.0262651     0.123913     0.166304     0.026891   -0.0332761   -0.0948044    0.0509825     0.111647     0.183783     0.160314  -0.00401254    -0.253852    0.0996175    -0.305431    -0.293115    -0.167088    -0.601263   0.00594853   -0.0311368     0.313232  -0.00638331     0.150501   -0.0218536   -0.0504663  -0.00422977   -0.0486752     0.144244    0.0535057   -0.0344748    -0.114347   -0.0233556    -0.483726     0.162715    -0.143187    -0.523052   0.00355308   -0.0530533     0.497959     0.793007     0.619166     0.321521    0.0472221
    0.105499     0.120224   -0.0390171    -0.139846    -0.340001     0.165105     0.167013    0.0356591     0.111825    -0.285212    -0.108103     0.194063     0.116494   -0.0086097   -0.0305203    -0.100356  -0.00829601     0.252301     -0.10216     0.204568    0.0849962     0.230564    -0.148785      0.23681     -0.11636     0.139993     0.336963    -0.138694    -0.339775     0.330593    -0.188668     0.185842     0.258181     -0.12591    -0.262006     0.195051     0.106033    0.0818049     0.431292     0.020759    -0.122921     0.270821   -0.0530276     0.240777  -0.00633315   -0.0300894    -0.303943     0.116659
    0.177643    0.0501079    0.0916804     0.122762     0.261765   -0.0724372       0.1839     0.100696     0.094607    -0.116659     0.419078    -0.326098   -0.0439666     0.185937     0.176623   -0.0540441     0.471682    -0.708196     0.168497    -0.227981    -0.114624   -0.0452156    -0.172195    -0.485288   -0.0050812     0.189186    0.0525604    -0.103705     0.263949    -0.404565   -0.0776238     0.248601   -0.0777055    -0.273462     0.122654    -0.383164      0.26926   -0.0949215      0.13894    -0.271621  -0.00708915    -0.129741   -0.0598203     0.275332      0.27702     0.212756    0.0988171    -0.117548
    0.306253     0.318706    0.0791975     0.364029     0.202602     0.178459     0.168926    -0.206579    -0.243971     0.135413   -0.0560812    0.0866833    -0.125595     0.106543    -0.127542     0.265253   -0.0161372    -0.227762     0.322599    -0.347621    -0.211943     0.215616    -0.154623    0.0442958     0.303885   -0.0299605    -0.334764    -0.115646   -0.0537776    0.0971882      0.32887     0.229039    -0.696732  -0.00974903    -0.102563     0.188651     0.367113   -0.0931263    -0.263113     0.213933    -0.226761     0.137098    0.0030873   -0.0252568    -0.192037   -0.0487183     0.412477   -0.0407758
    0.416138    0.0287619   -0.0948073     -0.20198    0.0196052     0.416741     0.212869     0.174398      0.15294     -0.22107     0.488096    0.0363241     -0.13302     0.211387     0.238625   -0.0855058     0.477604    -0.290018   -0.0308537     0.128299     0.341721     0.221747     0.258346   -0.0390486   -0.0623646     0.220475     0.119731    -0.209152     0.107593      0.15088   -0.0647333     0.267156   0.00208013    -0.334059     0.175221     0.148321   0.00708048    0.0665877     0.455462   -0.0830456    0.0346689    0.0936032    -0.213228   -0.0385308    -0.220553    -0.372984    -0.488269    -0.256706
    0.323738    -0.143518    -0.247075    -0.229069      0.20325  -0.00770731     0.137695    0.0959675    0.0828854     0.224021   -0.0134766    -0.112055    0.0790661     0.110477     0.254371     0.104347   -0.0704238    -0.191147      0.30862     -0.10569   -0.0596702     -0.21294    -0.308205      0.12362     0.396277      0.24673    -0.276653   -0.0229481     0.170756  -0.00128451      0.40497   -0.0695981    0.0196057  -0.00424547  -0.00656572     0.198149    0.0821232    -0.679242   -0.0792042    -0.205066    -0.446834     0.155882    0.0263453      0.25386     0.315858     0.241509     0.456376    0.0465022
   -0.164791      0.22425      0.42638     0.348559     0.330496   -0.0399493   -0.0718215    0.0709749     0.182424    -0.012681    -0.183171   -0.0813492   -0.0918445    -0.098665   -0.0265114    0.0499511    0.0529519    -0.185603    -0.223664     0.175407     0.172792     0.420721    -0.184648    -0.161102    -0.249945      0.20439     0.176305     0.127211    -0.159645    -0.111632    -0.289755     0.147168     0.212857    0.0373244    -0.187366    -0.194178    -0.197944    0.0389536     0.226457     0.131161    -0.293507   -0.0821591     -0.31625     0.250782     0.379403     0.234657   -0.0708826    -0.240752
    0.160553    0.0271083     -0.27207      -0.3763    -0.488881    -0.287674     0.442681     0.196434     0.124735    -0.234154     0.120373    -0.149874     0.415408      0.11428   0.00735238    -0.102068    -0.117422     0.227818    0.0512519     0.259952     0.329253     0.157311   -0.0138487     0.105173   -0.0255824     0.205016      0.27532      0.13892    -0.260997      0.21547   -0.0176541    -0.138231     0.267094    -0.254634    -0.274478    0.0294088     0.305815    0.0174425     0.454572    0.0759164    0.0104889     0.157919       0.2269   -0.0267162   -0.0562444    -0.222654    -0.189291     0.215614
   -0.183768  -0.00114147    -0.201511     -0.27344    -0.228263    -0.467881     0.414516     0.149444     0.158687   -0.0281933     0.216552    -0.328728     0.273904    0.0957757     0.164586   -0.0144636  -0.00153458    0.0945217     0.215117    0.0104302    0.0544301     -0.18064    -0.113581    0.0146246     0.236014     0.109638    0.0316425    0.0515876    -0.018241    0.0149433     0.243715    0.0578733      0.23646    0.0184219    0.0697932    0.0096191     0.331789   -0.0869973     0.311491      0.16324     0.235266     0.042807    0.0568664   -0.0520218    0.0706099    0.0440303     0.163539     0.140525
    0.367779    0.0327433    -0.240253    0.0384452    -0.259128     0.117352      0.15785    -0.234714    -0.250907   -0.0403692   -0.0408021   -0.0320572     0.163546    0.0578403    -0.326062     0.245215    0.0293038     0.150382     0.159105  -0.00120288    -0.317321     0.288619     -0.21329   -0.0116804   -0.0552378      0.11021   -0.0202441     0.343683     -0.26979   0.00210775  -0.00328261     0.310687    -0.444404     0.233487    -0.258518   -0.0880545     0.281348     0.273677   -0.0719469      0.20484   -0.0455898    0.0650233     0.495077    -0.347983     -0.26026     -0.29909    0.0561715      0.49399
   -0.151203   -0.0192366     0.370317     0.217939   -0.0853737     0.631591    -0.463534     0.137864     0.208734    0.0747936    -0.216372     0.405246    -0.422353    0.0611761     0.288135     0.407195    -0.338767     0.136735   -0.0318818    -0.354852     -0.03245    -0.173497     0.132733     0.123895     -0.19979     -0.28298     0.141642    -0.212475   -0.0756375     0.405674    -0.130013    -0.137807   -0.0336456   -0.0101996    0.0167574     0.428927    -0.147307     0.179751    -0.213387    0.0776294    -0.162802      0.45449   -0.0130209     0.157625    0.0808186        0.326   -0.0171611     0.182731
   -0.159667     0.390947     0.603544     0.462767     0.316693   -0.0230571   -0.0468924     0.222104     0.177901   -0.0108791  -0.00720704   -0.0625627    -0.109866    0.0852453    0.0382975      0.19052    0.0779705   -0.0989351   -0.0741884    -0.122553     0.247354     0.231875    0.0776996    -0.212582    -0.263547     0.109896     0.420924     0.145775  -0.00162611    -0.125514    -0.165919   -0.0594602     0.131027    0.0496636    -0.060966    -0.231094   -0.0872078     0.272953     0.256898     0.236798     0.134111    -0.154439    0.0210471    0.0163522    -0.028647   -0.0100146    -0.208511   -0.0566266
   -0.352494     0.194439     0.457622     0.369611     0.110679     0.210946    -0.228205     0.282892     0.180938    0.0755209   -0.0747582      0.49136    -0.444511  -0.00569532     0.103808   -0.0699176    0.0668829     0.215867   -0.0789663    -0.442228     0.172779    -0.157799   -0.0608976     0.289701   -0.0228812    -0.121093     0.200612    -0.358155     0.281785      0.25939    0.0378229   -0.0598208    -0.119974    -0.241525     0.275418     0.205024   -0.0867908     0.143893     0.117419     0.129331     0.101206     0.172185    -0.484541     0.339903    0.0290396     0.296784    -0.015524    -0.521711
    0.530351     0.199312    -0.144263   -0.0179724    -0.161866     0.489218    0.0171432   -0.0958956    0.0348795    -0.281723    -0.165589     0.161576    0.0465345     0.178742    -0.153747    -0.111225    0.0470503    0.0372995      0.26093     -0.10396   -0.0617983   -0.0353723   -0.0739616    0.0114132     0.163658   0.00309065     0.189575    -0.225167    -0.118003     0.182798     0.196878    0.0798964    -0.234189    -0.337226    -0.108881     0.130418     0.191543     0.195166    -0.116661    -0.238493    -0.194556     0.203286     0.197053     0.322118    -0.363338    -0.220732   -0.0995297     0.148859
   -0.256989   -0.0687992     0.130492     0.141912     0.146942    -0.122763   -0.0582619      0.11084    0.0939318     0.236572   -0.0164016    0.0792175    -0.115299    -0.111121     0.158444     0.125758    0.0141775    0.0510646    -0.178179     0.044799    -0.192792   -0.0363152    -0.245864    0.0219785   -0.0661248    0.0464815    -0.174886    0.0350803   -0.0949702    0.0306036    -0.116233     0.124221     0.211432      0.29249   0.00906249    0.0204096    -0.213187   -0.0072517     0.168868     0.140798   -0.0818037  -0.00111104    -0.306354     0.212664     0.640891     0.423185     0.261336  -0.00384003
    0.261168    0.0491452     -0.31492    -0.210534     -0.10513    0.0559897     0.124963     0.017357  0.000672632    -0.151017   -0.0722361   -0.0515142      0.39003     0.143358   -0.0440338   -0.0211088    -0.246305     0.189362     0.427082    0.0984756     0.136088    -0.393256     0.279142      0.17536      0.34305    0.0189153   -0.0548424    -0.027661    0.0785906     0.197134     0.428872     -0.31706  -0.00987766    -0.234618   0.00959247    0.0951186      0.20461     -0.03608    -0.160491    -0.202075  -0.00060488    0.0727793     0.422016    0.0716501    -0.289875    -0.211421   -0.0453488     0.278004
    -0.46656    0.0611982     0.264832     0.341766     0.157136    0.0920782    -0.305885    -0.114476   -0.0563141     0.195344    -0.272921     0.505993    -0.154272    -0.133507    -0.116892     -0.10079    -0.119589     0.474562    -0.211266     0.360734     0.191644     0.199664     0.299522     0.329172   -0.0771201   -0.0449575   -0.0414563      0.19778     0.207429     0.143992     -0.18261     0.118171    -0.219728     0.438563     0.101803      0.13854    -0.163006     0.266281    -0.372764    0.0773693     0.241236     0.144622    0.0884202    -0.233003   -0.0757559   -0.0358816    0.0518227    0.0320105
   -0.213224   -0.0516808    0.0263542    -0.018305     0.214301    -0.435311    0.0896442     0.133608     0.146747     0.378021    0.0699506    -0.223443   -0.0512844    -0.143757     0.211077     0.126883    0.0123995    -0.116013   -0.0714327   -0.0548534   -0.0534845     0.016497    -0.458703    0.0602114      0.11147     0.225078    -0.324877    0.0938991   -0.0146056   -0.0243913    0.0759562     0.012329     0.132497     0.199505    0.0114884     0.169271    -0.113338    -0.435147     0.269096     0.256614    -0.105083    0.0398703    -0.489173     0.161096     0.469482     0.255512     0.514199    -0.378249
   -0.412105     -0.12857    -0.208623   -0.0469478    -0.449604    -0.205292    -0.257276    -0.192252    -0.201852     -0.20771    -0.232926    -0.234243    -0.160623    -0.228057     0.013782   -0.0391609   -0.0659337   -0.0663391    -0.331873   0.00492434     -0.24019   -0.0854236    -0.332325   -0.0441846    -0.028082    -0.032571    -0.109303    -0.104103    -0.234065   -0.0170191   -0.0542982    -0.146685    -0.146622    -0.177977    -0.049546     -0.15714    0.0691569   -0.0468041   -0.0592787    -0.184362   -0.0661107   -0.0200721
 -0.00459101    -0.540566     0.458999    -0.107849   -0.0555152    -0.635431     0.144899     -1.09629    -0.784084     0.351883    -0.277454      0.85144     -0.38289     0.312271    -0.750771    0.0828252    -0.332882     0.204818    -0.958327     0.180681     0.337793   -0.0367004      -0.1027   -0.0612616     0.435766     0.109592   -0.0687985     -1.23255    0.0291086    -0.155546     0.335221     0.115848   -0.0257341     -1.23423     0.200774     0.254259     0.294072    -0.589245     0.113585     -0.55233     -0.52371    0.0727391
    0.258188    -0.920168    -0.540187    -0.626011     -1.11906    -0.811563     0.413777    -0.450813    0.0334761    -0.475356   -0.0162691     0.464183    -0.136613     0.547291    0.0596285    -0.181916    -0.314539    -0.719732      0.45514     0.240705     0.225967     0.246704     0.140574   -0.0542367    -0.813007    0.0876269      0.14634    -0.124073     0.171763     -1.11002   -0.0102035     0.186631     0.180962     0.183419    -0.540437     0.230679   0.00685727    -0.314974    -0.259872    -0.796906    -0.275178    -0.185318
    0.287814    0.0729846    -0.168185    -0.290313    -0.193748    -0.260542   -0.0382273    -0.119594    0.0791668    -0.425848    -0.201142   -0.0213448     -0.11275    0.0808303   -0.0329256    -0.372145    -0.185147    -0.358996    0.0845643     0.130503    0.0756431    -0.190598    -0.212688   -0.0982628    -0.579038    -0.187916    -0.338119    0.0867481      0.13102    -0.478298      -0.1458    -0.317428    -0.369917    -0.105738     0.260636     0.125892     0.130432    0.0195439      -0.1838    -0.104649    -0.199454     -0.20926
    0.348704   -0.0858591    -0.329188    -0.539821     0.275894     0.215698     0.408964    -0.152664     0.188263   0.00680257     0.155829    -0.286721   -0.0190901     0.578701     0.218802      -0.9559     0.175002    -0.492875   0.00550431    -0.205087  -0.00804186    -0.552389     0.456691    -0.619861    -0.357438    -0.581138    -0.146663     -0.30331   -0.0711293     0.130703     -0.34742    -0.714403   -0.0312802    -0.621071    -0.341543    -0.455983    -0.144993    -0.638178     0.133053    -0.304491      0.17997     0.337605
   -0.341952    -0.072224     -0.23219   -0.0388143    -0.243916    -0.237263    -0.288045   -0.0466961    -0.191734    -0.182749    -0.182153     -0.29914    -0.104054    -0.313247   -0.0421436   -0.0778818    -0.165952   -0.0223082     -0.42268    -0.019366    -0.104723   -0.0317803    -0.262798    -0.193436    -0.100304   -0.0776931    -0.016074   -0.0682743   -0.0886602    -0.062823 -0.000775479    -0.165176    -0.246978    -0.198852   -0.0141565    -0.105053     -0.12095   -0.0492552    -0.174448    -0.141457    -0.108349   -0.0760748
  -0.0475744   -0.0856679     -0.18552   -0.0247232    0.0256035    -0.136211    0.0405044    -0.248704    -0.320793   -0.0523428    -0.102606    -0.258608    -0.204535    -0.391707     -0.29961    -0.300677   -0.0622144   -0.0624998    -0.523338    -0.183576    -0.360359    -0.134152   -0.0887086    -0.081256      0.20686    -0.235223     0.090808    -0.109828    -0.211669     0.114772   0.00673026    -0.292293    -0.139199    -0.316443    0.0409902    -0.126036      0.11701   -0.0203155    -0.114571   -0.0765501    -0.180057    0.0682507
    0.108753    -0.771145   -0.0448216      0.35765    -0.627842    -0.719126    -0.501756    -0.621218     0.173559    -0.829451    -0.901148    -0.464421     -0.82699     0.457927     0.143382   -0.0438927    -0.234723     0.176258    -0.183001      0.29617     0.473667     0.169948     0.110457  -0.00718313    -0.434693   -0.0239604    0.0574178    0.0765895     0.163617    -0.669006     0.258835    -0.694559    -0.998399   -0.0832711     0.161979     0.210047     0.227152     0.511883    -0.309982    -0.612283   -0.0941969    -0.578706
   -0.114728   -0.0419663   -0.0645299    -0.122179    -0.404934    -0.128753   -0.0910019   -0.0112569    0.0651612    -0.219269    -0.209331   -0.0988739   -0.0284561    0.0274923    0.0883904   -0.0102762    -0.186999    -0.178463    -0.125981    0.0896457    0.0740767   -0.0921911    -0.340648    -0.356334    -0.657017   -0.0469418     -0.54267     -0.16399   -0.0474126    -0.546983   -0.0437089    0.0321486   -0.0624031     -0.13466    -0.211001    0.0812807    0.0954751    -0.190618    -0.169662    -0.109306     0.117433    -0.119716
   -0.399604   -0.0406256    0.0887467    0.0558269    -0.429702    -0.188126    -0.211778     0.176591   -0.0362687    -0.623504    -0.402258    -0.200416    -0.174859    0.0219334     0.132046    0.0625167    -0.188245     0.103309    -0.423385     0.295521    0.0733001     -0.02294    -0.424795    -0.267114    -0.336909  0.000645998    -0.470169    -0.315937   -0.0681006    -0.369184     0.140409   -0.0442869    -0.235596    -0.402582     -0.10909    0.0124212     0.157961    -0.353058    0.0109907    -0.154383     0.185058   -0.0442715
   -0.271547   -0.0780994   -0.0712238    -0.153413    -0.192453   -0.0532448    0.0185438   -0.0575182    0.0103049   -0.0522365    -0.125372     -0.22773   -0.0475156     -0.19288    0.0220214    -0.151814    -0.108809    -0.293607   -0.0986865    -0.117858    -0.139986    -0.220122    -0.310033    -0.254783    -0.220487   -0.0391916    -0.403664    -0.122219     -0.31297   -0.0921595    -0.282892    -0.180648   -0.0503697   0.00089311    0.0315368    -0.209637    -0.142958   -0.0956643    -0.140747   -0.0387454   -0.0394067    -0.198888
   -0.335484   -0.0192595    -0.155932   -0.0858415    -0.242203    -0.113385    -0.247192   -0.0558676    -0.199623   -0.0884947    -0.176439    -0.261462    -0.104183    -0.354044    -0.130433   -0.0802939    -0.112683   -0.0511064    -0.349358   -0.0827748    -0.192353   -0.0673457     -0.36655    -0.216939    -0.164776   -0.0913185     -0.25695    -0.120084    -0.288354    -0.122444    -0.103568   -0.0552413   -0.0872551    -0.181648   -0.0372307    -0.123797  -0.00532588    -0.102778    -0.123599   -0.0358425   -0.0143168   -0.0790745
   -0.591842    -0.183325    -0.472861    0.0686406    -0.310523    -0.263518  -0.00131284    -0.517313    -0.777109   -0.0616765   -0.0453001   -0.0822476    0.0680624    -0.572032    -0.551984     0.113004    -0.118714    -0.139934    -0.464933     0.227109    -0.563663      0.34414   -0.0944899 -0.000627227     0.194498    -0.450081     0.402771     0.223138    -0.544954     0.208925     0.190164    -0.413108     0.114701      -0.3447    -0.370815   -0.0152425  -0.00953047    -0.216932       0.1317    -0.084464     -0.42806     0.246482
     -0.5239     0.044295   -0.0788433  -0.00585767     -0.28357     -0.05482    -0.338665     -0.09494    -0.367201   -0.0699053    -0.260053    -0.225539    -0.117802    -0.413798    -0.112553   0.00381054    -0.085804    -0.108684    -0.419311      0.02996    -0.466622    -0.100128    -0.336309     -0.11731    0.0352268    -0.109352     -0.21149     0.024612     -0.39379    0.0199151    -0.243124     -0.17994    -0.130202    -0.117526    0.0513326    -0.330312    0.0334732  -0.00600643    -0.107312    0.0301975   -0.0758092   -0.0117056
   -0.285448    -0.114782    -0.219196   -0.0409179   -0.0902449    -0.167385    -0.159285    -0.111841    -0.210717   -0.0615595    -0.080375    -0.201268    -0.058795    -0.298576    -0.283582   -0.0318509    -0.178584   -0.0726977    -0.178979    -0.154163    -0.135563   -0.0655977    -0.211877    -0.139645    -0.127076    -0.202187   -0.0270738      -0.1085    -0.152324   -0.0691467   -0.0951284     -0.20199     -0.19039    -0.161189    -0.121561   -0.0823881    -0.296183   -0.0977042    -0.127443   -0.0428173    -0.122446    -0.173184
   -0.185975    -0.204697    -0.354219    0.0196005    -0.146111    -0.125047    -0.233436    0.0398239      0.10681    -0.135411   -0.0430712    -0.447001    -0.015204    -0.376688   -0.0583988     0.036787    -0.353859    -0.202286    -0.035418     0.012942    0.0906779      0.10293    -0.244687    -0.202166    -0.549982    -0.189636   -0.0569953     0.110609    0.0222116    -0.124884   0.00308778   -0.0848943    -0.273001    0.0423095    -0.363105     0.012069    -0.378435    0.0787786     -0.45874      0.18752    -0.115853    -0.439354
   -0.448098   -0.0418266    -0.407379   -0.0483793    -0.340462    -0.307821    -0.192569   -0.0320322    -0.278048    -0.024933    -0.149001     -0.28046    -0.064467     -0.48004    -0.178873   -0.0933376    -0.100534   -0.0760593     -0.46614    0.0494371    -0.183971   -0.0710873    -0.433556    -0.128058    -0.131927    -0.129785   -0.0195995   0.00932733   -0.0796504  -0.00267466    0.0504806    -0.153355    -0.149059    -0.316186    0.0717946   -0.0603151    0.0406545   -0.0701249    -0.142294   -0.0943766   -0.0811387   -0.0174333
   -0.545311    0.0739924      0.11732   -0.0283799   -0.0833527    0.0109239    -0.678325     0.266087     0.431575     0.166368    -0.200017    -0.530367   -0.0245454    -0.349996     0.362912     0.132443    -0.260136   -0.0832071     0.110214    -0.670944     0.127295      -0.8463    -0.607961    -0.366724    -0.729946     0.216717    -0.983918    -0.104018     0.132902   -0.0993962    -0.569739     0.231784    -0.240178     0.163312   -0.0947284    -0.663024    -0.451615     0.140097    -0.678065     0.135604     0.267894    -0.767308
    0.206547    -0.223962     0.247435    -0.084581    -0.464161    -0.580811     0.336236    0.0255017    -0.249994    -0.822413   -0.0353537    0.0401481    -0.123502    -0.126573    -0.168984    -0.278328     0.122445     0.262718    -0.348612     0.147646    -0.913656    0.0175605     0.830233     -0.29182     0.264165     -0.68134    -0.390745     0.127481      -1.0696   -0.0941925     0.318167    -0.771761    -0.428403   -0.0128606     0.182903     0.179236    -0.147071     -1.04529     0.390226    -0.981193     0.240871     0.573424
    0.534018     0.295666    -0.815808    0.0480619     0.377182    -0.158067     0.489655    -0.386314   -0.0165553    -0.897805    -0.295361    -0.416995   -0.0223833     0.494754    -0.649703    -0.920919      0.17367    -0.145546   -0.0653833   -0.0207753      0.33727      0.15124    -0.311156     0.164429    -0.345008    -0.629574     0.238081    -0.437761   -0.0491295    -0.677093    -0.112278    -0.989208    -0.632045     -0.60605     0.313427    0.0276115     0.440203    -0.461682    0.0641411    -0.589063      0.35188    -0.439489
   0.0246919     0.110557    -0.019988     -0.56346     0.204264   -0.0972702    -0.445469    0.0363357     0.144657     0.275957    0.0688332     -0.14322    -0.017612    -0.493855    -0.246064     -0.64877    -0.445204    -0.686416     0.454757      -0.8589    0.0203381    -0.905688    -0.519515   -0.0166287   -0.0580756   -0.0804298    -0.126016      0.13237     0.264083     0.140572    -0.673726    0.0787929   -0.0220512     0.221802     0.306411    -0.421883    -0.622517     0.149679    -0.505827     0.197621    -0.714141    -0.597325
   -0.597674    -0.203354   -0.0274659    -0.238815      0.23877    -0.043618    -0.236848    -0.469482    -0.966627     0.497398    0.0757329     0.385081   -0.0590198    -0.594187    -0.918576     0.295985    -0.171106    -0.241951     0.182492    -0.873175    -0.581632    -0.257398     0.428535    0.0857994     0.649885    -0.299038     0.321412    0.0360505    -0.659934     0.331562    -0.350448    0.0344602     0.153148     0.192713    -0.593329    -0.557641    -0.931482   -0.0366514   -0.0934072     0.194633    -0.798696   -0.0343717
    0.227808    -0.111251    -0.497093    -0.302056     0.235797   0.00230292      0.30952    -0.259939     0.073585    0.0586257    0.0122176    -0.198554    0.0104108    -0.450215    -0.288789    -0.481851   -0.0437426    -0.364642    0.0538973     -0.38221    0.0212448   -0.0537308   -0.0629509    -0.132479    -0.244184    -0.645315     0.160789   -0.0357128    0.0735222    0.0880603    -0.594247    -0.115785    0.0528319    -0.250208    -0.473979     -0.22056    -0.151045     -0.24338    -0.403955     0.194651    -0.358345   -0.0365254
    0.378499    -0.124658    -0.772864    -0.357707     0.239748     0.153514     0.239504     0.137317      0.11142    -0.107873    0.0648706    -0.485105   0.00972409    -0.528983    -0.257824     -0.59691    -0.146816    -0.487011     0.295806    -0.582919    -0.256174     0.183137   -0.0701115    -0.185874    -0.273064    -0.612189       0.1917    0.0594388    0.0850458   -0.0209609    -0.584158   -0.0318547    0.0679434    0.0783484    -0.793589    -0.257814    -0.506555   -0.0576718    -0.625016     0.232423    -0.289774    -0.361876
   -0.635419     0.113035    -0.118727    0.0551387     -0.46745   -0.0968387    -0.311919   -0.0934639    -0.580396   -0.0624243    -0.340132    -0.246012   -0.0788702    -0.459101    -0.107565  -0.00811608   -0.0287274   -0.0737266    -0.627439     0.218786    -0.590956    -0.106614    -0.533962    -0.119792    0.0647758   -0.0426449    -0.266334    0.0197983    -0.519402   0.00991622    -0.157112    -0.224033   -0.0541119    -0.279625    0.0573735      -0.3322     0.255109     -0.14517    0.0675436   -0.0241885    0.0764807     0.168324
   -0.115573    -0.171829    -0.116196    0.0135967    -0.052901    -0.037436    -0.161923    -0.170573    -0.102066    -0.242777    -0.221051     -0.33291    -0.206649    -0.317438   -0.0493414    0.0612177    -0.250767    -0.192227     0.106414   -0.0301339    -0.362361    0.0383944    -0.135686    -0.188493    -0.158487    -0.242388     -0.21424   -0.0532316    -0.176692   0.00700263     -0.24756   -0.0828111    -0.149531    0.0159065    -0.322869     0.013332    -0.103297   -0.0724659    -0.394705    0.0895992   0.00748618     -0.29233
   -0.209613   -0.0768262    0.0363624     -0.15362    -0.357233   -0.0925685   -0.0297851     -0.14532    -0.139429    -0.134903    -0.168034   -0.0920895   -0.0661264    -0.124567   -0.0390074   -0.0785866    -0.156878    -0.326484   0.00645404   -0.0321931    -0.123969    -0.108762    -0.288593    -0.158924    -0.370844   -0.0859883    -0.397605   -0.0311438    -0.237769    -0.232226    -0.248833    -0.109926   -0.0304714   -0.0319583    -0.120038   -0.0368624   -0.0294828    -0.142163    -0.129245   -0.0425099   -0.0135425     -0.18679
  -0.0805549    -0.121374   0.00727311   -0.0842412   -0.0816319  -0.00751507    0.0477383    -0.139687   -0.0178736    -0.131757    -0.137837    -0.262496    -0.196226    -0.215086    -0.108492   -0.0304502    -0.194347    -0.277034     0.131742   -0.0978261    -0.258016     -0.06133    -0.105206    -0.203836    -0.232087    -0.202249    -0.233447   -0.0959366    -0.301325   -0.0751986    -0.294452   -0.0795572    -0.111421   -0.0360389    -0.252728   -0.0546749    -0.207153    -0.175415    -0.305833   -0.0524657    0.0260828    -0.272875
   -0.487791   -0.0422219    -0.185843    0.0160498    -0.473665    -0.242373    -0.264708   0.00333584    -0.219814    -0.322513    -0.263266     -0.29218   -0.0114949    -0.247437  -0.00248973     0.015716    -0.134113     0.128669    -0.497934    0.0454054   -0.0986088    0.0530563    -0.375256    -0.260645    -0.144714  -0.00114437    -0.076245   -0.0661439    -0.192888    -0.165943     0.161337   -0.0307788    -0.248864    -0.406428   -0.0195754   -0.0862842   -0.0167826    -0.211415  -0.00399905    -0.302235    0.0847714   -0.0186521
   -0.687388     0.162737   -0.0856394     0.114479    -0.100994   -0.0231058    -0.688925  -0.00493131    -0.509526     0.187877    -0.381828    -0.118362    -0.134617    -0.415236    -0.144856   -0.0263836   -0.0984606   -0.0371723    -0.740163    -0.458438    -0.518868    -0.883957     -0.49068    0.0780923     0.326951     0.136159    -0.454794     0.042224    -0.119934     0.206115    -0.457802   -0.0121012   -0.0539237     -0.11862     0.135775    -0.843439     0.231214    0.0865755 -0.000334051  -0.00327479    -0.349437     0.154018
   -0.632403     0.150723      0.10303     0.097365    0.0565529   -0.0204334     -0.50066   -0.0343546    -0.458757     0.267659    -0.260708    -0.109405   -0.0539883    -0.424261     -0.28884    0.0144425    0.0418822   -0.0315164    -0.262462    -0.774208      -0.5187    -0.832378    -0.403898    0.0203756     0.363081    0.0699501    -0.573978   -0.0808718    -0.478302     0.148392    -0.591625    0.0500583   -0.0744948     0.165064     0.196841    -0.757779    -0.138155     0.112374   -0.0966684    0.0212875    -0.207303    -0.245469
    0.169796    -0.739485    -0.244919    -0.495975    -0.151222    0.0191107    -0.690636     0.210067    0.0789145     -0.72752   -0.0211636    -0.237202    -0.745949     0.445966     0.131046    -0.216048    -0.370173     0.140197     0.380968    -0.101529    -0.363442    -0.203275     0.558434    -0.359647     0.243579   -0.0712018     0.153991    -0.234938     0.238999    -0.161691     0.161467   -0.0107986    -0.123255     0.318009    -0.933332    -0.236516    -0.803929    -0.431993     0.105335    -0.600365    -0.256013     0.183149
    0.154083    -0.244238    -0.337831    -0.375877     0.198284   -0.0333845   -0.0168251    -0.482373    -0.227644     0.115776   -0.0301965     0.272757   -0.0591448   -0.0551395    -0.384078    -0.278651    -0.227922    -0.509636    0.0676065    -0.170242     0.170985     0.105895   -0.0785952    0.0174561    0.0743411   -0.0697402     0.232597    -0.341057     0.139186   -0.0479007    -0.255522   -0.0160562     0.040928    -0.468838    -0.488602     -0.10407  -0.00670377   -0.0605229    -0.278397     0.084577    -0.645131    -0.168471
    0.612872      -0.2296     0.734914    -0.619334     0.299587     0.220633      0.42239   -0.0398445     0.176046     0.376286    -0.100362     0.334708    -0.229316     0.548483   -0.0462872    -0.222203    -0.143487     -0.22359     0.441465    -0.681313     0.334559    -0.403762     0.396665    -0.721421    -0.694335    -0.138251    -0.855545     -1.21972    -0.716753     -1.10585    -0.327822      0.16945    -0.175984      0.16075    -0.322122   -0.0597546    -0.825341    -0.413623    -0.327135    0.0407931     0.282749    -0.864136
    0.122646    -0.374174    -0.062314    -0.627389     0.385163    0.0728384    -0.876667    0.0106882   -0.0899259    -0.507347    -0.200339     0.171992     -0.44948     0.420167   -0.0365058    0.0852978     -0.41772    0.0330165      0.10455   -0.0612955     -0.37613   -0.0861248     0.216758    -0.284944     0.292125    0.0342203     0.120936    -0.772783     0.247557   -0.0475188     0.249462     0.356451   -0.0601345    -0.253545    -0.876151   -0.0934892    -0.718045    -0.449263   0.00282949     -0.32374    -0.763789      0.20552
    -0.17446    -0.331397    -0.246395    0.0708189    -0.439477    -0.446211   -0.0755966    -0.393506    -0.176462    -0.326544    -0.273657    -0.252049    -0.228481    -0.119506    -0.279995    -0.050132    -0.104746    0.0813079   -0.0850254   -0.0288649     0.102222    0.0458829     0.221142    0.0929629     0.191916   -0.0581525     0.119683    0.0638227    -0.161781    -0.100109     0.103945    -0.439579    -0.486742     0.074176    0.0944216   0.00476833   -0.0881573    0.0624985   -0.0300203     -0.45449    -0.139149    -0.289089
