no weights
   0.0847974  -0.00472269    0.0699471    0.0438266     0.122438    0.0660611   -0.0152652    0.0950397    0.0259746    0.0885848     0.069201    0.0168716  0.000478869    0.0608897    0.0716058    0.0479876    0.0838896    0.0624017   -0.0261221    0.0640165    0.0113198    0.0562211     0.116529   -0.0417057   0.00115641    0.0834795     0.100832     0.125117    0.0829726   -0.0195827    0.0454203    0.0996656    0.0891146    0.0585718    0.0333791  -0.00351802    0.0257522     0.154307    0.0693036    0.0785138     0.125641   -0.0212919    0.0947504   -0.0414833    0.0170233    0.0617216   -0.0178539    0.0476787
   0.0349676    0.0813591    0.0642199    0.0474393     0.112541     0.088835    0.0778381    0.0853774    0.0382159    0.0497616    0.0718815    0.0811501    0.0613991   0.00969747    0.0243969    0.0697262   0.00143464     0.117361    0.0964274    0.0873633    0.0537955    0.0146472     0.118602     0.088714    0.0447557    0.0788405    0.0241565    0.0772819    0.0225348     0.130927     0.107821  -0.00379425    0.0304316    0.0155646    0.0392445    0.0787177    0.0592572    0.0528163    0.0426304    0.0844961     0.090906     0.112257    0.0559033    0.0673041     0.089411     0.112917     0.127909    0.0886451
   0.0629525    0.0362307    0.0770007    0.0476059    0.0761323   0.00770587    0.0134001    0.0943331    0.0464504     0.106026    0.0408528    0.0314834     0.107929    0.0613549     0.117357     0.101833  -0.00941221     0.126082    0.0354618     0.120264    0.0162737    0.0208749    0.0272691    0.0777968    0.0394272    0.0932407     0.130818    0.0651522   -0.0232605    0.0641859    0.0565458    0.0440904    0.0945828     0.142454  -0.00182182   0.00058127    0.0171171     0.120194    0.0634639    0.0688074    0.0994141    0.0800346    0.0445946     0.116844    0.0526304     0.058858     0.019263    0.0853514
   0.0761599    0.0686629     0.147168    0.0753304       0.1293    0.0859267    0.0520365    0.0751677     0.072164   0.00935518    0.0305989     0.135637    0.0281026   0.00976232    0.0298601    0.0844119    0.0466082    0.0870774    0.0673445    0.0721658     0.108612    0.0562776     0.032078    0.0847446    0.0557923    0.0228108    0.0680519    0.0883248    0.0607705   0.00925941    0.0389875    0.0302188   0.00691975    0.0443494    0.0119655    0.0599049    0.0744886    0.0511666    0.0133359    0.0741659    0.0509665    0.0857697    0.0601197     0.130234    0.0527257     0.118882     0.107652    0.0385397
    0.126116    0.0355286    0.0259095    0.0218029     0.129691     0.050624    0.0482866    0.0751342    0.0782789      0.10037    0.0655815  -0.00379628    0.0910659    0.0691855    0.0936841    0.0593295    0.0833454    0.0170874    0.0983586     0.119492    0.0276552   -0.0275707    0.0800113    0.0314301     0.067224    0.0922572     0.036436     0.113951     0.087151     0.050975     0.102238   0.00931946     0.136871    0.0337633     0.085836    0.0344293  -0.00876949     0.105336    0.0290369    0.0122278    0.0507646    0.0062786    0.0927619    0.0266268    0.0552469     0.069464    0.0606825     0.108408
   0.0840604      0.08548    0.0344576    0.0559217     0.121232    0.0200349    0.0604955   0.00750192    0.0879517    0.0474324    0.0867334    0.0677988     0.151655   0.00946716    0.0953788   0.00615882    0.0912319    0.0835708    0.0313747     0.123966   0.00775672   0.00134657    0.0800823    0.0721643    0.0646078    0.0794535    0.0534793     0.121146    0.0281214   0.00679764     0.132952    0.0145109     0.120906    0.0823965    0.0958617    0.0928002    0.0515007    0.0553351    0.0925534   0.00735574     0.102091    0.0790154     0.121466    0.0209376    0.0513453    0.0371484     0.127873    0.0407624
-3.25854e-05      0.09166     0.134941    0.0612014    0.0412079    0.0403374    0.0151894     0.050964    0.0885317    0.0887102    0.0491625    0.0071489    0.0272441    0.0121792    0.0790052    0.0190843    0.0349985   0.00664685    0.0656516    0.0317693     0.102838    0.0281749    0.0816518     0.069283   0.00396842    0.0318395     0.132991    0.0711606     0.115375    0.0214948    0.0128098    0.0962813    0.0597916     0.137223      0.13197    0.0313066    0.0589606     0.102598    0.0104322    0.0679977     0.169148    0.0351477     0.103733   0.00253179    0.0480966    0.0858547     0.107547    0.0715191
   0.0694426    0.0946782    0.0154313    0.0713359     0.100511      0.07049    0.0988284    0.0639349    0.0204127    0.0200702    0.0726144    0.0311018     0.141229    0.0997046  -0.00862214    0.0651713    0.0675449    0.0988649    0.0418278     0.118154    0.0513753     0.148382      0.12698    0.0952038    0.0342252    0.0427458    0.0155287    0.0839493     0.067635    0.0924553    0.0571268    0.0441792    0.0618744     0.102754     0.066282    0.0570625    0.0605899    0.0181032    0.0689865    0.0997013    0.0156662       0.1293    0.0713183   0.00145808     0.103678    0.0594583    0.0547598     0.077374
   0.0823632    0.0146534     0.060954    0.0985529     0.102782     0.115345    0.0848424    0.0855437    0.0160004     0.104684    0.0557063    0.0249991    0.0276762    0.0558914    0.0590883    0.0521213     0.134239    0.0445983  -0.00403496    0.0930733    0.0782814     0.104194     0.111711    0.0461108    0.0271113    0.0855893    0.0642729     0.128802    0.0588353    0.0350737    0.0800748     0.125555     0.123049    0.0720416    0.0445225    0.0819713    0.0776775     0.110596    0.0262947     0.053455     0.138819    0.0747722     0.060261    0.0351398   0.00928401  -0.00283657    0.0180247    0.0839354
   0.0309333    0.0632422     0.054579   0.00755061   -0.0204729    0.0233575     0.071878    0.0941694    0.0694667    0.0721186    0.0841655  -0.00795196      0.13491    0.0326287    0.0766671    0.0781541  -0.00179576    0.0265754      0.10969    0.0957782    0.0363778 -0.000987355     0.080205    0.0588264     0.144997  1.77424e-05    0.0576778    0.0371521    0.0157042    0.0518876     0.126609    0.0674943     0.132232    0.0292563  -0.00505907    0.0789218    0.0938053    0.0977028     0.062751  -0.00955609    0.0369308    0.0883982     0.117297     0.118871    0.0572546    0.0793835     0.122043     0.142769
   0.0365651     0.063258    0.0346705    0.0867202     0.121741    0.0595371    0.0701116    0.0106072    0.0466165    0.0978579    0.0949554   0.00349193    0.0491856    0.0377549     0.106645     0.084303    0.0941856    0.0609368     0.112402    0.0938877     0.094721    0.0960916     0.094636    0.0176385      0.10846      0.03809     0.118499     0.073841    0.0590665    0.0128436     0.129853    0.0733847    0.0897516     0.137716     0.080663    0.0388792     0.123157    0.0287949     0.122087    0.0756864    0.0816243    0.0469612      0.12645    0.0399523     0.100387      0.11379    0.0474672     0.078551
   0.0521923   0.00908702    0.0968042     0.023984    0.0391969   0.00916221    0.0649622    0.0566844     0.110943    0.0239719    0.0907772    0.0125957    0.0305346     0.001534    0.0868691    0.0578857    0.0644016    0.0831361     0.030213    0.0402312    0.0643003    0.0638244    0.0164318    0.0212691    0.0495338   0.00686966     0.133751    0.0351897   -0.0224939    0.0956941    0.0667543    0.0309729     0.148665     0.102617    0.0473022   -0.0118666    0.0041453    0.0959206     0.152821     0.106749    0.0922182    0.0481923    0.0401676     0.121431    0.0575982     0.138498    0.0276459    0.0274317
   0.0341093     0.100554    0.0686751     0.105636    0.0566043    0.0147747    0.0447099    0.0732488    0.0166616    0.0559745     0.039923    0.0577505     0.119623    0.0744211    0.0595681     0.093683    0.0343914   0.00274489    0.0614754    0.0814551     0.089381    0.0883414    0.0511653    0.0575666      0.10889 -0.000560239      0.03401   0.00837101    0.0863869    0.0684776    0.0714831    0.0365863     0.114948    0.0608077    0.0718696    0.0765828     0.109627    0.0718975     0.039873    0.0436927     0.109797    0.0813804    0.0850134    0.0194928     0.116507    0.0918963     0.107182    0.0799967
  0.00924829    0.0333754    0.0860712    0.0530871    0.0253063     0.105665     0.047403    0.0443413    0.0817292    0.0322809     0.122675    0.0563184    0.0318671   -0.0127369    0.0925665    0.0197797     0.179484    0.0196724   -0.0597555     0.141132   0.00717861     0.099365    0.0325651    0.0761417     0.018778     0.078668     0.129015     0.048925  -0.00242515   -0.0140895    0.0223354     0.128078     0.102994     0.102032    0.0761181     0.023713     -0.03844     0.142887    0.0806652    0.0999008     0.130681    0.0101981   -0.0148497   -0.0204617    0.0855869    0.0407383   -0.0272846    0.0770149
   0.0925276     0.109564    0.0429674     0.104808    0.0557288    0.0342659    0.0743301    0.0661678    0.0120356    0.0809909    0.0603568    0.0717595     0.100118    0.0447947    0.0339447    0.0801598     0.121449    0.0755942    0.0798602     0.116712    0.0809615     0.116648    0.0516999     0.101171   0.00551913    0.0369915     0.102954    0.0438908    0.0872184    0.0184881    0.0488361    0.0932229     0.106772     0.130685    0.0253663     0.126031    0.0279836    0.0796754    0.0597748     0.105672    0.0510695     0.100249    0.0157549    0.0438626    0.0760334   -0.0081145    0.0756652    0.0295593
    0.106633     0.126483     0.121431     0.105449     0.022249   -0.0183231     0.118055    0.0208121    0.0632691    0.0642464    0.0432988    0.0945453    0.0616322   -0.0019292    0.0208079    0.0417251  -0.00316274    0.0670727     0.100326     0.103366    0.0942332     0.073248    0.0564637    0.0625238    0.0463965    0.0842841    0.0741458    0.0594654    0.0543371    0.0542104     0.100682    0.0186123     0.110338   0.00998581   -0.0188394    0.0336545    0.0312596    0.0760015     0.108176    0.0539138  -0.00761657    0.0560097     0.074583    0.0801957     0.141861     0.090808     0.074917    0.0785819
   0.0264705    0.0119533    0.0607746     0.131078    0.0768643    0.0592249    0.0298008    0.0268902    0.0413811     0.132746    0.0825993    0.0972166    0.0325584    0.0821324     0.038831     0.025991    0.0926884    0.0462988     0.101365    0.0948438    0.0831918    0.0733975    0.0535377    0.0680035    0.0770969     0.043011    0.0805039     0.108864    0.0437983    0.0659703    0.0472128    0.0576849    0.0632408    0.0669714     0.038537    0.0954876    0.0463177    0.0725394     0.069756    0.0809911     0.134814    0.0524236    0.0333914    0.0990281     0.107369    0.0838964     0.116496    0.0973994
   0.0575344    0.0865809     0.100498    0.0294035     0.125181    0.0855925    0.0815661    0.0972831    0.0781747     0.113675    0.0218259    0.0490574     0.112755    0.0483077    0.0323402    0.0651324    0.0509716    0.0252339  -0.00460389    0.0864388     0.117113    0.0782673    0.0650545    0.0664885     0.017695     0.055687    0.0710046    0.0828795    0.0434064    0.0565474  -0.00815407    0.0856513    0.0544915    0.0414268  -0.00466504    0.0902405  -0.00477355    0.0892492    0.0752996    0.0691355    0.0281108    0.0501851    0.0498906    0.0849741     0.163676      0.14485    0.0445098    0.0464638
    0.116791    0.0443971    0.0617023    0.0471777   0.00230826   0.00675471    0.0926291   -0.0207943   -0.0326533    0.0104954     0.140359    0.0524357     0.115018    0.0144481    0.0178196    0.0967567      0.10439    0.0069274    0.0301495    0.0484539   -0.0399772     0.049255    0.0567399    0.0325987    0.0116489    0.0973612      0.09909    0.0606026    0.0764474    0.0219463      0.04472    0.0648475    0.0404232     0.134051     0.014621    0.0225414   0.00381068    0.0933384    0.0491887    0.0756043    0.0971926   -0.0328763     0.141763   -0.0356494    0.0544475   0.00544064     0.034638     0.127035
   0.0300279     0.153483     0.166469     0.111418     0.105322    0.0282632    0.0314647    0.0592163    0.0857804    0.0603366    0.0359793    0.0352489    0.0240314    0.0458692    0.0667184    0.0835432     0.053197    0.0902211    0.0219414    0.0391311    0.0856481     0.126339    0.0658941     0.103692    0.0471948    0.0973999    0.0836265    0.0415561    0.0304843    0.0858838   0.00242084     0.102461    0.0661745    0.0140204    0.0920976   0.00148017  -0.00921427     0.038451     0.100038      0.10386    0.0954785    0.0159052  -0.00141537     0.108974     0.119066     0.027748    0.0279845   -0.0231433
   0.0972519    0.0851187    0.0937929    0.0577342    0.0376186     0.119291  -0.00770646    0.0873566     0.101517    0.0262675    0.0716341    0.0503864     0.073418    0.0237648    0.0400306    0.0622466     0.119074    0.0807224    0.0324159    0.0396551      0.11444    0.0988288     0.107701   -0.0216542   0.00898069   -0.0144359    0.0922131  -0.00707606   0.00675558   0.00365202     0.013266    0.0793984     0.054998    0.0374237     0.110836  -0.00989571    0.0292268     0.135258    0.0921037 -0.000471503      0.12284    0.0323984    0.0154189    0.0447441  -0.00150562     0.072217    0.0148021    0.0812118
   0.0662739     0.117101     0.146452     0.106567     0.157075    0.0107023    0.0469332    0.0456801     0.032249   0.00312939    0.0739636    0.0270681     0.029885    0.0192276    0.0286486    0.0205122    0.0793764    0.0047571   0.00810082    0.0109204    0.0974312     0.116566    0.0590954    0.0105888     0.048766    0.0354173     0.139982     0.096889    0.0305186    0.0154918   -0.0029427    0.0129503    0.0571842    0.0772042     0.104097   -0.0011319     0.118139     0.100868     0.107959    0.0480954    0.0685064    0.0224887    0.0655656    0.0968719    0.0478337     0.113671     0.078842    0.0302511
    0.112226    0.0285452    0.0244237    0.0387171     0.056059    0.0226224    0.0139324    0.0396772   -0.0023337     0.120901    0.0853188    0.0473267    0.0271932   -0.0117203    0.0286027    0.0683366    0.0709392    0.0259825   -0.0264276    0.0674815   -0.0206258    0.0429195    0.0107308   -0.0433186   0.00426762    0.0542316    0.0642615      0.11755    0.0409569   -0.0152569     0.023372     0.127736    0.0609395      0.13948   0.00380288  -0.00288811   0.00215212    0.0380668    0.0737313    0.0958868    0.0758547    0.0153498    0.0926665    0.0622343    0.0337084      0.09424    0.0760193    0.0170833
   0.0994763    0.0145903    0.0664011      0.12658    0.0856518       0.1097    0.0690851    0.0859142    0.0735287    0.0210518    0.0474295     0.122038     0.061463     0.102483    0.0957861     0.110021     0.112489    0.0047258     0.105403    0.0167574    0.0327619    0.0672276    0.0423557    0.0764177    0.0905089    0.0731085     0.102924    0.0289975     0.022835    0.0717395    0.0422133    0.0870904    0.0629042     0.037618    0.0515445   0.00308151    0.0872561     0.117585     0.112207     0.068166    0.0809884    0.0246479    0.0363979    0.0796745     0.143523     0.124581    0.0886943    0.0885347
   0.0832161  -0.00327271    0.0249503      0.01177    0.0548108   0.00385549    0.0599268    0.0329852    0.0373268    0.0142073    0.0396853    0.0403438     0.057471     0.091887    0.0784741    0.0715757    0.0577158 -0.000116047    0.0671065   0.00499205    0.0048658    0.0538234   -0.0294307    0.0827755   0.00875411     0.110027     0.103046    0.0563005    0.0673811    0.0918369     0.073841    0.0261489    0.0709831    0.0563238    0.0893717     0.026588    0.0547812   -0.0328175    0.0767852    0.0516316   -0.0376305    0.0256255    0.0734861      0.12034     0.178471     0.132608    0.0591751    0.0252189
   0.0361155    0.0523034    0.0735139    0.0561506      0.03749     0.103225    0.0778445    0.0173362    0.0400862 -0.000309697    0.0322594    0.0665646    0.0852302    0.0823685     0.034094    0.0472929    0.0773282    0.0550319   0.00518453    0.0991721    0.0623294      0.07836    0.0419102    0.0636948    0.0782046    0.0923876     0.100271    0.0209958   -0.0121165     0.105051   0.00621799    0.0962466     0.137885    0.0390103   0.00708661    0.0711423     0.099054    0.0675625     0.155169    0.0716981    0.0752355    0.0668006    0.0553615    0.0778027    0.0770865      0.10801    0.0614413    0.0418362
   0.0983265    0.0249067    0.0898791     0.114597     0.139377    0.0482709    0.0700957    0.0711894    0.0700092   0.00866782      0.10937    0.0178614    0.0601807     0.041066    0.0830169    0.0589429     0.107146   -0.0267544    0.0927403    0.0813179    0.0107641    0.0629464     0.032264   -0.0245664    0.0161477    0.0928532    0.0804397    0.0504364     0.113726    0.0178376    0.0212239     0.112267    0.0486761   0.00772348    0.0410883   -0.0156499     0.113297    0.0329768     0.100109   0.00648231     0.103749    0.0737665    0.0519327     0.130988     0.134632    0.0834542    0.0528138    0.0697706
    0.126216     0.091632    0.0924042     0.140617     0.105055    0.0546096    0.0998603     0.027428   0.00135415    0.0449665    0.0303158      0.08205    0.0420975    0.0323815    0.0703369    0.0963251     0.039772    0.0103231     0.138967  0.000776211      0.01133     0.117297    0.0931896    0.0609283      0.13681    0.0627865    0.0130281    0.0632041    0.0279931    0.0412364      0.12524     0.036847   -0.0304904    0.0383869    0.0335588    0.0994566     0.127492    0.0566071    0.0528337     0.105354   0.00476745    0.0794275    0.0484178    0.0743344    0.0591365    0.0949204     0.152329    0.0694465
    0.161586    0.0269543    0.0530043    0.0159363    0.0993247     0.106589      0.13504    0.0911894    0.0766436    0.0199243     0.083372    0.0615895    0.0220588    0.0698632    0.0594349    0.0358516     0.138541   -0.0149021    0.0742159    0.0894302    0.0978343    0.0953965     0.100871    0.0554998    0.0656832    0.0982862     0.104144    0.0530351    0.0352978     0.061892     0.035127     0.103347     0.048123    0.0689105     0.102661    0.0665063    0.0565448    0.0969209     0.163982    0.0877141    0.0712858     0.021936   0.00638567     0.093618    0.0621685    0.0395846   -0.0110389    0.0173425
    0.102116    0.0767342    0.0419986    0.0682145     0.105073    0.0602337     0.141867    0.0651684    0.0510589    0.0887677    0.0641514    0.0340305     0.103433    0.0688027    0.0874589    0.0644228     0.027913     0.043353     0.112164    0.0261204    0.0200294   -0.0153079   -0.0125819    0.0980184     0.137977     0.112578    0.0659919    0.0386588     0.116813    0.0419432     0.154979    0.0180883    0.0177046    0.0690008    0.0120702     0.095636    0.0413058   -0.0606065    0.0569218    0.0453232   -0.0150102     0.112406    0.0679993     0.136268      0.14056     0.128414      0.13669     0.102509
   0.0137335     0.029508     0.119219     0.115033     0.122378    0.0497221    0.0522572    0.0216034    0.0781927    0.0130589    0.0140557    0.0240491    0.0506416    0.0179839    0.0457395    0.0822034    0.0801931    0.0129702   0.00988857     0.101557     0.102735     0.110208    0.0602935   0.00816702     0.041465     0.103679    0.0809898     0.059396    0.0431655    0.0617542     0.025544      0.10622     0.130656    0.0386196   -0.0095372    0.0253297    0.0294466    0.0945387    0.0834198     0.107746  -0.00561771    0.0537898  -0.00182163    0.0775609     0.141241     0.122339    0.0108945    0.0223539
   0.0813298    0.0753688    0.0307323    0.0213816    0.0419272   -0.0241448    0.0837961     0.101057    0.0515333    0.0472623     0.118208    0.0618321     0.128903    0.0882705    0.0349548    0.0435906    0.0409557    0.0626754    0.0267281     0.112463    0.0943788    0.0985942     0.047272     0.045168    0.0638998     0.107827     0.109212    0.0974686    0.0100133    0.0751993    0.0668613    0.0302621     0.121714  -0.00105693   -0.0149159    0.0546306     0.102811     0.101181    0.0924998     0.046367    0.0271685    0.0686688    0.0513448    0.0263563    0.0893457    0.0409097    0.0811275    0.0736511
   0.0202102    0.0896872    0.0253448   0.00671329     0.105601   -0.0254375     0.115939    0.0903844     0.114584    0.0241881     0.060701    0.0211104     0.125041    0.0583092    0.0636713    0.0851314    0.0754506    0.0787128     0.107165    0.0354426    0.0712045    0.0586466    0.0195842    0.0343649    0.0772903    0.0784088    0.0614899    0.0744938    0.0163612    0.0501565      0.11152    0.0879629     0.118902    0.0295445    0.0936394    0.0171422    0.0921884    0.0750086    0.0607547    0.0978835    0.0928199     0.078694    0.0207511    0.0483785    0.0881613    0.0880686     0.102115    0.0920989
   0.0828128    0.0320043    0.0115438    0.0733919    0.0347883    0.0605275    0.0470489    0.0134291   0.00624635    0.0220312    0.0423964    0.0444214    0.0731039   0.00309381   0.00495101     0.118968    0.0828151    0.0723802     0.103243    0.0717439   -0.0112982    0.0772383   0.00581395   0.00333574    0.0256266    0.0941902    0.0155363     0.130267    0.0159115    0.0367094     0.077156     0.108775  -0.00653211    0.0521696    0.0638797    0.0381026     0.115722     0.133676     0.088228    0.0734669     0.027467    0.0611884    0.0975695   -0.0187217    0.0225231     0.019271    0.0923284      0.14242
   0.0284895    0.0539283     0.146427     0.072213    0.0928169     0.116856    0.0512066    0.0538264     0.105534    0.0383899    0.0325115     0.111826   -0.0238106    0.0158027     0.110498     0.116546   0.00305569    0.0505897    0.0720046  -0.00136766    0.0403302    0.0277335    0.0667326     0.017657   -0.0061381     -0.02981    0.0975602    0.0568615    0.0231121    0.0761907    0.0161955     0.031345    0.0470078    0.0508886    0.0971623     0.125627    0.0629048    0.0776458    0.0604569    0.0957676    0.0209096      0.11269     0.071767    0.0575293    0.0830919     0.095375     0.103731     0.102964
   0.0215678    0.0878221     0.162918     0.104071     0.133334    0.0744637    0.0776919     0.111955     0.093717    0.0299681     0.057213    0.0613474    0.0181615    0.0727119    0.0357126     0.105829     0.111396    0.0275525    0.0491311   0.00513676     0.108119    0.0822221    0.0695079 -0.000853249   -0.0158673      0.10361     0.139174    0.0500029    0.0431049    0.0153377    0.0694598    0.0173182    0.0834028     0.103728    0.0263345    0.0246567    0.0144444    0.0881868     0.120403     0.103665    0.0903923    0.0205136    0.0519693    0.0628083    0.0785671    0.0369025    0.0321152    0.0807555
  -0.0110516    0.0497833     0.148826     0.137275     0.056608     0.062443    0.0340785     0.114595    0.0551368    0.0528767    0.0522667     0.116364   -0.0163524    0.0988592    0.0387812    0.0220977    0.0857365     0.108564   0.00383076  -0.00360942    0.0992055    0.0735292    0.0669803    0.0615342    0.0495817    0.0482347    0.0994512       0.0321    0.0983143     0.098012    0.0941582      0.01639   0.00146736    0.0470233     0.108775    0.0668899    0.0162533    0.0814855      0.12075    0.0659981    0.0416938    0.0587419    0.0212642     0.140187    0.0950499     0.127355    0.0518866   -0.0221325
    0.162038    0.0572379    0.0919063    0.0959373    0.0306297      0.15255    0.0648998    0.0197176     0.104823    0.0450478    0.0406408    0.0288225    0.0586723      0.10209    0.0386294    0.0296313    0.0927045    0.0720259    0.0890565    0.0943904    0.0296909    0.0752383    0.0346861    0.0108596     0.116987    0.0498806     0.106432     0.026426   0.00996603     0.103762     0.105362    0.0287087    0.0186164    0.0226408    0.0902138    0.0730831    0.0645377     0.125401    0.0604293    0.0534643    0.0184305    0.0746535    0.0773148     0.143435    0.0247295    0.0325942    0.0917317    0.0726355
   0.0336569     0.040491    0.0529872     0.133035     0.108956     0.027791    0.0847913    0.0751634    0.0648844     0.106867    0.0379598    0.0824459    0.0188515    0.0644664     0.109196     0.103743    0.0776669     0.074313    0.0335863    0.0775309    0.0384658    0.0669306    0.0379265    0.0102482    0.0807412    0.0305967   0.00824673    0.0758099   0.00501359    0.0617748    0.0447364    0.0841156      0.12671     0.092565     0.012641    0.0217382    0.0248425     0.101348      0.12337     0.103208    0.0467796    0.0437482  -0.00463053    0.0879804     0.191247    0.0929777    0.0691257    0.0919978
   0.0958643    0.0727128    0.0405813    0.0500428    0.0753359    0.0356187    0.0799801    0.0747504    0.0642294    0.0657444    0.0841881    0.0198124     0.138499    0.0743902     0.041657    0.0786176    0.0474674    0.0418173     0.163535    0.0909687      0.11558  -0.00552113     0.113463     0.110376     0.133713    0.0552579    0.0775562    0.0888515    0.0930512     0.081652     0.154303  -0.00925088    0.0148223  -0.00122487    0.0323675    0.0375227    0.0890095    0.0682984    0.0272845    0.0204375    0.0273434    0.0364281     0.122708     0.083574    0.0014983    0.0170882      0.05458    0.0894311
  -0.0258957    0.0280419     0.141448     0.118133    0.0913106    0.0483469    0.0218514  -0.00128339    0.0421116    0.0909026    0.0353364     0.120921    0.0294377    0.0245777     0.099731    0.0200837    0.0195748    0.0804789  -0.00229445     0.132454    0.0841493    0.0921846    0.0896967      0.06625    0.0839707    0.0546087    0.0353745     0.124501     0.103922    0.0493547    0.0289431      0.05468    0.0148532     0.111747    0.0165439    0.0220899    0.0727582      0.13132   0.00328504    0.0491084     0.124277    0.0355887    0.0872037     0.060125    0.0811916    0.0694946    0.0887783    0.0600665
   0.0405767    0.0632071     0.107971    0.0886394     0.120155   0.00311906    0.0639387    0.0467448    0.0971183     0.103156    0.0698485    0.0446855    0.0982513   -0.0012155     0.100586     0.104956    0.0942769    0.0343842    0.0336157    0.0270952    0.0683264    0.0975719   -0.0174594    0.0581106    0.0900016     0.111695   0.00650045     0.106655    0.0276218    0.0242401    0.0533048    0.0146236    0.0785442    0.0947599    0.0236482     0.100993    0.0185128   -0.0150972     0.112481     0.120362    0.0842372    0.0993621   -0.0174355     0.103317     0.129598    0.0645846     0.127852    0.0222812
  -0.140903   -0.103754   -0.139949   -0.114301   -0.156049   -0.112895   -0.127314   -0.161224   -0.113986   -0.141868   -0.143812   -0.145315   -0.145241  -0.0951698  -0.0842214  -0.0837359  -0.0920198  -0.0979265   -0.114839   -0.138744   -0.112427   -0.128769   -0.165281  -0.0812225  -0.0852182   -0.113046    -0.11367   -0.156678   -0.179787  -0.0769522   -0.129949   -0.111273   -0.165137   -0.164395   -0.100569   -0.128013  -0.0714013  -0.0903057   -0.116084   -0.119991  -0.0997884   -0.113667
  -0.110334   -0.159547  -0.0436205  -0.0817324   -0.107562    -0.17754  -0.0920184    -0.23375   -0.181276   -0.062284   -0.133091   0.0541433    -0.13583  -0.0751198   -0.182066  -0.0636401   -0.127166  -0.0432614   -0.221071  -0.0414429  -0.0381073  -0.0919274    -0.13365  -0.0860239  -0.0200696  -0.0566451   -0.110178    -0.24392  -0.0628438   -0.125682  -0.0143939  -0.0630925  -0.0922172    -0.23526  -0.0486688  -0.0393632  -0.0132898   -0.167122  -0.0767541   -0.165561   -0.144578  -0.0848892
 -0.0647691   -0.187076   -0.161062   -0.156171   -0.210814   -0.189705  -0.0446343   -0.133118  -0.0861548   -0.119593   -0.116756  -0.0565752  -0.0989145   0.0120071  -0.0732072   -0.115141    -0.11416   -0.164803  -0.0253143   -0.063968  -0.0763863  -0.0484828  -0.0814976   -0.084648   -0.165834  -0.0787384  -0.0649169   -0.129791  -0.0656747   -0.236993   -0.117003  -0.0681457  -0.0771327  -0.0290856   -0.135521  -0.0713904   -0.107501   -0.141986   -0.121053   -0.199076  -0.0986599   -0.122367
 -0.0441504    -0.10523   -0.119914   -0.168918  -0.0894588   -0.121863   -0.117854   -0.152682   -0.102046   -0.159548   -0.138088  -0.0561924   -0.134801  -0.0652479   -0.117751   -0.100591   -0.111239   -0.132119  -0.0805318  -0.0594227   -0.120022   -0.160038  -0.0766928  -0.0904259   -0.143925   -0.119173   -0.164421  -0.0798848  -0.0549184   -0.178796     -0.1081   -0.111857   -0.157487   -0.132641  -0.0392189  -0.0898342  -0.0681897  -0.0654492   -0.116632   -0.101369   -0.167051   -0.126218
 -0.0810274   -0.106595   -0.114566   -0.130431  -0.0589718  -0.0496155  -0.0501036   -0.123133  -0.0926097   -0.086539  -0.0559061   -0.138402   -0.110247  -0.0132863  -0.0460271   -0.175021   -0.045309     -0.1548  -0.0781908   -0.128628  -0.0971753   -0.180097  -0.0169227   -0.170155   -0.107004   -0.139744   -0.131761   -0.143333   -0.142115  -0.0730102   -0.111918   -0.158842  -0.0946265   -0.151185   -0.152359   -0.178372   -0.158202   -0.173993  -0.0851051   -0.165918  -0.0771679   -0.061934
  -0.113432   -0.105389   -0.133827  -0.0963257   -0.106219    -0.13478   -0.119425   -0.106134   -0.158151    -0.09738   -0.116671   -0.164147   -0.105945   -0.120827  -0.0736972   -0.120759   -0.129487   -0.135992    -0.16372   -0.105554   -0.106914  -0.0721343  -0.0888608   -0.176526  -0.0902358   -0.121025  -0.0656378   -0.107211   -0.148483  -0.0998993   -0.136678   -0.152402   -0.142704   -0.106706  -0.0905302   -0.109192   -0.138622  -0.0842182   -0.173431   -0.117795  -0.0924182   -0.101887
 -0.0873759   -0.121662   -0.118982  -0.0955269   -0.126938   -0.102676  -0.0764265  -0.0919752   -0.160412   -0.100583   -0.125677   -0.168316    -0.14786   -0.185959   -0.097642     -0.1399   -0.132514   -0.099686   -0.191658   -0.136963   -0.129477   -0.130201  -0.0906793   -0.135766   -0.050457   -0.120222  -0.0825213   -0.138664   -0.146409  -0.0416851  -0.0894411   -0.109742   -0.109149   -0.133333   -0.100217    -0.14727  -0.0483517  -0.0539044   -0.156458  -0.0730683   -0.124021  -0.0637835
 -0.0398227   -0.187848  -0.0689234  -0.0517391   -0.118758   -0.171863   -0.127447   -0.188394   -0.065187   -0.203989   -0.196304   -0.118228   -0.172369  -0.0100766   -0.103375   -0.117513  -0.0906662   -0.079639  -0.0737339   -0.021798   0.0116705  -0.0405989   -0.052063   -0.112821   -0.127396   -0.126325   -0.060246   -0.101135   -0.107402   -0.183408  -0.0513076   -0.167485   -0.193511  -0.0946331  -0.0761042  -0.0297724    -0.05105  -0.0211456   -0.147164   -0.182844   -0.135028   -0.167945
    -0.1388   -0.113246   -0.109173  -0.0811209   -0.160232   -0.148143  -0.0793739    -0.13672   -0.102281  -0.0715264    -0.15693  -0.0636848  -0.0895318   -0.117327  -0.0783698  -0.0729086   -0.148536   -0.126988   -0.113991   -0.105982  -0.0981039   -0.125085  -0.0821375   -0.152128   -0.195229   -0.132611   -0.166022   -0.154151   -0.138985   -0.189268   -0.110139  -0.0881562  -0.0746912  -0.0845361   -0.164889  -0.0647699  -0.0503774   -0.151407   -0.125294    -0.16037  -0.0700713  -0.0610865
  -0.155308   -0.126295  -0.0634887  -0.0631642   -0.168496   -0.126557   -0.118787  -0.0513548   -0.146792   -0.185209   -0.176914   -0.115048   -0.144027   -0.149109  -0.0788651  -0.0825277   -0.147431   -0.118731   -0.154931 -0.00455235  -0.0688901   -0.141008   -0.146308  -0.0895884  -0.0834449  -0.0861414   -0.130259   -0.161953    -0.10712   -0.108098   -0.101438  -0.0845288   -0.110445   -0.140216   -0.113594   -0.145595  -0.0348323   -0.163164  -0.0997224  -0.0803827  -0.0769972  -0.0823275
 -0.0962873   -0.118924   -0.147728   -0.160142  -0.0937403   -0.114571  -0.0476691   -0.110962  -0.0713361   -0.127455   -0.113332   -0.119545  -0.0797778  -0.0858457  -0.0857637   -0.151791  -0.0994265   -0.161613   -0.133306   -0.144578  -0.0872562   -0.138121   -0.135701   -0.160765  -0.0653708  -0.0681776   -0.167998   -0.153645   -0.161367   -0.110707   -0.134765   -0.152322   -0.085267  -0.0689301  -0.0479537   -0.149823   -0.164245   -0.112026   -0.101151     -0.1044   -0.145596   -0.114762
 -0.0909875   -0.079783   -0.130448   -0.144116   -0.108979    -0.12422   -0.170504   -0.108353   -0.135718   -0.143658    -0.17035   -0.138106   -0.142227   -0.132888   -0.157795   -0.135035   -0.122945    -0.10168   -0.114265   -0.137969   -0.110681  -0.0827513   -0.167753   -0.152808  -0.0772505   -0.105342   -0.144611   -0.141641   -0.155491   -0.155819   -0.133124  -0.0798953  -0.0829927   -0.113673  -0.0893336  -0.0863295  -0.0702547   -0.102004   -0.123568  -0.0881642   -0.120511  -0.0877484
  -0.180558   -0.127128   -0.125537   -0.069825  -0.0929235  -0.0948299   -0.120959   -0.153567   -0.171716  -0.0973705    -0.10202   -0.119766  -0.0435705   -0.185813   -0.102586  -0.0596486  -0.0990751  -0.0696305   -0.134839  -0.0746155   -0.160255  -0.0720511  -0.0841643   -0.128512  -0.0929025    -0.15324  -0.0589196  -0.0319546   -0.165313  -0.0537796  -0.0662564   -0.129941  -0.0541026    -0.12101   -0.161494   -0.153733   -0.133517   -0.133991  -0.0574313   -0.115156   -0.152528  -0.0871628
  -0.171691  -0.0567011  -0.0837827   -0.128093    -0.12798   -0.108542   -0.138229   -0.107933   -0.122066   -0.138639   -0.151155  -0.0812239   -0.152919   -0.113875   -0.108082  -0.0980576   -0.105203   -0.142288   -0.156795  -0.0728677   -0.155354     -0.1004  -0.0933329   -0.159236   -0.100277   -0.130764   -0.119499  -0.0567385   -0.168299   -0.100418   -0.124492   -0.146176   -0.129407   -0.130536   -0.075473    -0.15686    -0.12825  -0.0895266   -0.127796  -0.0706138   -0.104971  -0.0976566
  -0.133853   -0.112242   -0.146392  -0.0806465  -0.0932049   -0.137801  -0.0990757   -0.104284   -0.141305   -0.112644   -0.098636  -0.0964218  -0.0762826   -0.107411   -0.184049  -0.0912255   -0.149344   -0.107919   -0.122291   -0.119842   -0.121463   -0.117407   -0.155609   -0.139163    -0.10825   -0.156167  -0.0769927    -0.14504  -0.0922534    -0.11246   -0.130242   -0.177797   -0.150179   -0.169383  -0.0843615  -0.0877744   -0.174442   -0.130775  -0.0825601   -0.098971   -0.090292  -0.0991979
  -0.117458   -0.140932   -0.145477  -0.0587905   -0.101398    -0.12041  -0.0952488  -0.0685062  -0.0706439  -0.0960104   -0.103241   -0.174153  -0.0652112   -0.123426    -0.12754   -0.098238   -0.151483    -0.15457   -0.141354  -0.0830092  -0.0678521  -0.0806974  -0.0833365   -0.121433   -0.185123   -0.124617   -0.118362   -0.046605   -0.129659   -0.125536  -0.0584127   -0.114287   -0.154968  -0.0644873   -0.157597    -0.13643   -0.148056  -0.0819307   -0.149351  -0.0225702   -0.117806   -0.170762
  -0.132951   -0.134781   -0.175449   -0.135565   -0.128124   -0.171848   -0.105164  -0.0621307   -0.148138  -0.0686101    -0.15172   -0.115121   -0.140372   -0.179109    -0.12199   -0.108289   -0.105162   -0.133985  -0.0919803  -0.0735434   -0.105608   -0.140491   -0.142063   -0.155775   -0.110335   -0.124844  -0.0834214  -0.0895921  -0.0799535   -0.115984   -0.065894  -0.0695013   -0.131877   -0.140086   -0.071562  -0.0801293   -0.110882   -0.125398   -0.146207   -0.143995  -0.0737069   -0.118011
  -0.107407  -0.0965155     -0.0954   -0.127641   -0.132122   -0.140188   -0.169094  -0.0291873  -0.0516074  -0.0752122   -0.135789   -0.163924  -0.0594822   -0.117177  -0.0578981   -0.104257   -0.135153   -0.079932  -0.0872018    -0.15002   -0.124529   -0.181097   -0.144606  -0.0926469   -0.126514  -0.0605082     -0.1902    -0.12306   -0.104968   -0.113196   -0.148823  -0.0629934   -0.157872  -0.0721045  -0.0663439   -0.176312   -0.103275  -0.0667748   -0.159127  -0.0869021  -0.0869945   -0.166356
 -0.0667659   -0.136127  -0.0569989   -0.112307   -0.155342    -0.17528  -0.0504454  -0.0979274  -0.0775701   -0.193283   -0.118431   -0.103401  -0.0839814     -0.1229   -0.114798   -0.136353  -0.0498279  -0.0392083   -0.120864  -0.0762082   -0.183265   -0.107684   0.0250544   -0.103982  -0.0789495   -0.144658   -0.166223  -0.0638233   -0.217215   -0.140669  -0.0544675   -0.177896   -0.161582  -0.0490008  -0.0290442  -0.0593679   -0.105754   -0.203244  -0.0305382   -0.221508  -0.0765275  0.00918678
-0.00563799   -0.065954   -0.190384  -0.0956947  -0.0538712   -0.140809  -0.0313849    -0.15687   -0.103953   -0.208422   -0.146541   -0.135524   -0.113187 -0.00237205   -0.177863   -0.173334  -0.0500204   -0.121615   -0.070007   -0.130082  -0.0449195  -0.0589956   -0.118826  -0.0452912   -0.107657   -0.137504  -0.0312932   -0.169388  -0.0959161   -0.185864   -0.122386   -0.194602    -0.15241  -0.0957293  -0.0369666   -0.118283  -0.0262844   -0.137735  -0.0678537   -0.175514  -0.0134832   -0.163294
 -0.0782716  -0.0617229  -0.0790075   -0.116789   -0.115515   -0.147808   -0.134413   -0.128714   -0.118852  -0.0879866   -0.103825   -0.107883   -0.106582   -0.171778   -0.150942   -0.175323    -0.16169   -0.141557  -0.0399172   -0.188426  -0.0711228   -0.143849   -0.151306   -0.100925  -0.0606401   -0.126835  -0.0699135  -0.0521858  -0.0623798  -0.0677946   -0.169396   -0.105846  -0.0988661   -0.038563  -0.0577944   -0.103405   -0.139286    -0.10607   -0.136823   -0.043101   -0.143115   -0.165848
  -0.165285   -0.126103  -0.0965686   -0.136148  -0.0719496  -0.0807296   -0.116869   -0.158089   -0.197451   0.0120561  -0.0997395   -0.064971   -0.108463   -0.197964   -0.186317   -0.027738  -0.0704597   -0.158917   -0.034597   -0.208681   -0.131984   -0.154256  -0.0267684  -0.0337758  0.00752617   -0.115302   -0.064563  -0.0719244   -0.161047 -0.00685685   -0.156141   -0.102267  -0.0733358  -0.0121565   -0.144075    -0.16603   -0.190055  -0.0792522   -0.137466  -0.0363314   -0.170242   -0.119616
 -0.0554754   -0.151899   -0.134435   -0.160184  -0.0496725   -0.114185  -0.0491354   -0.134931    -0.03856   -0.140848   -0.135912   -0.092563   -0.110457   -0.154674  -0.0992792   -0.126715  -0.0719495  -0.0921625  -0.0883079   -0.134936   -0.103571   -0.114872   -0.075284   -0.153252   -0.150368   -0.194143  -0.0899414   -0.124876   -0.123227   -0.116263   -0.183421  -0.0937463  -0.0953243  -0.0641505   -0.158103   -0.117214  -0.0970063    -0.14008    -0.16526  -0.0255937   -0.144072   -0.110831
  -0.046014   -0.153135   -0.188815   -0.117726  -0.0889166  -0.0500726   -0.055011  -0.0816329    -0.10933  -0.0684325   -0.088693   -0.133384  -0.0739943   -0.153751   -0.151326   -0.158661   -0.150096   -0.116702  -0.0768281   -0.144673    -0.10719  -0.0584912   -0.146448   -0.117069   -0.131624    -0.13634  -0.0962752  -0.0793277  -0.0759095   -0.119122   -0.144927  -0.0741136  -0.0716976   -0.135314   -0.168317   -0.127024   -0.120207  -0.0916333   -0.184905  -0.0304938   -0.149127   -0.165408
  -0.195411  -0.0415818  -0.0830656  -0.0944663   -0.099219  -0.0865872   -0.152753  -0.0781459   -0.187933   -0.084759   -0.153615  -0.0980553   -0.138141    -0.14163   -0.133438  -0.0933416  -0.0982225   -0.100585   -0.159405  -0.0677255   -0.180079   -0.130932   -0.168421   -0.153653  -0.0559204  -0.0716599   -0.110616   -0.082072   -0.158614   -0.134159   -0.150103  -0.0881345   -0.102108  -0.0874993   -0.135104   -0.167999  -0.0607713   -0.155187  -0.0957405     -0.0786  -0.0764098  -0.0779794
 -0.0953854   -0.127651   -0.135494  -0.0617326  -0.0497549   -0.100348    -0.13957   -0.152223    -0.13824   -0.143767   -0.154393   -0.159495   -0.132046   -0.145665   -0.100182  -0.0415855   -0.150765   -0.104416  -0.0351654   -0.121383   -0.179605  -0.0699644  -0.0779499   -0.145247  -0.0895513   -0.171153   -0.155711   -0.105529  -0.0931592  -0.0449313   -0.150983   -0.107252   -0.122363  -0.0799327   -0.159307  -0.0596449   -0.109569   -0.115957   -0.181976  -0.0372617  -0.0517505   -0.164254
  -0.110499   -0.119285  -0.0514334   -0.126342   -0.165295  -0.0996504    -0.11067   -0.166396   -0.178287   -0.137223   -0.142314   -0.113923   -0.095766    -0.09122   -0.123614  -0.0951559   -0.160561   -0.161978  -0.0821774   -0.103699   -0.075028  -0.0792527   -0.126953   -0.119501   -0.101454   -0.115865   -0.135455  -0.0758374   -0.129498   -0.111382   -0.118148   -0.116303    -0.07734   -0.123476   -0.157782  -0.0889819   -0.104236   -0.131123   -0.126029  -0.0905068    -0.11909    -0.14809
  -0.147747  -0.0935604  -0.0876315  -0.0962769    -0.10496   -0.068588  -0.0671308    -0.13791  -0.0858079   -0.107737   -0.131385    -0.15515   -0.163285   -0.130238   -0.148743  -0.0768258   -0.163823   -0.160838  -0.0597461  -0.0802011     -0.1564   -0.113097    -0.14517   -0.138908  -0.0969215   -0.126037    -0.11948   -0.104371   -0.148322  -0.0626635   -0.138207  -0.0780476   -0.105912   -0.141132   -0.119505   -0.120986   -0.105411   -0.173776   -0.154007   -0.135862  -0.0760136   -0.124695
  -0.187129   -0.112039   -0.101752  -0.0680248   -0.185511   -0.125031   -0.140407   -0.098094   -0.157862   -0.148632    -0.14686   -0.151292  -0.0591934  -0.0873231  -0.0835996  -0.0511838   -0.132902  -0.0517755   -0.141535    -0.11687   -0.091386   -0.055452   -0.154276   -0.171518  -0.0854356  -0.0826376  -0.0670287   -0.080402   -0.151073   -0.148572  -0.0723186  -0.0541698   -0.143642   -0.158838    -0.12524   -0.142887   -0.127583    -0.10011   -0.103475   -0.148358   -0.069474    -0.13275
  -0.210551  -0.0520505   -0.101474  -0.0809698  -0.0870469  -0.0992566   -0.168456  -0.0719616   -0.114174  -0.0539971   -0.127129  -0.0768441   -0.113413    -0.12374   -0.116966  -0.0904342   -0.131365   -0.120812   -0.185641   -0.130115   -0.124877   -0.209771   -0.148901  -0.0706213    -0.10191  -0.0596004   -0.183827  -0.0842051   -0.142821  -0.0442015   -0.127685  -0.0809482  -0.0843662  -0.0626754  -0.0736271   -0.202583  -0.0888808   -0.098345   -0.078949   -0.144951   -0.114977  -0.0765636
  -0.146152  -0.0613331   -0.151545  -0.0888878   -0.133821   -0.163329   -0.131474    -0.13996   -0.120992  -0.0460346   -0.183241  -0.0864169   -0.109992   -0.100574   -0.117554   -0.129483  -0.0696738  -0.0999843  -0.0729114   -0.135199   -0.155428   -0.165417  -0.0972497   -0.112935  -0.0451076   -0.110774   -0.158296   -0.151003   -0.139651  -0.0458425    -0.11489  -0.0774177   -0.123974  -0.0552473    -0.10982   -0.183146   -0.102716  -0.0606211  -0.0801261   -0.150842   -0.131316  -0.0989473
 -0.0785503   -0.207727   -0.145895   -0.130567   -0.104305   -0.078674   -0.171026  -0.0598695   -0.106777   -0.144155  -0.0887374   -0.087733   -0.205321  -0.0213495   -0.095261  -0.0990923   -0.170649  -0.0468924  -0.0238567   -0.124187  -0.0878431   -0.138938 -0.00266032   -0.166273  -0.0320455  -0.0705278  -0.0580354   -0.190672  -0.0298737    -0.16599  -0.0664952  -0.0842266  -0.0843571  -0.0326954   -0.216772   -0.150003   -0.194391   -0.143695  -0.0584533    -0.14617   -0.101102  -0.0824739
 -0.0779959   -0.151087  -0.0873534    -0.15078  -0.0831792   -0.152865   -0.116536   -0.165423   -0.128966  -0.0779181   -0.144438  -0.0597011   -0.087872    -0.11473   -0.135175    -0.14448   -0.171864   -0.190417  -0.0653136  -0.0939022  -0.0610089  -0.0682638  -0.0782703   -0.108199  -0.0717563  -0.0835886  -0.0485813    -0.14496   -0.130492   -0.137209   -0.109588  -0.0969382   -0.124204   -0.146054   -0.140628   -0.112775  -0.0783903   -0.101774   -0.150087  -0.0862116   -0.190585    -0.12033
  0.0323126   -0.143727     0.03447   -0.182069  -0.0187186  -0.0196634  -0.0229641  -0.0779205  -0.0390126  -0.0450862   -0.102569  -0.0615403   -0.124399 -0.00668889   -0.070466   -0.124364  -0.0952761    -0.11931   0.0142909   -0.167804  -0.0329467   -0.145622  -0.0219238   -0.187908   -0.177044   -0.130398   -0.182345   -0.240381   -0.191356   -0.255707   -0.127882  -0.0585311   -0.112136  -0.0325401   -0.147668   -0.109013   -0.204983    -0.14462   -0.129687  -0.0945628  -0.0323986   -0.182498
 -0.0884189   -0.117934  -0.0821054   -0.189471  -0.0197479   -0.100069   -0.211411  -0.0957817    -0.10478    -0.18586   -0.128006  -0.0763015   -0.137389 -0.00286818  -0.0567948  -0.0782693   -0.128789   -0.109259  -0.0723071  -0.0897462   -0.168575  -0.0965865  -0.0559529   -0.138781  -0.0520629  -0.0936602  -0.0697413   -0.169026  -0.0367241  -0.0826657  -0.0493775 -0.00772347   -0.120013   -0.111794   -0.207226   -0.113633   -0.189949   -0.148561  -0.0938851   -0.161249   -0.194363  -0.0441276
 -0.0866713   -0.128968   -0.161098   -0.132967   -0.172481   -0.149233  -0.0665996   -0.124145  -0.0895526   -0.117252   -0.135856   -0.132982   -0.126254  -0.0946716   -0.124172   -0.157486   -0.163978  -0.0906635  -0.0680291   -0.117114  -0.0538409   -0.110952  -0.0426732  -0.0810877  -0.0552269   -0.124142   -0.102453  -0.0708395  -0.0771245   -0.137207  -0.0642255   -0.161284   -0.176057  -0.0612554   -0.108892   -0.112296    -0.15126   -0.125886  -0.0959498   -0.164057   -0.127639   -0.135871
