no weights
     1.33766      -0.2884     -0.77454    -0.153279     0.665933     0.148657     0.115633      -0.1291    -0.697146   -0.0300818     0.475955    -0.464151      0.24899    -0.583519    -0.409856    -0.593131    -0.018432       1.0402      1.20215    -0.763687      0.49553     0.934478    -0.561798     0.373118     0.680744     0.657843     0.892075    -0.450443     -0.50964    0.0571677    -0.580074    -0.504197     0.600762      0.38522    -0.245001    -0.243538    -0.232318     0.747772     0.263649   -0.0172159    -0.423296      1.22817      1.05571    -0.458133    -0.946731    -0.278997    -0.101035      1.02126
   -0.378363      1.08313    -0.785067     0.234668   -0.0336967      1.40112    0.0188496    -0.812783     0.125157     0.112736     0.897596    -0.234272    -0.546224     0.167987    -0.872602    -0.803836    -0.167188      1.08732    -0.831659   -0.0446339     0.193609    -0.782059      1.09725      0.17307     0.593374     0.522131    -0.135085     -0.81716     0.835973     0.637699    -0.597091     0.458246     0.303064    -0.511823     0.411418    -0.543145    -0.391547     0.550122    -0.727016     0.890266     0.448659     0.161643      -0.6289     0.750983    -0.537577     0.218799    -0.044407      1.08661
    0.951968     0.742347    -0.355956    -0.050335    -0.291278     0.355543     0.692099     0.578521     0.355066    0.0299731     -0.31645      1.16561    0.0610986     0.932423     -0.23583     0.835622     -0.63371     0.234157     0.327009     0.956601     0.988889     0.650702    -0.252124      1.07704     0.228986    -0.119403    -0.635035    -0.796976     0.923413     0.483283     0.170775     0.337353     0.802493    -0.825165     0.556698    -0.416635     0.341213     0.740904      0.92865    -0.636952    -0.291695    -0.911787      1.53492     -1.01582     -1.46047      -1.0742     -1.41799    -0.140594
     1.24915     0.397765     0.255149     -0.36883    -0.733492      1.36303    -0.253468    -0.408249     0.152744    -0.608551    -0.205588    -0.804393   -0.0276784    -0.815782    -0.553911    -0.597156    -0.737529    -0.486104     0.663801     0.676403     0.589667     0.122705      0.38794   -0.0913626    -0.338519    -0.666695    -0.923375    -0.699523    -0.749043     0.611386     0.413715      1.11839    0.0800238     0.868954      0.09087    -0.131183    -0.965134      -0.6002     0.547606   -0.0217716    -0.434552    -0.781134    -0.979123      1.24502    0.0403288    -0.799396    -0.042284     -1.27389
    0.597055    -0.682531      1.00301     0.228169     0.107827    -0.434054      -0.2766    -0.282566    -0.753286   0.00592604    -0.050905    -0.821703     0.815684    -0.627673    -0.382599     -0.08328     0.361656     -0.55781     0.158703     -0.17742     0.363759     0.858145     -1.21176    -0.129921      0.26135     0.980168     0.469036      1.12516      0.12911    -0.985076    -0.823187     0.415099      0.48909    -0.580526   -0.0995959    -0.139379     -0.48521     0.385161       1.0316    -0.558818    0.0676329   -0.0737855     0.848124     -1.16173    -0.452232    -0.566253      0.21996     -1.02322
    -1.17361      0.20893      1.01424    -0.655381    -0.470707    -0.432935    -0.558433     0.505287    -0.983569     -1.09326   -0.0816146     -0.77939     0.654866    -0.482525    -0.460066    -0.648299     0.343167     -0.55728     -1.16034    0.0737308     0.783513      1.18633     0.615655     0.122148     0.560877    -0.677454     0.997936    -0.675221    -0.753547    -0.931564     0.569241      1.38736     0.317483    0.0868297    0.0237017     0.287854    -0.598381     0.848586      1.07081     -0.77349     0.767637     0.349065     0.732913    -0.640692    -0.858386     0.840207     0.821847     0.255979
     -0.3608     -0.45101      0.18203   0.00912443     0.428838    -0.775917     0.551273    -0.302673    -0.485043     0.607277     0.351672     0.360902     0.224047     0.421063    -0.994564    -0.541593     0.216094      0.21395    -0.498985    -0.239937     0.193675   -0.0728641    -0.130956     0.456164     0.119765    -0.398286    -0.569956     0.478358      1.10191     0.370947   -0.0677861    -0.903714     0.775189     0.494066     0.772742      1.07087     0.225599      0.17103      0.56909    -0.580158    -0.321656     0.907961     -1.12835     0.462063       1.0335    -0.378864     0.551993      -1.4078
    0.196336     0.336286    -0.369096     0.319226     -1.15411    -0.777507     0.240233     0.679611    -0.413445    0.0190591    -0.552284    0.0195935    0.0124398     0.266013     0.367478    -0.494314    -0.582563     0.535125    -0.588669    -0.398456    -0.341607     0.277992     -1.04155    -0.501582     0.975345     0.466336      0.64024     0.310659    -0.136911     0.241774    -0.539367     -0.85058    -0.193922      1.09242     0.218304    0.0168952    -0.787636     0.838044     0.518056      0.20212      1.32874     -0.60276    -0.461923     -1.24229     0.100212     -0.91025     -1.00158     0.270651
   -0.289742     -0.34617     0.313796    -0.591465    -0.186437      1.53151     0.846568     0.723362     0.366604      1.05464   -0.0606063     0.574432      0.59951     -1.15199    -0.460342     0.150228     0.896539   -0.0192893     0.207857    0.0658013     0.179731     0.696848    -0.607027    -0.875369     -1.13926     0.011101     0.581817    -0.356822     -0.82696      0.48225     -1.03733    -0.114768    -0.022737     0.165211    -0.314488     -1.17718      0.11423     0.137096    -0.115309     -1.03425   -0.0701777    -0.781613     0.588043    -0.286454     0.698071    -0.142766      0.97517      0.32014
    0.337333      0.50861    -0.285611     0.898732     0.434213    -0.283543     0.171985      -1.0152     0.716844    -0.336458     0.035964     -1.17055   -0.0481897      1.31802    0.0708664     0.877051    -0.790423     0.268206     0.242152       0.4711    -0.301403     -1.14783    -0.106515    0.0885383    -0.538159    -0.264095    -0.774025      1.01037   -0.0137089     0.597743      1.09791    -0.596759  -0.00491623     -1.36457     -1.02163    -0.603391     0.748583     -1.08257    0.0943926    -0.636381    -0.956497     0.304587    -0.552188     0.382723    -0.490072     -1.22143     0.661647     -1.65193
   -0.118746    -0.112985    -0.239571     0.400434     0.624194    -0.092174     0.761277    -0.602639    -0.656952    -0.699018      0.77204     0.413578    -0.278606      1.11144    -0.759915     0.134088     -0.11489    -0.225382     0.491302     -1.30169    -0.418944     -1.22399    -0.753497    -0.116946     -0.09531      0.21127     0.644317   -0.0932175      0.67809    -0.322948    0.0392369     0.200251      0.56021      1.07459     0.305548     0.269808    -0.499066     0.439247     0.396834     0.179419    -0.205643     0.137574    -0.398154     0.413453    -0.622441     0.114959     0.114013         1.39
    0.369991    -0.538796   -0.0710579      1.25769      0.85773     0.939941    -0.440324     0.639675    -0.290971     0.160957     0.911931    -0.961042     0.336701     -0.81109     0.469136   -0.0712221    -0.215464     -1.17489     -1.07808     0.246737     0.933588   -0.0359096   -0.0542947   -0.0146481    -0.346093     0.846297    -0.619212     0.644673     0.937322     0.978011    0.0716317      1.11259   -0.0142271    -0.488375     0.872242     0.143221     -0.70535     0.568071    -0.531213    0.0197996     0.877309     0.875002     -0.98313     0.319231    -0.899475    -0.147539    -0.793623    -0.619378
    0.519981    -0.289052    -0.110072     0.232681    -0.117685     0.249245   -0.0825389     0.327119     0.325568     0.111619    -0.220057    -0.490772     0.212151    0.0260104     0.646362     0.698877    -0.946244    -0.408091     0.719793     0.104828     0.744549    -0.711329    -0.560504     -1.19487      1.21806     0.690137     0.286841      1.05603    -0.497785     0.605091     0.614543    -0.968561    0.0850225    -0.555425    -0.477468    -0.787497     -0.31448      0.25104     0.999446    -0.404885   0.00497113    0.0470435      1.26572    -0.820485      0.47666      0.92772     0.711399     0.214188
   -0.091976      1.01514    -0.194676     0.559497    -0.546609    -0.212945    -0.820897     0.710211     0.779578    -0.805853     0.237659    -0.320529    -0.824445     0.554603     0.427175     0.920749     0.730664     -1.02198    -0.193546     0.391829     0.222047    -0.862717    -0.337101     0.395839     0.363012      0.45153     -0.10187     0.749443     0.930094    0.0583967     0.243916     0.146938    -0.864767    -0.185259      0.64282    -0.416854     0.764145    -0.217502    -0.282016   -0.0631916     0.915209   -0.0834151     0.717659     -1.12263    -0.814836     0.831493    -0.220555    -0.934004
     1.51017     0.642601    -0.995566     -1.03298   -0.0138694    -0.305145     0.776059    -0.478942     0.312979     0.638636     0.887828    -0.489552     0.988241     0.654124     0.763188    -0.801492    -0.237484     0.146925     0.877291     0.101907   -0.0613308     -0.52798     0.733156   -0.0395814     0.337977    -0.408906    -0.656465     0.981283     0.400518     -1.08638     0.695557      1.00136     0.267192    -0.408975     0.535717     -1.25724     0.804384    -0.569713    0.0912414     0.872357    -0.319643     0.272689     0.308766     0.351478    0.0633127    -0.886327    -0.916322    -0.179818
    0.914653     0.733032      0.69763     0.812423      0.62034     0.607527     0.462414    -0.139207    -0.262761    0.0933881     -0.52923     -0.62648    -0.457209     -1.25128      1.29783    -0.346387     0.696978     0.667362    -0.587345      1.08194    -0.847232    -0.791577     0.857623    -0.222037     0.268564     0.867033     0.725095    -0.682979    0.0136397     0.466764    -0.914068    -0.243987     0.908778    -0.579946     0.222019     0.579097    -0.512487    -0.690369     0.498035     0.317877     0.607411   -0.0163676    -0.231242    -0.681808    -0.211478     0.685666    -0.207189    -0.489137
    0.268227    -0.508721    -0.992642     0.418809     0.146142     0.562925    -0.512996    -0.636515     0.767548     0.278386    -0.497549    -0.477381    -0.651791     0.198717    -0.767236    0.0278801     0.149033    -0.197998     0.387665    -0.796992     0.649654   -0.0838549    0.0322475    -0.416464      1.54802    -0.194809   -0.0133895    -0.256666     0.971424      1.09594      0.78495    -0.196466     -0.51796    -0.520575     -1.03168    -0.121825     -0.64484    -0.646138    -0.535011     0.608082     -0.48799      1.21058    -0.666365      1.07489     0.606954    -0.725402      0.23462   -0.0913314
   -0.196571     0.413421     0.634974       0.9373    -0.152258     -1.00364    -0.917875     0.221352    -0.578901    0.0870066    -0.622534     0.484192   -0.0520581     0.452301    -0.923279     0.440149     0.642372     0.788514     0.367633     0.577075    -0.150509     0.601443      0.25212     -1.41698     0.211127    -0.264965      1.37723      1.01211      0.61933    0.0894913      1.11456    -0.647438    -0.654574    -0.487511     0.594662     -1.02443    -0.405114     0.326765    -0.827537     0.771331   -0.0523919    0.0927234    -0.860596    -0.341788    -0.377856    -0.132195    -0.814976    -0.205099
    -1.16748     0.251352    -0.633025     0.657336     0.298587     0.248247     0.207593    -0.766726     -0.56917     -0.66848     0.112417   -0.0570271    -0.602089     0.363212     0.269253     0.774723    -0.627603    -0.805852      0.73471     0.566152    0.0922125     0.439183   -0.0904944     0.411005   -0.0592236     0.368775     0.389219    -0.961814    -0.259997     0.326159    0.0335658    -0.630313      1.38356     0.248827     0.524014      0.13109    -0.107875        0.814     0.150832    -0.283065     0.138645     0.336971     0.220722     0.284802     0.545933      0.50724    -0.610615      1.30043
  -0.0101187     -0.29936     0.480381     0.587993    -0.452117     -0.17231     0.253156      0.19075    0.0567174    -0.286626     0.200389     -1.11927    -0.450634     0.848833    -0.687011    -0.609284     -1.22268     0.623085     0.278233   -0.0361319     -1.03097    -0.264581     0.141111     0.560903     0.398211     0.491101     0.370775     -0.72431      1.04481    0.0856717      0.54661    -0.744086     0.147099     0.717967     0.551412     -0.43424     -1.49508    -0.585283     0.650857    -0.312029     0.259292    -0.337324    0.0897319      1.02758      1.33922    0.0685771     0.832708    -0.783303
    -1.31028     0.467023    -0.736932      1.04579     0.856715     0.684338    -0.601636     0.633379     0.644255    -0.543206     0.112718    -0.579194     0.785881     -1.14566     0.776707     0.184729     0.965274   -0.0444093     0.656561      0.65446     0.612805    -0.209679     0.659182    -0.629901    -0.421818      1.11768     0.672579    -0.368082    -0.696111      0.29148     0.877196     0.634375     0.319617    -0.556594    -0.284648     -1.18961     0.409655      1.03644     0.195821   -0.0993567    -0.771619     -1.21207    -0.121555    0.0505662  -0.00801157    -0.252336    0.0547269      1.53906
    -0.58951    -0.395459      1.01287      0.76026     0.745242     0.151285     0.168029     0.147897     0.190978    -0.288801     0.219562    -0.363366     0.502532     0.612426     -1.18182      0.17484      0.48989   -0.0356212   -0.0212986     -1.01809    -0.244085    -0.225724    -0.575206     0.602421    -0.421616    -0.332522    0.0123038      0.98001    -0.630252     0.511754      0.71697     0.128609      -1.2449     -0.64595    -0.133365    -0.818442    -0.704096     0.575965      0.95361       1.1528    -0.650279     0.289955    -0.308837    -0.256759    -0.352558   -0.0691739     0.193054       -1.369
   -0.898093     0.110642    -0.605431      1.12292     0.620206    -0.970902      1.34061    -0.650081     0.798669     -1.00426    -0.814246     0.615422     0.153622     0.925492    -0.301201     0.555077     -0.75821    -0.109854    -0.857542     0.298417      1.06583    -0.257738     0.594666    -0.612706    -0.875687     -0.95743    -0.955753    -0.490589    -0.432838    0.0196618    -0.661848      0.29464    -0.112986    -0.372918     -0.26841    -0.970659      0.74756     0.826992    -0.303431    -0.126521    -0.427432    -0.532762     0.560944     -1.06618    0.0375033     -0.54345    0.0862451     -1.47832
    0.703459       0.8007     0.183712       1.2153   -0.0615364    -0.349005     0.451081    -0.150917    -0.459657     0.603484     0.342319     0.629538    -0.400921    -0.637416      0.35669     0.638822      0.98904     0.122998      1.16011     -0.16827   -0.0395076     0.210857     0.379894    -0.105563    -0.142778     0.357017     0.214535    0.0540345    -0.193511     0.981505     -0.19253    -0.548014     0.505082    -0.775487    -0.498735    0.0136779     0.476714    0.0886772     0.557307     0.992962     0.569897     0.519244    -0.130449    -0.286755     -0.50655     0.539163      1.14794     0.845521
   -0.968331       1.3975     0.106785      1.09734     0.854203   -0.0731567    -0.541968    -0.553887    -0.316487      0.12497    0.0355274    -0.217319     0.422111     -0.68702    0.0341762     0.362835    -0.673338     0.398375    -0.209457     0.325995     0.444534    -0.895779     0.387123    -0.925325     -0.87771     0.540009     -1.28783     0.178774    -0.264848      0.74948   -0.0814068     -1.00385     0.926904    -0.363385      0.12542     0.840908    -0.767595    -0.296345    -0.666708     0.598684     0.479948        0.918    0.0929528    -0.641853     0.850334    -0.692684    -0.485242     -1.31521
   -0.248962    -0.360873   -0.0812188     0.261015    -0.717781    -0.915849     -0.14848     0.231071     0.662575     0.987682    -0.799144      1.53873     -0.27363    -0.500481     0.799784    -0.695122     0.770312     0.839848      0.65438    -0.727193    -0.513225   -0.0498255    -0.200132    -0.148125     -1.09852     0.270567    -0.775423      1.08956     0.825177     0.480589     0.471251    -0.345208     0.431673     0.743159     0.796995     0.917613     -1.03043   -0.0482545    -0.462848    -0.354422     0.664429     0.576356     0.840391         1.09     0.371656    0.0314979    -0.356344    -0.280476
   -0.896682    -0.358384     0.800449    -0.483105    -0.370872    -0.611332     0.982926    -0.512514     0.766479     0.267678    -0.572832     -1.16626    -0.564562     0.620289     0.193205      0.19195     0.124261     0.757226    -0.854507    -0.213744     0.491835      0.37141    -0.114625    0.0277652    -0.122018    -0.187761    -0.631378     0.383218    -0.840993     0.165069    0.0206855       1.1088     0.745364     0.996926    -0.438904    -0.538102     0.326739    -0.733657    -0.247898     0.544662    -0.706297     -1.04536    -0.802905      0.31284      1.03762     0.613773    -0.469581     -0.92664
   -0.972831     0.744806     0.522485     0.755612     0.929433    -0.139582    -0.866665    -0.547296    0.0750769    -0.302392    -0.250667    -0.152587     0.479602    -0.637584    -0.530887     0.265645     0.288807    -0.815443     -0.32395    -0.953776    -0.425835     0.866095     0.432689     0.698009     0.207927     -0.16304    -0.858625     0.348485     0.274591     0.263555      1.23167    -0.219212    -0.488957    -0.894819     0.357357    -0.501886     0.501669     0.624194     0.478053    -0.617891   -0.0223722     -1.29485   0.00778226     0.306682    -0.485517    -0.735088    -0.813844    -0.716834
     1.88693    0.0170051     0.572588      1.02714     0.612514     -0.66967    -0.922299    0.0879467     0.507338    0.0688102    -0.980007     -0.93097    -0.560138     0.498543      1.03425      0.63194    -0.201759     -1.25941      0.70764   -0.0953236     -0.26033    -0.607049     0.314311     0.277356   -0.0529613      0.55891    -0.769817     0.444517    -0.831068     0.238163    -0.943718     0.941247     0.518847    -0.855684    -0.139405     0.536869    -0.131394    -0.614536   -0.0234309    -0.332841     -1.12495     -1.19216       1.3268     0.769329    -0.454731    -0.212201     0.147408    0.0858956
    -0.47893     0.658724      1.05792     -0.61381    -0.552612       1.0745    -0.131716    -0.859573     0.922716       0.9227     0.647081     0.415737     0.511957    -0.154613    -0.020257     0.571896     0.601474     -1.15072    -0.851665   -0.0697071    -0.780344      1.25542    -0.894845     -0.41939     0.509296    0.0642814    -0.303857      1.20609    -0.417715     0.600639     0.654305     0.635181   -0.0743412     0.896946    -0.519039     0.559144      1.03318     0.161947     0.250787    -0.602195     0.257366     0.380093     -1.08302    -0.440968    -0.649237     -1.15706     0.145786    -0.281242
     1.08875     0.916309     0.338465     0.337543     -0.88886     0.709144    -0.217122     0.151818    -0.415041      -1.0022   -0.0256923      1.02357    -0.943257    -0.650363     0.722035    -0.612543     0.858245     0.912559    -0.848542    -0.332119     0.575795    -0.495262   -0.0824813      1.06889    -0.524297 -0.000249575     0.660945    0.0836537    -0.127965    -0.502369     -1.43874     -0.89629    -0.684523   -0.0761816     0.179341     0.733716    -0.122657     0.599116   -0.0450517    -0.969617     0.169745     0.374874    -0.642754      1.18568    0.0434217    -0.477175   -0.0160735   -0.0227852
     1.19214    0.0799128     0.488592      -0.5593      -0.5284     0.300481     0.292058     -1.21804     0.891645     -1.12377     0.776349    -0.519216     0.524869      1.20395    -0.651692    -0.648494     0.481059      0.51091     0.178699    -0.571415    -0.655277    -0.844934     -1.10564    -0.352103    -0.512383     0.232705     -0.71042    -0.458932    -0.111823    -0.802167    -0.565429     0.980146      0.26336     0.789402     -1.12467     -1.10435     0.487236    -0.848498    -0.519414    -0.776695    0.0856787     -1.17327      1.24672      1.11776    -0.430903     0.556555     0.794188     0.739701
   -0.073438     0.439222    -0.392257     0.651366    0.0567469      0.94868     0.607258   -0.0493822     0.155653     0.307337     0.590831     0.951654     0.911975     0.263207     0.629811     0.776919    -0.424132    -0.574179    -0.249379     0.826245    0.0847502    -0.645796    -0.804088     0.397203    -0.275418     -0.57925     0.918724     0.753161    -0.761757     0.270931      0.63596     0.170889    -0.501629    -0.770443     -0.99433     0.734538    -0.720875   -0.0603048      0.47171      1.05583    -0.729571    -0.287742     0.614104    -0.206455     0.861878       1.0332     -1.01036   -0.0554254
     -0.2451      1.00387    -0.611889    -0.406746     0.270131     0.504282    -0.692893   -0.0608463     0.922602     0.377101      1.01187     0.234149     0.211471    -0.864667     0.103509    -0.420227    -0.640765   -0.0966989     -1.17842    -0.452126     0.664413    -0.587057    -0.723611     0.347661    -0.545692      1.11503     0.997815      0.31346    -0.168319     0.900307     0.753707      1.03514    -0.888701     0.536323     -0.28351    -0.575826     0.809399     0.580321    -0.122396    -0.531768      1.01967    0.0238011    -0.997143     -1.00939   -0.0147855    -0.621005    -0.132858     0.772484
  -0.0573818   -0.0758642     0.161518     0.445381     0.672448    -0.344621     -1.13572    -0.506464    0.0309056    -0.604155    -0.625122    -0.212005    -0.480591      1.08431    -0.242217    -0.539788     0.414868    -0.716284     0.383208    -0.959304    -0.939398      -0.4871     0.486381      0.88294     0.688547     0.191736     -1.20402     -0.68283     0.361937     -1.08076    -0.641107    0.0989792     -0.26547      1.20163     0.153387     0.049266      1.00877    -0.770195    -0.631729     0.155755      1.62306     -1.12185     -1.16469     0.878047 -0.000637023     0.764568    -0.471424      1.03171
    0.270414     0.825844     -0.92669    -0.471363    -0.559939    -0.371155    -0.467457     0.380254   -0.0339937    -0.625346    0.0721142    -0.902089     0.697967     0.698685    -0.823471    -0.258068    -0.546536    -0.591571      1.01423    -0.754977    -0.810128    -0.830884    -0.868736    -0.870777     -0.61999     -0.59652    0.0859384     0.618945     0.660228     0.313536    -0.693518    -0.146578     0.725748    -0.444392     0.142946    -0.293571     0.199758     0.895013     0.502228    -0.649936     0.575778     0.533807     0.665032     0.106798    -0.576571    -0.294558      1.01218     0.640473
    0.225565    -0.588084     -1.30368    -0.543557    0.0856475   -0.0893198     0.112105    -0.593215     0.878053     0.270683     -0.33576     0.960355     0.251543    -0.134663     0.566446    -0.210467     0.433432     0.898937    -0.814733     0.850047     0.700834    -0.346518     0.967494    -0.214957     0.838194    -0.456283     0.603337     0.788531     0.216071    -0.555759    -0.145523     0.886743    0.0215999    -0.613048     0.923748     0.895387    -0.772285     0.238072     -1.03038    -0.655837     0.501729     0.286664      1.53473    -0.598099     0.334343    -0.932217    -0.369795      0.27567
    0.951606     0.804627    -0.405236    -0.474243     -0.35023     0.305964     0.766664     0.427014     0.734577     0.821184     0.777735     0.580373     0.657954     0.392831  -0.00416158    -0.342447    -0.204763     0.140296     0.880276    0.0537036      1.04025    -0.708161    -0.395728    0.0577931     -0.12771     0.877345    -0.433026     0.408935     0.257933     0.149152     0.336916     0.680021    -0.542964   -0.0288551    -0.181904    -0.110788     0.198027     0.257907     0.937429     0.405384    -0.192551     0.896368     -1.07962      0.39682  -0.00849285    -0.958498       0.7038    -0.220724
   -0.103903     0.103842    -0.477626     -1.23847    -0.592161    0.0908095     0.469012    0.0925312     0.622445     0.336831    0.0318234     0.776123    -0.232819   -0.0664142     0.437072     0.258039    -0.719398    -0.681489    -0.733687     0.359022     0.286367     0.312234    -0.541812     0.217178     -1.07569     0.880723    -0.673445    -0.144508    -0.496295      0.12127    -0.474194    -0.627427    -0.335418    -0.897838    -0.389342      1.04856       0.2265     0.172662    -0.646467     0.288703     0.159297    -0.596844     -1.08508     0.146636     0.722177    -0.297812      1.06316    -0.939931
    0.294029     0.736141     0.599394     0.313706    -0.832033    -0.277671   -0.0489336     0.777744     0.154359    -0.024841     0.726395     0.360529     -0.47022    -0.231708     0.716236     -0.74474    -0.414336    -0.361284    0.0511377    -0.438619   -0.0902499       1.3317    -0.718472    -0.355526     0.468472     0.710859    -0.288944    -0.342173    0.0332451       -0.586    -0.236588    -0.509677     -1.20559     0.933952    -0.993519     -0.74682     0.597309     -1.03097     0.472831    -0.519351    -0.605566     0.956733      1.58903     -0.10574    0.0295189      0.17414    -0.432061     0.169629
    0.203615     -0.08624     0.278975    -0.413653      1.19073    -0.806485    -0.830315     0.370039     0.358297     0.243011    -0.550562     0.597403    -0.835561     0.295011     0.823612  -0.00289489    -0.241156    0.0434584    -0.622488    -0.419378    -0.660681    -0.567087     0.351939    -0.275843     -0.12376    -0.298171   -0.0319198      1.16566    -0.724873    -0.213882     0.133446    -0.806773     0.458667      1.02391    -0.225007     0.353276    -0.658524    0.0719176    -0.197678    -0.537724     0.549477     0.119384    -0.206631    -0.398314    -0.878633    -0.630478      1.15282     0.347047
  0.00517654    -0.771357     0.267164    0.0582133     -1.20111     -1.56386    0.0538443     0.581433      1.00625     0.760272    -0.833886   0.00206431     0.110298    -0.548485     0.431993     0.479725     0.153909     0.650112     0.614757     0.333136    -0.618663     0.556548    -0.670157      1.16667     0.029368    0.0406517      1.09913      0.64503    -0.972169     0.454971     0.459573     0.969439    -0.625215    -0.388139     0.813601     0.134827     0.217791      -0.2034     0.945007    -0.474926      1.15736       0.3032    -0.269998    -0.268844       0.7858     0.472888     0.181317    -0.457392
   -0.236912     0.653564    -0.999743   -0.0486485     0.846201     -1.08752    -0.130663     0.354332     0.864331      1.02296      1.10292     0.588835     0.490403     0.486896     0.425774     0.525685     0.775701    0.0730363     0.223397     0.767906     -1.21821    -0.890731    -0.436119     -1.14828    -0.769934     0.405915    0.0129716     -0.52067   -0.0438631     -1.02783    -0.898856    -0.318172   -0.0643845    -0.902518     0.880463     0.147111     0.773103     0.210618     0.754054    0.0903781     -1.07681     0.509161     0.451249    -0.494162     0.792066      1.67318     0.730478      1.24592
    0.409592      0.81323    -0.694761     0.958838    -0.254767     0.718448     0.240408    -0.532888    -0.380999     0.644168     0.115491    -0.443813     0.454762    -0.693367     0.126299    -0.831281    0.0297347     0.662763     0.841493     0.426694      -1.1421     -0.25575     0.554917    -0.260036    -0.275928    -0.879206    -0.921991     0.588415    -0.698759    -0.219703    -0.846731    -0.587836      1.23938     0.794723      0.30289     0.608343    -0.381898    0.0534985    -0.198435    -0.128806      1.13129    -0.543203     -2.14429     0.231618     0.816229    -0.785053     0.153853     -1.38954
   -0.965734    -0.666596     0.974849     -0.40239    -0.503728    -0.302621     0.332589     0.188409     0.684455     0.761086     0.822444     0.867901     0.135045     -0.65842   -0.0632657     0.576862     0.167813    -0.135271    -0.930399     -1.16639     0.318393     0.609703    -0.384592     0.750462       1.0958    -0.294935     -0.50536     0.258231     0.868928    0.0580628    -0.529671     0.494275     -1.32424     0.831532     0.317399    -0.782535   -0.0643717     0.258084     -0.49663     0.108131      1.09816    -0.103078     -1.39174    -0.256336      1.18043     0.167569      1.04435    -0.289175
   -0.386209      1.04455    -0.357016     0.358177   -0.0358083      -1.2575    0.0896886    -0.940572     0.121421     0.555772     0.413047    -0.181595     0.755979    -0.413344    0.0404321     0.293044     -1.34763    -0.082478      0.14176    0.0346892     0.479468     -0.31592    -0.672056     0.253166     0.703679     -0.76535    -0.060742    -0.720491    -0.728781    -0.734754     0.835206     -1.09034     -1.10417    -0.220523      0.13978    -0.117352     0.646761     0.700913    0.0854297     0.220072    -0.249311    -0.271842       1.5183     0.297202    -0.853965     -1.12613    -0.247582    -0.446525
     1.09705     0.113771     0.657891     0.266202     0.711571   -0.0719237    -0.337057     0.543057      0.37079    0.0385643     0.404665    0.0687071     0.827524    -0.931313     0.527806    -0.126998    -0.580762     0.653736    -0.432463   0.00327949    -0.994278    -0.890699    0.0357208      1.18958     -1.02526     0.612427     0.675365     -1.14105     0.540375     -0.80451    -0.703526    -0.547465       1.1255    -0.840785    -0.259835   -0.0442394     0.613055     0.376701    -0.697733    -0.142818      1.29003    -0.133636    -0.135258     0.335954    -0.725745     0.738828    -0.684401     0.214412
    0.326776    -0.250866     -0.69635    -0.737298     0.794178    -0.819742     0.472433     0.711683     0.535799    0.0159237    -0.688559    -0.811657     0.228116     0.060663    -0.122202    -0.639519    -0.399851     0.584689      0.56951    -0.203212     0.428505    0.0241612    -0.691968     0.550811     0.978496     0.227537     0.889064     0.728369     0.974345    -0.503997     0.593499     0.986853     -0.44223    -0.922065     0.717208    -0.873579     0.200004      1.05449     0.280977   -0.0579703    -0.229969    -0.668263    -0.253488    0.0756899     0.938264     0.840099    -0.243774     0.557222
    -1.26985   -0.0686943      0.81397    -0.191677     0.282485     0.197251   -0.0569225     0.119771     0.691181    -0.792064     0.912944    -0.968579    -0.185209    -0.577753     0.117859    -0.215419   -0.0316597    -0.733655    -0.556876   -0.0652467      1.40161      1.08718     0.949928    -0.197588    -0.749962    -0.276829    -0.309861      1.26163     0.261516      1.21526     0.311325    -0.743749    -0.717497     0.598762    -0.680553      1.02151    -0.646008     0.531876     0.463953    -0.319475     0.389297     -0.20125     0.798866     -1.08128    0.0879737   -0.0550651   -0.0340599     0.507786
      1.0565    -0.125022    -0.658638     0.398688       0.7769     0.870347    -0.651759     0.522098     0.617383     0.165558    -0.527039    -0.686857    -0.308146     0.660571    -0.612554    -0.485143     0.178977     0.806056    -0.804818   -0.0561214     0.768132    -0.320378    -0.674291    0.0276087     0.398023     0.285108    0.0472666    -0.605526      1.29646     0.593982     0.673156     0.269295     0.821641    -0.431312     0.872433    -0.709244    -0.587133     0.307677      0.49461     0.330173    -0.506639     -0.54348    -0.340758    -0.622469     -1.38719     0.048635    -0.205875     -0.86924
    0.752922     0.409606     0.657907      0.77607    -0.937712     0.619733     0.106078     0.098817    -0.392983     0.912104     0.708796     -1.13943     -1.04106     0.207969     0.565923     0.223673    -0.470524    -0.474404    -0.137509     0.821477     0.835947    -0.469729     0.781527    0.0818921   -0.0245064    -0.406372     0.394861     0.834645     0.711343    -0.929241    -0.202327    -0.721901     0.651241     0.209035    0.0680214    0.0928995     0.285261    -0.619144    -0.124739     0.820963     0.689744     0.526951      1.24569    -0.387706     0.689626    -0.715524    -0.719178     0.809166
    -0.17273    -0.405472    -0.673646   -0.0533726     0.186573    -0.407028      0.31591    -0.358295     0.305481    -0.281118     0.170209    -0.978101    -0.903423    -0.308374    0.0821291    -0.869223     0.429634    -0.547317      1.00583     0.847895     0.858444    -0.180613     0.228164    -0.269485   -0.0581349    -0.593926    -0.363039     -0.45255     0.747389    0.0968117     0.174546    -0.881063      0.59155   -0.0235112     0.239455     0.495059     0.672866   -0.0337792    -0.833861     0.276469     0.336484    -0.373568    -0.722858     0.482745     0.885201      1.00797    -0.470716     -1.24718
   -0.663561    0.0556071    -0.577454    0.0297575  0.000747426     0.141348     0.267217    -0.310551   -0.0655674      1.11064     0.876437     0.349857     -1.33498     0.413825    -0.467549      1.25959    -0.165551    -0.258724     0.175236    -0.112042    -0.731914     0.697444    -0.235987    -0.437857     0.491155     0.766287    -0.119677    -0.673656     -0.15295    0.0809211    -0.126782     -0.62147      1.28595     0.638064   -0.0463288    -0.594291      0.29988    -0.772722     0.127535     0.410769     0.497092      1.26643     0.255095     0.569775     -0.43345    -0.198297    -0.806262    -0.145257
     0.33925    -0.501023     0.953348     0.819977     0.601919     0.583888     0.250708     0.446461    -0.590573     0.897503     0.862685    -0.883784     0.193907     0.166083    -0.737792    -0.100361    -0.295296      1.02858    0.0395813    -0.359103     0.356085    -0.288399     0.188085     0.841132     0.138493    -0.379724     0.926915    -0.411869    -0.657856     0.528627     0.241872     0.394883    -0.369695    -0.751484     0.507152     0.649627     0.297861    -0.257464     0.832337    -0.149983    -0.327621    -0.714497     0.610747     0.259748     0.041214     0.378539     0.942627      1.08068
     0.32453    -0.385738     0.652683       0.2296      1.24721     0.524805    -0.648569     0.528196     0.663734    -0.908196    -0.635985     0.986697    -0.292181    -0.225105    -0.583043     0.706421     0.106859     0.984382      0.73504    -0.806256    -0.681326     0.377167    -0.530777     0.955272     0.502522     0.747561     0.561434      0.36313    -0.717413     0.394756     0.717961    -0.763953    0.0589204     0.273156      0.67517    -0.542583    -0.542502    -0.640371     0.746555     0.161111   -0.0728877      1.02546   -0.0708121     0.757892     -0.94044   0.00513817     -1.24125    -0.784105
   -0.115912   -0.0162105    -0.502094    -0.704875      1.06009    -0.680168     0.896257     0.213718     0.579711    0.0164391    -0.543247      1.16719     0.804303     0.886712     0.479235     0.341361    0.0308065    -0.412053     0.836839   -0.0531293    -0.822338      1.10682    -0.498375    -0.453455     0.509574     0.404726    -0.134029     0.857204     0.267525    -0.171475     0.630633    -0.319325     0.828821    -0.544301      0.87519     0.989602     0.577472     0.116902     0.218981   -0.0259994    -0.105795     0.940243     0.124294     0.917289    -0.668188    -0.423753    -0.186016     0.371248
   -0.364008    -0.120824     -1.07327     -0.74021     0.482604     0.460554     -0.69837    -0.898437     0.771854     0.302177    -0.592653    -0.735564     0.826491     0.699341     0.501208     0.017016    -0.407925      1.17876     -0.17701    -0.138535     0.364003     0.508134     0.682466    0.0365641     0.220788      1.02224     0.687042    -0.573171     -1.05604     0.441486    0.0107403    -0.389575      0.58925      1.45707     0.278225     0.924632    0.0104519     0.219889     0.113558      0.61925    -0.323465     0.836764     0.191161   -0.0720151      0.86547     0.832777     -1.03457    0.0660267
    -1.51877     0.340766     0.172507     0.598747    -0.275466    -0.181749    -0.908986     -1.03397      0.34908     0.396254    -0.737372     0.888686   -0.0391012    -0.708738     0.378129   -0.0901729     -1.05383     0.947995     0.744446     0.041152     0.686391    -0.204659    -0.130248     0.150329    -0.844354     -0.56911     0.783648    -0.386259    -0.994271    -0.317143    -0.397018    -0.666018    -0.470224    -0.112884     0.871632  -0.00804185     0.620261    -0.822112    -0.863549    -0.408284    -0.648979    -0.811599      1.20309     0.394402      1.09558    -0.387471    -0.286651     -0.56746
    0.795107    -0.309089      1.11685      1.05777     0.636945    -0.534108      1.05668    -0.688705    -0.236336     0.857803     0.351552   -0.0061376    -0.150899     -0.88428    -0.477342    -0.136288    -0.618196    -0.932043     -0.54494     -0.71656    -0.577793     0.531857    0.0277062     -1.15095    -0.899202    -0.894895    -0.415398    -0.864447    -0.785222      -0.7986     0.378532       0.4361     0.470633    -0.798466    -0.124677    -0.530987    0.0261287    -0.314976    -0.257311     0.271988     0.902461     0.747616       1.4571   0.00658748    -0.213707    -0.264859    -0.246984     0.341463
   -0.772605     0.827808     0.504371    -0.507826     0.147617    -0.452654     -0.76061     0.212665    0.0662736    -0.484248    -0.570013    -0.544344    -0.748785    0.0269065     0.181758    -0.439652     0.578752      0.93214    -0.658222     0.301878    -0.427895    -0.781054     0.790712    -0.618566    -0.803959     0.379742    -0.871081     0.993767    -0.461729    -0.367521     0.119087    -0.967372    0.0856816    -0.821863    -0.442723     0.139022     -0.93944     0.782829     0.683559    -0.555981    0.0394214     0.594926    -0.190582    -0.847574     -1.01516    -0.555677   -0.0396663     0.763305
   0.720252    -0.75446    -1.34866   -0.441086   -0.433253     1.40927     0.48542    0.357931  -0.0782315   -0.449832    0.568923  -0.0868131    -1.50168    -1.08181   -0.178624   -0.612877    0.977713     1.04865    0.788924   -0.188692    0.715047    0.779441    0.084904   -0.694058   -0.912645   -0.532638   -0.401177   -0.220519    -1.14795    -0.45119   0.0995859   -0.793921    0.778919    0.149478   -0.824224    -1.25425   -0.242251   0.0883326   -0.961537   -0.934524   -0.316646    0.764614    0.689357   -0.693101  -0.0619539    -1.30648    -1.02645    0.977822    -1.26229 -0.00141126    -1.75273   -0.110211     0.22777   -0.146049   -0.710768   -0.479728    0.228764    0.232794  -0.0926371   0.0899003
   -1.20636    -1.33984   -0.448531    0.215054    0.434569    0.604084    -1.00669    0.855021    0.218893   0.0331808     -1.0561    -0.68515   -0.877996   -0.276587   -0.689299    0.241225   0.0100819     0.10558    0.290053    0.908458  -0.0480666    -1.06319   -0.856296   -0.814561   -0.958619    0.426104     1.23337   -0.682955    0.534667   -0.670519    0.801257    0.159123    0.287042   0.0415409     0.16963   -0.741056   -0.976352    0.398357    0.393787    -1.02705  -0.0295666    0.601592    0.173694    -1.23625   -0.948262    -0.77389    0.722706    0.612733    0.532854   -0.127995    0.574097     1.24529  -0.0630964   -0.598223    0.406524    -1.13537    0.245805    0.154713    -1.23247   -0.886084
  -0.704541    0.352463    0.540213   -0.932719    0.714375    0.237579   -0.678895     1.14591   -0.842524    -1.20235   -0.480298    0.245733    -1.09062    0.436225   0.0875547  -0.0793342    -1.25247    0.298075    -0.89431   -0.924124   -0.508099     1.05557   0.0469077    -0.74354   -0.776108    -1.73147     1.18599    0.322618    -1.40118   -0.482259    0.520648    0.343289  0.00431128    0.199564    -1.03039    0.767653   -0.885457     0.33625   -0.697939    0.891988   0.0583635   -0.756581   -0.529648   -0.619986   -0.119344    0.919028    0.676071    0.125855    0.523172   0.0471739   -0.487406    0.578214     1.03365   0.0755173      -1.169   -0.259286   -0.665215    0.311293    0.981343   -0.810735
  -0.811344    0.232254   0.0762549     1.04445     -1.2657   -0.359002   -0.944367   -0.795105    -1.07698    0.303312    0.863256   -0.209087    0.800661    -0.64266   -0.849187    0.331165   -0.282108    0.318034    0.588622  -0.0958825   -0.976816    0.425149   -0.579271    0.653691     0.53589    -1.13662   -0.611899  -0.0712946   0.0545082  -0.0699016   -0.643151    0.463308   -0.858076     1.06237    0.361683   -0.767576    -1.34774  -0.0868558    0.382264   -0.788633    0.748429     -1.2156   0.0465182    0.355767   -0.568627  0.00444538     0.65167    -1.50529    0.597929    0.615642    0.304576    -1.32143   -0.184724   -0.167543   -0.768749    -1.08912    0.190444   -0.599801    0.834929     1.14598
   -1.23371   -0.368063   -0.727656    0.412938   -0.409777     1.09891     -0.7527 -0.00613761   -0.109196   -0.469663   -0.299516    0.158487   -0.652341    0.113247    0.947684  -0.0644739    0.281228    0.203105   0.0228145    0.397397   -0.718021   -0.428557    0.429051    0.504821    0.594132   -0.786639    0.605161    0.120162    0.382252    0.727523   -0.939711   -0.428982    -1.51368    0.034068    0.530262   -0.871395     1.03793    0.234955   -0.427024    -1.42225     1.34411   -0.358324   0.0112948   -0.287537     0.25394    -1.02877    0.179815   -0.344872   -0.331323    0.756394   -0.611798    0.229129    0.696954     -1.0419    -1.30946    0.619624   -0.352161   -0.280239    -1.27656    0.138085
   0.860301    0.120262     -1.2143     1.07519   -0.390192    -1.35977   0.0293129   0.0101095    0.292722    0.752592   -0.952928    0.905708   0.0115898     -1.0349   -0.170824    0.441349    0.752447    -1.17216    0.439211   -0.715949   -0.964617   -0.513214    0.362536    0.372791    0.907703    -1.16176   0.0268323    -1.59261     1.37479    -1.26059     1.05906   -0.608018    0.220275   0.0947944   -0.394006   -0.714082   -0.646918    -1.02125     0.18359   -0.212757    0.573886    -1.11403   -0.383932    0.943062    -1.86978   -0.864844  -0.0831797   -0.416101    0.328905   -0.277365   -0.110258    0.642409   -0.578326   -0.294617   -0.488378    0.228381   -0.328439   -0.656845   -0.196762 0.000632003
   0.519051    0.203961    0.208788   0.0156507    0.121558    -1.18432    0.422938    0.374086   -0.724297    0.203948    0.402506   -0.244576    -1.14302   -0.954327   -0.274566     -1.2268   -0.408267    0.725939     0.48294   -0.498795   0.0517067   -0.297931    0.118215 -0.00864881    -1.13157   0.0118556    -0.27197    0.709342   -0.386201   -0.146385   -0.715385   -0.924652   -0.468187  0.00606814   -0.762896   -0.200198   0.0591827   -0.696198    -0.36855   -0.851831    -0.10109   -0.614159    0.254764   -0.143315    0.311977    0.310879    0.353536   -0.548056   -0.021787    0.285923     -1.0043   -0.439562     0.83764   -0.919643 -0.00661108   -0.574434    0.542875   0.0508352    0.315642    0.728208
   0.208678    0.108324    0.697728      1.0242    0.544471    0.125617    0.027024     -0.1539    0.307352    -0.67247   -0.489428     1.20677    -1.77165     -1.0725   -0.918243   -0.391537    -0.20044    0.289682   -0.669278    -1.36484   -0.774568    0.152717   -0.825119    0.301583    0.279091    0.375408   -0.865683    0.406259    0.387662    0.545657     1.28022    0.530135    -1.10719    0.268855    -0.43668    0.270894   0.0684237    0.262002    -1.02744   -0.347036   -0.643176   -0.569964   -0.688902   -0.350212   -0.620482   -0.538075   -0.662652   0.0291434    -1.00734     1.05518    -1.21972   -0.237023     0.60313   -0.819588    0.690502  -0.0696419   -0.589073   -0.164102    0.589626   -0.293646
  -0.145833  -0.0896016   -0.342539  -0.0656106   -0.312991    0.687629   0.0334745     1.41418    -1.36331   -0.981452   -0.513514     1.14742   -0.596315    -0.40245   -0.430994   0.0778985    0.502569     1.44859   -0.867367   -0.676657   -0.879306    0.513321     1.31007   -0.489059   -0.145081   -0.818219   -0.795896   0.0139012   -0.668713    0.711167   -0.159985   -0.926465   -0.370639    0.167783    -1.21861   -0.169066     1.13981   -0.072125   -0.255346   -0.715645   -0.502345    0.623693   -0.767913   -0.314657  -0.0599047      1.1827    -1.10661    0.110948   -0.567242    0.677747   -0.638493   0.0437381    -1.04651   -0.937648    0.575036    -0.62981    0.722264   -0.933695  -0.0168148    0.111866
    -1.0714    0.702979   -0.524738     0.45157   -0.964253    -1.46598    0.189097    -1.00272    0.138253   -0.622283   -0.960556  -0.0815771     -1.7131   -0.550622    0.597204    -1.13778   -0.978761    0.936227    0.405882    0.464499   0.0136917    0.496373    0.495502 -0.00286411    -0.11757   -0.973163    0.391363    0.884053   -0.662265    -1.14293    0.324707    -0.82295    0.437914    0.319188     -1.3673    0.593396    0.731103    0.116342    0.784132   -0.742775     -0.1389    0.417629    -1.23709     0.12786    0.576586    0.554041  -0.0630331     0.10267   -0.482519   -0.293767   -0.149849   -0.546302    0.332708   -0.698444    0.350022   0.0771863    -1.00867     1.27501  -0.0770203   -0.968119
   0.836321   -0.974104   0.0267066   0.0401781  -0.0553972    -0.61816     0.13785   0.0802691    0.413163    0.574265   -0.958082    -0.28589   -0.240488    0.432454   -0.660291    0.385691   -0.353105     0.34667    -1.11661    0.297865  -0.0283981   -0.336065    0.227909    0.178385   -0.645801    0.389465   -0.113183    0.530964     0.59589    -0.78911   -0.297815   -0.559433   -0.804391   -0.489725   -0.589461    -1.01116    -0.37782  -0.0492494    0.226589   -0.699038    0.887596    -1.01168   0.0647831   0.0807085   -0.332564   -0.196409    0.355916   -0.874991    0.179655   -0.675646    0.342208   -0.307657    0.690506   -0.634438    -0.94172      -1.006  -0.0429776     0.18574   -0.342354     0.43861
  -0.710707   -0.709882    0.320885   -0.563805   -0.325902    0.134722    0.591648    0.513163    -1.06512    0.557179    -1.29051    -1.88842    0.815122   -0.886518   -0.820219    0.500984    -0.29157     1.09697    0.282036    0.186702    0.314482   -0.959471    0.550922   -0.605902    0.464695    0.022987   -0.144458    0.265587   0.0183952    -1.53452    -1.31999     -1.4288       -0.21   -0.890884    -1.07056    0.100812    0.940261  -0.0553889  0.00226772    0.343611   -0.703777    0.976582    0.676238   -0.957908   -0.961045    0.928443    -1.35619    0.417193    0.953941   -0.651738    -1.10938    0.267767    0.184386   -0.501628   -0.344958   -0.983218    -0.64593     1.21834    0.388753   -0.495818
   -1.52752   -0.239848    -1.53391   -0.612614   0.0236145   0.0577931    0.876164    0.209291    0.284808    0.938486     0.10175   -0.266039  -0.0411718   0.0758209    0.948427   0.0426987   -0.233358    0.469443   -0.800941    0.635207    0.693503   -0.200728    0.887867    -1.08672    0.439236    -1.36331    0.739274     1.08973     0.75904   -0.121168   -0.935321     1.32078    0.559692   -0.270586    0.431468    0.471466    -1.48737  -0.0183922   -0.587152   -0.876224   -0.921905    0.117985   -0.912601    0.522176   -0.330121   -0.212072   -0.534791    0.449072    -1.33537   -0.970231    -1.43043   -0.529703   -0.911584  -0.0479745    0.397866   -0.806882    -1.41107    0.441129    0.640452   -0.572861
   0.599221   -0.881358    0.687995    -1.27491   -0.684256   -0.186883   -0.233601   -0.574573   -0.903314    0.187653   -0.830534   -0.806163   -0.346015   -0.883527    0.453374     1.02139    0.650112    -1.34612    -1.04554     1.14907    -2.11816    0.956485   -0.366236   -0.971182     1.24887    0.114195    -1.02819   -0.209294     1.51159   -0.768466     1.09909    0.592259   -0.960217   -0.286368   -0.697854   -0.366786   -0.607992     0.26233     0.31361    0.241717    0.335599   -0.786615   -0.205548   -0.798523   -0.363061    0.985606   -0.163474   -0.733173     -1.1175    0.212341  -0.0389055  -0.0698421   -0.250502   -0.695168  -0.0385098   -0.594235     0.65772    0.773802     1.29524    0.625102
   -0.64333    0.361039     1.24398    0.639279    -1.42691    0.962539   -0.881317   -0.221514    0.552429   -0.333308     -1.4862    -1.38603   -0.258057   -0.973522    0.949885    0.831726     1.09994     0.40391   -0.170923    0.881721   -0.280192    0.191952     -1.2602   -0.602905   -0.807845    -1.71113     0.52003    0.494423    0.941319   -0.705988   -0.811516    0.532528   -0.608881    0.452745   -0.155663    -1.11102   -0.610346   0.0348245   -0.562907    -1.01035  -0.0144898   -0.717817      1.0726   -0.808098    -1.09042    0.307081   -0.639436    0.485517    0.496968   -0.693202     1.12773    0.512988   -0.978505    -1.08702   -0.986069     -1.0188   -0.332813    0.663057   -0.437304    0.386562
  0.0479521   -0.357363    0.572119   -0.269058    0.849724    0.474373    -1.71034   -0.664802    0.112166     1.24272   -0.741337  0.00811751    0.270065    0.374222   0.0462245    0.822947    -0.51532    0.343479   0.0349671   -0.827272   -0.917905  -0.0524852     1.33196   -0.733396    0.835693    -1.16413   -0.585243    0.185604    0.218147    0.131324   -0.579839   -0.872551    0.256465    -1.23496   -0.632088 -0.00403428    0.422613  0.00594011     0.50865     1.02057 -0.00826513    -1.30609    -1.59693   -0.611695    0.091768    0.793682   -0.488145    -0.20698   -0.450017    0.194315    0.763214     0.58941   -0.948254   -0.793017   0.0113644    -1.12807     -1.1366    0.302623   -0.122226    0.794031
   0.483385  -0.0631976    -1.54114  0.00646171    -1.50744    0.217932   -0.757524    -1.13685    0.119584   0.0951116    -1.03186    0.957215    0.267323   -0.240722   -0.403442   -0.401018     1.28187   -0.246269   -0.555901    0.518639    0.782923    0.824209    -1.16564   -0.454863     1.12233   -0.912827  -0.0955775    0.777662    -1.18772      0.2448     -1.2736   -0.939474   -0.421947   -0.982163   -0.938283    0.585621    -1.51899   -0.365381   -0.921622    0.884194    -1.02674   -0.397346    -1.78659    0.721686    0.966239   -0.502589    -1.69801    0.755469    0.717624    0.620837    0.206514      0.3416   -0.482746   -0.668956    0.532066   -0.139636  -0.0873803    -0.22978   -0.949065    0.186087
   0.575683    0.736324     0.28678   -0.227707  -0.0568182   -0.214935  -0.0977015   -0.949239   0.0679467   -0.988771    -1.41999   -0.162619   -0.674985    -1.11704     0.39453   -0.465038    0.814112   -0.438584   -0.679316     -1.5132   -0.402892    -1.03594   -0.374516   0.0365121     -0.9036   -0.380443    0.421061   0.0576078    -1.13397     0.26415     0.49315    -1.37253    0.257636   -0.213733    0.586341   -0.484339     1.28304   -0.265644    0.242825    0.389503    0.584064    0.827097    -1.69601    -0.51602   -0.974205    0.693226   -0.955857    0.377286    0.293442    0.145479    0.962792   -0.479059   -0.289663   -0.609294    0.423393   -0.773666    0.809703    -0.49468    -1.15558   -0.150566
  -0.808532    -1.11798   -0.570875    0.325081    0.328372   -0.305448    0.602731  -0.0198506    0.116058   -0.698277    0.578319     0.45598  -0.0193378   -0.117935    -1.20974   -0.459023  -0.0640707     1.28506   -0.747573 -0.00731503   -0.534319    0.694699  -0.0623453    0.367899    0.491708    0.217545    0.856802     0.56152   -0.046709    0.239614   -0.888649    0.376832   -0.197588    -1.19201   -0.206607    -1.03389    -1.11373    -1.02639   -0.453729    0.370758     1.40194    0.299766    0.213333   -0.671106   -0.234795   -0.398071    -1.27135   -0.229027    0.446684   -0.929841  -0.0723419   0.0289988     1.30327   -0.436824   -0.425658   -0.783489   -0.449931   -0.157077   -0.514355   -0.278976
   -1.19023   -0.493587    -1.42009   -0.571223   -0.646254  -0.0674848  -0.0186567   -0.048671    0.517965    0.487589    0.953523   0.0394761    -1.06947    0.561202    0.118104  -0.0768109    -1.15933    0.369581   -0.316882  -0.0202588 -0.00866323   -0.025638    0.650255    0.581541    0.843032    -0.32658    -1.10659    0.930687   -0.652357    -1.27076  -0.0873949    0.109144     0.14075   -0.710209    0.282967     0.22424    0.829656   -0.644751   -0.325059    -0.56344   -0.329506    -1.30972    0.465252    0.454503    0.581191     -1.1551    0.941515   0.0511525    0.993671    0.223913   -0.762316    0.178946   0.0319172   -0.835474    0.663883    -1.50776    -1.36082   -0.674748   -0.129202    0.257502
  -0.801142  -0.0588588     1.11811    0.417728    0.396887    -1.35398   -0.629929    0.274502    -1.13635     1.23702    0.833836   -0.614109   -0.721776   -0.132106   -0.386058    0.192542    0.693528   -0.773234    0.163142     -1.1068   -0.806093    -1.27546   -0.897219    -1.09012   -0.826188   -0.564232   0.0195599   -0.631857     1.01937    -0.34444    -1.19099    0.285104    0.184591    0.421088   -0.107152      0.4147     1.02009  -0.0014769    0.299398  -0.0445425   -0.260501    -1.07301    0.133939    -0.41269   -0.753451   -0.580336   -0.359782    -1.24192  -0.0905069  -0.0753281    0.673034   0.0808019    0.733797   -0.262743   0.0640159     0.61596    0.821869   -0.333764    0.386953    0.357637
  -0.494497   -0.941794     -1.0628   0.0765592  -0.0230678     0.37106   -0.530225   -0.453266    -0.13519     0.37127    0.242292   -0.894884  0.00434587   -0.158998    0.227399    -1.85193     0.04543   -0.960946    0.424792    0.448225    0.783647   -0.433025   -0.761756    -1.02638     0.23695   -0.270624   -0.882785   -0.918581     1.02931    -1.55612  -0.0415645    0.374986   -0.245344    0.448152    0.108343    0.994863    0.321138   -0.406904    0.193346   -0.139236   -0.288363    0.982517    0.284873    -1.05794   -0.411224     1.18623   -0.105196   -0.196083    -1.58729    -1.20477    0.175552    0.699458    -1.02528 -0.00352227      -1.289    0.267659  -0.0954537   -0.731568    0.538986      0.8903
 -0.0584932   -0.339308    0.549549   0.0469037   -0.225574   -0.493022    0.164296    0.160991    0.580748    -1.40931   -0.770534    0.856662    0.663795    0.552587  -0.0269177    0.934229   -0.233581   -0.189634    -1.61083   -0.960418   0.0994821   -0.808537   -0.768971    0.609551    -0.93894    0.795129    0.510824   -0.653061   -0.424643   -0.665695   -0.240927   -0.974644   -0.526398   -0.178738    -0.98126   -0.255825     0.49429   -0.348931    0.199881  -0.0630652   -0.224217   -0.688793     0.07955   -0.807421   -0.347708     0.89058    0.800619    0.886645   -0.548877    0.809052    0.160425   -0.189104   -0.884145   -0.916304    -1.75986   0.0626049    -1.10724    -1.28674    0.624286   -0.284973
   0.106259    0.288204    0.551056    0.582882    0.879276    0.182069   -0.413193    0.622109    -1.38929    0.411749    0.301242    0.214519    0.490247    0.817428  -0.0109261    -1.77456    0.118758    0.177807    -1.36551   -0.300496    -1.13749    0.436604   -0.077106    0.347723   -0.661151   -0.377426  -0.0742144    0.741725   -0.846103    0.281546    0.136934     1.05079     -1.3682    -1.28691     0.07683    0.274362     0.17872    -0.58255    0.549134   -0.877094   -0.291085   -0.728828    0.508343    -0.62376    0.334841    0.312145    -1.52668   -0.344646    0.386528     0.27901    0.199696    0.817498    -1.06634     0.41185   -0.661319   -0.643292   -0.105231    0.392642   -0.655056   -0.509477
   0.641724    0.814876    -1.50211    -1.06989   -0.824784   -0.808774   0.0309448    -1.05299   -0.939233     1.49875    0.302251   -0.567267   -0.904747   -0.209094    -1.29122   -0.871424    0.659644   -0.776223    0.572142    0.691207   -0.625038    0.601334    0.133936    -1.10808     1.75392     0.26409   -0.313915   -0.032669   -0.956292   -0.491215   0.0705446    -1.34563    -1.15454   -0.592811    0.516763    0.480751    -1.62237   -0.742969   -0.358727   -0.372112    0.196952   0.0157118     0.99261     1.25105     1.28249     1.05011    0.845651   -0.505305    -0.24742   -0.713867    -1.67962   -0.423656    0.726289    -1.18159    0.333113  -0.0901411    0.184968    0.362604    -1.62958    -0.69091
    0.36107   -0.639147   0.0783591   -0.719935     1.17948    -1.51525    0.162897     0.20554   -0.115024     1.42391   -0.230276    -1.23253   -0.615075    0.660693     0.23036    0.735984    0.515068    0.410949    -1.31652    0.122162    0.325393    0.852798  -0.0284453    0.320164   -0.395539    0.358121    0.214566    0.899234    0.509071   -0.749328  0.00270019    0.541589   -0.201878    0.377373    -1.55067    0.796759   -0.499923    -1.23551    0.604361   0.0561893   -0.626883   -0.340363   -0.962107    -1.29727     -1.2975    0.227724   0.0894487    0.100442    -1.18288     1.34186   -0.174261   -0.958548   -0.611153   -0.712671    0.500209    -1.06757   -0.804126    0.397107   -0.971211   0.0393118
  -0.787892    0.241408    0.806727    -1.24106    -1.08419   -0.135691    0.374663     1.54145   0.0571086   -0.249135    0.707271    -1.38358   -0.714279   -0.651699   -0.147382    -1.11243    -1.09382  0.00976046   -0.706393   -0.314779    0.588684    0.760365   -0.755121    -0.76049    0.187596 0.000979239   -0.386288    0.330054   -0.546895  -0.0660063   -0.337292    -1.39057    0.329803 -0.00575969     1.30568  -0.0857993    -1.73742   -0.239624   0.0359957   -0.537397   -0.187483    0.649242   -0.748757   -0.544924   -0.118936    0.741405    0.581031   -0.138169    0.777001   -0.257124    -1.11459    -1.25995   -0.640541    0.548631   -0.287694  -0.0604327    0.615644   -0.302658    -0.49113  -0.0991596
   -0.73294    0.239604   -0.376242   -0.849776     0.31251     -1.7439    -1.13934     1.65704     -1.0445   -0.750021   -0.288648   0.0689728     0.56482    0.321004   -0.191166   -0.383391     -1.2296    0.515922    0.133959    0.536462    0.074188    -1.13548    0.457436   -0.866866   -0.696045    0.573273   -0.513287     0.35732   -0.774046   -0.349713    0.320948     1.24374   -0.540964    0.933966     1.62143    0.180362    0.583486   -0.500874    0.794693     1.24484    0.818272     0.10766    -1.13417   -0.966107    0.458872    0.774687   -0.630749   -0.707648   -0.994656   -0.580908    0.287802   -0.378201    0.598609    -1.23285    0.247122   -0.524302   0.0748892   -0.809041    0.348234     -0.4249
   -1.55564    0.339434    0.257768    0.217601   -0.363242    0.367725   -0.371762    0.605336    0.355123    0.339331   -0.244868     0.20836   -0.150277    -1.04994    -1.21475    0.125138   -0.882236   -0.503181   -0.774731    -1.23796   -0.373914   -0.857891     1.38153   -0.629213    0.991547    0.643506    0.108913   -0.647991   -0.362306    0.492093    0.899435   -0.575853   -0.724014  -0.0566232     0.25407   0.0532778  0.00405885   -0.663969     1.64727    0.913763    -0.84352    -0.23209    0.926917   -0.518032    0.560292   -0.109357   -0.911371    -1.27036    0.680536    0.235886    -1.43074    0.169258   -0.411961   -0.154178    -1.10344    0.770137   -0.461192    0.637798    0.258009 -0.00986925
  0.0537081    0.730649   -0.601039     1.15094   -0.282572 -0.00894032    0.739493    0.725086    0.238435   -0.190086     -1.0966   -0.125075    0.505376    0.192437    0.813733   -0.357856    0.960296    -1.07891    -1.24334    0.197221    -1.78758   -0.515059    -1.09149    -1.14321   -0.787545   -0.697202    0.458322   -0.180423    -1.12659    0.359171    0.867677   -0.159474   -0.199646   -0.446694   -0.936663    -0.19357   -0.141731    0.151136     1.47665    -1.25988    0.105286   -0.504249   -0.565568    0.762617     1.23276    -1.08194    0.479712   -0.210805    -1.11787   -0.513265    -1.22266     1.18997   -0.204061   -0.441187    0.851693    0.716081   -0.838387   -0.838002    -1.23118     0.44778
   0.901635    0.785227    0.540759   -0.920888  -0.0208286    -1.38995    0.473159    0.726624    0.826768    -1.88698  -0.0370373    -0.56168   -0.725032    -1.14886    0.568078   -0.310359    0.506563    -1.28112   -0.199399  -0.0657361   -0.962484    -1.08909    0.670049   -0.789171    0.296079    0.879036   -0.488131   -0.794421    -1.34563    -1.23846    0.352357     1.34826    -0.57951   -0.993629   -0.601388  -0.0534956    0.819596   -0.693246   -0.877938    0.838031   -0.462688     0.11771     1.22827    -2.01255   -0.118189   -0.148905   0.0506679    0.641156    -1.26111    0.418169    -1.15264    -1.51991   -0.632609    0.375972    0.203297   -0.956669    0.168109    0.130504    -1.32146    0.616418
    1.07565    -1.35851    -0.72951    0.455816   -0.357728    0.304546    0.881027    0.622698   -0.588705    -1.16237  -0.0966773    0.267084   -0.354989   -0.734402    -0.46136    0.525301    -1.15126   -0.952118    -1.28738    0.123468   -0.241533     1.03146   -0.198014   -0.481732    -1.13721   -0.920608    0.690562    -0.59643    0.301715    0.681456    -0.64319     1.08769   -0.733312    0.245883    -1.02203    0.125975   -0.214663    0.723408   -0.914245     1.13918    0.030057   -0.327555    0.617584      0.6056     1.14715  -0.0252943     -1.2981   -0.282942     1.10603  -0.0110744    -1.14745   -0.893606   -0.910421    -1.12112    -0.45116   -0.612616    0.802446     -0.7762   -0.811304   -0.811608
   0.592828   -0.771102    0.929739   -0.616219   0.0464215    0.466867    0.685458    0.560745   -0.470503   -0.232479   -0.227543    0.696952    0.521435   -0.476749   -0.222361   -0.680708   -0.186698    0.432299    0.638547  -0.0273831    0.100053    -0.71627    -1.06771   -0.369898    -1.07346    -1.12613  -0.0161492    0.653231    -1.28896    -1.18667   -0.128353   -0.177017   -0.938506    -1.26923     1.27297    0.316768   -0.915563  -0.0365989  -0.0700178    -1.04377    -1.05026   -0.529501   -0.332415    0.256926    -1.24337   -0.647792     1.01156   -0.225161    -1.60402    0.758835   -0.580553     1.13186     1.24518    0.422193    0.504008    -1.01225    0.415983    0.076502   -0.294915    0.396039
  -0.360359  -0.0427311   -0.217223    0.163656    0.132645    0.593613   -0.787428     1.12388    0.704684     -1.1189  -0.0351713   -0.685241   -0.240955  -0.0191209    0.225853   -0.819176    0.458023    0.627967   0.0376685   0.0487745    0.408517   -0.997038   -0.183921   -0.546109   -0.316759    0.769469   -0.115283    0.378821    -1.01391    -0.77728   -0.299023     0.31207    0.155141    0.158852   -0.344615    0.475525   -0.504483    -1.58175   -0.365492   -0.217014     1.48066    0.200483   -0.707235    0.214125    -1.34692    -0.15957    0.301709    0.058061    0.901927   0.0673641   -0.305385    -0.87857   -0.577756    -0.41922   -0.184043    0.191383   -0.687098   -0.142813     -1.1237     1.60455
  -0.441837    0.240666    0.468267   -0.374037   -0.616205    -1.02346   -0.704788    0.903638   -0.116163    0.173456  -0.0874428    0.415328  -0.0430524   -0.435216   -0.276766    0.254102   -0.170158    0.579047   -0.969507   -0.682702   -0.108559    0.256298    0.380735    -0.14951    0.432105   -0.639305    0.820572    0.446632   -0.546221   -0.276513 -0.00147172    0.565656   -0.482243   -0.354334    -1.03868    0.494543    -0.49282    -0.31674    0.559374   -0.356919   -0.152261   -0.267476   0.0139878 -0.00526036   -0.276083   -0.815327   -0.814651    -0.17643     0.51773   -0.495038    0.681844    -0.54208   0.0853845    0.119062  -0.0930231   -0.299464    0.213051  -0.0499603   -0.556873   -0.737167
    0.62948   -0.117563   -0.908982     -1.2658   -0.923982    0.310606     -1.5325   -0.319723   0.0560753    -1.04872   0.0569988   -0.882588   0.0389509    0.206932    -1.37541    0.300084   -0.505611   0.0538241    0.214215    -1.02815    0.778192    -1.25048    -1.06181   -0.283448    -1.00304    -1.24745   -0.254927   -0.016372    0.755397    0.949078      1.1332     1.07673   -0.379473   0.0669487    0.858977    0.482847     -1.0335   -0.977537    0.729375   -0.371361    -1.08624   0.0828359    0.887501    -1.37091    0.157987   -0.711503     0.48449    0.641769   -0.334713    -0.50747   0.0262378   -0.608332    0.377784     -1.1928    0.691733    0.160854   -0.719259   -0.106972   -0.159646   -0.263795
