no weights
   0.0222803    -0.255027  -0.00529952  -0.00559847     0.192902     0.114248    -0.286563     0.119695    0.0595313       0.1895     0.476293    -0.238125    -0.187309     0.258857     0.196342     0.207398     0.360307    -0.113517    -0.195822     0.041104   -0.0687481   -0.0496006     0.396967    -0.321428    -0.180354     0.126573     0.273412     0.439372     0.359167    -0.260576    -0.118682     0.141702     0.260783      0.25165     0.227351    -0.133584    -0.183793     0.416255     0.121377    0.0935846     0.502097    -0.147316     0.169603    -0.440755    -0.219568    -0.116989     -0.19729    0.0091454
   -0.144245    -0.113993   -0.0809316  -0.00245683    0.0696193     0.282541    -0.149985   -0.0118504   -0.0541278    0.0303039    0.0124406      0.26563   0.00617334    0.0277024   -0.0302426     0.133597     -0.26684     0.262905     0.100666    0.0439358   -0.0206154    -0.352708     0.380064     0.202669     0.063324   -0.0275211    -0.368935   -0.0579319     0.141321     0.364632     0.176119    -0.421604   -0.0370875    -0.124864      0.17193     0.307042   -0.0593297   -0.0150712    -0.283227   -0.0213971     0.131874     0.271691    0.0916739    -0.127774     0.113017     0.199436     0.154639     0.159288
    0.117934    -0.097394  -0.00177026    -0.164116     -0.22918   -0.0659176    -0.225786     0.202659     0.163616     0.153028    -0.405287    0.0643801     0.157922   -0.0121507     0.230428     0.279496    -0.467167     0.453181   -0.0769558     0.232521  -0.00846853    0.0120882    -0.112305      0.23451    -0.109006    0.0669815     0.365489     0.199926    -0.372619     0.213484   -0.0721973    -0.139872     0.378583     0.337276    -0.327458    0.0640774    -0.269916     0.136532    0.0721257     0.132585    -0.152893     0.144622     0.193707     0.248275   -0.0235456   -0.0183114    -0.177683     0.403661
   0.0477685     0.140405     0.308119     0.219176     0.204776      0.29414    -0.186647     0.107072     0.100076   -0.0565546    -0.447319     0.501698    -0.136928   -0.0946505    -0.125904    -0.054774    -0.145673     0.153036    0.0920998    -0.128783     0.228315   0.00603942    -0.153743      0.23822  -0.00136604   -0.0620763  -0.00524711   -0.0822981    0.0588788  -0.00843883   -0.0581835   -0.0939869    -0.288969    -0.132467   -0.0226037    -0.050667   -0.0518918   -0.0423572    -0.324168    -0.109123     -0.27231     0.101422   -0.0565343     0.369981     0.118816     0.268038     0.124798    -0.140231
    0.288795    -0.485302     -0.39343    -0.409856    0.0931675     0.156649    -0.185182     0.117505     0.115801    0.0526236     0.257617    -0.154806     0.170128     0.136677     0.212281   0.00294236     0.121693   -0.0936834     0.130956     0.201295   -0.0576762    -0.524197     0.354789    -0.149914     0.103305     0.201695    -0.124409     0.230292     0.394319    -0.165243     0.155418    -0.352191     0.477174   -0.0510873     0.322928   -0.0840121    -0.251678    0.0492882    -0.109723    -0.397235     0.159845    -0.114425      0.32759    -0.105795     0.140735     0.130946   -0.0203951     0.267671
    0.134143     -0.15735    -0.419242    -0.267294     0.114253   -0.0606424     0.027025    -0.119055   -0.0249466   -0.0339772     0.122191     0.074669     0.363527    0.0298933   0.00328316    -0.132766    0.0363309     0.245046     0.088791     0.346643    -0.114967    -0.331178     0.249564     0.139897     0.176168     0.187562    -0.218176     0.217342     0.170991    0.0271185      0.25767    -0.139591     0.182477     0.150417     0.217305     0.178848   -0.0380759   -0.0774963   -0.0953473     -0.26838      0.17236    0.0944393     0.290159    -0.183078   -0.0315377    -0.133711     0.125576     0.162219
   -0.626196    0.0109247     0.300807     0.201163   -0.0586515     -0.27212    -0.289384     0.155828     0.163936     0.285631    0.0956429     -0.27989    -0.294889    0.0568151     0.182248    0.0194345   -0.0121267   -0.0665449   -0.0205901    -0.196264     0.168008     -0.32223     0.271688    -0.117271   -0.0356038    -0.205981     0.276974      0.11393     0.430881    -0.283417   -0.0599396    0.0554043     0.136079     0.375007      0.43436    -0.171115     0.101467     0.227985    -0.126774     0.234276     0.683284     -0.18843     0.253584    -0.313368    -0.135579     0.189169     0.249537     0.103685
   0.0158195    -0.029842    -0.299689   -0.0229232     0.092556     0.108716    0.0885796    -0.201823    -0.187806    0.0116307    0.0441952    0.0320227     0.231791     0.187656    -0.283729     0.144739   -0.0987496     0.281599   -0.0740785      0.40631    0.0423724     0.318708     0.285907      0.21689    -0.105648     0.125113    -0.394563       0.3512   -0.0406525     0.317292   -0.0699112   -0.0541023    -0.170252     0.260733    0.0177835      0.22709   -0.0708893    -0.144033    -0.163853     0.155149   -0.0831478     0.314756     0.113893     -0.43939   -0.0222985    -0.272618    0.0449022    0.0591105
    0.126279    0.0317426   -0.0835093     0.113672     0.169624     0.345533   -0.0592121   -0.0371883    -0.142028     0.151654      0.22887     0.109214   -0.0776417     0.130817    0.0130878    0.0866021     0.341708     0.124321    -0.171881     0.354422     0.142524     0.372537     0.468681    0.0391333    -0.115022     0.101965    0.0548202       0.2179     0.140225     0.108566    -0.055047      0.31624    0.0300473     0.178911     0.131388     0.196144   -0.0821696     0.278012    -0.132331    0.0408842     0.304075     0.168101     0.184957    -0.480557    -0.534227    -0.581595    -0.294049    0.0714868
   -0.046573    -0.139146    -0.315168    -0.497547    -0.587205   -0.0975247   -0.0204535     0.232939     0.207404   -0.0112189    -0.137049    -0.316616     0.185719    0.0339722     0.302944   -0.0488919    -0.326356    0.0926878     0.254363    0.0873428     0.119184    -0.430936     0.118662   -0.0138892      0.36106    -0.181858     0.224387     -0.18966   -0.0951424    0.0492419     0.344438   -0.0549833     0.427391   -0.0373566    -0.148692     0.204279     0.253444   -0.0606635    0.0676455    -0.231163    0.0684715     0.142604     0.377108     0.272748    -0.147682     0.114344     0.190846     0.459813
   -0.144398    -0.108527    -0.151751   -0.0649886   -0.0261464    -0.186678    0.0887182   -0.0201619    0.0208234     0.172878     0.283102    -0.437798   0.00839946     0.100252     0.168928     0.140121    0.0566283    -0.150754     0.132847     0.111452    0.0313889    -0.048113     0.166961     -0.20331     0.157779    0.0304819   -0.0183975     0.123466     0.121335    -0.161035     0.178158    0.0814642    0.0918078     0.288721     0.116202   -0.0264898     0.240325    -0.132671     0.150866     0.102504     0.224237   -0.0535129     0.256366    -0.262959    0.0448635     0.104133     0.147632      0.17475
  -0.0596304    -0.149009  -0.00317001     -0.26928     -0.49329    -0.361879     0.115066     0.225556     0.231577   -0.0331581      0.10951    -0.409427    0.0277858    -0.117218      0.18959     0.101124    -0.109911    0.0478001   -0.0698268    -0.121503   -0.0570909    -0.132202    -0.212002    -0.125106    -0.103786   -0.0804837     0.403918   -0.0293555    -0.278252   -0.0176375   -0.0546073    -0.134596     0.516042    0.0273788    -0.143467    -0.217018    0.0129897     0.179062     0.583863     0.294696     0.209875    -0.124244    0.0478859      0.23162     0.106921     0.291029    -0.103609     0.182475
    -0.23413    0.0579377    0.0410099     0.120586   -0.0944747   -0.0605382     0.076068    0.0221934   -0.0585483     0.106357    0.0667052   -0.0517252    0.0879509    0.0875563    0.0434126     0.120031    -0.128992   -0.0114689      0.16727   0.00655324     0.129213    -0.114965     0.254468    0.0328485     0.247834    -0.211276    -0.174859     -0.16665     0.170513       0.1155     0.213665    -0.209556    0.0938474   -0.0633694     0.191681     0.147794     0.328563  0.000371909    -0.102169      0.12367     0.299746     0.109164     0.195669    -0.163653    0.0341808     0.202538     0.265658      0.16316
   -0.247256   -0.0479529     0.108008   -0.0178562   -0.0380596    0.0473155    -0.221507    0.0536309      0.12456    0.0196673     0.325745    0.0712948    -0.217336      -0.1648     0.164778    -0.114178     0.479787    0.0294579     -0.52624     0.409554    -0.145356     0.184101    0.0564961  -0.00449524    -0.348591      0.14403     0.362563    0.0740793    0.0167333    -0.176029     -0.37011     0.415264     0.468972     0.312474     0.149869    -0.040717    -0.484841     0.469441     0.320712    0.0730672      0.34638    -0.128764    -0.301655    -0.193184   -0.0126264    -0.157585    -0.426908   -0.0246225
  0.00868104     0.296677    -0.127852    0.0965679    0.0660438  -0.00359095     0.019202   -0.0972103    -0.141241     0.166062   -0.0421281     0.167579    0.0181405   -0.0356596   -0.0841663    0.0346353     0.125328      0.33119    -0.136086      0.45915    0.0477063     0.455182    0.0321973     0.315254    -0.123952     0.102252    0.0742811    0.0998059   -0.0772352     0.239559   -0.0711281     0.365114    0.0654686     0.298699    -0.113855      0.42352    -0.138666    0.0628756  -0.00333557     0.198329   -0.0227898      0.28578    -0.172314    -0.253166     -0.40531    -0.602696   -0.0765336    -0.154515
    0.223011     0.365428      0.20159    0.0900868    -0.174767    -0.247676      0.25503     0.084457    0.0928435    -0.102814    -0.466788     0.133931     0.221805    -0.292075    -0.219812    -0.160264    -0.279474     0.242602    0.0856155      0.19723     0.201876     0.303597    -0.361938     0.190455   -0.0839891     0.150488     0.239853    0.0384055    -0.354473   0.00362375   -0.0219047   -0.0794165     0.149944    -0.152753    -0.424466    -0.198256    0.0451577    0.0250543     0.249714    0.0697038    -0.337417   -0.0695767    0.0950634     0.370164     0.222426    0.0782621   -0.0137875     0.137567
   -0.246138    -0.144982   0.00648494     0.132156    0.0691801    0.0215182    -0.255371    0.0145148  -0.00950009     0.309297   -0.0263745     0.154003    -0.187584   -0.0176315   0.00431944   -0.0130874    0.0704399    0.0729666    0.0214732   -0.0369642    -0.045568    -0.138582    0.0169501    0.0813701    0.0493146   -0.0964029   -0.0727388    0.0488956     0.168409  -0.00707651   0.00441533    0.0164961    0.0264044     0.158837     0.174748     0.120399   -0.0871216    0.0802172    -0.213756    0.0395729     0.218907    0.0484611  -0.00522065    0.0615149     0.172207      0.25217     0.383817    0.0626516
   0.0997355   -0.0459814     0.127075   -0.0161677     0.208379     0.190841    -0.166747     0.200129     0.157964     0.124808    -0.373758     0.250465    0.0714774   -0.0933176   -0.0682658    0.0146145   -0.0945541    0.0980354    -0.173542     0.179043     0.259098     0.261552    -0.145371      0.13118    -0.264909     0.144369   0.00899621      0.22456    -0.136395     0.029467    -0.317978   -0.0147186   -0.0232689    0.0727047    -0.180669    -0.039218    -0.340378   -0.0532902   -0.0682334    -0.103398    -0.404781    0.0853648   -0.0499501     0.284771     0.496331     0.310822    0.0800053   -0.0566709
    0.326039   -0.0434519    -0.246741    -0.108999    -0.227356   -0.0785879     0.215832    -0.247901    -0.263258    -0.112223      0.46263    -0.182011     0.215121     0.119779    -0.137022     0.160797     0.297058    -0.107297   0.00893968    0.0900627    -0.338742    0.0736346     0.169637     -0.16492   -0.0530751     0.177529     0.136941     0.228937    0.0842697    -0.166143  -0.00655551     0.224406   -0.0838035     0.247299   -0.0337248    -0.189893     0.110837     0.303627    0.0658668     0.100445     0.339857    -0.213258     0.572359     -0.49445    -0.320171    -0.390404    -0.230114     0.558809
   -0.229101     0.607915     0.689911     0.551271     0.451595    -0.117913   -0.0324694     0.135683     0.132769    0.0839969   -0.0684946     0.118057    -0.209709    -0.122725    0.0304608    0.0480554    0.0583188    0.0419327    -0.144268   -0.0722089     0.149926     0.299754    -0.164632     0.168387    -0.142139     0.124783     0.152687   -0.0799086   -0.0310614    0.0734328    -0.168412     0.161054    0.0491228   -0.0678832    0.0530117   -0.0791822    -0.151969    0.0211456     0.266966     0.242782   -0.0101678   -0.0721133    -0.446833     0.175811     0.112205   0.00970573    -0.116461    -0.516866
   0.0245478     0.158815     0.158191  -0.00392898    -0.172141     0.404805    -0.221254     0.234947     0.199136    -0.173575      0.12984      0.13599   -0.0715316    0.0204029     0.225191    -0.103494     0.272544    0.0370355    -0.138933     0.163347     0.397535     0.124588     0.548384    -0.187282    -0.205324     -0.22414     0.457034    -0.374593    0.0279421    0.0175077    -0.218547     0.209105     0.211835    -0.143113     0.243034   -0.0555588   -0.0836133     0.467349     0.148925    -0.174332     0.321957    0.0310883    0.0731751    0.0856171    -0.385457    -0.150055    -0.504935     0.158692
    -0.08143     0.460351     0.562999     0.501103     0.487699    -0.309216     0.100472    0.0794153    0.0384846    -0.141328    0.0161347   -0.0489904     -0.01128    0.0350851    -0.211718     -0.12164     0.219471    -0.230442    0.0255568    -0.241103     0.249519     0.190795   -0.0733507    -0.197679    -0.133732    0.0390559     0.286769     0.192419     0.128397    -0.323553    -0.234136   -0.0992501   -0.0534439    -0.145642     0.177865    -0.510581     0.208613     0.159939     0.142146    0.0504451     0.110669    -0.265687    0.0405375     0.145465    0.0388231     0.185109     0.014631    -0.263305
     0.20745    -0.165168    -0.162186    -0.108982    0.0397312     -0.29025    -0.186353  -0.00263879   -0.0385092     0.412459        0.018    -0.362831   -0.0856081    -0.122512    0.0330687     0.156193     0.163112    -0.196322    -0.216568     0.182468    -0.316881     0.182013    -0.269861    -0.334663   -0.0963659     0.137297     0.190886      0.43964    -0.043908    -0.472334   -0.0993508     0.417413        0.212     0.597505    -0.137597    -0.286539     -0.18948    0.0179947    0.0611257     0.169029    0.0357325    -0.319603     0.209832    0.0471236     0.101005     0.114727     0.351711     0.173076
     0.19334    -0.054021    0.0859406     0.118192   -0.0929867     0.261243    0.0490338     0.128412    0.0969981     -0.13044    0.0843162     0.140371    -0.116795      0.13677    0.0534012     0.100842     0.164245    -0.227093     0.196859    -0.467561    -0.106614    -0.137664    -0.200487    0.0134985     0.031698  0.000409877    0.0965383    -0.218227    0.0389036   -0.0264693   -0.0164681   -0.0108402    -0.154716    -0.318406    0.0506057    -0.198582     0.201691      0.11438    0.0982133  -0.00458252   -0.0246116   -0.0188262   -0.0343911     0.233965     0.253339     0.340729     0.038857     0.034841
    0.281328    -0.304903    -0.132969    -0.247771     0.027293    -0.136057    0.0240424     0.111803     0.167053  -0.00179008   -0.0955656   -0.0985487    0.0542472    0.0874782     0.134746     0.154518   -0.0472477    -0.241384     0.084594    -0.282287    -0.277426    -0.114805    -0.623932    0.0105159   -0.0676858     0.314329       0.0212     0.158233   -0.0774091   -0.0531834   -0.0345606   -0.0542939     0.136708    0.0421845   -0.0850359     -0.14335   -0.0375742    -0.477511     0.171557    -0.130855    -0.568134  -0.00367459   -0.0560517     0.520766     0.779497     0.604346     0.280593    0.0442406
   0.0903378     0.118579   -0.0416463    -0.137693    -0.348713     0.175634      0.14859    0.0198048      0.11105    -0.298131    -0.114612     0.191784    0.0996811  -0.00309266   -0.0478335   -0.0975803   -0.0175877     0.253609    -0.108381     0.199719    0.0758229     0.224975    -0.141498     0.236103    -0.124184     0.130274     0.346348    -0.140578    -0.339807     0.332443    -0.194507     0.181704     0.264058    -0.131416    -0.260816     0.198719    0.0988225     0.084306     0.427531    0.0196937    -0.122938      0.27804    -0.066627      0.23824   -0.0269815   -0.0305872    -0.322307     0.106643
     0.17002    0.0385053    0.0844516     0.117383     0.256965   -0.0832609     0.183633     0.102925    0.0918147    -0.120849     0.403575      -0.3163   -0.0454362      0.16231     0.147438   -0.0795584     0.470375    -0.698164     0.165589    -0.219141   -0.0910987   -0.0395771    -0.164867    -0.474914   -0.0151166     0.185067      0.04485    -0.109449     0.275608    -0.418238   -0.0878789     0.228278   -0.0863211    -0.294116     0.138774    -0.410325     0.266365    -0.104985     0.131722     -0.27493  -0.00387093    -0.141828   -0.0646968     0.280536     0.288433     0.228408     0.100478    -0.135501
    0.302828     0.320073    0.0714118     0.354828     0.195069     0.162601     0.163462    -0.200094    -0.241961     0.137493   -0.0611341    0.0700477    -0.129561     0.108931    -0.123734     0.264037   -0.0238388    -0.231813     0.318973     -0.35202    -0.205627     0.206206    -0.160118    0.0384464      0.29839   -0.0309991    -0.334074    -0.112324   -0.0569389    0.0902915     0.325927     0.210025    -0.681227   -0.0292404    -0.105642     0.180389     0.365827    -0.102522    -0.266712     0.213072    -0.228314     0.130256   0.00940505   -0.0291284    -0.202812   -0.0614404     0.418237   -0.0457718
    0.396135    0.0216052    -0.103567    -0.198331    0.0336909     0.409224     0.199271     0.164749     0.142184    -0.208226     0.502073    0.0318248    -0.151153     0.211772      0.23493   -0.0858387      0.48701    -0.302512   -0.0350695      0.12049     0.327204     0.203008     0.267321   -0.0459811   -0.0584217     0.214386    0.0993784    -0.215807     0.131685     0.139964   -0.0611774     0.266856  -0.00829672     -0.33522     0.196454     0.148972    0.0049235    0.0551861     0.434793   -0.0895026    0.0453953    0.0919281    -0.220212   -0.0526906    -0.227923    -0.367661    -0.470438     -0.27258
    0.314781    -0.130523    -0.262124    -0.236787     0.193864   -0.0221335     0.132857    0.0901851    0.0751564     0.231842   -0.0133897    -0.126732    0.0691944     0.104331     0.259484    0.0997671   -0.0745178    -0.190652     0.300709   -0.0962426   -0.0667102    -0.221128    -0.303067     0.123003      0.40192     0.239718    -0.276818   -0.0396006      0.17066 -0.000133608     0.415738   -0.0442218    0.0145551   0.00616532  -0.00260966       0.2088    0.0837297    -0.688758   -0.0870644    -0.201933    -0.439259     0.152599    0.0257274      0.24906      0.28611     0.216709     0.463187    0.0418147
    -0.16542     0.207748     0.415305     0.335423     0.305547   -0.0262471   -0.0864846    0.0623232     0.183526   -0.0223523    -0.187666   -0.0861003    -0.101317   -0.0885303   -0.0330017    0.0630481    0.0378689    -0.180932    -0.233137     0.173163     0.166577     0.419017    -0.182538    -0.161692    -0.264445     0.200629     0.182333     0.137901    -0.170314    -0.106469    -0.302872     0.139588     0.214484    0.0358136    -0.198912    -0.192728     -0.21161     0.040006     0.222406     0.130121     -0.30365   -0.0711342    -0.317833     0.244616     0.370343     0.231933   -0.0868861    -0.239604
    0.174809    0.0357442    -0.268507    -0.369366    -0.497121    -0.278682     0.430409     0.191697      0.12514    -0.251638    0.0961645    -0.159319     0.413236     0.122283   -0.0158879   -0.0941133    -0.135529     0.222851    0.0453635     0.251039     0.335232     0.170862   -0.0210488    0.0927539   -0.0506202     0.205328     0.291593     0.157172    -0.281283     0.206354   -0.0387635    -0.150699     0.249472    -0.268686    -0.298791   0.00286915     0.302681    0.0185024     0.446502    0.0767395  -0.00921799     0.151468     0.241733   -0.0216955   -0.0628582    -0.227664    -0.200576     0.218285
    -0.18148    0.0206074    -0.205137    -0.269402    -0.218291    -0.467132     0.398642     0.144219     0.152171   -0.0264245     0.205173    -0.332796     0.255193    0.0938497     0.163695   -0.0234384  0.000484964    0.0777338     0.210853   0.00795745    0.0579337    -0.184152    -0.108969   0.00398099     0.238613     0.097813    0.0297327    0.0265007    -0.014173   0.00883418     0.249842    0.0749708     0.225973   0.00828745    0.0772433    0.0108746     0.335537    -0.101076      0.29244     0.153724     0.230018    0.0348276    0.0571749   -0.0456264    0.0400803    0.0258594     0.171743      0.12858
    0.377752    0.0381164    -0.233851    0.0384377    -0.290177     0.116777     0.166366    -0.235773    -0.238141    -0.074905   -0.0650773    -0.045988     0.174189    0.0793973    -0.348524      0.25018   0.00209353     0.143764     0.152596  -0.00632412    -0.293656     0.309824     -0.22806   -0.0218346   -0.0908983     0.116394   0.00239279     0.374301    -0.303407  -0.00102775   -0.0389371     0.295464     -0.45519     0.216026    -0.288615    -0.118946     0.288312     0.275401   -0.0668576     0.210894   -0.0755744    0.0666655     0.516558      -0.3342    -0.250118    -0.303643    0.0369066      0.51161
     -0.1442   -0.0220602     0.369002     0.220586   -0.0711553     0.647815     -0.45763     0.130478     0.203767     0.060957    -0.206321     0.409442     -0.41506     0.064599     0.273099     0.403441     -0.33367     0.134256   -0.0366203     -0.33889   -0.0236005     -0.16026     0.143008     0.124939    -0.213461     -0.27059      0.12224    -0.202737   -0.0753865     0.405931    -0.145037    -0.149112   -0.0371926   -0.0236185    0.0229163     0.418853    -0.158009     0.168861    -0.215672    0.0643435    -0.177806     0.459995   -0.0143477     0.137446    0.0842328     0.314233   -0.0412516     0.163615
   -0.165878     0.381458     0.591402     0.454876     0.288048   -0.0173763   -0.0520511     0.218588     0.170931   -0.0244874   -0.0205132   -0.0504476    -0.118924     0.083444    0.0182367     0.183806    0.0607475   -0.0857392   -0.0648295     -0.15245       0.2441     0.205448    0.0727298    -0.198402    -0.265357    0.0962172     0.415191     0.131238   0.00317389    -0.122938    -0.167677   -0.0872147     0.110365    0.0226378   -0.0601112    -0.240434     -0.07817     0.274247     0.242388     0.233584     0.139275    -0.150329    0.0207537   0.00454722   -0.0520401   -0.0113813    -0.221977   -0.0635696
   -0.339915     0.192889     0.452054      0.36835     0.121301     0.218262    -0.213547     0.283577     0.174784    0.0648526   -0.0615349     0.482839    -0.427782  -0.00874133    0.0955839   -0.0756583    0.0715266     0.207215   -0.0709757    -0.428777      0.18432    -0.150312   -0.0409706     0.280412   -0.0271156    -0.111475     0.189998    -0.359262     0.287261     0.253697    0.0320386    -0.080242    -0.121733    -0.261408     0.278664     0.190045   -0.0825561     0.134957     0.121707     0.113142    0.0980282     0.172827     -0.47632     0.321398    0.0216177     0.288965   -0.0412566    -0.533207
    0.532145     0.189301    -0.151376   -0.0222715    -0.162065     0.486877    0.0103364    -0.101716    0.0299866     -0.28493     -0.16712     0.157667    0.0421331     0.186341    -0.166496    -0.105273     0.044621    0.0281475     0.257631    -0.114126   -0.0567704   -0.0367942   -0.0670863   0.00504994     0.152613  -0.00395589     0.181009    -0.219431    -0.114838     0.179417     0.187038    0.0606428    -0.237579    -0.355694   -0.0999285     0.116694     0.185316      0.18681    -0.130538    -0.239917    -0.201454     0.201557     0.197585     0.321906    -0.365934    -0.218182    -0.097702     0.138286
   -0.279256    -0.069253     0.128537      0.14733     0.159787    -0.101107    -0.089039    0.0999198    0.0903968     0.249699   -0.0169021    0.0770389    -0.147685    -0.111249      0.16898     0.130985   0.00330828    0.0397809    -0.183291    0.0547202    -0.193027   -0.0474705    -0.219967    0.0201049   -0.0530961    0.0353129    -0.200317   0.00862388    -0.078061    0.0370762    -0.100411     0.129579     0.207009     0.296507    0.0240349    0.0495054    -0.227607   -0.0271121     0.144676     0.129935   -0.0867364   0.00916036    -0.325568     0.190376     0.612191     0.411647     0.257091   -0.0277247
    0.273634    0.0584492    -0.316333    -0.211687    -0.114528    0.0398939     0.136042    0.0237109  -0.00121961    -0.156958   -0.0879032   -0.0629342     0.397246      0.14703   -0.0574001   -0.0147168    -0.258884     0.182709     0.426059    0.0855759     0.153322    -0.373659     0.264709     0.169046     0.321217    0.0191126   -0.0479204   -0.0168384    0.0574475     0.198116     0.408303    -0.326105   -0.0294602    -0.249071  -0.00871955    0.0745809     0.221046   -0.0539773    -0.158481    -0.193642   -0.0205769    0.0739033     0.436648    0.0748336    -0.293547    -0.216068   -0.0414237     0.278571
   -0.474332    0.0678589     0.268584     0.355092     0.173185     0.106563     -0.32086    -0.131951   -0.0607127       0.1908    -0.272461     0.504338    -0.162678    -0.123405    -0.122138   -0.0957837    -0.125593     0.468209    -0.216075     0.368831     0.178169     0.192855     0.308035     0.321178   -0.0752904   -0.0384383   -0.0528621      0.20518     0.214989      0.14137    -0.179567     0.101991    -0.204246     0.426753     0.103411     0.146552    -0.173383     0.260622    -0.391432    0.0669583     0.235953     0.146834    0.0820835    -0.241263   -0.0741558   -0.0368837    0.0550765    0.0243749
   -0.220967   -0.0337776    0.0245555   -0.0161067     0.218083    -0.427775    0.0672062     0.135896     0.141469     0.405408    0.0530692      -0.2347   -0.0708093    -0.160672     0.234643     0.137634  -0.00816003    -0.115833    -0.083555   -0.0250963    -0.050595    0.0323055    -0.445697    0.0593152     0.118701     0.217717    -0.333326    0.0677532   -0.0288913   -0.0144922    0.0881863    0.0333956     0.134852     0.216512  -0.00201959     0.197367    -0.127065    -0.455437     0.253614     0.255778    -0.123218    0.0478258    -0.489224     0.142977     0.429655     0.221776     0.509563    -0.383364
   -0.413503    -0.131454    -0.210351   -0.0483768    -0.453293    -0.215266    -0.272113    -0.198171    -0.217496    -0.215466     -0.24411     -0.23001    -0.167601    -0.223832    0.0180014   -0.0352742   -0.0726102   -0.0733606    -0.337624   0.00611065    -0.252134    -0.094204    -0.335481   -0.0479231   -0.0265941     -0.02651    -0.123521     -0.10644    -0.244016   -0.0182867   -0.0585549     -0.15151    -0.148748    -0.190632   -0.0544714    -0.166315    0.0644795   -0.0533001   -0.0595118    -0.196252   -0.0740998   -0.0193172
  -0.0260478    -0.549184     0.478094    -0.118719   -0.0515183    -0.645932      0.13725     -1.07362    -0.786834     0.357948    -0.307451     0.862936    -0.412002     0.276816    -0.746994     0.100757    -0.340577      0.21506    -0.918571       0.1694     0.340547   -0.0539489   -0.0427827   -0.0866929     0.464176     0.119605   -0.0674238     -1.23135  -0.00757482    -0.172148     0.362622     0.128861    -0.042736     -1.17862     0.189175     0.233839     0.269821    -0.591491     0.104299    -0.545336    -0.539232    0.0677159
    0.244488    -0.926583    -0.519904    -0.636475     -1.11401    -0.829043      0.40398    -0.478877    0.0260366    -0.480959   -0.0374931     0.454173    -0.160161     0.532606    0.0783667    -0.152074    -0.342887    -0.719486     0.465992     0.253639     0.223623     0.263978      0.11244   -0.0595343    -0.794412     0.107519     0.142858    -0.132588     0.168621      -1.0945   0.00896102     0.194413     0.166712     0.205527    -0.552686     0.246636  -0.00211917    -0.323247    -0.284137    -0.783989    -0.296848    -0.198815
    0.264821    0.0579888     -0.16532    -0.293706    -0.202779    -0.267802   -0.0557076    -0.135931    0.0671025    -0.431262    -0.209277   -0.0238252    -0.132781    0.0855367   -0.0347441    -0.357803    -0.184755    -0.336471    0.0643876     0.126156    0.0658163    -0.198976    -0.206809    -0.107118    -0.560852     -0.17703    -0.359001    0.0684459     0.123273     -0.48173    -0.136149    -0.317096    -0.374434      -0.1264     0.244887     0.120324     0.115104   0.00899055    -0.168616    -0.129219    -0.197315    -0.199503
    0.361182    -0.117394    -0.340222    -0.582302     0.285548     0.242168     0.416606    -0.167068     0.221486  0.000484628     0.200755    -0.336306  -0.00930215     0.620089     0.280628     -1.00282       0.2386    -0.505126   -0.0660165    -0.238655   -0.0427438    -0.648967     0.512254    -0.641125    -0.463726    -0.589658     -0.17655     -0.33856   -0.0476249     0.147938    -0.373841    -0.808999   -0.0209802    -0.743375    -0.380632     -0.50701    -0.191236    -0.674703     0.186628    -0.387962     0.193595     0.383576
   -0.332745   -0.0819986    -0.228582   -0.0463858    -0.247368    -0.248615    -0.284126   -0.0543889    -0.209923     -0.18352    -0.199159     -0.28427    -0.116569    -0.302977   -0.0556629   -0.0798763    -0.180031   -0.0256589    -0.409309   -0.0303892    -0.117779   -0.0434782    -0.250451     -0.20421    -0.090972   -0.0824863   -0.0285223   -0.0806889    -0.107853   -0.0794908  -0.00955275    -0.163927     -0.25243    -0.192313   -0.0187006    -0.117377    -0.125024   -0.0572642    -0.180003     -0.14854    -0.114658   -0.0843729
   -0.076828   -0.0990651    -0.190773   -0.0337756  -0.00165058    -0.146012   0.00743729    -0.241763    -0.313952   -0.0716739    -0.110392    -0.259748    -0.213143    -0.378793     -0.29202    -0.295623   -0.0599319   -0.0644522    -0.497493    -0.188257    -0.342446    -0.144716   -0.0967885   -0.0879318     0.182073    -0.228879    0.0702613    -0.124044    -0.213928    0.0956966  -0.00164771    -0.289126    -0.148896    -0.316248    0.0221515    -0.143698    0.0922989   -0.0322592    -0.118145   -0.0961603    -0.177339    0.0490471
   0.0703408     -0.75704   -0.0431085     0.348652     -0.64234    -0.731132    -0.527424    -0.605585     0.158967     -0.81613    -0.913338    -0.429205    -0.834444     0.446334     0.155506   -0.0094846    -0.281927     0.179389    -0.185689      0.29173      0.46511     0.157487    0.0946057   -0.0239242    -0.376202   0.00587228    0.0366992    0.0510542     0.151496    -0.681464     0.282807    -0.657823    -0.985493   -0.0562233     0.163411     0.201305     0.208724     0.508085    -0.309785    -0.616329   -0.0892497    -0.571657
   -0.125565   -0.0474905   -0.0639072    -0.132931    -0.410959    -0.139287   -0.0976472   -0.0138306    0.0604013    -0.231854    -0.226697   -0.0948798   -0.0391312     0.031968    0.0957526  -0.00972893    -0.203998    -0.186721    -0.153277    0.0908956    0.0645104    -0.103272    -0.335177    -0.376035    -0.647994    -0.043799    -0.549771    -0.176235   -0.0541565     -0.55188   -0.0449956    0.0269376   -0.0724346    -0.151921     -0.21221     0.081453     0.092316    -0.202664    -0.165715    -0.125291     0.117373    -0.109637
   -0.386076   -0.0500974    0.0647071    0.0491293    -0.425002    -0.206694    -0.206121     0.165284   -0.0686571    -0.605874    -0.416026    -0.191137    -0.192939   0.00474691     0.115727     0.057098     -0.20732    0.0986403    -0.414354     0.282329    0.0548131    -0.032495    -0.408221    -0.278513    -0.301035  -0.00325297    -0.450406    -0.328331   -0.0874392    -0.382138     0.138827   -0.0469305     -0.24932    -0.386741   -0.0984471 -0.000787116     0.145769    -0.352188  -0.00071852    -0.165296     0.170828   -0.0539355
   -0.283725   -0.0774311   -0.0634172    -0.164141     -0.20781   -0.0514595    0.0055927   -0.0547207   0.00713067   -0.0570058     -0.12546    -0.227043   -0.0488608    -0.186209    0.0353616    -0.151112    -0.112308     -0.30994    -0.121426    -0.115422    -0.161291    -0.236691    -0.316641    -0.271849     -0.22765   -0.0317341    -0.425672    -0.126749    -0.322471   -0.0895781    -0.289366    -0.189798   -0.0469834   -0.0029478    0.0306394    -0.212881     -0.15442     -0.10325    -0.135915    -0.044237   -0.0394473     -0.19086
   -0.330927    -0.023293     -0.15828   -0.0897822     -0.25066    -0.122689    -0.262624   -0.0578143    -0.214241   -0.0984727    -0.188052    -0.254866     -0.11065     -0.34921    -0.136842   -0.0790769    -0.119335   -0.0539132    -0.352743   -0.0898518    -0.207181   -0.0790126     -0.36017    -0.229281    -0.163225   -0.0940348    -0.263651    -0.126488    -0.295508    -0.130277    -0.112335    -0.059092   -0.0937596     -0.18887   -0.0421482     -0.13242   -0.0127688    -0.108589     -0.12625   -0.0452191   -0.0216215   -0.0811252
   -0.576958    -0.200011    -0.451328    0.0670794    -0.299281    -0.270775   -0.0486241    -0.532075    -0.759972   -0.0768029   -0.0434359   -0.0925634    0.0608859    -0.560414    -0.547768     0.120357     -0.11654    -0.133525    -0.456624     0.213065    -0.539977     0.337411    -0.122893   0.00855429     0.188833    -0.451292     0.396404     0.216368    -0.532774     0.203897      0.16892    -0.407968     0.112382    -0.349507      -0.3776   -0.0259994   -0.0198702    -0.219888     0.124942   -0.0914687    -0.424091     0.236447
   -0.514067    0.0425048   -0.0789335  -0.00685298    -0.298794   -0.0664383    -0.352608    -0.102442    -0.378433   -0.0845184    -0.273335    -0.214872    -0.125213     -0.40906     -0.12651   0.00876323   -0.0966833    -0.115286    -0.420413    0.0190704    -0.460782     -0.10963    -0.332701    -0.120469    0.0325524     -0.10991    -0.229065    0.0208651    -0.396206    0.0163355      -0.2561    -0.178706    -0.134998    -0.125493    0.0459079    -0.325449    0.0194431   -0.0113791    -0.115236    0.0214689   -0.0905251    -0.022172
   -0.291382    -0.122515    -0.218816   -0.0419873   -0.0981736    -0.177456    -0.174746    -0.114822    -0.222469    -0.064469   -0.0863776    -0.197502   -0.0633267    -0.300828    -0.296358   -0.0238441    -0.192271   -0.0703512       -0.188      -0.1604    -0.145864    -0.067134    -0.218504    -0.142857    -0.120957    -0.207206   -0.0273168    -0.110619    -0.160585   -0.0739999    -0.099396    -0.196784    -0.194928    -0.155398    -0.126307   -0.0873132    -0.302165    -0.096968    -0.135823   -0.0448565    -0.131605    -0.180914
    -0.19159    -0.214135    -0.324478   0.00205501    -0.153526    -0.141325    -0.227779    0.0249708    0.0792236     -0.13756   -0.0634702    -0.410524   -0.0311297    -0.357266    -0.073639     0.025065    -0.363273    -0.199226   -0.0695001   -0.0066456    0.0572276    0.0772308    -0.239338    -0.211301    -0.501773    -0.192861   -0.0773208    0.0870853  -0.00178647    -0.140891   -0.0194689   -0.0779355    -0.264748    0.0360922     -0.33973  -0.00841845    -0.348956    0.0583118     -0.43427     0.163215    -0.126685    -0.411653
   -0.434083   -0.0530061    -0.389725   -0.0572539    -0.336334    -0.312707    -0.210186   -0.0404509     -0.28711   -0.0413313    -0.162564    -0.265064   -0.0765437    -0.464278    -0.186864   -0.0952647    -0.108076   -0.0766818    -0.449129    0.0348793    -0.198404   -0.0860446    -0.412097    -0.136633    -0.134333    -0.133752    -0.036316  -0.00239126   -0.0933584   -0.0174832     0.035536    -0.155393     -0.15637    -0.317759    0.0598147   -0.0741354    0.0246807   -0.0794916    -0.140477    -0.108433    -0.090785   -0.0263613
   -0.529605    0.0693153      0.13928   -0.0458698     -0.12228 -0.000151134    -0.664809     0.282554     0.418867     0.163002    -0.232653      -0.4926   -0.0406911    -0.349497     0.372478     0.135331    -0.312829   -0.0971147    0.0649352    -0.658414    0.0932328    -0.840776    -0.583391     -0.39933    -0.682339     0.236702    -0.962615    -0.122566     0.120102    -0.109402    -0.552576       0.2493    -0.247413     0.185221   -0.0826084    -0.637836    -0.442393     0.138118    -0.668826     0.126766     0.238251    -0.737039
    0.181469     -0.24027     0.215873   -0.0841627     -0.46163    -0.589853     0.334003    0.0144428    -0.276299    -0.816127   -0.0471493   0.00810282    -0.150946    -0.123195    -0.168242    -0.253376     0.143713     0.284486    -0.326959      0.14848    -0.882658   0.00932001     0.846889    -0.313857     0.277182    -0.671831    -0.390746     0.116519     -1.05995    -0.119021     0.349795    -0.763129     -0.45179   0.00344547     0.178157     0.165416    -0.170098     -1.03191     0.395397    -0.971172     0.247755     0.580319
    0.549026     0.266647    -0.825952    0.0613052     0.343148    -0.193234      0.48224    -0.415196   -0.0106764    -0.933827    -0.280109    -0.438226    -0.046161     0.490247    -0.698356    -0.951155     0.208849      -0.1241    -0.102254   -0.0291382     0.352977     0.181029    -0.346206     0.211627    -0.409323    -0.625293     0.262952    -0.484703   -0.0284328    -0.735232    -0.105658     -1.01283    -0.665606    -0.654854     0.329912    0.0436715     0.453567    -0.473171    0.0755132    -0.656314     0.366308    -0.496671
  -0.0189479     0.107938   0.00273029    -0.578891     0.203473     -0.11091    -0.463127    0.0421863     0.143755     0.269764    0.0782014    -0.138454   -0.0289154      -0.4873     -0.23075    -0.658324     -0.44147    -0.647185     0.435293     -0.83324  -0.00865027    -0.903928    -0.495545   -0.0239683    -0.106254   -0.0757731    -0.190646     0.121534     0.261969     0.129019    -0.646022    0.0874523    -0.029285      0.24407     0.302024    -0.408853    -0.616659     0.151336    -0.491086       0.1887    -0.717166    -0.573846
   -0.595883     -0.24645   -0.0248182    -0.255514      0.24193   -0.0628796    -0.272005     -0.49945     -0.96235     0.506407    0.0776756     0.371234   -0.0719055    -0.604273     -0.92351     0.321764    -0.188634    -0.247261     0.197567    -0.874508    -0.562383    -0.251344     0.418746    0.0937107     0.679596    -0.314784      0.33599    0.0435713    -0.667062     0.333698    -0.358676    0.0541022     0.159245     0.234746     -0.63204     -0.54985    -0.954595   -0.0243162    -0.138373     0.200257    -0.825398   -0.0702306
    0.219968    -0.127179    -0.503873    -0.309868     0.249105   0.00645937     0.319977    -0.298038    0.0942226    0.0681436    0.0345013     -0.24069    0.0226379    -0.501152    -0.301794    -0.537306   -0.0135844    -0.361315    -0.003795     -0.41879   0.00657938   -0.0796341   -0.0997185    -0.111206    -0.335974    -0.695575     0.172599   -0.0186841    0.0889541     0.100412    -0.629732    -0.162328    0.0650031    -0.331278     -0.48916    -0.233622    -0.147972    -0.248085    -0.416807     0.219818     -0.39434    -0.033343
    0.371645    -0.149068    -0.768619    -0.345196     0.245592     0.159114     0.222738     0.162028      0.12441    -0.132066    0.0773272    -0.507416   0.00843993    -0.553353    -0.283319     -0.63142     -0.14285    -0.474335     0.306626    -0.599901    -0.271433     0.191388    -0.144525    -0.172555    -0.338863    -0.630365     0.188051    0.0615227    0.0952882   -0.0367437    -0.592901   -0.0357284    0.0661046    0.0881542    -0.785314    -0.256543    -0.509023   -0.0383527    -0.649495     0.246283    -0.299671    -0.419093
   -0.615806     0.111094    -0.117462    0.0527688    -0.457509    -0.107605    -0.333977    -0.105608    -0.576709   -0.0838953    -0.341783     -0.23444   -0.0868154    -0.446048    -0.119615  -0.00565704   -0.0261327   -0.0809857    -0.607914     0.197792    -0.567708     -0.12317    -0.513322    -0.121554    0.0550874   -0.0406521     -0.27828    0.0137644    -0.505348    0.0065423    -0.174116    -0.230685   -0.0611232     -0.29478    0.0479306    -0.325201     0.234362    -0.154687    0.0664494    -0.041227    0.0594232     0.158093
   -0.129745    -0.180902    -0.112892    0.0138854   -0.0664529    -0.045102    -0.173035    -0.177416    -0.113312    -0.254218    -0.232555    -0.324456    -0.217442     -0.32104   -0.0562118     0.070072    -0.273849     -0.19756     0.100035   -0.0307558    -0.363574    0.0435081    -0.158802    -0.193602    -0.149846     -0.24286    -0.223254   -0.0592913    -0.182362   0.00057407    -0.253842    -0.071399    -0.153148    0.0206967    -0.323951     0.019795    -0.105257   -0.0774377    -0.405781    0.0862855   0.00139071    -0.301184
   -0.227634    -0.073337    0.0514835    -0.164002    -0.379579   -0.0977738   -0.0415518    -0.150408       -0.148    -0.151364    -0.176111   -0.0884304    -0.068157    -0.117434   -0.0260734   -0.0682744    -0.162536    -0.345024    0.0014683   -0.0218346    -0.138767    -0.113485    -0.306978    -0.168166    -0.384123   -0.0744013    -0.426774   -0.0300417    -0.247448    -0.241553    -0.257159    -0.110064   -0.0270421   -0.0245865    -0.122685   -0.0248441    -0.030828    -0.150654    -0.127892   -0.0464456  -0.00821422    -0.186256
   -0.095375    -0.128676    0.0152289   -0.0832829    -0.092383  -0.00692742    0.0412127    -0.144065   -0.0208144    -0.143698    -0.142024     -0.26353     -0.20465    -0.222789     -0.10872   -0.0171643     -0.20982    -0.288594     0.141083   -0.0956359     -0.26961   -0.0535229    -0.132875    -0.211286    -0.231516    -0.204444    -0.246429   -0.0986072    -0.310812   -0.0763319    -0.302047   -0.0720718    -0.113033    -0.023071    -0.262131   -0.0450648    -0.213217    -0.179221    -0.320839   -0.0503165    0.0286796    -0.282121
    -0.47059   -0.0519301     -0.18816   0.00787677     -0.45999     -0.25025    -0.265873  -0.00531245    -0.239014    -0.316972    -0.277266      -0.2796   -0.0268932    -0.235263   -0.0171022    0.0112144    -0.143421      0.12465     -0.47638    0.0306645    -0.113172    0.0347488    -0.356942    -0.271698    -0.131076  -0.00750325   -0.0839314   -0.0801967    -0.206128    -0.183814     0.151556   -0.0377774    -0.256597    -0.390869   -0.0246488    -0.106787    -0.027974    -0.212495   -0.0120957    -0.303188    0.0719057   -0.0299466
   -0.666007     0.158164   -0.0804846     0.103253    -0.133423   -0.0406658     -0.65969   -0.0138014    -0.503053     0.174937    -0.389804    -0.105605    -0.148579    -0.410071    -0.162501   -0.0342749     -0.10033   -0.0466032    -0.707701    -0.453789    -0.494576    -0.860812    -0.465649    0.0766779     0.311736     0.138589    -0.461082    0.0268457     -0.14152     0.194776    -0.449702   -0.0225235   -0.0648935    -0.126388     0.126974    -0.809921     0.197068    0.0783455  -0.00445776   -0.0193882    -0.362815     0.126831
    -0.61467     0.157648      0.10735    0.0872997    0.0163251   -0.0294665    -0.507456   -0.0353263    -0.466561     0.267597    -0.287502   -0.0992165   -0.0664816    -0.421971    -0.311501    0.0182721    0.0278742   -0.0484348    -0.270408    -0.761934    -0.511287    -0.824447    -0.394589    0.0226733     0.358272    0.0820667    -0.584283   -0.0874028    -0.485518     0.144968    -0.576777      0.05482   -0.0837159      0.18079     0.191226    -0.736962    -0.168227     0.113645    -0.115843    0.0157598    -0.242433    -0.267372
    0.147762     -0.73734    -0.255157    -0.491417    -0.162641   0.00188684    -0.661806     0.210448    0.0704439    -0.701515     -0.03265    -0.245103    -0.734429     0.427512     0.143159    -0.202149    -0.393048     0.143062     0.382415    -0.104554    -0.362661    -0.218927     0.569661    -0.390881     0.259089    -0.074372     0.152751    -0.263476     0.234999    -0.150785     0.175527  -0.00121993     -0.13028     0.322217    -0.904496    -0.263364    -0.788105    -0.444883    0.0956924    -0.593263    -0.271262       0.1912
    0.151585    -0.278948    -0.335105    -0.380954       0.2102   -0.0327942   -0.0317024    -0.513497    -0.223534     0.113847    -0.013119     0.281126   -0.0612718   -0.0652006    -0.399436    -0.308115    -0.233579    -0.518023    0.0479875     -0.18097     0.192011     0.122218   -0.0998701    0.0434981    0.0418685   -0.0659989     0.255727    -0.354797     0.157616   -0.0494395    -0.274033   -0.0336678    0.0510606    -0.519377    -0.496881    -0.102606   0.00858762   -0.0568122    -0.286535    0.0774471    -0.665058     -0.19749
    0.599023    -0.247575     0.756035    -0.614056      0.28697     0.205514     0.405858   -0.0368227     0.169964     0.368699    -0.124727     0.333256    -0.262692      0.52707   -0.0472795    -0.197153     -0.16246    -0.220442     0.463779    -0.669812     0.340457    -0.407072      0.40164    -0.735119    -0.659741    -0.113825    -0.866383      -1.2179    -0.738078     -1.10405    -0.294271     0.198507    -0.195618     0.192976    -0.324074   -0.0637385    -0.832969    -0.416979    -0.350291    0.0298701     0.278653    -0.869268
    0.112077    -0.404344   -0.0827729     -0.60117     0.372936    0.0512862     -0.84004     0.010463   -0.0996731    -0.498003    -0.230585     0.160118    -0.464883     0.385537   -0.0482239    0.0868242    -0.434267    0.0432033     0.114617    -0.065915    -0.344345   -0.0787047     0.223267    -0.299335     0.305809     0.036655     0.125645    -0.751001     0.235993   -0.0756531     0.261316     0.365771   -0.0814406    -0.235181    -0.846688    -0.105809    -0.694911    -0.437664   -0.0250567     -0.32096    -0.737818      0.18501
    -0.18788    -0.323579    -0.252531    0.0611461    -0.434673    -0.447727   -0.0992254     -0.38152    -0.184879    -0.325709    -0.283093    -0.240527    -0.239632    -0.121342    -0.288025   -0.0491073    -0.122956    0.0774728   -0.0835508   -0.0311817    0.0874728    0.0464077     0.191445    0.0936043      0.19307   -0.0609387     0.113509      0.05148    -0.168085    -0.127071     0.109196    -0.415707    -0.480078    0.0838159    0.0851245 -0.000718479    -0.101522    0.0490498   -0.0423257    -0.451641    -0.140449    -0.300756
