no weights
    0.104357    -0.379731   -0.0688806   0.00381411     0.240213      0.20492    -0.356101     0.131106     0.162212     0.231327     0.630238    -0.336028    -0.253377     0.433043     0.272573     0.365437     0.396126    -0.168569    -0.171405   -0.0304407    -0.142534   -0.0969406     0.436548    -0.423346    -0.121622     0.245701      0.41129     0.632294     0.491293    -0.271143   -0.0168186     0.130822     0.272535     0.281336     0.200373   -0.0252769    -0.255669     0.532323     0.209463     0.152883     0.598354   -0.0781349     0.115511     -0.45187    -0.250904    -0.113753     -0.20888   -0.0555007
   -0.207537    -0.230036    -0.140261   -0.0630154    0.0414913     0.296014    -0.205566    0.0157947   -0.0442523    0.0732702     0.118299     0.227168   -0.0275531    0.0639861   0.00997459     0.222026    -0.333921     0.255932   0.00410574    0.0593285    0.0177915    -0.433839     0.470986     0.171373   -0.0210536   -0.0545075    -0.578535   -0.0363269     0.111149     0.497057     0.149358    -0.612043    0.0129279    -0.184908     0.200096     0.433534    -0.222101    0.0840061    -0.241664    0.0709527     0.206227     0.322122  -0.00881838    -0.189199     0.183733     0.179674     0.193892     0.123271
    0.221896     -0.17141   0.00314069     -0.20786     -0.26332     -0.16506    -0.228277     0.238357     0.168559     0.242305    -0.396199     0.278069     0.176619   -0.0157825      0.32489     0.392657    -0.478061     0.700651    -0.132556     0.212187    -0.132394   -0.0222497    -0.241246     0.487814    -0.152983     0.109649     0.391653     0.285747    -0.400695     0.334037     -0.11146    -0.163317     0.465441     0.439549     -0.28418    0.0887108    -0.461926     0.231374    0.0950584     0.290482    -0.156066      0.13258      0.24962     0.278961    0.0151872    -0.125885    -0.267991     0.571574
   0.0605336    0.0864935     0.311801       0.2066     0.174583     0.353258    -0.196536     0.163792     0.122564   -0.0267532    -0.577542     0.621416    -0.130725    -0.132916    -0.124096    -0.186904    -0.108282     0.196295     0.124218   -0.0762001     0.355202    0.0785478    -0.190886     0.324656   -0.0165638   -0.0495968    0.0190078   -0.0587576     0.111561    -0.131414    -0.154809   -0.0661659    -0.381142    -0.157027    0.0149638    -0.205955   -0.0238234    -0.130925    -0.540764    -0.249451    -0.407941     0.109205    0.0468703      0.43297     0.224155     0.305018     0.194922    -0.162505
    0.407092    -0.684581    -0.523462    -0.481023     0.011483     0.333275     -0.24769     0.122997      0.18734    0.0556581     0.290566     -0.14036     0.132903     0.213384     0.228152    0.0194597     0.109518   -0.0660487     0.232734     0.156606     -0.10463    -0.645353     0.388635    -0.126092     0.168026      0.27392   -0.0449016     0.320142     0.556458    -0.218745     0.219522    -0.568343     0.612109    -0.220922     0.367907    -0.071627    -0.256615    0.0898693    -0.189493    -0.459561     0.177236   -0.0477453     0.420053    -0.045858      0.19278     0.220029  -0.00500002     0.317786
    0.118352    -0.289119     -0.50216    -0.348863     0.077025    -0.184484     0.064246    -0.130037   -0.0252823   -0.0394151      0.13873     0.198893     0.416567    0.0373606   -0.0090408    -0.186632    0.0595692       0.4027     0.109934      0.35531    -0.200526    -0.446986     0.170184     0.254937     0.235104     0.235603    -0.244907     0.284594      0.24854  -0.00944346     0.264386     -0.19034     0.225624     0.175487     0.294229     0.128961    -0.132294   -0.0330433    -0.104902    -0.290117     0.201941     0.072705      0.28872    -0.220941    -0.029581    -0.169242     0.041359     0.140626
    -0.80237   -0.0158459      0.32243     0.259719   -0.0398472    -0.403872     -0.30746     0.196369      0.23154     0.328909     0.104471    -0.311344    -0.338514     0.111256     0.203575  -0.00102279     0.004767   -0.0500964    0.0514928    -0.358191    0.0811127    -0.479689     0.140481    -0.114531    0.0512592    -0.190192     0.343953     0.180369     0.525285      -0.3704   0.00625433     0.119805     0.145294     0.538155     0.514928     -0.19657     0.196432     0.268318    -0.107692     0.295087     0.829263    -0.228468      0.29669    -0.315619   -0.0866739     0.267076     0.357632     0.251391
  0.00422513   -0.0981067    -0.317315   -0.0857996    0.0344091     0.153161     0.130319    -0.288729    -0.245813  -0.00236782    0.0887762   -0.0174618     0.273978     0.270121    -0.345158     0.212884    -0.168867     0.279074    -0.159239     0.555487      0.22403     0.431686     0.456254     0.202049    -0.174159    0.0154287    -0.683538     0.421344    -0.161226     0.456972    -0.123003   -0.0843656    -0.246221      0.32277    0.0606785     0.297887    -0.217986    -0.113375    -0.226555     0.241016   -0.0980851     0.368063    0.0985174    -0.544297   0.00443296    -0.371168    0.0833682   -0.0222943
    0.138605   0.00660203   -0.0694803    0.0894778     0.123725     0.346603   -0.0649635   -0.0111547    -0.175527     0.213668     0.229693    0.0886974   -0.0813964     0.128216    0.0531243      0.15056      0.31938     0.161417    -0.229593     0.442395     0.267889     0.497712     0.546817    0.0469762    -0.166698    0.0588759   -0.0577173     0.233733    0.0633954     0.162895   -0.0953171     0.368066   -0.0476973     0.248299      0.14262     0.191406    -0.236972     0.313372    -0.201159    0.0963414     0.278873     0.168885     0.242673    -0.660485    -0.644291    -0.789584    -0.390082    0.0113502
   -0.174258    -0.242957    -0.402434    -0.588166    -0.694085   -0.0826798   -0.0261193     0.285121     0.240397    0.0350818    -0.139132    -0.405727     0.174381  -0.00610172     0.384223   -0.0959193    -0.325123    0.0715311     0.314045    0.0674626    0.0982708    -0.466735     0.107715   -0.0978954     0.466814    -0.245428     0.213467    -0.307153    -0.132842    0.0446002     0.402296    -0.061474     0.550407    -0.020369    -0.163511     0.287085     0.274973   -0.0236768     0.110254    -0.283713      0.10334     0.220814     0.328572     0.323544    -0.132592     0.210795       0.2305     0.516364
   -0.176373    -0.172915    -0.167798   -0.0909608   -0.0933162    -0.162478     0.129586  -0.00669636    0.0405223     0.201601      0.34148    -0.651055    0.0171203     0.130762      0.20325     0.175673    0.0666267    -0.301111     0.181021     0.146674    0.0837045    0.0284978     0.220609    -0.394006     0.207926   -0.0215156   -0.0503789     0.120596    0.0613364    -0.243986     0.210683     0.128172    0.0835972     0.370194    0.0670984   -0.0542115     0.300383    -0.105468      0.19671     0.109192     0.264065   -0.0606316     0.331912    -0.298487    0.0707605     0.169987     0.201229     0.248886
  -0.0160189    -0.201477   0.00202511    -0.337473    -0.601905    -0.432622     0.233925     0.253134     0.171663    0.0400064     0.254914    -0.480345      0.12031    -0.204308     0.270561     0.248507   -0.0978772     0.066345   -0.0408438    -0.205518     -0.22218    -0.196439    -0.204148    -0.134849   -0.0587443    -0.211866     0.382096    -0.161791    -0.391548    0.0745662    0.0306852    -0.290971     0.722047    -0.038239    -0.151278    -0.195532    0.0272186     0.334599      0.79392     0.493632     0.359627    -0.197808   -0.0245123     0.306921     0.163913     0.419259    -0.102102     0.304382
   -0.334743    0.0204142    0.0648083    0.0708693    -0.184771    -0.114048     0.124127    0.0370756     -0.11474     0.136307     0.134366    -0.148436     0.108238     0.032829    0.0623007     0.147755    -0.135107   -0.0941295     0.112904     0.040773     0.186924   -0.0921951     0.341224   -0.0836743     0.218158    -0.374312    -0.343343    -0.288413    0.0507259     0.138138     0.180901    -0.324888     0.188195    -0.131237     0.190059     0.142681     0.316094    0.0732369   -0.0373862     0.177065     0.382998     0.078015     0.170094    -0.242444    0.0341801     0.247771      0.28613     0.177957
   -0.285434   -0.0935299     0.127732    -0.056565   -0.0199035   -0.0330658    -0.177029    0.0477756     0.124992    0.0278362     0.414934     0.111201     -0.17018    -0.195571     0.178704   -0.0877116     0.553321     0.124542    -0.624065     0.513452    -0.112867     0.264228     0.163866    0.0405348    -0.377562     0.104475     0.390464    0.0664181   0.00840479    -0.101018    -0.393571     0.431196     0.589687     0.337786     0.266855     -0.04587    -0.682702     0.581511     0.468804     0.207615     0.437299    -0.187675    -0.468393    -0.128935   0.00665894    -0.178375    -0.560722    -0.107459
   -0.016321     0.300514    -0.112984     0.057797    0.0468488    -0.117239    0.0698785    -0.106837    -0.186421     0.220402   -0.0588797     0.258903    0.0628492   -0.0686881   -0.0863663    0.0567079     0.109196     0.480886    -0.178371     0.546102     0.105773     0.511786    0.0289545     0.471076    -0.140102    0.0554606   -0.0334701     0.126565    -0.142317     0.383126   -0.0743712     0.428295    0.0323924     0.393701    -0.103127     0.534193    -0.283761     0.126812    -0.014386     0.274345   -0.0278389     0.341257    -0.331124    -0.350302    -0.515333    -0.781114    -0.123814    -0.349332
    0.252485     0.419218     0.273397    0.0235312    -0.268315    -0.411849     0.389177     0.110741   -0.0184399    -0.087578    -0.594849     0.278325     0.346075    -0.476222    -0.246264    -0.304343    -0.227359     0.352589    0.0413287     0.320582     0.312041     0.448816     -0.41374     0.278059    -0.106013    0.0530293     0.198169   -0.0537453    -0.458886   -0.0870729    -0.132805    -0.129776     0.206497    -0.238918    -0.445947    -0.424039    0.0346567    0.0115636     0.192229    0.0302608    -0.377666    -0.226361     0.194935     0.355396      0.20983    0.0303907   -0.0478678     0.178288
   -0.325887    -0.255474   -0.0634797    0.0600288  0.000415886   -0.0226817    -0.280179    0.0749204    0.0123093     0.374345    -0.034975     0.283966    -0.218147   -0.0192343    0.0314644   -0.0819584     0.199283     0.162035  -0.00805344   -0.0766876   -0.0328473    -0.112867   -0.0743238     0.165243    0.0167868    -0.135363    -0.050478    0.0696053     0.168438    0.0114657   -0.0726518       0.1387  -0.00234767     0.230186     0.231847     0.146771   -0.0827962     0.121043    -0.284993    0.0226028     0.241269     0.133537    0.0402047     0.142497      0.29701     0.316402     0.549432     0.180749
    0.172138    -0.243772   -0.0082488    -0.160087    0.0892305      0.31155    -0.212818     0.242808      0.18232     0.157669    -0.440548     0.379907    0.0756856      -0.1185    -0.072761   -0.0816825 -0.000725179     0.151462    -0.245715     0.350798     0.409238     0.439519   -0.0952214     0.190922    -0.393836     0.133529    0.0167939     0.273325    -0.155529   0.00265329    -0.507734     0.020129    -0.065897    0.0394243    -0.155703    -0.104621    -0.384518   -0.0998644    -0.234479    -0.211052    -0.539626     0.171824    0.0488209     0.415038     0.714393      0.40457     0.206889    0.0125388
    0.522203   0.00988187    -0.166951    -0.100284    -0.204535   -0.0932907     0.295426    -0.260066    -0.358552   -0.0824839     0.558513     -0.10641     0.284444    0.0506538     -0.12066     0.221306     0.396288   -0.0593436    0.0698992    0.0359154    -0.430424    0.0571296     0.183077    -0.128125    0.0481868     0.122165     0.142029     0.185247    0.0877378    -0.174688     0.125946      0.31855    -0.107445     0.329706   -0.0257282    -0.225762     0.183915     0.389408      0.13089     0.145314     0.464466    -0.327968     0.873913     -0.58009    -0.383454    -0.391344    -0.241316      0.81529
   -0.261155     0.749754      0.84361     0.603322     0.536485    -0.262946    0.0516423     0.166571    0.0491857     0.124784   -0.0395546     0.136697    -0.136112    -0.256301    0.0636422    0.0495097    0.0688187     0.070627    -0.162948   -0.0547875     0.166739     0.300674    -0.139758     0.220689    -0.137204    0.0424104    0.0536477    -0.198561   -0.0947574     0.105486    -0.150684     0.143516    0.0918759   -0.0786397    0.0840419    -0.131157    -0.200571     0.034874     0.315444     0.272338    0.0112284    -0.161023     -0.54505     0.117645    0.0432395   -0.0596187    -0.197614    -0.667264
   0.0905854     0.173264      0.17128   -0.0617494    -0.240642     0.588564    -0.212928     0.320012     0.162345    -0.122784     0.170295    0.0933612   -0.0571606    -0.105332     0.350869   -0.0862435     0.338718   -0.0723593    -0.225424      0.36174     0.616755     0.381671     0.862191    -0.341542    -0.279449    -0.424041     0.428475    -0.696166    -0.119715     0.121042    -0.284939     0.274063     0.260662    -0.245483     0.288295   -0.0276703    -0.110483     0.483796     0.179136    -0.178527     0.301749    0.0628084    0.0992963     0.174481    -0.403578    -0.119794    -0.577603      0.18677
  -0.0884437     0.518094     0.636498     0.512981     0.515585    -0.519373     0.188813    0.0554315    -0.020635     -0.19976   -0.0507042   -0.0490722    0.0844046    0.0122923    -0.296133    -0.221281     0.259712    -0.258665    0.0360867    -0.217894     0.329859     0.240467   -0.0878419    -0.230454    -0.165625   -0.0102267     0.282281     0.218794     0.117044    -0.471947    -0.343149    -0.188232   -0.0633937    -0.240462     0.187348    -0.762762     0.241625    0.0967412    0.0671886   -0.0333855    0.0636314    -0.384763     0.132658     0.171047    0.0469366     0.209474   0.00628674    -0.327419
    0.306477    -0.197457    -0.198885    -0.124066    0.0112346    -0.356141    -0.189939    -0.015543   -0.0407036     0.448353     0.023405    -0.370245    -0.112233   -0.0776225    0.0247473     0.119362      0.29875    -0.236862    -0.184756      0.10553     -0.39985     0.176282     -0.39331     -0.37747   -0.0596029     0.160864     0.322551     0.547096    0.0305745    -0.654997   -0.0978321     0.570725       0.1482     0.686118    -0.130081    -0.425385   -0.0685566   0.00755859   -0.0241024     0.145125    0.0944905    -0.413852     0.400955     0.117679     0.185211     0.197632     0.557303     0.331672
    0.295428    -0.157432    0.0159556    0.0386956    -0.198596     0.365855    0.0222417     0.149045     0.108121    -0.158126     0.200186    0.0869684    -0.159992     0.178111     0.083049     0.162274     0.281566    -0.283458     0.238641    -0.662299    -0.271021    -0.215101    -0.289689    0.0146137    -0.016956    -0.016801     0.209729    -0.229801    0.0275879   -0.0611956    -0.050313  -0.00925609    -0.154013    -0.404901    0.0326819    -0.272741     0.250777     0.157893     0.139807  -0.00725346   -0.0218955   -0.0217494   -0.0545885     0.333681     0.346806     0.448125    0.0525844    0.0851212
    0.330594    -0.429645    -0.201541    -0.302168    0.0357729    -0.104974    0.0207229    0.0777414     0.180973   -0.0151178    0.0602897   -0.0295956     0.058068     0.199255     0.205875     0.200418     0.110561     -0.26374    0.0843416    -0.371353    -0.473815    -0.221982    -0.656258   0.00244903   -0.0690867     0.354709     0.129451     0.216025    0.0343699   -0.0694461   -0.0781145   0.00705241      0.21811     0.033178   0.00632748     -0.12809      0.03404    -0.525369     0.162126     -0.20068    -0.559888    0.0627957   -0.0259752     0.643888     0.972156     0.816097     0.392186     0.149005
    0.114782    0.0255424     -0.13781    -0.305493     -0.47794     0.138688     0.206539   0.00396401    0.0702145    -0.341589   -0.0535108     0.297339     0.148884   -0.0383177   -0.0365528    -0.121445     0.114301     0.311821    -0.193857       0.2428    0.0525365     0.310487    -0.111708     0.274211    -0.205027    0.0229669     0.397995    -0.255231    -0.436038     0.455878    -0.313084      0.25078     0.409913    -0.164913    -0.207906     0.252073    0.0737674     0.113257     0.537889    0.0216599     -0.10926     0.350265    -0.145276     0.346403   -0.0139572    0.0212647    -0.390284     0.177706
    0.199239    0.0176902    0.0467887     0.111058     0.235897    0.0152017     0.263337    0.0940669     0.103838    -0.167652     0.480404    -0.486185   0.00893796      0.27931     0.213345    -0.116133     0.599098    -0.993609     0.233978    -0.184457   -0.0403049    0.0697566   -0.0756094    -0.734881   -0.0149053     0.158246    0.0897245    -0.157414     0.269502    -0.549177    -0.173745     0.294765    -0.110701     -0.38399     0.115413    -0.490301     0.451221     -0.14915    0.0432401    -0.448119   -0.0949956   -0.0830939   -0.0325468     0.367536     0.358793     0.331679     0.178207    -0.144939
    0.409375     0.332218    0.0666452     0.342077     0.179998     0.227594     0.127008    -0.177879    -0.267085     0.177829    -0.015815   -0.0457169    -0.179431     0.137096   -0.0900242      0.33838   -0.0164251    -0.376512     0.330857    -0.429792    -0.254188     0.187635    -0.269304   -0.0695762     0.285808   -0.0157187    -0.445604   -0.0634684    -0.143369    0.0440551     0.358954     0.421677    -0.964996     0.170661     -0.27929     0.216884     0.407445    -0.072329    -0.284532     0.168516    -0.258984      0.12963    0.0691599    -0.180646    -0.242326    -0.134121     0.527548   -0.0493449
    0.558693   -0.0873122    -0.212535    -0.345562   -0.0823747     0.664747     0.270678     0.193314      0.15017    -0.227531     0.586831   -0.0891936   -0.0877542     0.224483     0.282216    -0.047049     0.512505    -0.388625   -0.0352265     0.248902     0.543428     0.390932     0.512552    -0.147007   -0.0612263     0.146337    0.0469993    -0.304715    0.0534697     0.263703   -0.0362173     0.217434   -0.0121992    -0.504713     0.174857     0.234507   -0.0672676    0.0897804     0.499512   -0.0860025   0.00797092     0.183576    -0.445207    0.0102106    -0.229078    -0.384088    -0.523358    -0.552271
     0.37531    -0.183835    -0.293198    -0.265701     0.210632    0.0162175     0.107107     0.108825    0.0855938     0.279346  -0.00900193    -0.118784    0.0461412     0.114129     0.317131     0.080745    0.0157573    -0.246132     0.341948    -0.143702    -0.138062    -0.220249    -0.396306     0.123236     0.411398     0.297679    -0.211473   0.00798255     0.227309   -0.0962253     0.380957    0.0204831    0.0793206  -0.00583746    0.0145029     0.161626     0.148682    -0.812204    -0.210426    -0.348395    -0.560385     0.208314     0.102545     0.312808     0.390729     0.304997     0.577728    0.0741949
   -0.240157     0.220685     0.440982     0.372404     0.339436    0.0337828    -0.067805    0.0517962     0.200546   -0.0245845    -0.217794      -0.2066   -0.0756564    -0.077056      -0.0395     0.011534    0.0763518    -0.340261    -0.281722     0.349138     0.316108     0.614966   -0.0679168     -0.33442    -0.300489     0.158966     0.147214     0.114312    -0.232316    -0.206456    -0.382025     0.144497     0.230949   -0.0441005    -0.195987    -0.294401    -0.217037  -0.00448642     0.151247    0.0830244    -0.399716    -0.103844     -0.36447     0.340633     0.505145     0.304748  -0.00683427    -0.323073
    0.148832    -0.058365    -0.339021    -0.527967    -0.688811    -0.429994     0.599104     0.215086    0.0799771    -0.266196     0.107202    -0.114359     0.530559    0.0913727   0.00166266     -0.16875   -0.0963601     0.282393    0.0101662     0.333523     0.488089     0.265968     0.051615    0.0832586   -0.0472269     0.122522     0.272571     0.102204    -0.311198     0.226997    -0.112316    -0.263241     0.289449    -0.405788    -0.292264   -0.0649223     0.295496    0.0581825     0.492757     0.104648     0.046823     0.127554      0.23556   -0.0337748    -0.108566    -0.255123    -0.251929     0.160533
   -0.416006   -0.0809308    -0.258789    -0.378749    -0.355849    -0.754798      0.54273     0.165347     0.129646  0.000922841      0.25295    -0.319465     0.339699    0.0832053     0.210796   -0.0797549    0.0592104     0.197286     0.243465   -0.0830597   -0.0411322    -0.277269    -0.264386    0.0405121     0.360583    0.0592417   0.00994558    0.0205194   -0.0281434    -0.012534     0.279582    0.0845866     0.296106    0.0620508    0.0989798   -0.0162563     0.324892   -0.0212737     0.389094     0.204487      0.33659    0.0068332   -0.0636455    -0.097263    0.0336985    0.0361652     0.166167     0.125346
    0.510798    0.0642344    -0.178765    0.0325964     -0.37525     0.107969     0.117713    -0.307126    -0.321649   -0.0984171   -0.0774675   -0.0101947     0.108853     0.136436    -0.405681     0.303611    0.0497209     0.181784     0.185086    -0.142738    -0.373126     0.265012    -0.330898    0.0164143   -0.0724896    0.0114257   -0.0255386     0.424458    -0.356083   -0.0559893   -0.0119802     0.539445    -0.702944       0.4281    -0.329769    -0.193085     0.345064     0.316179    -0.158003     0.234449   -0.0284547   -0.0302552     0.858985    -0.521974    -0.373003     -0.39163    0.0819867      0.71343
   -0.140603    -0.136057     0.301804     0.168403    -0.153089     0.863927     -0.67693     0.173832     0.271717     0.103471    -0.122476      0.38899     -0.59375     0.161046     0.399001     0.567544    -0.356224    0.0713747     -0.10358    -0.493152    -0.132859    -0.269813     0.155149     0.120294     -0.36347    -0.315465     0.140369    -0.225325    -0.126522     0.591219    -0.225969   -0.0916307    0.0181217    0.0322074    0.0232937     0.663881    -0.194563     0.185021    -0.265759    0.0437305    -0.229475     0.710065  0.000113281     0.211409     0.169897     0.401588    0.0500905     0.302202
   -0.134943     0.480539     0.710722     0.537308      0.35062   -0.0327065   -0.0100633       0.2271     0.157778   -0.0473258   -0.0190476    -0.132113   -0.0638377    0.0787036   0.00897267     0.223243    0.0378582    -0.153381   -0.0669848     -0.13069     0.319233     0.282138     0.144476    -0.297461    -0.283875    0.0983679     0.444299     0.163798   -0.0250941    -0.182044    -0.172423    -0.195913     0.111771   -0.0518429    -0.119508    -0.362708   -0.0880867     0.323265     0.294227     0.285116     0.160756    -0.275272     0.047204  -0.00644629   -0.0639967   -0.0286085    -0.279943   -0.0939328
   -0.474852    0.0880028     0.352541     0.293905     0.109703     0.137262    -0.259064     0.372046     0.220603     0.148206    0.0145634     0.534723    -0.483095   -0.0454625     0.172601   -0.0772309     0.119689     0.302452   -0.0887021    -0.569805     0.111631    -0.308575   -0.0596221     0.362987    0.0209996    -0.114293     0.256299    -0.421486     0.401843      0.33023     0.103434    -0.121212   -0.0722505    -0.312414     0.376956     0.290828    -0.172583     0.234294     0.237184     0.202049     0.218293     0.197669    -0.796108     0.377773   -0.0410725     0.288042   -0.0730518    -0.763901
    0.732492     0.145708    -0.235184   -0.0714117    -0.212606     0.711092    -0.126086    -0.193135     0.055382     -0.40891     -0.14808    0.0453491   -0.0651307     0.278107    -0.266459   -0.0581631    0.0787508   -0.0763291     0.310313    -0.206158    -0.166476   -0.0660321   -0.0881671   -0.0891841     0.146382   0.00621421     0.303314     -0.16338    -0.131392     0.134439      0.24089     0.116002    -0.234803     -0.41991    -0.208599     0.156696     0.201989     0.220599    -0.107281    -0.335684    -0.246239     0.245207     0.249131     0.346466    -0.453645    -0.197246    -0.141052     0.132283
   -0.403528    -0.135536     0.101761    0.0811305    0.0913165    -0.192514   -0.0533467     0.123815    0.0756292     0.298332    0.0228833     0.151565    -0.113245    -0.142527     0.229585     0.107444    0.0899599    0.0847831     -0.25421    0.0738809    -0.276815   -0.0676898    -0.304851    0.0946351    -0.124603   -0.0481581    -0.263594   -0.0535342    -0.170896    0.0746392    -0.209465     0.254323     0.248855     0.406472     0.115463    0.0323793    -0.231024   -0.0270073     0.112095     0.156012    -0.110171    0.0271233    -0.383885     0.335333     0.850583     0.532754     0.409384    0.0859806
    0.353605    0.0401245    -0.341325     -0.23357    -0.107807    0.0851312     0.159019    0.0213177  -0.00796402    -0.181614   -0.0542946    -0.144993     0.447982     0.142948   -0.0725798   0.00458486    -0.324935      0.23273     0.540327    0.0453488     0.112066    -0.498836     0.279938     0.191071      0.43531     0.034768    -0.113442  -0.00979954    0.0726616     0.174624     0.554154    -0.500411    0.0517741     -0.33906   0.00179308    0.0323691     0.139484    0.0364525     -0.10976    -0.173644    0.0232413  -0.00454246     0.436382   0.00738666    -0.405473    -0.328801    -0.188232     0.218892
    -0.59708   -0.0256509     0.238736     0.265957     0.149919     -0.11867    -0.276314    -0.102075   -0.0725228     0.239551     -0.32667     0.708218    -0.125191    -0.146084    -0.136513    -0.239857   -0.0333747     0.655371    -0.275217     0.463493     0.323197     0.260603      0.26108       0.4931    -0.075824   -0.0277738   -0.0939872     0.319502     0.283384     0.115599    -0.275202     0.295037    -0.364731     0.667139     0.188983    0.0995663    -0.243265     0.239304     -0.46904    0.0276354     0.262913     0.154767     0.182727    -0.351085   -0.0915988    -0.137501    0.0741287    0.0668916
     -0.3806     -0.13392   -0.0606764   -0.0860747     0.187224    -0.575067     0.143087     0.259926     0.173583     0.554565     0.123547    -0.299197   -0.0320918    -0.190004     0.371186     0.115523    0.0285676    -0.130151   -0.0920485   -0.0271722   -0.0182135   -0.0108399     -0.48816    0.0568584     0.136011     0.212596    -0.440998    0.0279078   -0.0189937    0.0104011    0.0825768    0.0171852     0.126497     0.216084    0.0593946     0.238547    -0.159443      -0.4452     0.247837     0.304328   -0.0982427    0.0932033    -0.772694     0.206429     0.565639      0.25186      0.67982     -0.61106
   -0.541324    -0.315824    -0.222502   -0.0122923    -0.652724     -0.29269    -0.335554    -0.332164    -0.288786    -0.261578    -0.352388    -0.289476    -0.231146    -0.285349     0.196642   0.00135404    0.0203977   -0.0494044    -0.438195    0.0970055    -0.355414   -0.0649289    -0.379905    0.0376618    0.0889632     0.120483    -0.110352   -0.0465463    -0.303183    0.0634304   -0.0217871    -0.188829   -0.0402657    -0.154768   -0.0487051    -0.211832     0.207276     0.016458    0.0331258      -0.3328    0.0256845    0.0957654
  -0.0338585    -0.608441     0.515519    -0.139221   -0.0661197    -0.722704     0.136448     -1.18099    -0.873038     0.384266    -0.326632     0.896581    -0.460708     0.336249    -0.823559    0.0775356    -0.381959     0.216511     -1.06144     0.145321     0.348485    -0.101059    -0.126205   -0.0943689     0.429386     0.121708    -0.118613     -1.36855   0.00708023    -0.203416     0.331467     0.126981   -0.0495996     -1.31135      0.22712     0.227092     0.276989    -0.668319     0.103211    -0.634362    -0.597196    0.0664593
    0.250994     -1.08218    -0.664774    -0.772842     -1.24078    -0.940512     0.508221    -0.572468   -0.0235552    -0.510669     0.031476     0.576291    -0.148657     0.548269    0.0186625    -0.198877    -0.379409    -0.878181     0.477887     0.210208     0.194217     0.249169     0.178415   -0.0528673    -0.898959    0.0852839     0.197539    -0.165921     0.134709      -1.2109   -0.0233395     0.255931     0.276098     0.213485    -0.709944     0.199374   -0.0348012    -0.413444    -0.307115    -0.926048    -0.364482    -0.196225
    0.561062     0.316748      -0.1385    -0.630374    -0.276922    -0.448346   -0.0790638   0.00727167     0.172145    -0.590053    -0.210646     0.120463   -0.0674629     0.122527    0.0832056    -0.794112    -0.378808    -0.698307     0.199728     0.228817     0.143783    -0.415031     -0.45575   -0.0971061    -0.819006    -0.280526    -0.648212     0.294708     0.303456     -0.69107    -0.283424    -0.558095    -0.628177   -0.0782962     0.646069      0.23705     0.255451     0.178253    -0.338372  -0.00182124    -0.455411     -0.28055
    0.331438    -0.106016     -0.37331    -0.686628     0.272036     0.240066     0.420106    -0.157985     0.203426    0.0496717     0.175126     -0.36064   -0.0473138     0.726296     0.368846     -1.10089     0.222139     -0.60502   -0.0477921     -0.22511    -0.032607    -0.816812     0.553555    -0.836867    -0.438885    -0.676932    -0.231733    -0.385979   -0.0919111      0.19777    -0.427309    -0.928081   -0.0135637    -0.801485     -0.39305    -0.639537    -0.124486     -0.80366     0.244597    -0.428847     0.256707     0.504683
   -0.449691   -0.0227098    -0.341876  -0.00457068    -0.300783    -0.368783    -0.477986    0.0934454    -0.159048    -0.257946    -0.190998    -0.389556   -0.0839205    -0.449726   -0.0122891   -0.0550914    -0.245111     0.120966    -0.596999    0.0140942    0.0472319   -0.0200764    -0.375444    -0.200928   -0.0702866  -0.00195901     0.129217    -0.023805     0.130714 -0.000385871      0.15767    -0.125995    -0.442879    -0.304585    0.0970339   -0.0659761    -0.215487    0.0372646     -0.19359    -0.158059    -0.180913   -0.0822658
    0.303389   -0.0201124    -0.293888    0.0475907     0.427767    -0.101874     0.258536    -0.455281    -0.508657    0.0636682  -0.00582574    -0.488522    -0.382611    -0.587485    -0.554938    -0.817889    0.0592443    0.0101457    -0.844668    -0.444199    -0.686727    -0.279181    0.0145982    0.0432368     0.421142    -0.443458     0.314056   -0.0826162     -0.24068     0.244859    0.0729944    -0.630825    -0.241499    -0.530358     0.360184    -0.179179     0.297459     0.182271    -0.125911   -0.0853544    -0.304996      0.18739
    0.138693    -0.912673   -0.0386587     0.388748    -0.704392    -0.803018    -0.670023      -0.7176     0.234526    -0.903692     -1.08188    -0.574833     -1.05008     0.560655     0.242519   -0.0574709    -0.328405     0.192028    -0.247673     0.277001     0.485476     0.129525    0.0803832   -0.0370411     -0.56833   -0.0149283     0.030071    0.0563113     0.242812    -0.815737     0.254771    -0.804842     -1.13548    -0.109153     0.157535     0.179936     0.252103     0.593775    -0.427567    -0.678791    -0.112577    -0.686559
  -0.0740855    0.0248057   -0.0735145    -0.343273    -0.639999   -0.0988455    -0.167751     0.133056     0.215178    -0.343287    -0.259523      -0.1408    0.0636783     0.225185      0.21719    0.0478744    -0.354647    -0.441858    -0.117562     0.183211     0.239039    -0.129334     -0.60378    -0.754095    -0.966304   0.00829172    -0.910282     -0.27397     0.152456    -0.930063   -0.0460247      0.23901    0.0338363    -0.323221    -0.492848     0.158397     0.194255    -0.362721    -0.400973   -0.0106547     0.242089    -0.205623
   -0.659332   -0.0347936     0.293209     0.209752     -0.52788    -0.220665    -0.352397     0.323471    0.0418831    -0.930201    -0.686045    -0.313267    -0.308355     0.197104     0.243301     0.168983    -0.238331     0.364775    -0.697608     0.334671     0.134628    0.0475695    -0.566888    -0.464111    -0.546081    0.0353949    -0.794538    -0.703561    -0.109434    -0.630447     0.286827   -0.0127605    -0.421298    -0.649705    -0.232094    0.0486376     0.208596    -0.678287     0.135662    -0.276831     0.286856   -0.0330695
   -0.440675   -0.0709775    0.0665997    -0.142196    -0.372309    0.0648871     0.196979   0.00206941     0.136602    0.0673564    -0.120653    -0.360168   -0.0150814    -0.265288     0.205646    -0.166135   -0.0333506    -0.498249    0.0181358    0.0094119    -0.208375     -0.31976    -0.406315    -0.432637    -0.342824    0.0281212    -0.621393   -0.0820105    -0.591136   0.00518035    -0.460956    -0.293045    0.0671288     0.127161     0.157193    -0.298731    -0.110982    -0.107651   -0.0687841     0.019154     0.127048    -0.278153
   -0.436412    0.0406225    -0.183588   -0.0420371    -0.327022   -0.0863478    -0.294669    0.0339718    -0.205817    -0.017936    -0.139962    -0.352724   -0.0523951    -0.464201   -0.0936302   -0.0343203    -0.089105     0.028018    -0.479697   -0.0434928    -0.153211   -0.0222583       -0.451    -0.360789     -0.26626   -0.0909985    -0.337303    -0.118554    -0.369839   -0.0876804   -0.0391943    0.0098609   -0.0900495    -0.270994   -0.0463991    -0.105898     -0.02167    -0.142484    -0.126906    0.0190002     0.093715   -0.0911567
   -0.778691    -0.340071     -0.75132    0.0697225    -0.493029    -0.398327     0.104965    -0.778243     -0.99074    -0.115044   0.00245491   -0.0181018     0.107792    -0.680358    -0.801222     0.206527     -0.20521    -0.327756    -0.577719     0.404819    -0.762233     0.542212   -0.0868512    0.0364013     0.245207    -0.716546     0.622618      0.28158    -0.756855     0.239238     0.326197    -0.582334     0.229547    -0.495162    -0.724045     0.105869    -0.012713    -0.366038     0.189736   -0.0913643     -0.67761     0.390995
   -0.618409    0.0975397   0.00321995    0.0396636    -0.397456    0.0104942    -0.455876    -0.126864    -0.506217   -0.0794179    -0.391796    -0.310127    -0.119435    -0.494696     -0.14359    0.0671897    -0.088745    -0.105198    -0.474944      0.14872    -0.657025   -0.0185614    -0.423073   -0.0837301     0.124446    -0.133518     -0.31845    0.0656114    -0.595995     0.071428    -0.390638    -0.233584    -0.176526   -0.0305422     0.106052    -0.389623    0.0942773    0.0773808    -0.118295     0.120132   -0.0523236    -0.026899
   -0.411431    -0.148214    -0.293324    0.0538786   -0.0421478    -0.224556    -0.228206   -0.0983106    -0.263615    0.0152009     0.033173    -0.261663   0.00902011     -0.40784     -0.46891    0.0960934    -0.224147    0.0637945    -0.106389    -0.166587  -0.00255671    0.0543229    -0.142817    -0.122491   -0.0968704    -0.275061     0.127477    -0.052486    -0.173627   0.00351083     0.064693    -0.192039    -0.297159   -0.0860594    -0.238869    0.0298162    -0.553813   -0.0277983    -0.177451    0.0454704    -0.171693    -0.324848
    -0.32178     -0.40909    -0.672274    0.0951617    -0.272616    -0.237771    -0.471369       0.1497     0.293049    -0.252129    0.0680512    -0.666578    0.0270625    -0.607071   -0.0256616     0.190661    -0.706563    -0.284938    0.0702238     0.160533     0.328942     0.308282    -0.410282    -0.385934    -0.926012    -0.364529     0.127907     0.236395     0.245081    -0.187857     0.176627    -0.052406    -0.523973     0.148138    -0.698919     0.218628    -0.758798     0.232446    -0.798269     0.352125    -0.208496    -0.703005
   -0.555901    0.0592627    -0.674953   -0.0299896    -0.450439    -0.490755    -0.255795    0.0352414    -0.333732    0.0692731   -0.0471149    -0.383279      0.03088    -0.621216    -0.280561      -0.1871    -0.141883   -0.0901968    -0.655995     0.105212   -0.0875407   -0.0610871      -0.6136     -0.10259    -0.197864     -0.19485      0.12462      0.10219      0.10132    0.0864826     0.161626    -0.235375    -0.198893    -0.503921     0.219812   0.00575237     0.127372    0.0106935    -0.205027   -0.0211286    -0.179406    0.0448229
   -0.718847    0.0715982     0.161155    0.0403067    -0.108022    0.0125134    -0.843157     0.307579     0.511929     0.177001    -0.305832     -0.67677   -0.0764179    -0.411488     0.481402     0.233827    -0.326694       0.0178     0.103381    -0.816279     0.217578     -1.00058    -0.697536    -0.528413    -0.936203     0.281812     -1.17486    -0.174571     0.219391     -0.14998    -0.652053     0.274545    -0.344542      0.17566    -0.147461    -0.811375    -0.567076     0.159247    -0.830108     0.115058     0.408758    -0.896811
    0.261929    -0.249755     0.298731    -0.143472    -0.536963    -0.671231     0.396408    0.0815554    -0.275544    -0.928769   -0.0153934    0.0538521    -0.165231     -0.12921    -0.167279    -0.359385     0.122486     0.270486    -0.407635     0.120721     -1.06579   -0.0253905     0.912493     -0.38839     0.260068    -0.819239    -0.501662     0.114168     -1.21522    -0.139915     0.322278    -0.873584    -0.503598 -0.000819539     0.190257      0.16923    -0.217882     -1.21197     0.398778      -1.1091     0.271201     0.631768
     0.53908     0.353486    -0.945573     0.108761     0.476114    -0.160178     0.544257     -0.46424   -0.0673306     -1.00921    -0.361378    -0.496782   -0.0227621     0.514674    -0.842884     -1.03714     0.209783    -0.125073     -0.12678   -0.0377922     0.344073     0.198744    -0.425041      0.22421    -0.356471    -0.736951     0.288112    -0.584401   -0.0823389    -0.786497    -0.116223     -1.07937    -0.739783    -0.741605     0.347868     0.025321     0.469026    -0.567306    0.0881887    -0.685451     0.384883    -0.533057
    0.146309     0.119394   0.00449681    -0.820609     0.235584    -0.173228    -0.570834     0.031632     0.144745     0.299784      0.13238    -0.054626   -0.0539506    -0.545706    -0.347289     -0.94062    -0.604198    -0.912024      0.48612    -0.967498    0.0309764     -1.14217    -0.640482    0.0693935    0.0105771   -0.0732971   -0.0840053     0.161487     0.311334     0.144436    -0.731182    0.0595715   -0.0328723     0.262851     0.520872    -0.494332    -0.742536     0.188034    -0.577462     0.153628     -1.02511    -0.699215
   -0.705214    -0.324245   -0.0446462    -0.313779     0.273676   -0.0847326     -0.27482    -0.614505      -1.1188     0.517119     0.115431     0.506394    -0.123405    -0.641221     -1.07098     0.337009     -0.23669    -0.277869     0.256776     -1.05115     -0.70725    -0.284361     0.602654    0.0696565     0.675229    -0.386915     0.404448   -0.0122052    -0.823675     0.289132    -0.414264    0.0476567     0.150003     0.263006    -0.776892    -0.674968     -1.17697   -0.0666372    -0.121451     0.159701    -0.966356   -0.0606934
    0.237459   -0.0990437    -0.628767    -0.299911     0.244977   -0.0271885     0.438663    -0.474339      0.12911     0.172782    0.0271035    -0.226676    0.0415691    -0.681212    -0.422216    -0.593279    0.0151408    -0.432833    0.0324114    -0.434208     0.174846   -0.0604419      -0.0819    -0.148476    -0.398942    -0.909559     0.214526     0.041293     0.117522     0.148353    -0.754612    -0.138879    0.0781881    -0.471374    -0.614379    -0.273933    -0.111168    -0.480152    -0.513586     0.244194    -0.441319     0.161931
    0.478989    -0.147151    -0.983821    -0.454566     0.281038     0.187889     0.329904     0.343274     0.144232     -0.27211     0.076762    -0.705495   -0.0167378    -0.642176    -0.346649    -0.759179    -0.176743    -0.571546     0.323411    -0.775593    -0.503756     0.348584   -0.0292378    -0.243509    -0.327984    -0.792721     0.271587    0.0760874    0.0736655   -0.0669556    -0.662574   -0.0217554     0.074244     0.260539    -0.994854    -0.285579    -0.729995  -0.00794391    -0.788817     0.239009    -0.297731     -0.54967
   -0.732861     0.249366     -0.10489    0.0848184    -0.686003   -0.0681622    -0.334143    -0.156953    -0.815658   -0.0813151    -0.534033    -0.309492   -0.0521987     -0.54577   -0.0730159  -0.00558003     0.037165    -0.151866    -0.849114     0.406835    -0.876385    -0.110475    -0.708585    -0.130966     0.117991   -0.0660453    -0.503667      0.03298    -0.811268    0.0548894    -0.246112    -0.393253    0.0355852    -0.528966     0.171508    -0.447643     0.439443    -0.247683     0.196939    0.0173375     0.208308     0.365841
   -0.130653    -0.338572   -0.0250674     0.191323   -0.0167705     0.107027    -0.189274    -0.310441    -0.109195    -0.463131    -0.407632    -0.492368    -0.406756    -0.459909    0.0200979     0.232312    -0.399495    -0.266934     0.279766     0.149438    -0.702462     0.255484    -0.172512     -0.15044    -0.121152    -0.339138     -0.27177  -0.00205524    -0.364845     0.122651    -0.373084   -0.0245222    -0.143452     0.188017    -0.588775     0.167078   -0.0109229    0.0585791    -0.658319     0.241637     0.101952    -0.457751
   -0.349316  -0.00175459     0.223792    -0.324556    -0.664927   -0.0631328     0.205012    -0.153299    -0.151288    -0.116629    -0.184204     0.167147    0.0231773    -0.153368     0.107895   -0.0379993    -0.122647    -0.687082     0.190602     0.123302    -0.319747    -0.183194    -0.473688     -0.20888    -0.663432  -0.00916829    -0.718754    0.0832884    -0.540095    -0.549629    -0.533339   -0.0715736     0.203307     0.181154    -0.114786    0.0566935      0.18033    -0.239784   -0.0588351    0.0485051     0.111941    -0.168359
   0.0500777    -0.276626     0.227556    0.0183271    -0.033546     0.122452     0.310318    -0.246868    0.0372345    -0.233026    -0.125143    -0.379911    -0.295242    -0.341938   -0.0749722     0.114469    -0.193274    -0.421948     0.324402   -0.0563887    -0.557102      0.11948     0.112836     -0.24909    -0.284317    -0.349997    -0.417976   -0.0458361    -0.669077   -0.0470974    -0.497814    -0.116795   -0.0612981     0.190114    -0.492213    0.0966971    -0.361134     -0.13796    -0.493355    0.0470231     0.227831    -0.495026
   -0.633288    0.0157399    -0.349715    0.0320554    -0.607204    -0.392968    -0.387434     0.128489    -0.279765    -0.452554    -0.312204    -0.401325    0.0485355    -0.409428     0.052709    0.0307426    -0.113578     0.275749    -0.717041    0.0671292   0.00508416    0.0930715    -0.491096    -0.417361     -0.14915    0.0779657    0.0242376   -0.0868407    -0.165673    -0.176785     0.340896    0.0260233    -0.388833    -0.646892    0.0923511    -0.063195   -0.0319595    -0.412359     0.100057    -0.578312     0.196487     0.107297
   -0.732512     0.186854    -0.110924     0.123608   -0.0603338   0.00343168    -0.837395   0.00801731    -0.614545      0.24374     -0.54193    -0.119878    -0.222612    -0.422881     -0.10165    -0.102279    -0.112456   0.00589781     -1.03307    -0.608759    -0.613782      -1.1789    -0.585022     0.137818     0.407986     0.212612    -0.540052   0.00892338    0.0826512     0.217018    -0.576269    0.0142273   -0.0677275    -0.289418     0.169524     -1.06882     0.449568     0.131437    0.0456474  -0.00263599    -0.511895     0.349768
   -0.729138     0.165498     0.234535     0.124466     0.176409   -0.0103058    -0.572233   -0.0410105    -0.612335     0.291425    -0.303157   -0.0764123   -0.0926108    -0.456155    -0.494885    0.0264861     0.112624    0.0304389    -0.165105     -1.04251    -0.640104     -1.04249    -0.447585    0.0668868     0.475187     0.105059    -0.763222    -0.149099    -0.751634     0.116473    -0.737748    0.0603637    -0.116579     0.338021     0.316578    -0.904568    -0.298759     0.103937   -0.0926079   -0.0143585    -0.213472    -0.488389
    0.164131    -0.884951    -0.296809    -0.537503     -0.35226    0.0118054    -0.757165     0.294462     0.129445    -0.838656    0.0188655    -0.451395    -0.925328     0.456093     0.217251    -0.323877    -0.372126     0.179972     0.423962    -0.152247    -0.478599    -0.302593     0.644142    -0.459714     0.265316     -0.12921     0.141799   -0.0448841     0.219002    -0.160788     0.138276    -0.103893    -0.167457     0.563013     -1.00875      -0.3489    -0.928146    -0.493825     0.157107    -0.774031   -0.0983647     0.219127
    0.238353    -0.432094    -0.536103    -0.617003     0.304688    0.0296994   -0.0441282    -0.895459    -0.506642     0.203834   -0.0426938     0.613005   -0.0944153    0.0807835    -0.632456     -0.39757    -0.382542     -0.78587     0.113876    -0.166648     0.302709     0.183887    -0.166905     0.141773     0.254368    0.0556695     0.298734    -0.745262     0.257662   -0.0752227    -0.381624    0.0141003    0.0936241    -0.871631    -0.736455    -0.101105     0.171493    0.0171456    -0.386565     0.171796     -1.00386    -0.276259
    0.618464    -0.271354      0.76743    -0.673636     0.307874     0.194154     0.430715   -0.0674125     0.137063     0.387735    -0.126879       0.3782    -0.286634     0.576434   -0.0896372    -0.233136    -0.167782    -0.214147     0.413521    -0.771042     0.328617    -0.448394     0.426219    -0.778425    -0.734723    -0.143823     -0.93099     -1.34523    -0.820369     -1.21368    -0.346074     0.171999    -0.217514     0.162172    -0.346102   -0.0736276    -0.914041    -0.464273    -0.357422    0.0133401     0.269007     -0.94036
   0.0996828    -0.333632   -0.0239238    -0.707076     0.587119     0.105323     -1.04296   0.00515042    -0.148211    -0.554041     -0.29095     0.322609    -0.452742     0.436551   -0.0938919     0.182854    -0.536628    0.0532911    0.0462971   -0.0675284    -0.421352   -0.0701232     0.149203    -0.306513     0.325522    0.0872595     0.104278     -1.08107      0.27072   -0.0522298     0.302305     0.461199   -0.0673684    -0.512819      -0.9395   -0.0678706    -0.798817    -0.504273   -0.0451674    -0.257128     -1.02023     0.214631
    -0.39536    -0.595881    -0.313909     0.137795    -0.555361    -0.663669    -0.081717    -0.694194    -0.399656    -0.446475    -0.339939     -0.34918    -0.350857     -0.37363    -0.690809    0.0270986 -0.000570254     0.220043    0.0590811    -0.153637     0.201457    0.0357557     0.558659     0.250005     0.541944    -0.011137     0.274962    0.0966305    -0.437668     0.078228     0.120716    -0.656897    -0.782017     0.336507     0.223927   -0.0313527    -0.320031     0.197893     0.053606    -0.729629    -0.214506    -0.592581
