no weights
   0.0817701   -0.0131641    0.0631279    0.0373737     0.117198     0.067595   -0.0334128    0.0949388    0.0266588    0.0874927    0.0749133   0.00476425   -0.0142736    0.0638674    0.0699118    0.0516647    0.0875146    0.0532576   -0.0433967    0.0664147    0.0117384    0.0581997     0.123358   -0.0547475   -0.0192841    0.0846556      0.10866     0.133854    0.0847898   -0.0315223    0.0268718      0.10024    0.0944539    0.0580781    0.0349981   -0.0162795   0.00910578     0.157774    0.0694623    0.0764386     0.128209   -0.0284056    0.0936485   -0.0572361  0.000340106    0.0466718   -0.0354099    0.0403739
    0.031344    0.0792894    0.0603264    0.0445152     0.105162      0.09245    0.0711083     0.082475    0.0375998    0.0457566    0.0644988    0.0824415    0.0559353    0.0103201    0.0208727    0.0712147  -0.00951739      0.11942    0.0944365    0.0850047    0.0527151     0.010034     0.117614    0.0909756    0.0406425    0.0768232    0.0201161    0.0736738    0.0189705     0.135473     0.104596   -0.0107807     0.028133   0.00787539    0.0354848    0.0820221    0.0559799    0.0448669    0.0345998    0.0791063    0.0811692     0.120003    0.0539259    0.0664066    0.0857552     0.112708     0.124537    0.0840006
   0.0598448    0.0335909    0.0703442    0.0390794    0.0636908   0.00174407   0.00539789    0.0941829    0.0485709     0.102819    0.0271756    0.0245653     0.105975    0.0601432     0.115227     0.104318   -0.0246506       0.1302    0.0285142     0.124234    0.0157021    0.0212445    0.0217501    0.0774636    0.0294553    0.0932527     0.137501    0.0692353   -0.0351864    0.0641288    0.0468571    0.0384894     0.100761     0.142709   -0.0135279  -0.00262898   0.00876546     0.113868    0.0626158    0.0669078    0.0876234    0.0820042     0.042835     0.117998    0.0445219    0.0524719   0.00988163    0.0844791
   0.0737118    0.0711037     0.149137    0.0763938      0.12439    0.0889017    0.0462214    0.0738607    0.0741492   0.00397543    0.0188759     0.136076    0.0211446    0.0103656    0.0252827    0.0837552    0.0368122    0.0848882    0.0635669    0.0698113     0.112391    0.0588354    0.0261794    0.0846093    0.0487598    0.0228671    0.0695162    0.0867179    0.0558016   0.00776369    0.0312185    0.0264282   0.00168048    0.0348535   0.00535705    0.0553134    0.0706502     0.041972   0.00705982    0.0692559    0.0356848    0.0888588    0.0548553     0.134194    0.0507472     0.118906     0.102691    0.0286452
      0.1296    0.0265952    0.0143412    0.0100652     0.124507    0.0499864     0.040916    0.0752889    0.0783968    0.0982874    0.0646466    -0.013067    0.0899068    0.0697495    0.0927949    0.0586939    0.0789409    0.0139485    0.0952668     0.122457    0.0275395   -0.0346567    0.0826851    0.0262937      0.06191    0.0951514     0.036363     0.119252    0.0888152    0.0435925    0.0978561    0.0033597     0.143157    0.0299736    0.0861281    0.0271462   -0.0166485    0.0973683    0.0233041  0.000999538    0.0449381   0.00544464    0.0952471     0.022732     0.048762    0.0640548     0.055025      0.10264
   0.0835945    0.0814387    0.0234495     0.046761     0.116836    0.0148088    0.0562723   0.00528685     0.086873    0.0454394    0.0826324    0.0614791     0.152533    0.0107381    0.0928241   0.00391735    0.0857034    0.0849421     0.030115      0.12879     0.007545  -0.00410179    0.0810265    0.0709979    0.0629351    0.0814335    0.0528323     0.125881     0.028196   0.00334233     0.131677    0.0119883     0.123972    0.0820347    0.0947219    0.0905487    0.0482983    0.0466859    0.0858819 -0.000814878    0.0976043    0.0800145     0.124243    0.0170225    0.0432063    0.0295954     0.126451    0.0372606
 -0.00778769    0.0899234     0.134482    0.0608827    0.0371573    0.0387207   0.00259505    0.0513287     0.089871    0.0892583    0.0469524  -0.00163616    0.0157776    0.0138155    0.0775127    0.0204005    0.0324455   0.00104104     0.055424    0.0305082      0.10542    0.0275919    0.0846588    0.0614464  -0.00730567    0.0292884     0.139038    0.0748406     0.116746    0.0127178   0.00188638    0.0963002    0.0625762     0.136973     0.133942    0.0223227    0.0511705     0.101547   0.00599845    0.0673386     0.170375     0.031139     0.103222  -0.00486852    0.0370383    0.0794373     0.101172     0.065618
   0.0676367    0.0913208   0.00566215     0.064867    0.0935351    0.0700722    0.0949156    0.0597056    0.0184086    0.0170786    0.0659186    0.0254875     0.139394     0.101266   -0.0153846    0.0652638    0.0592958    0.0998743    0.0368909     0.124631    0.0544796     0.153665     0.127183    0.0945475    0.0261504    0.0442624    0.0122011    0.0890562    0.0611817    0.0930331    0.0487812    0.0411686    0.0598498    0.0996454    0.0610916    0.0554133    0.0562836   0.00741118    0.0617151    0.0951285   0.00410624      0.13532    0.0711765  -0.00446532    0.0967391    0.0507717    0.0505919    0.0708533
   0.0826017    0.0106678    0.0539308    0.0925526    0.0978828       0.1169    0.0746698    0.0851444    0.0139628      0.10593    0.0558447    0.0202143    0.0192399    0.0557213    0.0575499    0.0535945     0.135299    0.0428752   -0.0144229    0.0969704    0.0803944     0.108863     0.115686     0.041911    0.0157369    0.0853776    0.0678895     0.132452    0.0581144     0.030287    0.0694304     0.128015      0.12519    0.0706843    0.0447605    0.0763166    0.0686623     0.106962    0.0212845    0.0496554     0.136435     0.074811    0.0617782    0.0234018  -0.00599497   -0.0164358   0.00832556    0.0768307
    0.032376    0.0572081    0.0394356  -0.00864846   -0.0387451    0.0185945    0.0715299    0.0935194    0.0713877     0.066282    0.0727656   -0.0198302      0.13724    0.0349004    0.0750667    0.0753459   -0.0158486    0.0271647     0.113378    0.0964189    0.0395283  -0.00708188    0.0763068    0.0567064     0.147347  -0.00204864     0.060491    0.0364719   0.00808072     0.050451     0.128248    0.0624151     0.135537    0.0230122   -0.0138529    0.0778277    0.0975012    0.0842573    0.0585072   -0.0183403    0.0260306    0.0933729     0.123126      0.12309    0.0487477    0.0765801     0.122045     0.144322
   0.0351599     0.058608    0.0272939     0.079358     0.116723    0.0563827     0.065312    0.0102615    0.0467321    0.0985448    0.0945159  -0.00557744    0.0449053    0.0389229     0.107515    0.0843981    0.0921684    0.0560788     0.110212    0.0958885    0.0958136    0.0941204    0.0958094    0.0128005     0.106161    0.0375837     0.118678    0.0746798    0.0595143   0.00749268     0.127703      0.07399    0.0924215     0.136267    0.0807057    0.0357994     0.121689    0.0200643     0.118091    0.0701617    0.0775415    0.0469622     0.127555    0.0357882    0.0936721     0.109898    0.0469774    0.0742666
   0.0515653   0.00557306    0.0920198     0.014781    0.0253404   0.00509066    0.0593789    0.0587136     0.113871    0.0181884    0.0851891   0.00228329    0.0253448  0.000290287    0.0842919    0.0600377    0.0550571    0.0803402    0.0208528    0.0381389    0.0652193    0.0639634   0.00943172    0.0165878    0.0362784   0.00577052     0.138386    0.0357703   -0.0344932    0.0940842    0.0553402    0.0267469     0.152883    0.0961768    0.0380616   -0.0187521  -0.00422286    0.0916465     0.159246     0.106635    0.0829054    0.0476576    0.0353008     0.123617    0.0539618     0.135884    0.0179583    0.0217866
   0.0321962      0.10056    0.0660785     0.103068    0.0511748    0.0142424    0.0430581    0.0719784    0.0161115    0.0539508    0.0345297     0.052489     0.117201    0.0754879    0.0564717    0.0944305    0.0273393  3.70857e-05    0.0616936    0.0809461    0.0937911     0.088967    0.0524092    0.0550092     0.106952  -0.00411455    0.0332889   0.00643654     0.083326    0.0673557    0.0695495     0.032257      0.11466    0.0537953     0.070036    0.0738019     0.111485    0.0636895    0.0351296    0.0407366     0.102775    0.0839967    0.0856679    0.0184981     0.109521    0.0903256     0.105604    0.0751268
  0.00113054    0.0316473    0.0850218    0.0500301    0.0191393     0.106182    0.0301406    0.0413367    0.0814018    0.0286085     0.124412    0.0527079    0.0152359    -0.017025     0.087823    0.0194431     0.182808    0.0163783   -0.0850283     0.149412   0.00294476      0.10698    0.0312078    0.0702286  -0.00683465    0.0801637     0.135616    0.0525167  -0.00894262   -0.0198335  -0.00170654     0.135011     0.111113     0.103942    0.0726135    0.0172663   -0.0600807     0.148259    0.0859903    0.0996436     0.129391   0.00621998    -0.027497   -0.0315339     0.075123    0.0276046   -0.0467236    0.0665417
   0.0884391     0.111127    0.0368776     0.100638    0.0511494    0.0305303    0.0686747    0.0637529    0.0111867    0.0802468    0.0551606    0.0659366    0.0950667    0.0438764    0.0306057    0.0800426      0.11674    0.0766374    0.0704377     0.123759     0.081609     0.123115    0.0492484     0.100374  -0.00424764    0.0393113     0.106063    0.0476483    0.0807773    0.0184169    0.0396104    0.0960054     0.110093     0.129572    0.0197548     0.126003    0.0206628    0.0728965    0.0583492     0.104203    0.0427698     0.103534    0.0102201    0.0380382    0.0642828   -0.0210447    0.0683604    0.0203459
    0.107489     0.131071     0.120306     0.102554    0.0104335   -0.0237993     0.118303    0.0196844    0.0648778    0.0547819    0.0266586     0.088343    0.0617014  -0.00460703    0.0114658    0.0411268   -0.0205147    0.0674294    0.0964647      0.10269    0.0965656    0.0780205    0.0426414    0.0626815    0.0361042    0.0877854    0.0768272    0.0618837    0.0386966    0.0535028    0.0913861    0.0114274     0.106599  0.000537789   -0.0358026    0.0256356    0.0280804    0.0664807     0.109236    0.0521953   -0.0269672    0.0570523     0.070987    0.0851354     0.140465    0.0875273    0.0666754    0.0726822
    0.021037   0.00776998    0.0578089     0.128065    0.0723035    0.0585527    0.0199896    0.0271067    0.0413079     0.135251    0.0795352    0.0927982    0.0234993    0.0803739    0.0383398    0.0268733    0.0901489    0.0426658    0.0950524    0.0934413    0.0824051    0.0716613    0.0529056    0.0641839    0.0704166     0.039772    0.0798498     0.107489    0.0430781    0.0620147    0.0411131    0.0573423     0.064745    0.0640042    0.0391316    0.0926841    0.0397888    0.0681415    0.0627031    0.0772381     0.130013    0.0536302    0.0310912    0.0978564     0.104752    0.0842854     0.117713    0.0906497
   0.0541147    0.0838601    0.0986303    0.0260512     0.119544    0.0852135    0.0721114    0.0986294    0.0807028      0.11124    0.0123858    0.0443219     0.104766     0.048354    0.0287522    0.0667696    0.0432773    0.0212317   -0.0142597     0.086724     0.121326    0.0840765    0.0581596    0.0624641   0.00334289    0.0575388    0.0721484    0.0873793    0.0351533    0.0529206   -0.0223477    0.0824045    0.0514663    0.0350277   -0.0134715    0.0830552   -0.0140697    0.0797867    0.0711111    0.0646416    0.0118345    0.0523924    0.0446818     0.085276     0.164223     0.143169    0.0407239     0.035965
    0.121528    0.0403812    0.0511779    0.0384429  -0.00869351   0.00484973    0.0879127   -0.0262157   -0.0371056   0.00484897     0.141542    0.0424859     0.112176    0.0154449    0.0106198    0.0990462     0.102685   0.00299531    0.0204807    0.0506312    -0.045677    0.0520616    0.0560136    0.0254985  -0.00119269     0.100565     0.104016    0.0685241    0.0711637    0.0141761    0.0329838     0.065192    0.0407186     0.132993   0.00807934    0.0109527  -0.00350716    0.0936967    0.0491157    0.0734758    0.0946525   -0.0379588     0.145973   -0.0462806    0.0403513  -0.00877776    0.0204699     0.128781
   0.0240412     0.161556     0.173394     0.116011     0.103915    0.0267676    0.0220753    0.0588683    0.0879384    0.0555409    0.0274378    0.0310244     0.011433    0.0429798    0.0606271    0.0845267    0.0460153    0.0860687   0.00896897    0.0376798    0.0885794     0.134235    0.0576589     0.101612    0.0301534    0.0985794    0.0886955    0.0415499    0.0214525    0.0837566   -0.0127986     0.101191    0.0653648   0.00634969    0.0836881  -0.00552063   -0.0201763    0.0328401     0.103364      0.10548    0.0833284    0.0147068   -0.0156325     0.109483      0.11287    0.0216107    0.0159181   -0.0400996
   0.0936191    0.0830541    0.0907473    0.0524706    0.0286925     0.122869   -0.0195819    0.0876943     0.103519    0.0196568    0.0693952      0.04463    0.0634727    0.0247661    0.0381458    0.0613931     0.118066    0.0747304    0.0185557    0.0423888     0.118449     0.102833     0.111235    -0.030344  -0.00824777    -0.017183     0.100003  -0.00857311  0.000981601 -0.000875066  -0.00371798    0.0811457    0.0589908    0.0324163     0.109091   -0.0182119    0.0178456     0.136688    0.0931136  -0.00429653       0.1186    0.0305574    0.0109165    0.0419869   -0.0125364    0.0630968  -0.00168583    0.0754582
   0.0623723     0.121683     0.151005     0.110293     0.155904   0.00728156    0.0412488    0.0449594    0.0331371  -0.00352816     0.069456    0.0219142    0.0215717    0.0201492    0.0214601    0.0194187    0.0772491  -0.00312597  0.000601256   0.00673577     0.100744     0.121258    0.0544465   0.00348301    0.0347366    0.0364981     0.145881    0.0992051    0.0276678   0.00715789   -0.0174777   0.00967681    0.0543049    0.0673375     0.099903   -0.0146584     0.113663    0.0973152     0.107928    0.0454849    0.0605182     0.018781    0.0601392    0.0949761    0.0409859     0.109613    0.0678346    0.0178369
    0.114067    0.0214531    0.0154297    0.0302924    0.0494019      0.01791  0.000879645    0.0380696  -0.00199716     0.122964    0.0816304     0.030532    0.0166763   -0.0139763    0.0251818    0.0716149    0.0678468    0.0155706    -0.041933    0.0722954   -0.0254832    0.0484662   0.00402704   -0.0555714   -0.0119634    0.0579908    0.0692608     0.126834    0.0343304   -0.0294734   0.00817835     0.129924    0.0660542     0.141335   -0.0039999   -0.0162035   -0.0122832    0.0323461    0.0742686    0.0946634    0.0666521   0.00694451    0.0893579    0.0577861    0.0280507    0.0873704     0.070433    0.0101592
    0.101457    0.0120427    0.0653667     0.124616    0.0775947     0.114347    0.0646722    0.0851717    0.0743358    0.0162458    0.0442056     0.120883    0.0536061     0.102983    0.0916834     0.111487     0.109126 -0.000428934     0.103386   0.00944296    0.0329801    0.0673596    0.0385549    0.0745916    0.0842468    0.0705975     0.104101    0.0244211    0.0199705    0.0697368    0.0370346    0.0840303    0.0582118     0.026316    0.0490926  -0.00260421    0.0867742     0.112396     0.109539    0.0658688    0.0724054    0.0258081     0.034494    0.0823876     0.143022     0.127832    0.0845312    0.0836884
   0.0851294  -0.00755467    0.0193284   0.00472929    0.0440212    0.0021293    0.0564817    0.0308191    0.0410674   0.00610931    0.0272715     0.033316    0.0532913    0.0932619    0.0722963    0.0737666    0.0439787   -0.0056732    0.0631465    0.0007826   0.00168528    0.0562142   -0.0463452    0.0816479   -0.0026461     0.115206     0.103587     0.059818    0.0543335    0.0905376    0.0619572    0.0219383    0.0704996    0.0489359    0.0767958    0.0207704    0.0504847   -0.0500005    0.0751967    0.0447819    -0.063737    0.0322026    0.0683952     0.130099     0.186276     0.137672    0.0552239    0.0212969
   0.0332847     0.051045    0.0692251    0.0500584    0.0256864     0.102544    0.0733371    0.0150957     0.042173  -0.00858477    0.0241512    0.0638782    0.0795052    0.0817285    0.0280607    0.0465425    0.0687161    0.0553511  -0.00204485     0.100088    0.0627605    0.0821647    0.0344768    0.0643117    0.0668357    0.0928943     0.103696    0.0201335   -0.0228721     0.107206  -0.00472263    0.0956689     0.139984    0.0328674  -0.00114643    0.0697114     0.093857    0.0598813     0.157219    0.0683478    0.0616133    0.0726369    0.0488912     0.079881    0.0734998     0.104901    0.0507733    0.0360991
   0.0994447    0.0234439    0.0870803     0.111971     0.135846    0.0486999    0.0667769    0.0705435    0.0711996   0.00255789     0.110465   0.00782633    0.0529878    0.0434496    0.0794987    0.0579187     0.108427   -0.0413378    0.0871884    0.0773865    0.0116357    0.0658853    0.0282658   -0.0350227    0.0049534    0.0949354    0.0825223    0.0494723     0.111706    0.0086366   0.00937151     0.110896    0.0457183  -0.00434319    0.0383557   -0.0277027     0.110274    0.0251974    0.0992859 -0.000617898    0.0931523    0.0723323     0.045468      0.13405     0.134106    0.0836856    0.0466608    0.0588877
    0.130258    0.0968295    0.0906455      0.14186     0.101228    0.0562568    0.0998636    0.0231694  -0.00167627    0.0421728    0.0215678    0.0777878    0.0375718    0.0347237    0.0640734     0.100194    0.0293568   0.00429176     0.142965  -0.00760257      0.01108      0.11854    0.0858838    0.0601189     0.136641    0.0604744   0.00736874    0.0588432    0.0214667    0.0426802     0.126447    0.0326618    -0.041727    0.0274337      0.02574    0.0984532     0.133181    0.0439094     0.044621     0.103509   -0.0101765     0.083845    0.0475183    0.0754498    0.0518807    0.0923856     0.154464     0.062248
    0.165533    0.0256718    0.0486965    0.0098282    0.0937634     0.110445     0.130007    0.0920128     0.077996    0.0139288    0.0873895    0.0561173    0.0130711    0.0719605    0.0589698    0.0356888      0.14037   -0.0232628    0.0659806    0.0886629      0.10199    0.0984087     0.100609    0.0502301      0.05447      0.10101     0.106079    0.0512861    0.0335093    0.0587995    0.0258032     0.104254    0.0466281    0.0578062     0.100493    0.0609471    0.0508752    0.0912868      0.16745    0.0833223    0.0642804    0.0211228   0.00250055    0.0886525    0.0536962    0.0298176    -0.023402   0.00792008
    0.105988    0.0719019    0.0300407    0.0573693     0.096682    0.0573123     0.142136    0.0636505    0.0518933    0.0864265    0.0528038      0.02725     0.102239    0.0710983     0.086204    0.0639889    0.0147211    0.0395029      0.11842    0.0211488    0.0199741   -0.0207269   -0.0238932     0.100566      0.14192     0.115171    0.0593082    0.0363016     0.112737    0.0414663     0.158051     0.011851    0.0142031    0.0598184   0.00587057    0.0954324    0.0441931   -0.0831667    0.0477889    0.0357427   -0.0358929     0.118504    0.0677036     0.140478     0.138007     0.127107     0.139807    0.0974877
  0.00636668    0.0304594     0.121054     0.114524     0.116877    0.0491446    0.0385812    0.0198736    0.0818586   0.00735149   0.00375639    0.0156213    0.0367995    0.0160085    0.0391022    0.0832198    0.0724805   0.00497551  -0.00687466     0.103379     0.103024     0.119205    0.0501132  0.000603617    0.0213762     0.105908     0.086129    0.0627692    0.0310826    0.0552809   0.00618029     0.106025     0.133181    0.0339917   -0.0207893    0.0161673    0.0146672    0.0880725    0.0863266      0.10637   -0.0217474    0.0514781   -0.0153101    0.0789707     0.140297     0.119687 -0.000268324   0.00952629
    0.083204    0.0734647    0.0199941   0.00925704    0.0262198    -0.030199    0.0858459     0.100975    0.0535952    0.0378902     0.109027    0.0519168     0.131814    0.0901178    0.0290761    0.0427323    0.0277785    0.0646851    0.0227721     0.115606     0.100143     0.102361    0.0406275    0.0444395    0.0542707        0.112     0.113814     0.103544  -0.00269112     0.076505    0.0578213    0.0231061     0.123065  -0.00979865   -0.0283561    0.0497199      0.10051     0.090772     0.095901    0.0428995    0.0134691    0.0734723    0.0508462    0.0259458    0.0810558    0.0305106    0.0702289    0.0682437
   0.0177328    0.0873219    0.0173466  -0.00175902    0.0966323   -0.0328617     0.117411    0.0904692     0.115609    0.0207144    0.0563605    0.0129753     0.125687    0.0601362    0.0624818     0.083321    0.0677833    0.0781014     0.107696     0.035323    0.0735815    0.0551309    0.0153803    0.0327579    0.0765291    0.0791434    0.0611091    0.0752126    0.0125276    0.0484878     0.110173    0.0851258      0.11997    0.0250211    0.0901436    0.0143497    0.0930998    0.0650828     0.059748    0.0937228     0.085467    0.0808756    0.0206309    0.0476531    0.0820637    0.0831321    0.0996722    0.0871031
   0.0879355    0.0295919   0.00363566    0.0684291     0.021474    0.0623658    0.0468929   0.00924296   0.00286885    0.0170095    0.0346935    0.0389542    0.0734536   0.00348837  -0.00384262     0.121875    0.0732631    0.0726121    0.0998218    0.0717233   -0.0148235    0.0830412  -0.00149347   0.00115224    0.0159976    0.0955863    0.0156099     0.135334   0.00374832    0.0350504    0.0672323     0.106773   -0.0122522      0.04808    0.0526324    0.0307162     0.114828     0.129259    0.0832385    0.0719482    0.0142956    0.0646821     0.103051   -0.0231933    0.0170164    0.0124493    0.0855469     0.143465
   0.0234064     0.053695     0.150532    0.0747376    0.0836169     0.126035    0.0374261    0.0531639     0.107949    0.0343515    0.0227599     0.112687   -0.0381503    0.0160834      0.10707     0.122323  -0.00891602    0.0485007    0.0648276  -0.00863932    0.0414167    0.0285471    0.0645343    0.0170463   -0.0187633   -0.0349224    0.0994829    0.0518508    0.0158088    0.0801374   0.00577149    0.0269794    0.0439435    0.0424793    0.0916395     0.126091    0.0560719    0.0732445    0.0537734    0.0941725   0.00821651     0.120541    0.0673594    0.0590393     0.080233    0.0981773    0.0963569    0.0971006
   0.0174747    0.0911222      0.16696      0.10591     0.129351    0.0727452    0.0678561     0.113078    0.0954909    0.0263044     0.051939    0.0552643   0.00754033    0.0729007    0.0326466     0.108665     0.106605    0.0221022    0.0389075   0.00221021      0.11187    0.0877736    0.0670516  -0.00795206   -0.0304582     0.103818     0.147054    0.0522625    0.0381365   0.00999199    0.0559698    0.0150751    0.0826411    0.0973172    0.0198183    0.0150974   0.00605933    0.0867923     0.122126     0.104386    0.0837214    0.0168382    0.0476905    0.0582586    0.0685054    0.0298314    0.0194475    0.0717044
  -0.0170846    0.0522612     0.153998       0.1411    0.0529386    0.0671382    0.0243392     0.115832    0.0587504    0.0475144    0.0459227     0.118953    -0.029851    0.0995043    0.0346084    0.0235177    0.0792211     0.106426  -0.00362295   -0.0117633     0.104148    0.0748845    0.0639161    0.0615782     0.038001    0.0465204     0.103371    0.0277138    0.0962952     0.100013    0.0842346     0.010738  -0.00389586    0.0334584     0.105767    0.0644024   0.00916225    0.0777389     0.120186     0.066053     0.033073    0.0626332   0.00947107     0.142013    0.0899808     0.126931     0.041669   -0.0380514
    0.167771     0.057567    0.0848707    0.0907827    0.0212832     0.157977    0.0614907    0.0171617     0.104945    0.0366307    0.0328093     0.026069    0.0550692     0.104239    0.0319967    0.0288119    0.0850918    0.0693998    0.0899361     0.090681    0.0310232    0.0748679    0.0313279   0.00927915     0.112364     0.048862     0.108341    0.0229481   0.00379074     0.104948     0.102419    0.0257389    0.0141429   0.00993883    0.0833365    0.0718056    0.0656992     0.118433     0.055456    0.0462647   0.00575273    0.0807098    0.0788449     0.147029     0.016518    0.0285948    0.0860713    0.0681393
   0.0264041    0.0386168     0.053313     0.131885     0.104722    0.0276724    0.0758912    0.0737138    0.0655896     0.105733    0.0330829    0.0793478   0.00962872    0.0617537     0.106313     0.105596    0.0725311    0.0709401    0.0232752      0.07828     0.035884    0.0695927    0.0322571   0.00754559    0.0693977    0.0296667    0.0066074    0.0747791  -0.00209607    0.0601931    0.0339092    0.0845299     0.127997    0.0908071   0.00845996    0.0189781    0.0155863     0.095168     0.121999     0.101522     0.036345    0.0452657   -0.0136424    0.0887282     0.194212    0.0954283    0.0661556    0.0841715
    0.101044    0.0709449    0.0281323    0.0395322    0.0652133    0.0321527    0.0816785    0.0742268    0.0639192    0.0586366    0.0751596    0.0109786     0.143453     0.078309    0.0376476    0.0775121     0.033414    0.0422194     0.170479    0.0892616     0.120606   -0.0124922     0.113119     0.110254     0.134956    0.0555148    0.0755732    0.0887456    0.0885312    0.0821105     0.156464   -0.0192451      0.01152   -0.0118498    0.0271313    0.0337262    0.0930649    0.0550411    0.0201076    0.0118778    0.0153955     0.040637     0.130738    0.0827516   -0.0108587   0.00788415    0.0492023    0.0871816
  -0.0351348    0.0291159     0.143524     0.120944     0.087357    0.0500633    0.0113265  -0.00437706    0.0416314    0.0885307     0.028149     0.122461    0.0211879     0.023211    0.0945263    0.0197821    0.0131103    0.0834652   -0.0137156     0.137465    0.0856057     0.096691    0.0912712    0.0660503    0.0712279    0.0553284    0.0383294     0.128627     0.101424    0.0479494     0.015592    0.0536394    0.0135626     0.111289     0.012741    0.0191138    0.0627624     0.130139  -0.00357459    0.0468602     0.118809    0.0382258    0.0829465    0.0539314    0.0761355    0.0645031    0.0806679    0.0523999
   0.0353519    0.0615596     0.104297    0.0849666     0.116417  -0.00267599    0.0587122    0.0462066    0.0990661     0.104154    0.0622958    0.0362521    0.0907511  -0.00249672    0.0980178     0.107274    0.0854519    0.0307015    0.0260471     0.028184    0.0689769     0.102493   -0.0270504    0.0558198    0.0818439     0.113954   0.00407842     0.108756    0.0196043    0.0234437    0.0455359    0.0129872    0.0794246    0.0917965    0.0165514    0.0999537    0.0109475   -0.0283911     0.112919     0.120601    0.0698759     0.102368   -0.0279757     0.104917     0.130183    0.0638216     0.128115    0.0101996
  -0.150272   -0.104489   -0.142433   -0.115021   -0.163504   -0.116918   -0.132378   -0.162133    -0.11865   -0.144152   -0.148315    -0.14733   -0.147958  -0.0994009  -0.0848326  -0.0845036  -0.0935996  -0.0989253   -0.120159   -0.138583   -0.117645   -0.131106    -0.17125  -0.0831012  -0.0854346   -0.112974   -0.117058   -0.157333   -0.183878  -0.0771978   -0.129915   -0.112486   -0.166002   -0.167017   -0.102394   -0.131508  -0.0716296  -0.0919807   -0.117771   -0.123667   -0.103646   -0.113963
  -0.109359   -0.168758  -0.0415348   -0.084009   -0.113486   -0.190244  -0.0929295   -0.245986   -0.191117  -0.0654998   -0.142244   0.0644796   -0.144929   -0.072547   -0.190164   -0.062703   -0.133203  -0.0387322   -0.231971  -0.0360855  -0.0347146  -0.0913929   -0.131188  -0.0901073  -0.0125362  -0.0548465    -0.11018   -0.261056  -0.0660422     -0.1343 -0.00447755   -0.063096  -0.0968431   -0.249293  -0.0472674  -0.0372765    -0.01053   -0.175255   -0.076198   -0.178614   -0.153058  -0.0852865
 -0.0584765   -0.197949   -0.166396   -0.163157   -0.226521   -0.201078  -0.0418705   -0.138851  -0.0848612   -0.131228   -0.121478   -0.052806   -0.105585   0.0251374  -0.0715451   -0.118672   -0.117481   -0.169059  -0.0188903  -0.0574665  -0.0705828  -0.0424136  -0.0789424  -0.0867443   -0.175573  -0.0756426  -0.0641594   -0.136093  -0.0629275   -0.255615   -0.112441  -0.0685276  -0.0807915  -0.0284191   -0.139372  -0.0663777   -0.107246   -0.146668   -0.123164   -0.212935   -0.102217   -0.126067
 -0.0383447   -0.104244   -0.122796   -0.173624  -0.0932646   -0.127918   -0.120785   -0.155866   -0.102235   -0.168947   -0.145028  -0.0557862   -0.141317  -0.0619536   -0.119856   -0.104956    -0.11522   -0.134311  -0.0784367  -0.0560324   -0.116898   -0.161801  -0.0782818  -0.0943388   -0.154638   -0.121232   -0.169971  -0.0822833  -0.0545679   -0.189703   -0.107659   -0.117158    -0.16605   -0.134832  -0.0371828  -0.0868587  -0.0678783  -0.0668076   -0.118763   -0.107108   -0.172165   -0.128854
 -0.0705561    -0.11068   -0.116497   -0.141663  -0.0488302  -0.0378823  -0.0417919   -0.125388   -0.079312  -0.0852776  -0.0453645   -0.143217   -0.108245 -0.00222851  -0.0407832   -0.195626  -0.0375935   -0.161528  -0.0815287   -0.133422   -0.100687   -0.189014  -0.0099751   -0.176819   -0.123614    -0.14658   -0.135405   -0.151684   -0.138757  -0.0758744   -0.118427   -0.170316  -0.0948041   -0.163185   -0.158835   -0.183942   -0.164658   -0.180634  -0.0821224   -0.171566  -0.0736393  -0.0594532
  -0.120403    -0.10663   -0.138027  -0.0976182   -0.111474   -0.140711   -0.124169   -0.106673   -0.162603   -0.101037   -0.122991   -0.167582   -0.109468    -0.12711  -0.0761979   -0.121339   -0.133033   -0.135589    -0.16961   -0.106736   -0.109606  -0.0741282  -0.0937627   -0.180725  -0.0910722   -0.122101  -0.0678045   -0.109237   -0.151957   -0.103023   -0.136158   -0.153867   -0.146992    -0.10956  -0.0918766   -0.113195   -0.141336  -0.0858915   -0.176713   -0.121564   -0.096602    -0.10407
 -0.0917979   -0.122926   -0.123222  -0.0959754   -0.129453   -0.107038  -0.0805443  -0.0957528   -0.164939   -0.103315   -0.129279   -0.173538   -0.152601   -0.194974   -0.102922   -0.143508   -0.132899    -0.10143   -0.201353   -0.141267   -0.138111   -0.133454    -0.09501    -0.13738   -0.047745   -0.122315  -0.0825659    -0.13978   -0.151007  -0.0394276   -0.088886   -0.112797   -0.111594   -0.136742   -0.101162    -0.15048  -0.0486705  -0.0539874   -0.159316  -0.0757475    -0.12831  -0.0645865
 -0.0348914     -0.1969  -0.0732799  -0.0504161   -0.128244   -0.183768   -0.129812   -0.195719  -0.0647976   -0.218861   -0.207396   -0.120301   -0.182084 -0.00142363   -0.103208   -0.120707  -0.0952282  -0.0786674  -0.0738423  -0.0153308   0.0189682  -0.0363551  -0.0483295   -0.113599   -0.130818   -0.126585  -0.0599022   -0.105831   -0.105509   -0.197285  -0.0446892   -0.173908   -0.204975  -0.0963175  -0.0752723  -0.0268606  -0.0486716  -0.0201315   -0.149393     -0.1958    -0.13638   -0.174317
  -0.139884   -0.113089   -0.110617  -0.0837244   -0.166644   -0.151341  -0.0839547   -0.136448   -0.103899  -0.0774953   -0.161922  -0.0643269  -0.0923264   -0.116472  -0.0783393  -0.0726295   -0.150526   -0.127434    -0.11714    -0.10332  -0.0986098   -0.127181   -0.088962   -0.157762   -0.206449   -0.132169   -0.175056   -0.156982   -0.140658   -0.197614   -0.108728  -0.0878718  -0.0774936  -0.0883204   -0.168165  -0.0649622  -0.0495782   -0.154033    -0.12639   -0.163659  -0.0700495  -0.0622753
  -0.161212   -0.127066  -0.0655763  -0.0640107   -0.176263   -0.133214   -0.122905  -0.0498421    -0.15157   -0.194904   -0.185375   -0.117024   -0.148533   -0.148896  -0.0794707  -0.0817595   -0.151224   -0.117325   -0.159996 0.000980841  -0.0707236   -0.142086   -0.152976  -0.0955406  -0.0850209    -0.08728   -0.136629    -0.16719    -0.11051   -0.115549  -0.0986899  -0.0861313   -0.114812   -0.145897   -0.115538    -0.14735  -0.0334795   -0.167827   -0.101172  -0.0858944  -0.0774503  -0.0839999
  -0.104553   -0.118712   -0.147785   -0.162505  -0.0975929   -0.114461  -0.0494876   -0.109364  -0.0732298   -0.126872   -0.115091   -0.122848  -0.0800622  -0.0909336  -0.0852706   -0.152618   -0.102048   -0.166248   -0.135751   -0.146447  -0.0932942   -0.142402   -0.143611   -0.164652  -0.0694369  -0.0683501   -0.175447    -0.15455   -0.166835   -0.110461   -0.138716   -0.154738  -0.0845432   -0.069071  -0.0475382   -0.153224   -0.167811   -0.114049   -0.103375   -0.105562   -0.149036   -0.117083
  -0.099037  -0.0789086   -0.133387   -0.144458   -0.114153    -0.12731   -0.175444   -0.108211    -0.14055   -0.144664   -0.174046   -0.140871   -0.143937   -0.141396   -0.160054    -0.13398   -0.124765    -0.10203   -0.120535   -0.139291   -0.115545  -0.0849975   -0.174044   -0.157127  -0.0797328   -0.106235   -0.148793    -0.14237    -0.16077   -0.157102   -0.133166  -0.0802275  -0.0849297     -0.1166  -0.0908182  -0.0900729  -0.0709858   -0.103645   -0.125626  -0.0899741   -0.122309  -0.0891858
  -0.194984   -0.126642   -0.129824  -0.0683917  -0.0977798  -0.0983334   -0.127019   -0.159025   -0.184811  -0.0944087   -0.104056   -0.122878  -0.0428483   -0.200599   -0.110225   -0.055569   -0.102135  -0.0709094   -0.143659   -0.075313   -0.169861  -0.0696953  -0.0910136   -0.128322  -0.0903492   -0.156547  -0.0570786  -0.0256425   -0.174572  -0.0460237  -0.0657966   -0.133454  -0.0512156   -0.125434   -0.164776   -0.156454   -0.134753    -0.13517  -0.0568291   -0.114532   -0.157455  -0.0845092
  -0.183347  -0.0542834  -0.0851076   -0.126495    -0.13225   -0.109755   -0.144397   -0.107999   -0.128811    -0.13826   -0.155425  -0.0838821   -0.153988   -0.125831   -0.110146  -0.0955586   -0.107071   -0.142848   -0.162058  -0.0743592   -0.163382   -0.102971   -0.100042   -0.160733  -0.0988887   -0.131086   -0.123206   -0.054681   -0.173724  -0.0972874   -0.127674    -0.14682   -0.130326   -0.132393  -0.0753313   -0.161669     -0.1286  -0.0889621   -0.129667  -0.0704828   -0.108526  -0.0977269
  -0.139366   -0.113772   -0.150544  -0.0819786  -0.0960726   -0.142117   -0.103472   -0.105267   -0.145432   -0.113492   -0.101882    -0.10062  -0.0787378   -0.115035   -0.188482  -0.0910204   -0.152522   -0.108664   -0.125765   -0.123135   -0.124253    -0.11885   -0.160142    -0.14211   -0.110992   -0.158488  -0.0789137    -0.14569  -0.0960361   -0.113805   -0.131251   -0.179775    -0.15322   -0.171233  -0.0876894   -0.090908   -0.179205   -0.131468   -0.085688   -0.100117  -0.0940339   -0.102913
  -0.119346   -0.144356   -0.150711   -0.060581   -0.103804   -0.123968  -0.0993066  -0.0682256   -0.072011  -0.0981604   -0.105736   -0.179996  -0.0672558   -0.130155    -0.13023  -0.0978585   -0.157649    -0.15696    -0.14322  -0.0849052  -0.0685744   -0.081283  -0.0885954   -0.126717   -0.191887   -0.127912   -0.121263  -0.0462702   -0.131436   -0.129244  -0.0601281    -0.11513   -0.159033  -0.0653929   -0.163101   -0.138516   -0.153911  -0.0816408   -0.156373  -0.0202736   -0.121341    -0.17669
  -0.142515   -0.134002    -0.18033   -0.135869   -0.133884   -0.176728   -0.109734  -0.0621529   -0.152639  -0.0697391   -0.155446   -0.118318   -0.141731   -0.188105   -0.124948   -0.108434   -0.107233   -0.133563   -0.100768  -0.0742807   -0.109622   -0.141821   -0.150114   -0.158487   -0.111667   -0.125386   -0.086113  -0.0887469  -0.0838432   -0.116094  -0.0651869   -0.071336   -0.133734   -0.143892  -0.0718542  -0.0830412   -0.111236   -0.125897   -0.148409   -0.145624  -0.0773428   -0.118417
  -0.114735  -0.0940957  -0.0964923   -0.128708   -0.134823    -0.14196   -0.176503  -0.0246739  -0.0517364  -0.0726351   -0.139102   -0.168613  -0.0610212   -0.124128  -0.0576301   -0.103311   -0.137576  -0.0823605  -0.0889601   -0.157243   -0.127191   -0.190824   -0.153862  -0.0969981   -0.130582  -0.0594122   -0.199576   -0.122964   -0.106341   -0.113628   -0.154863  -0.0596643   -0.160064  -0.0694005  -0.0683684   -0.183796   -0.108785  -0.0644459   -0.165819  -0.0829162  -0.0905381   -0.172607
  -0.063121   -0.140682  -0.0584275   -0.112358    -0.16336   -0.187347  -0.0494891   -0.100186  -0.0832303   -0.208539    -0.12419   -0.104209  -0.0905683   -0.121754   -0.117185    -0.13869  -0.0497126  -0.0345799   -0.122199  -0.0720833   -0.190271   -0.106156   0.0360009   -0.109606  -0.0750529   -0.151811   -0.171088  -0.0659299   -0.229309   -0.147318  -0.0453969   -0.185593   -0.169319  -0.0501731  -0.0267455  -0.0584788   -0.106809   -0.216333  -0.0250932   -0.239555  -0.0737109   0.0165341
 0.00962887  -0.0659243   -0.203794   -0.094547  -0.0542229   -0.145092  -0.0235586   -0.161048  -0.0997087   -0.229566   -0.148743    -0.14005   -0.116272    0.012926   -0.185138   -0.187501  -0.0454011   -0.119584  -0.0692857   -0.127722  -0.0331106  -0.0536745   -0.120947  -0.0383167    -0.11916   -0.142804  -0.0255179   -0.178948  -0.0924822   -0.202649   -0.118338   -0.213102   -0.163902   -0.105984  -0.0318745   -0.111735  -0.0145461   -0.144707  -0.0656714   -0.190702 -0.00480575   -0.171876
 -0.0819684  -0.0602006  -0.0795133   -0.123643   -0.112655   -0.149202   -0.142147   -0.125337   -0.118508  -0.0800923    -0.10407   -0.112103   -0.106805   -0.182555   -0.154431   -0.180067   -0.165667   -0.147294  -0.0365284   -0.201107  -0.0751283   -0.155857   -0.158503   -0.101586  -0.0617685    -0.12747  -0.0735306  -0.0491836  -0.0629097  -0.0632378   -0.179288   -0.103143  -0.0988549  -0.0350292  -0.0566546   -0.109944   -0.148843   -0.101058   -0.142617  -0.0357769   -0.153648   -0.172048
  -0.179294   -0.126296  -0.0984782   -0.138241  -0.0690211  -0.0825777   -0.126195   -0.162561   -0.211114   0.0275008  -0.0990788  -0.0663279   -0.106752   -0.219742   -0.198349  -0.0214278  -0.0741892    -0.16286  -0.0316391   -0.226694   -0.142998   -0.159799  -0.0266497  -0.0306716   0.0183086    -0.11817  -0.0618949   -0.063769    -0.16872  0.00781977   -0.165526  -0.0999205  -0.0674466 -0.00642639   -0.150192   -0.177653   -0.203243  -0.0738444   -0.140136  -0.0282987   -0.182767    -0.12395
 -0.0514581   -0.152791   -0.140026   -0.165231  -0.0415258   -0.109028  -0.0451675   -0.136469  -0.0331049   -0.138462   -0.129831  -0.0996287   -0.108552   -0.163667   -0.101291   -0.137422  -0.0714531  -0.0977183  -0.0913868   -0.142913   -0.103048   -0.117164  -0.0779661    -0.15437   -0.159858   -0.205671  -0.0886605   -0.124636   -0.119449   -0.114457   -0.198535  -0.0965632  -0.0913387  -0.0695436   -0.164989   -0.119339    -0.10293   -0.141643   -0.170802  -0.0171317   -0.148741   -0.112699
 -0.0423455   -0.154889   -0.198713   -0.121473  -0.0823742  -0.0454573  -0.0529028  -0.0796888   -0.105288  -0.0688278  -0.0846761   -0.141339  -0.0734443   -0.165009   -0.154802   -0.168126   -0.148862    -0.12366  -0.0755074   -0.153673   -0.108846  -0.0579231   -0.149905   -0.118822   -0.137891   -0.144074  -0.0954243  -0.0793205  -0.0727503   -0.119078   -0.157331  -0.0747038  -0.0678445   -0.136601   -0.177392   -0.129404   -0.125821  -0.0916837   -0.193633  -0.0220927   -0.153819   -0.170112
  -0.211345  -0.0369423   -0.083852  -0.0915539   -0.105918  -0.0880872   -0.159637  -0.0780851   -0.196449  -0.0837631   -0.158247   -0.100475   -0.138193   -0.153079   -0.134856  -0.0901206  -0.0986569   -0.100618   -0.169052  -0.0673081   -0.189571   -0.133714   -0.178707   -0.154529  -0.0544703  -0.0709495   -0.115078  -0.0786124   -0.165842   -0.129075    -0.15142  -0.0889119    -0.10123  -0.0908928   -0.133627   -0.172568  -0.0584631   -0.155422  -0.0955327  -0.0789371  -0.0787292  -0.0754574
 -0.0972089   -0.129662    -0.13646  -0.0613052  -0.0517156   -0.101007   -0.142871   -0.154402   -0.142037   -0.147968   -0.158558   -0.165967   -0.136523   -0.154123   -0.102089  -0.0391593   -0.155991   -0.109069  -0.0332629   -0.122107    -0.18757  -0.0708042  -0.0823611    -0.14905  -0.0904202   -0.175355   -0.159247    -0.10548  -0.0979314  -0.0433451   -0.155679   -0.106499   -0.124533  -0.0796814   -0.164798  -0.0613671    -0.11225   -0.118094   -0.189677  -0.0342071  -0.0539575   -0.167768
  -0.116463   -0.117442  -0.0491828    -0.12861   -0.171473   -0.101792    -0.11376   -0.167127   -0.182275   -0.139655   -0.145846   -0.114369  -0.0975604  -0.0928272   -0.123526  -0.0954253   -0.161054   -0.166237  -0.0819084   -0.104182  -0.0797994   -0.082385   -0.136452   -0.121411   -0.109955   -0.115583   -0.144919  -0.0753496   -0.132678   -0.113147   -0.121965   -0.118128  -0.0774987   -0.122701   -0.158563  -0.0886535   -0.105659   -0.133397   -0.125838  -0.0916761   -0.120296   -0.147983
  -0.149031  -0.0952068  -0.0870821  -0.0971765   -0.107069  -0.0694038  -0.0679288   -0.139687  -0.0878707    -0.11137   -0.134016   -0.160287   -0.166865   -0.135474   -0.150438  -0.0768624   -0.166663   -0.165914  -0.0564488  -0.0828168   -0.162357   -0.114518   -0.148628   -0.142324   -0.100875   -0.130015   -0.123168    -0.10579    -0.15273  -0.0623061   -0.144259  -0.0795873   -0.107858   -0.141373   -0.124612   -0.121668   -0.110129   -0.176838   -0.159774   -0.135014  -0.0774226   -0.127806
  -0.195543   -0.112399   -0.106005  -0.0681972   -0.193494   -0.130595   -0.145183  -0.0979956   -0.162931   -0.153082    -0.15392   -0.154999  -0.0616148  -0.0926923  -0.0855855  -0.0508166   -0.135726  -0.0499888   -0.149118    -0.11672  -0.0950469  -0.0562833   -0.159764   -0.176371  -0.0864335   -0.082635  -0.0700291  -0.0826277   -0.156066   -0.152569  -0.0700801  -0.0545411   -0.147685   -0.163491   -0.125638   -0.146434   -0.128115   -0.104067   -0.105351   -0.153998  -0.0709532   -0.133514
  -0.228168  -0.0456592    -0.10162  -0.0780767  -0.0915655   -0.100634   -0.180028  -0.0704496   -0.122105  -0.0489047   -0.132731  -0.0779883   -0.114408   -0.136715   -0.118648  -0.0880624   -0.131618   -0.120994   -0.193699   -0.136957   -0.133794   -0.220101   -0.156863  -0.0687549  -0.0957394  -0.0561831   -0.189788   -0.079566   -0.145684  -0.0355032   -0.133649   -0.079793  -0.0835407  -0.0624336  -0.0723342   -0.213851  -0.0888469  -0.0932813  -0.0804466   -0.142906   -0.121773  -0.0761071
  -0.160516  -0.0560571   -0.151582   -0.087273   -0.136259    -0.16423    -0.14026   -0.138292    -0.12729  -0.0401375   -0.186825  -0.0885348   -0.110642   -0.113388   -0.120859   -0.127205  -0.0700779   -0.100725  -0.0764503   -0.144354   -0.163541   -0.174722   -0.104342   -0.111834  -0.0407892   -0.108502    -0.16367   -0.147704   -0.144112  -0.0386859   -0.122226  -0.0765978   -0.123654  -0.0528183   -0.108035   -0.192233   -0.105511  -0.0563292  -0.0823391   -0.148116   -0.137013   -0.101103
 -0.0736652   -0.217799   -0.148112   -0.139283   -0.105971  -0.0814402   -0.177796  -0.0573519   -0.106611   -0.154381  -0.0943487  -0.0893125   -0.215931  -0.0126351  -0.0938367   -0.102226   -0.176035  -0.0450335  -0.0154562   -0.125006  -0.0903027   -0.141615   0.0072473   -0.172883  -0.0286568  -0.0714836  -0.0558703   -0.200614  -0.0270485   -0.172096  -0.0614232  -0.0813507  -0.0880776  -0.0301833   -0.230423   -0.153183   -0.204339   -0.152163  -0.0594539   -0.156321   -0.106951  -0.0808174
 -0.0769471   -0.155448  -0.0917984   -0.157131  -0.0812021   -0.151923   -0.119424   -0.168455   -0.129534  -0.0783816   -0.141376  -0.0570329  -0.0907474   -0.118523   -0.139394   -0.151319   -0.173744   -0.197209  -0.0668379  -0.0996473  -0.0604032  -0.0667672  -0.0806142   -0.108051  -0.0735346  -0.0851948  -0.0452684   -0.148588   -0.125867   -0.137771   -0.114677   -0.100737    -0.12225    -0.15377   -0.148973   -0.114621   -0.081715   -0.103066   -0.155068  -0.0848204   -0.201891   -0.124857
  0.0490153   -0.147149    0.048137    -0.19126  -0.0136452  -0.0155038  -0.0155667  -0.0760219  -0.0333174  -0.0410855    -0.10558  -0.0567891   -0.130314  0.00483688  -0.0691931   -0.128335  -0.0970091   -0.121688   0.0287631   -0.176161  -0.0266919   -0.149707  -0.0124932   -0.200663   -0.187879   -0.129255   -0.193768    -0.26327    -0.20102   -0.275095   -0.128716  -0.0533441    -0.11544  -0.0290174   -0.154199   -0.111114   -0.219585   -0.151748   -0.134552  -0.0980197  -0.0279049   -0.195527
 -0.0836423   -0.127273  -0.0856163   -0.198501  -0.0189154   -0.102327   -0.220752  -0.0946129    -0.10558   -0.194151   -0.135751  -0.0761764   -0.146874  0.00401046  -0.0570807  -0.0784998   -0.135277   -0.108313  -0.0659468  -0.0905849   -0.170662   -0.098788  -0.0487399   -0.146343  -0.0479611  -0.0936231  -0.0679472   -0.180764  -0.0359335  -0.0902513  -0.0438042 -0.00196081   -0.123202   -0.111611   -0.220694   -0.117063    -0.19994   -0.156544  -0.0959168   -0.169532    -0.20266  -0.0431091
  -0.088511    -0.13396    -0.16714   -0.132587   -0.180339   -0.157079  -0.0693883    -0.12854  -0.0933395   -0.124023   -0.141087   -0.137155   -0.131118  -0.0963376   -0.128354   -0.159901    -0.16694  -0.0907869  -0.0697685   -0.118136   -0.054058   -0.109377  -0.0414826  -0.0812661  -0.0550449   -0.124619   -0.101913  -0.0731181  -0.0809787   -0.141647  -0.0634464   -0.166043   -0.182504  -0.0623434    -0.10852   -0.113588    -0.15335   -0.127346  -0.0981442   -0.173579   -0.130627   -0.140914
