no weights
   0.0902173    0.0188137     0.081993    0.0538197     0.125937    0.0593437    0.0268188    0.0936218    0.0257608    0.0818284    0.0425932    0.0390945    0.0300992    0.0537166    0.0671842    0.0372069    0.0582802    0.0791835   0.00653062     0.062035    0.0231168    0.0586603    0.0958909   -0.0116734    0.0357586    0.0829685    0.0787061     0.102151    0.0687721    0.0106633    0.0759754    0.0891834    0.0723485    0.0402048    0.0213589    0.0211088    0.0610638     0.120905     0.063606    0.0749315    0.0940182   0.00479265    0.0875205 -0.000431873    0.0513743    0.0926395    0.0155474    0.0422398
   0.0416667    0.0896939    0.0690446    0.0502706     0.120222    0.0793362    0.0832906    0.0897507    0.0408456     0.050766    0.0768715    0.0693336    0.0634439   0.00826332    0.0229046    0.0651573    0.0177089     0.108015    0.0892262    0.0947292    0.0617165     0.034679     0.115069    0.0778089    0.0361315    0.0850814    0.0426901    0.0890875    0.0205535     0.114722    0.0981347    0.0150167    0.0332192    0.0246565    0.0381956    0.0603107    0.0582818    0.0599408     0.057834     0.090845    0.0953367     0.096588    0.0550461    0.0686379    0.0832302     0.101414     0.121578    0.0839777
   0.0730769    0.0497944    0.0830157     0.063826    0.0946861    0.0255425     0.032865    0.0867139    0.0377765     0.101653     0.062224    0.0391745     0.105931    0.0658798     0.108177    0.0933671    0.0125353     0.111646    0.0522301      0.10905    0.0213393    0.0260335    0.0330006    0.0778602     0.056077    0.0964038     0.111684    0.0517687  -0.00450237      0.06681    0.0741312    0.0564355    0.0673667     0.124333    0.0136681   0.00778894    0.0427711     0.112607    0.0580886    0.0635255     0.104251    0.0874784    0.0462785     0.109439    0.0547677    0.0618886    0.0329963    0.0718113
   0.0811564    0.0580919     0.127877    0.0618424     0.125497    0.0764778    0.0559944    0.0716159    0.0648947    0.0125319    0.0500297     0.122324    0.0364884   0.00891221    0.0263892    0.0878914    0.0571986    0.0909424    0.0655387    0.0789938    0.0970058    0.0539714    0.0399814     0.080939    0.0534032    0.0264857    0.0669492     0.100304    0.0610441    0.0106332    0.0408747    0.0322154    0.0208886    0.0555316    0.0154521    0.0640295    0.0761207     0.058224    0.0236809    0.0780445    0.0700841    0.0860719    0.0713709     0.111968     0.044274     0.107963      0.10682    0.0518912
    0.114126    0.0614482     0.048871    0.0483336     0.131182    0.0531885    0.0600985     0.071004    0.0779968     0.100587    0.0555862    0.0114924    0.0813423     0.072286    0.0886078    0.0642414    0.0792687    0.0181234    0.0971601     0.111691    0.0389902  0.000590771     0.072886    0.0403123    0.0666837    0.0819287     0.037589    0.0974533    0.0739476    0.0723326     0.100062    0.0227374     0.111141    0.0279237    0.0781795    0.0503156    0.0100658     0.103169    0.0325471    0.0368269     0.043306    0.0201792    0.0825689    0.0367059    0.0565496    0.0741764    0.0692567     0.105919
    0.084308    0.0974429    0.0585527     0.073616     0.122431    0.0371273    0.0615097     0.013217    0.0923963    0.0486272    0.0879531    0.0776488     0.133962   0.00777124    0.0997367    0.0133117    0.0961634    0.0729073      0.02711     0.109228    0.0187535    0.0225963    0.0760959    0.0716599    0.0573648    0.0713778     0.058707     0.102658    0.0220555    0.0161912     0.125468    0.0198843     0.111277    0.0654582    0.0934302    0.0968771    0.0560562    0.0571964     0.102474    0.0199201    0.0929304    0.0864464     0.108961    0.0304565    0.0559204    0.0483534     0.122746    0.0307682
   0.0308369     0.097247     0.125152    0.0514161     0.046796    0.0464097    0.0469063    0.0464674    0.0847739    0.0758831    0.0503085    0.0218893     0.054918   0.00962543     0.073322    0.0151657    0.0341809    0.0159359    0.0808922    0.0458565     0.104477    0.0437604    0.0698037    0.0870458    0.0136527    0.0491661     0.117785    0.0694202     0.100431     0.045033    0.0233836    0.0927732    0.0548404     0.120798     0.116168    0.0485355    0.0690679    0.0835307    0.0217014    0.0566228      0.13849     0.055944    0.0970312    0.0199245    0.0665171    0.0861416     0.106723    0.0648418
   0.0723013     0.102453    0.0362152    0.0768264     0.100309    0.0710249    0.0917878    0.0783099    0.0317491    0.0173939    0.0755303    0.0372141     0.127238    0.0970204   0.00711224    0.0650372    0.0750597     0.088883    0.0417665    0.0941394    0.0505544     0.133577     0.116547     0.090587    0.0355967     0.037062    0.0354222    0.0662369    0.0740717    0.0862146    0.0608705    0.0482818    0.0696547    0.0908464    0.0681589    0.0522396    0.0606779    0.0286413    0.0845324    0.0988934    0.0219383     0.118811    0.0657656    0.0195081     0.104976    0.0735888    0.0485012    0.0763302
   0.0768317    0.0217733    0.0676047     0.101252      0.10329     0.108043     0.101147    0.0886586    0.0258645    0.0936575    0.0482425    0.0249118    0.0369447    0.0596567    0.0622269     0.045217     0.120165    0.0401568    0.0139425    0.0837674    0.0847102    0.0905728     0.101411    0.0506391    0.0421222    0.0879734    0.0573986     0.115561    0.0583224    0.0452525    0.0942141      0.11381     0.118338    0.0554374      0.04086    0.0922729    0.0945917    0.0951431     0.032679    0.0486784     0.124183    0.0838984    0.0490898    0.0660761    0.0359905     0.023645    0.0332096     0.080077
    0.033563    0.0831328    0.0831238    0.0441189    0.0220041    0.0340969    0.0672093    0.0876909    0.0602615    0.0802937     0.101115    0.0153679     0.122493    0.0289752    0.0679829    0.0889612    0.0224154    0.0204068    0.0906535    0.0982097    0.0290428     0.027453    0.0819474    0.0624513     0.122357    0.0107159    0.0499145    0.0446025    0.0225514    0.0552917     0.107349    0.0780753      0.11999    0.0307763   0.00648441    0.0747406    0.0764631      0.10951    0.0632341   0.00503298    0.0352996    0.0837772    0.0971028     0.107194    0.0645654    0.0705282     0.111768     0.120807
   0.0381218    0.0761795    0.0452766    0.0990549     0.126382     0.068681    0.0703111    0.0097126    0.0449535    0.0923276    0.0849237    0.0268972     0.046704    0.0346624    0.0999386    0.0809801    0.0927543    0.0712173     0.113066    0.0857775    0.0980407     0.101291    0.0925436    0.0293166     0.106685    0.0352474     0.121981    0.0634813    0.0582204    0.0253192     0.128221    0.0707329    0.0795986       0.1239    0.0805281    0.0439541     0.124045    0.0336512     0.117587    0.0776788    0.0761115    0.0542936       0.1226    0.0507316    0.0982692      0.11439    0.0421404    0.0736638
   0.0556714    0.0278643     0.100627    0.0506807    0.0674027    0.0276417    0.0738937    0.0376669    0.0973639    0.0262295    0.0842625    0.0340421     0.038255   0.00824775    0.0711893    0.0534409    0.0671451    0.0890192    0.0501382    0.0505454    0.0651516    0.0774142    0.0315678    0.0326989    0.0678761    0.0129647     0.121214    0.0380521  -0.00475662     0.103054     0.081109    0.0348739     0.124525     0.103047    0.0558632   0.00241917    0.0255321    0.0872459     0.118565    0.0985607    0.0873697    0.0642158    0.0491968     0.111373    0.0459485     0.128921    0.0393588    0.0257879
   0.0445502     0.100673    0.0638983     0.102367    0.0620426    0.0173842    0.0405468    0.0740949    0.0195101    0.0510545    0.0443487    0.0661624     0.118366    0.0741219    0.0601825     0.089459    0.0449704   0.00847071    0.0531951    0.0837291    0.0810966    0.0909252    0.0416679    0.0629496    0.0997858    0.0148667    0.0438595    0.0169996     0.087863    0.0699284    0.0635241    0.0490419     0.114444    0.0654051    0.0688495    0.0780456    0.0972398    0.0744032    0.0459053    0.0377528     0.105445    0.0834695    0.0805923    0.0250705     0.122572    0.0842996     0.098887    0.0765312
   0.0201505    0.0419537    0.0868211    0.0630796    0.0325785     0.108507    0.0810383    0.0454506    0.0851759    0.0336425    0.0999829    0.0542778    0.0629694   0.00414601    0.0944232     0.026507     0.144357    0.0247152  -0.00199062     0.120513    0.0269056    0.0856499    0.0362667    0.0889673      0.07151    0.0754821     0.111625    0.0424194    0.0048572   0.00444874    0.0724959    0.0995533    0.0755311    0.0839562    0.0756272    0.0386632    0.0102429     0.106683    0.0551725    0.0978464     0.108518    0.0321565   0.00816238   0.00768119     0.101564     0.068131     0.012242    0.0850864
    0.101277     0.105278    0.0527573     0.105564    0.0511088    0.0442285    0.0748676    0.0732849    0.0186271    0.0748847    0.0583563    0.0751033    0.0976586    0.0494819    0.0393021    0.0828956     0.115532     0.066995     0.094297    0.0946786    0.0878597     0.101778    0.0509757    0.0989224    0.0151736    0.0295193     0.101551    0.0323171    0.0924204    0.0161949    0.0586767    0.0823434    0.0974812     0.119103    0.0280235     0.119414    0.0384091    0.0755595    0.0576059    0.0993732    0.0477156    0.0991206    0.0258234      0.05899    0.0893971    0.0156142    0.0807114    0.0361736
    0.104142     0.117471     0.114042     0.107322    0.0307064 -0.000631625     0.106561    0.0146487     0.058163    0.0729012    0.0612212    0.0979422    0.0509498   0.00925541    0.0254372     0.048573    0.0130363     0.064357     0.100607     0.100873    0.0880572    0.0701149    0.0766938    0.0592822    0.0497689     0.077127    0.0710371    0.0593477    0.0704476    0.0575379     0.102865    0.0273428     0.110213    0.0177332  0.000388383    0.0453785    0.0324098    0.0808979    0.0953202    0.0524178   0.00787644     0.065631    0.0799002    0.0654971     0.128548    0.0857936    0.0782845      0.08155
   0.0399983    0.0212412    0.0541947     0.126816     0.077182    0.0606068    0.0477762      0.02346    0.0417428     0.116988    0.0826857     0.100255    0.0473365    0.0896753    0.0339709    0.0205649    0.0884989    0.0521501     0.109738     0.103645    0.0934285    0.0804524    0.0555989     0.075341    0.0814997    0.0546198    0.0832024     0.111293    0.0411141    0.0753646    0.0507548    0.0555194    0.0567683    0.0589612    0.0317652    0.0988367    0.0585336    0.0611791    0.0806564    0.0776892     0.127649    0.0579294     0.036065    0.0957104       0.0956    0.0671928    0.0991372    0.0973685
    0.063885    0.0955384    0.0926405    0.0300446     0.121007    0.0884687    0.0964253    0.0864893    0.0681382     0.106818      0.03221    0.0501984     0.122284    0.0494641    0.0269508    0.0597483    0.0527915    0.0324492    0.0108175    0.0852847     0.109053     0.066257    0.0790839     0.072982    0.0363231    0.0502379    0.0674257    0.0686078    0.0520154    0.0655478    0.0118486    0.0855429     0.055823    0.0370711   0.00666182      0.10088    0.0124523    0.0967262    0.0747697    0.0714571     0.048275    0.0526662    0.0599511    0.0769316     0.140825     0.132024    0.0367229    0.0567601
    0.101272    0.0562432    0.0895129    0.0657963    0.0158431    0.0138536    0.0942261  -0.00496393  -0.00975513    0.0115215     0.114659     0.064287     0.110169    0.0162641    0.0279961    0.0940242    0.0795604    0.0110956    0.0436152    0.0442194  -0.00883423    0.0500529    0.0478342    0.0478631    0.0212826     0.092445    0.0920718     0.044827    0.0717754    0.0434812    0.0532547    0.0492095    0.0411344     0.117433    0.0143549    0.0450273    0.0119515    0.0677949    0.0494101    0.0759009    0.0696392  -0.00842536     0.117954  0.000969267    0.0889212    0.0407352    0.0560434    0.0995757
   0.0419851     0.130272      0.13416    0.0897757    0.0910551    0.0318929    0.0453367    0.0522062    0.0790251     0.060291    0.0432886    0.0343124    0.0480581    0.0568182    0.0679488    0.0829682    0.0509703    0.0998616    0.0447523    0.0467258    0.0791962     0.110489    0.0820521     0.104804    0.0721098    0.0986967    0.0732325    0.0489285    0.0405661    0.0910899    0.0238388    0.0983677    0.0646561    0.0218294    0.0975079    0.0150564    0.0123392    0.0338882    0.0832941    0.0894013     0.103167    0.0309087    0.0326389    0.0982788     0.116851    0.0297752    0.0426628   0.00768083
    0.106427    0.0882811    0.0922391    0.0672883    0.0524667     0.108087    0.0175086     0.078253    0.0932829    0.0356978    0.0690915    0.0513205    0.0905994    0.0227528    0.0273368    0.0703856     0.104398    0.0909735    0.0579453    0.0335891     0.104606     0.097411    0.0903734  -0.00254686    0.0338927  0.000748943     0.066634   0.00886701    0.0111838    0.0134626    0.0402634    0.0613225       0.0401    0.0350022     0.101969   0.00335657    0.0502381     0.110134    0.0849653   0.00576503     0.110288    0.0454502    0.0184509    0.0402482    0.0172987    0.0860305    0.0456293    0.0749545
   0.0742427     0.101626     0.122357    0.0868311      0.14321    0.0196366    0.0511517    0.0428143    0.0302744   0.00880265      0.07023    0.0295986    0.0430193    0.0185937    0.0330084    0.0253386    0.0643884    0.0255694    0.0178595    0.0216708    0.0934735     0.107595     0.066221    0.0275482    0.0667021    0.0344873     0.126639    0.0962777    0.0250866    0.0370268    0.0188229    0.0117074    0.0604826    0.0888658     0.103301    0.0251239     0.120657    0.0908744     0.100865    0.0479084    0.0663312     0.040057    0.0763018    0.0982301    0.0530024      0.11424    0.0925653    0.0482468
    0.103798    0.0474206     0.039519    0.0476575    0.0516498    0.0358912    0.0384944    0.0445841   0.00316475     0.101049     0.079001    0.0793505    0.0431027  -0.00190485    0.0331835    0.0589726    0.0568578    0.0480579   0.00120439    0.0580915   0.00796859    0.0334955    0.0256491    -0.014741    0.0257578    0.0448834    0.0579336    0.0908519    0.0436037    0.0244141    0.0433647     0.112858    0.0505654     0.111531     0.011569    0.0265472    0.0312118    0.0278138     0.067051    0.0860982    0.0702666    0.0510101     0.093917    0.0793794    0.0352705     0.101798     0.073047    0.0157558
   0.0933018    0.0223777    0.0585366     0.125653    0.0992483    0.0982197    0.0727565    0.0822442     0.068993    0.0238309    0.0444955     0.119363    0.0760632     0.102367     0.094715     0.102878     0.110798    0.0151611       0.1055    0.0384888    0.0352118     0.069902    0.0507827    0.0766782     0.093678    0.0825135     0.101892    0.0427794    0.0251596    0.0752184    0.0426486    0.0911543    0.0713005    0.0530367    0.0497707    0.0139036    0.0854699     0.113712     0.107314    0.0582746    0.0835832     0.032724    0.0387878    0.0698418     0.130183      0.10734    0.0902666    0.0848148
   0.0800735    0.0189264    0.0357192    0.0304344    0.0626637    0.0145997    0.0619817    0.0270785    0.0252267    0.0167383    0.0446738    0.0452854    0.0627134    0.0901004    0.0702625    0.0700235     0.062605    0.0144775    0.0650134    0.0207332    0.0181639    0.0651666    0.0051142    0.0812351    0.0137115     0.097824     0.108393    0.0556322    0.0729874    0.0966194    0.0822024    0.0266833    0.0651797    0.0577013    0.0944582    0.0305814    0.0571476  -0.00165587    0.0724979    0.0657967  -0.00244541    0.0193212    0.0818435    0.0944417     0.138832      0.10307    0.0477617    0.0187164
    0.040045    0.0592222     0.075175    0.0674648    0.0519701     0.107214    0.0751639    0.0135866    0.0315378   0.00880021     0.033467    0.0647361    0.0877043    0.0856378    0.0335609    0.0505575    0.0795167    0.0525189     0.014139    0.0951192    0.0589527    0.0721702    0.0538201    0.0576768    0.0898625    0.0908243    0.0966844    0.0251194   0.00205183    0.0970354     0.018071    0.0914177     0.127342    0.0394532    0.0124596    0.0673629      0.10488    0.0724383     0.136684    0.0707072    0.0862435    0.0594069    0.0691471    0.0683297    0.0650423     0.102634     0.073577    0.0434891
   0.0949891    0.0242118    0.0880038     0.111737     0.131281    0.0476395    0.0656833    0.0704319    0.0689078    0.0161443     0.089623    0.0325253     0.068643    0.0361411    0.0807436    0.0658822    0.0816087    0.0115569    0.0966609    0.0918279    0.0156482    0.0586296    0.0389151  0.000608584    0.0267978    0.0880131    0.0803064    0.0603025     0.107375    0.0392971    0.0361326     0.104148    0.0562709    0.0252828     0.036228   0.00550031     0.111101    0.0336672    0.0943302    0.0183314     0.108565    0.0845415    0.0681212     0.119054     0.121997    0.0744469    0.0547094     0.082472
    0.114002    0.0731916     0.085664     0.121026    0.0961529    0.0445377    0.0924541    0.0421305    0.0168959    0.0398839    0.0388494    0.0831689    0.0478362    0.0273313     0.082227    0.0819977    0.0512868    0.0274811     0.119613    0.0262022    0.0235749     0.116137     0.104571    0.0622632     0.120802    0.0733545    0.0385975    0.0781202    0.0339806    0.0357069     0.106044     0.042152   0.00504478    0.0521877    0.0433183    0.0938523     0.104378    0.0690162    0.0757041    0.0984563    0.0205764    0.0755597    0.0481857    0.0753796    0.0692345    0.0935253     0.130586    0.0749886
    0.144202    0.0296191    0.0543059    0.0284806     0.103606    0.0959663      0.13323    0.0823216    0.0688757     0.033197    0.0547485    0.0713685    0.0334601    0.0649805    0.0483075    0.0369171     0.118153   0.00711387     0.090262    0.0907536    0.0896024    0.0887825     0.102599    0.0663215    0.0837835    0.0851829     0.100299    0.0570625    0.0359886    0.0676847    0.0483309      0.09532    0.0450906    0.0873638     0.103504    0.0768295     0.067575    0.0954196     0.133531    0.0899196    0.0732274    0.0333336    0.0162196     0.101992     0.063729    0.0571211    0.0179396    0.0265146
   0.0903848    0.0940598     0.065152    0.0899122     0.112043    0.0653329     0.131952    0.0640135    0.0468677    0.0862776    0.0787245    0.0410211    0.0991865    0.0635482    0.0794203    0.0670615    0.0468575    0.0531028    0.0851491    0.0427142    0.0244145   0.00690422    0.0140138    0.0863461     0.111067     0.103719    0.0916116    0.0483656     0.112454    0.0423436     0.132059    0.0349364    0.0245193    0.0853298    0.0141412    0.0902343    0.0282489   -0.0141476      0.07394    0.0639961    0.0218904     0.103871    0.0682399     0.122162     0.125898     0.117177     0.116333     0.103896
   0.0233694    0.0278483      0.10198     0.109312     0.113683    0.0502767    0.0723953    0.0144293     0.065144    0.0126177    0.0219248    0.0348385    0.0709363    0.0246715    0.0436432    0.0815644    0.0757458    0.0328287    0.0368546    0.0970732    0.0989504    0.0910244     0.078209    0.0246182    0.0674673    0.0985087    0.0689585    0.0529769     0.057002     0.078912    0.0515171    0.0988026     0.116332    0.0350148   0.00226989    0.0414819    0.0545394    0.0957169     0.065061     0.105186    0.0105782    0.0688932    0.0236447    0.0647308     0.121875     0.111726    0.0177458    0.0395297
   0.0809348    0.0866232    0.0510692    0.0498529    0.0659024  -0.00483125    0.0672882    0.0927952    0.0440747     0.059168     0.115677    0.0748992     0.110121    0.0874203    0.0318416    0.0517625    0.0484203    0.0529095    0.0290963    0.0994953    0.0815262    0.0998186    0.0498866    0.0427463    0.0680382    0.0972668     0.101289    0.0868831    0.0208706    0.0706459      0.07088    0.0425505     0.105528   0.00575114  -0.00276458    0.0564137     0.102417     0.106928     0.070053    0.0487967    0.0271901    0.0659946      0.05009     0.027708    0.0910804    0.0538986    0.0956365    0.0725407
   0.0326862    0.0991177    0.0371186    0.0232408     0.119736  -0.00128178     0.102545     0.084805     0.109444    0.0263167    0.0543539    0.0359277     0.114476    0.0547907    0.0551749    0.0911341    0.0806508    0.0759408     0.101188    0.0366496    0.0715957    0.0771563    0.0270959    0.0359045    0.0663564    0.0756109    0.0651218     0.072713    0.0157428     0.053865     0.103348    0.0907728     0.111147    0.0246889    0.0915296    0.0192597    0.0875566    0.0794164    0.0486873    0.0970419      0.08542    0.0833459    0.0220564    0.0507318    0.0861057    0.0900988     0.100991    0.0912047
   0.0673895    0.0434999    0.0313769    0.0789254    0.0527198    0.0554295    0.0380775    0.0282699    0.0259056    0.0175577    0.0387557    0.0473104    0.0620767   0.00495055     0.020612     0.110647    0.0798438    0.0663388     0.101354    0.0709715    0.0163771    0.0681886    0.0135722   0.00634072    0.0275953     0.094488    0.0239395     0.117649    0.0283989    0.0439687    0.0823354    0.0995426    0.0106346    0.0377213    0.0739733    0.0500524     0.108924     0.119919     0.101649    0.0662815    0.0262059     0.064088    0.0732144   0.00516229    0.0311936    0.0321964    0.0925412     0.119309
   0.0435623    0.0576337      0.12266    0.0575337     0.107009    0.0892828    0.0863429    0.0472886     0.095587    0.0344733     0.048481     0.101607    0.0128846    0.0153176     0.103279    0.0965976    0.0240582    0.0549946    0.0806921    0.0273909    0.0384754    0.0350316    0.0656764    0.0159177   0.00969114  -0.00749939     0.093964    0.0767025    0.0302832    0.0624717    0.0263807    0.0397969    0.0525685    0.0578265      0.09889     0.114571    0.0752005    0.0711392    0.0736038    0.0876625    0.0309939    0.0986286     0.079983    0.0474736    0.0773512    0.0715878     0.105986       0.1019
   0.0301658    0.0786335     0.137432    0.0909234     0.132088    0.0784612    0.0995723     0.101738    0.0854725    0.0282579    0.0600256    0.0717172    0.0414166    0.0735242    0.0287434    0.0951738     0.109171     0.042267     0.071936    0.0159538     0.101767    0.0690483    0.0740718    0.0191346    0.0103139     0.105177     0.113757    0.0434126    0.0489463    0.0311805    0.0940553    0.0157332    0.0770874     0.104275    0.0371412    0.0455559    0.0356546    0.0701017     0.104332    0.0905797    0.0875133    0.0411734    0.0606927    0.0685816    0.0901803    0.0433636    0.0541395     0.088716
  0.00979775    0.0452682     0.123678     0.121715    0.0583639    0.0509975    0.0578341     0.100763    0.0390533    0.0549817    0.0607233    0.0974447    0.0189289    0.0976827    0.0305236    0.0190852    0.0915268     0.110329    0.0138042    0.0272401    0.0857993    0.0833755    0.0711541    0.0553828    0.0597364    0.0603803    0.0879322    0.0553734    0.0896243    0.0895206      0.10077    0.0265363     0.012455    0.0718615     0.102253    0.0632367    0.0302798    0.0734729      0.11525    0.0546743    0.0414025    0.0573594    0.0513647     0.125906    0.0970035     0.115668    0.0654966    0.0056566
    0.140896    0.0522633     0.101281    0.0974849    0.0372752     0.129735    0.0664848    0.0257717      0.10617    0.0595796    0.0472828    0.0228109    0.0601335    0.0973061    0.0491832    0.0338622    0.0936968    0.0770312    0.0775524     0.103289    0.0333373    0.0787705    0.0366291    0.0123646     0.113039    0.0527661     0.103913    0.0384707    0.0142223    0.0981978     0.097238    0.0270568    0.0308306    0.0422777    0.0981584    0.0656888    0.0549147     0.119502    0.0682563    0.0655811    0.0284765    0.0644804    0.0705091     0.131101    0.0364191    0.0366282    0.0953377    0.0697145
   0.0520512    0.0500629    0.0435617      0.13169     0.107679    0.0331226    0.0970733    0.0731429    0.0624587    0.0993072    0.0357103    0.0848357    0.0315397     0.073818     0.106481    0.0966048     0.076605    0.0807846    0.0554813    0.0762235    0.0501682    0.0630695    0.0521411    0.0145031      0.09846    0.0323623    0.0186336    0.0751138    0.0170601    0.0663159    0.0623718    0.0793846     0.119812     0.079446    0.0143868     0.027517    0.0460805     0.102886     0.114905    0.0960384    0.0546454    0.0504162    0.0163705    0.0846981     0.161229    0.0730159    0.0635114    0.0975656
   0.0849518    0.0785514    0.0660029    0.0696312    0.0891733    0.0430924    0.0692568     0.074873    0.0655016     0.077241     0.094141    0.0334962     0.116196    0.0649809    0.0423634    0.0839282    0.0719309    0.0353851     0.135063    0.0924688     0.108756      0.02449     0.102486     0.106025     0.111726    0.0565264    0.0886419     0.093596    0.0900805    0.0794017      0.13065    0.0136367    0.0213394    0.0115134    0.0310988    0.0398152    0.0730364    0.0837753    0.0430315    0.0360355    0.0336749    0.0348005    0.0946501    0.0870522    0.0216572    0.0328033     0.059913    0.0777181
  0.00264638     0.027481     0.131402     0.106515    0.0960739    0.0488687    0.0383534   0.00355279    0.0456941     0.087786    0.0464519     0.107461     0.037954    0.0305917     0.104547    0.0233673    0.0278197    0.0640634    0.0149126     0.120952    0.0835763    0.0895466    0.0777144    0.0604791    0.0983344    0.0578537    0.0321067     0.117905    0.0996727    0.0493169    0.0477657    0.0546618    0.0212914    0.0961883    0.0159495    0.0226239    0.0878716     0.117802    0.0195973    0.0460968     0.114869     0.034794    0.0899824    0.0760788    0.0840051    0.0722198    0.0957704     0.060654
   0.0569755    0.0758003      0.10924    0.0917634      0.11449    0.0230206    0.0694182    0.0424998    0.0902533    0.0874257    0.0730912      0.05949     0.110312   0.00442735    0.0969002     0.098064    0.0996298    0.0427312    0.0468758     0.026361    0.0726654    0.0897265   0.00573809    0.0620643    0.0974722     0.104695    0.0198255    0.0988179    0.0350888    0.0280266    0.0616893    0.0171467    0.0719793    0.0867748    0.0279569     0.100249    0.0355713   0.00436154     0.101069     0.107664    0.0992226     0.102076   0.00998656    0.0967151     0.101153    0.0469569     0.109202    0.0405532
  -0.125477   -0.105295   -0.138174   -0.117661   -0.144151    -0.11017   -0.123515   -0.161459   -0.108825   -0.142452   -0.140783   -0.144873   -0.146185  -0.0920671  -0.0878433  -0.0847174  -0.0933198  -0.0976771   -0.106318   -0.143129   -0.106492   -0.127302   -0.158259  -0.0822581  -0.0891554   -0.115822   -0.111437   -0.160614   -0.175311  -0.0818233   -0.131635   -0.111042   -0.168297   -0.162395   -0.101832   -0.124155  -0.0774558    -0.09047   -0.115666   -0.117685  -0.0976361   -0.116524
  -0.119324   -0.130218  -0.0651078   -0.080393  -0.0994593   -0.147768   -0.109819   -0.183475    -0.15363  -0.0700946    -0.12464 -0.00840295   -0.121812  -0.0993208   -0.158092   -0.073013   -0.111864  -0.0708269   -0.171178  -0.0706283   -0.058727   -0.107864   -0.132682  -0.0959518  -0.0530056  -0.0688785    -0.12277   -0.186577  -0.0700524   -0.115366  -0.0458887  -0.0647361  -0.0946776   -0.168333  -0.0696968  -0.0699555  -0.0470316   -0.146667  -0.0985562   -0.130539   -0.126268  -0.0965459
  -0.086841   -0.156475   -0.153003   -0.138925   -0.168948   -0.166748  -0.0617894    -0.11993     -0.1001  -0.0963252   -0.117146  -0.0750875  -0.0884942  -0.0363268  -0.0846837   -0.105031   -0.111939   -0.152731  -0.0486916  -0.0857467   -0.100554  -0.0710994  -0.0955298  -0.0886377   -0.139674  -0.0937903  -0.0733883   -0.119136  -0.0814583   -0.189764   -0.124932  -0.0715139  -0.0771248  -0.0416946   -0.129528   -0.092225   -0.112999   -0.136479   -0.120142   -0.167802  -0.0940972   -0.116274
 -0.0648375   -0.113628   -0.120513   -0.161465   -0.090315   -0.116396   -0.113676   -0.148375   -0.110168   -0.146022   -0.129008  -0.0613577   -0.125629  -0.0747939   -0.116461   -0.092329    -0.10503   -0.129445  -0.0903298  -0.0712958    -0.13525   -0.158341  -0.0794408  -0.0867463   -0.117247   -0.116793   -0.153517  -0.0825511  -0.0622046   -0.157902    -0.10687   -0.100349   -0.139974   -0.136448  -0.0511842   -0.105451  -0.0719856  -0.0705162   -0.115114  -0.0972608   -0.156379   -0.123954
  -0.105984  -0.0948616   -0.115384   -0.107455  -0.0835472  -0.0732527  -0.0729316   -0.113707   -0.117268   -0.093107   -0.072246   -0.136059   -0.116902  -0.0432036  -0.0562283   -0.143742  -0.0551616   -0.139174  -0.0804415   -0.122736  -0.0946582   -0.164106  -0.0392535   -0.153517  -0.0912637   -0.125886   -0.127806   -0.127156   -0.146413  -0.0677065  -0.0993789   -0.145027  -0.0942066   -0.139509   -0.142652   -0.166331   -0.150294   -0.160314  -0.0890819   -0.159957  -0.0893206  -0.0687088
 -0.0967959   -0.112475   -0.126122   -0.101965   -0.100562   -0.128169   -0.116928   -0.112868   -0.155864  -0.0972613   -0.111713   -0.157171   -0.109098   -0.105331    -0.07697   -0.125491   -0.129736   -0.144881   -0.147428   -0.107419   -0.108088  -0.0745256  -0.0780313   -0.173345  -0.0873268    -0.12433  -0.0682353   -0.113082   -0.149425   -0.101511   -0.143214   -0.151966    -0.13788   -0.100505   -0.096191   -0.105305   -0.137894   -0.088653   -0.170175   -0.116803  -0.0903629   -0.102549
 -0.0831718   -0.123598   -0.112983   -0.101045   -0.130516  -0.0989425  -0.0748152   -0.082783   -0.157702  -0.0995169   -0.127339   -0.157085   -0.143363    -0.16806  -0.0884218   -0.133042   -0.141833  -0.0954284    -0.16307   -0.127661   -0.107309   -0.125791  -0.0817694   -0.141769  -0.0659435    -0.11774  -0.0927277   -0.145503   -0.140879  -0.0620608  -0.0935721   -0.105653    -0.11038    -0.13182   -0.106122   -0.147108  -0.0585293  -0.0625724   -0.154447  -0.0766872    -0.12366   -0.069294
 -0.0637246   -0.155004  -0.0672518  -0.0671896  -0.0984162   -0.146216   -0.124656   -0.165868  -0.0816779   -0.165448   -0.174673    -0.11877   -0.147178  -0.0444026   -0.118133   -0.108046  -0.0862983  -0.0872478   -0.074946  -0.0472199  -0.0273807   -0.063781  -0.0717111   -0.129734   -0.110775   -0.130465  -0.0712346  -0.0988173   -0.128159    -0.14959  -0.0666191   -0.151104   -0.165941  -0.0957025  -0.0823805  -0.0504877  -0.0665848  -0.0440503   -0.145453   -0.155857   -0.136878   -0.152075
  -0.142271    -0.11865    -0.11052  -0.0789114   -0.151143   -0.148489  -0.0725413   -0.140785   -0.104699  -0.0635863   -0.152153  -0.0672938   -0.090816    -0.12401  -0.0819259   -0.076755   -0.149714   -0.129738    -0.10885   -0.117072   -0.103392   -0.122615  -0.0705944    -0.14256    -0.16735   -0.137385   -0.145696   -0.152839   -0.141084      -0.172   -0.115695  -0.0915073  -0.0725353  -0.0805423   -0.160674  -0.0691301   -0.058667   -0.150131   -0.128542   -0.159561  -0.0784766  -0.0621869
  -0.138476   -0.135478  -0.0652682   -0.069152   -0.153096   -0.118534   -0.116342  -0.0676507   -0.139602   -0.163287     -0.1655   -0.115661   -0.143159   -0.153789  -0.0870785  -0.0910825   -0.147251    -0.13095   -0.142404  -0.0352367  -0.0690596   -0.143474   -0.128259  -0.0807896  -0.0822212  -0.0860405   -0.115258    -0.15552   -0.108956  -0.0951325   -0.113262  -0.0821511    -0.10788   -0.120695   -0.114019   -0.148579  -0.0517464   -0.157214   -0.104589  -0.0761057  -0.0870245  -0.0847281
 -0.0835011   -0.121665   -0.151843   -0.158458  -0.0923236    -0.12138  -0.0527378   -0.116928  -0.0722854   -0.135435   -0.114685   -0.116391  -0.0868804  -0.0810144  -0.0905053   -0.152585  -0.0965747   -0.152286   -0.134045   -0.144396  -0.0793239   -0.131581   -0.126275   -0.155655  -0.0619145  -0.0690958   -0.156985   -0.155447   -0.152208   -0.115192   -0.128073   -0.148806   -0.091455  -0.0759957  -0.0554881   -0.145534    -0.16173   -0.110205  -0.0995534   -0.107074   -0.144037   -0.112469
 -0.0782326  -0.0867987   -0.127664   -0.149417   -0.103012   -0.124477   -0.166685   -0.112185   -0.130162   -0.148306    -0.17034   -0.135526   -0.146928   -0.117441     -0.1577   -0.141346   -0.124144    -0.10352    -0.10261   -0.139219   -0.105732   -0.082166   -0.159058    -0.14779  -0.0748399    -0.10675   -0.140513   -0.146357   -0.148379   -0.158654   -0.135696  -0.0821304  -0.0833403   -0.110547  -0.0922637  -0.0823956  -0.0755156   -0.102805   -0.123356  -0.0912138   -0.125367  -0.0883332
  -0.151417    -0.13382   -0.118352  -0.0778552  -0.0883476  -0.0927436   -0.114197   -0.142507   -0.143331   -0.114307   -0.105242   -0.115264  -0.0540347   -0.155255  -0.0879936  -0.0726393  -0.0949365  -0.0680044   -0.117521  -0.0767799   -0.142862  -0.0835415  -0.0716269   -0.133748   -0.102173   -0.147017  -0.0698204  -0.0550787   -0.144042  -0.0830951  -0.0712103   -0.124223  -0.0687385    -0.11241   -0.158386   -0.151467   -0.136931   -0.134242  -0.0644708   -0.123638   -0.150746   -0.100207
   -0.15161  -0.0665517  -0.0849686   -0.137409   -0.124498   -0.113273   -0.132223   -0.110052   -0.110461   -0.145992   -0.146878  -0.0786821    -0.15804  -0.0908382   -0.108497   -0.107015   -0.105237   -0.142778    -0.15011  -0.0733954    -0.14234  -0.0981548  -0.0867657   -0.159696   -0.107829   -0.131623    -0.11635  -0.0672305   -0.158905   -0.114553   -0.119548   -0.146656   -0.131044   -0.129098  -0.0815603   -0.148528   -0.133861  -0.0941455   -0.127012  -0.0765617   -0.104206   -0.102074
    -0.1267   -0.114149   -0.139502  -0.0833823  -0.0944629   -0.133837  -0.0963099    -0.10532   -0.137444   -0.118488    -0.10061  -0.0888487   -0.078696  -0.0963264   -0.178405  -0.0964031   -0.146942   -0.109318   -0.117197   -0.116123   -0.123003   -0.119446   -0.148098    -0.13751    -0.10399    -0.15396  -0.0783061   -0.150733  -0.0885818   -0.116066   -0.131045   -0.175971   -0.147465   -0.168198  -0.0818293  -0.0855702   -0.168488   -0.134803  -0.0799932    -0.10454  -0.0912718  -0.0940042
  -0.119028   -0.140776   -0.133567  -0.0619189   -0.106411    -0.12199  -0.0913044  -0.0780226  -0.0776643   -0.100219   -0.114136   -0.157904  -0.0701301   -0.111343   -0.127406   -0.106819   -0.141324   -0.152398   -0.138279  -0.0826898  -0.0783552   -0.085611   -0.068505   -0.113464   -0.164304   -0.121833    -0.11666  -0.0594982   -0.134978   -0.121898  -0.0604696   -0.114738   -0.147756  -0.0667033    -0.14751   -0.137705   -0.133988  -0.0936494   -0.135104  -0.0441835   -0.120428   -0.158214
   -0.11263   -0.143793   -0.164928   -0.140027   -0.119968   -0.165826   -0.102369  -0.0669999   -0.144875  -0.0750547   -0.152337   -0.110907   -0.146867   -0.161202   -0.120442   -0.111981   -0.106477   -0.139524  -0.0708716  -0.0763626   -0.103248   -0.143267   -0.124363   -0.154196   -0.108182   -0.127691  -0.0813629   -0.100692  -0.0764573   -0.124041  -0.0727274  -0.0677823   -0.133506   -0.132644  -0.0773161   -0.079388   -0.117645   -0.129763   -0.145185   -0.147772  -0.0735139   -0.123174
  -0.093143   -0.112348  -0.0949762   -0.132977   -0.134011   -0.144618   -0.158473  -0.0485987  -0.0611345  -0.0911514   -0.138781   -0.153062  -0.0658949   -0.108408  -0.0665547    -0.11268   -0.138867  -0.0780083  -0.0859157   -0.134493   -0.126888   -0.157628   -0.124414  -0.0877386   -0.118108  -0.0683396   -0.170978   -0.132584   -0.111865   -0.117461   -0.138498  -0.0739397    -0.15569  -0.0855406  -0.0686756   -0.159979  -0.0945971  -0.0810789   -0.146711   -0.109257  -0.0880875   -0.152068
 -0.0859428   -0.128666   -0.063811   -0.121377    -0.14096   -0.146198  -0.0631962  -0.0952339  -0.0675448   -0.155127   -0.120621    -0.10736  -0.0800489   -0.124777   -0.114196   -0.127254  -0.0599799  -0.0539235   -0.121748  -0.0916257   -0.159002   -0.121192  -0.0148398   -0.100181   -0.087937    -0.12027   -0.154551  -0.0734951   -0.182955   -0.134366  -0.0758959    -0.15608   -0.149758   -0.051065  -0.0463428  -0.0730919   -0.112561   -0.168642  -0.0605844   -0.173797   -0.100931  -0.0262308
 -0.0426234  -0.0630258   -0.167602   -0.100282  -0.0573938   -0.133689  -0.0553632   -0.145807   -0.113836   -0.167412   -0.139675   -0.131561   -0.110821  -0.0428057   -0.164779   -0.150831  -0.0581783   -0.125593  -0.0786354   -0.139454  -0.0777586  -0.0718098   -0.122307  -0.0611607  -0.0947201   -0.125652  -0.0473532   -0.152092   -0.101704     -0.1541     -0.1307   -0.162354   -0.128831  -0.0814449  -0.0507285   -0.135673  -0.0579891   -0.123112  -0.0703101   -0.149483  -0.0375859   -0.148394
 -0.0721755  -0.0712524  -0.0830559   -0.102011   -0.134983   -0.150808   -0.119457   -0.142429   -0.127484   -0.120148    -0.11237  -0.0964115   -0.115356    -0.15359   -0.145788    -0.16644   -0.155806   -0.127768  -0.0553186   -0.157336  -0.0674398   -0.112632   -0.136973   -0.106537  -0.0659946   -0.128964  -0.0675748  -0.0682068  -0.0673104  -0.0869663   -0.148259   -0.114962   -0.101953  -0.0561413  -0.0713883  -0.0909427   -0.116233     -0.1262   -0.128438  -0.0729108   -0.122755    -0.15309
  -0.139043   -0.132659  -0.0924259   -0.135699  -0.0884128  -0.0816182   -0.104142   -0.148908   -0.168104  -0.0338334   -0.109009  -0.0631426    -0.12072   -0.157705   -0.161833  -0.0460935  -0.0663358   -0.150162  -0.0494339   -0.165794   -0.112493   -0.145101  -0.0326166  -0.0466967  -0.0259131   -0.110423  -0.0776658  -0.0985727   -0.147847  -0.0517048   -0.136773    -0.10893  -0.0925331  -0.0305346   -0.136655   -0.139583   -0.164451  -0.0962687   -0.137823  -0.0621233   -0.152571   -0.112844
 -0.0674157   -0.151025   -0.126698   -0.152621  -0.0694179    -0.12499  -0.0625021   -0.130197   -0.047982   -0.148624   -0.146086  -0.0835718   -0.116669   -0.145327   -0.096684    -0.11229  -0.0700299  -0.0805205  -0.0896002   -0.123664   -0.111049    -0.11233  -0.0767572   -0.150166   -0.145857   -0.173057  -0.0950383   -0.126167   -0.130255   -0.121389   -0.158088  -0.0935066   -0.103851  -0.0615635   -0.148818   -0.113304  -0.0896624   -0.136639   -0.154681  -0.0461669   -0.140945   -0.109748
 -0.0576519    -0.15176   -0.169968    -0.11305   -0.109466  -0.0641433  -0.0655946    -0.08617   -0.119829  -0.0700027  -0.0988214    -0.11916  -0.0787227   -0.137115   -0.145928   -0.143648   -0.152969   -0.100213   -0.085807   -0.129954   -0.110593  -0.0624279   -0.145057   -0.114001   -0.132809   -0.121692   -0.101638   -0.081691  -0.0852565   -0.121409   -0.121676  -0.0777866  -0.0826961   -0.141969   -0.153747   -0.123797   -0.112518   -0.092922   -0.167152  -0.0556873    -0.14691   -0.159298
  -0.164168    -0.05708  -0.0852032   -0.106565  -0.0893547  -0.0901251    -0.14528  -0.0811925    -0.17276  -0.0941548   -0.148004  -0.0960985   -0.145931   -0.119721   -0.135202   -0.103394   -0.102404   -0.102401   -0.141608  -0.0728134   -0.163002   -0.127677   -0.152456   -0.155374  -0.0626228  -0.0746268   -0.105397  -0.0958075   -0.144737   -0.152981   -0.149635  -0.0887451   -0.109154  -0.0825465   -0.143892   -0.160405  -0.0732304   -0.156998  -0.0996895  -0.0835994  -0.0786377  -0.0886662
 -0.0999723   -0.128003   -0.138995  -0.0699189  -0.0542619   -0.109339    -0.14022   -0.149958   -0.134849   -0.137425   -0.153676   -0.144237    -0.12641   -0.130377   -0.100885   -0.052448   -0.143293  -0.0930929  -0.0469928   -0.124216   -0.163765  -0.0708689  -0.0738445   -0.141844  -0.0944662   -0.162021    -0.15378   -0.113212  -0.0863087  -0.0580181   -0.141161   -0.111259   -0.121511  -0.0870935   -0.150677  -0.0601533   -0.108345   -0.114888   -0.165702   -0.056272  -0.0556795   -0.160692
  -0.103955   -0.124227  -0.0592316   -0.124555   -0.157994  -0.0997896   -0.110871   -0.165816   -0.174376   -0.136706   -0.139434   -0.115693  -0.0974151  -0.0925442   -0.126172  -0.0945673   -0.162681   -0.154029  -0.0864866   -0.104416  -0.0698028  -0.0744208   -0.114736   -0.118645  -0.0868592   -0.117014   -0.119602  -0.0796341   -0.126098   -0.109789   -0.110378   -0.112855   -0.080034   -0.130329   -0.160328  -0.0920969   -0.104898   -0.128384    -0.12894  -0.0921791   -0.121767    -0.15001
  -0.152372  -0.0924162  -0.0947928  -0.0989825   -0.107118  -0.0732836  -0.0743084   -0.134762  -0.0860351   -0.102679   -0.131527   -0.146029   -0.160484    -0.12583   -0.148447  -0.0786652   -0.161383   -0.148999  -0.0739613  -0.0777709   -0.148046   -0.112382   -0.145172   -0.135361  -0.0943574   -0.117534   -0.117161    -0.10501   -0.141395  -0.0687704   -0.124849  -0.0758686   -0.104622   -0.146832   -0.112702   -0.123626  -0.0991686   -0.168766   -0.143705   -0.144336  -0.0813318   -0.121936
  -0.165306   -0.121695  -0.0935688  -0.0775363   -0.168703   -0.120808   -0.137269   -0.106791   -0.152634   -0.147129   -0.138284    -0.14409  -0.0681787  -0.0726818  -0.0872149  -0.0595833   -0.135629  -0.0652074   -0.121606   -0.122631   -0.086391   -0.062123   -0.143341   -0.165441  -0.0814001  -0.0894042  -0.0661818  -0.0854272   -0.144796   -0.147349  -0.0842298  -0.0597302   -0.140255   -0.145477   -0.133534   -0.139985   -0.136362  -0.0943068   -0.105071   -0.140629  -0.0783808   -0.138441
  -0.172678  -0.0744533     -0.1035  -0.0948302  -0.0812302   -0.102873   -0.148754  -0.0790274   -0.100699  -0.0725431   -0.118209  -0.0768515   -0.118132    -0.10034   -0.120318  -0.0988059   -0.137979   -0.122889   -0.169078    -0.11591   -0.109785   -0.185772   -0.138459  -0.0809177   -0.121836  -0.0706921   -0.173826    -0.10275    -0.14338  -0.0741084    -0.11608   -0.084527  -0.0903616  -0.0657049  -0.0826319   -0.175939  -0.0965091   -0.115864  -0.0786728   -0.155622   -0.105298  -0.0818008
  -0.118545  -0.0786019   -0.153328  -0.0983558   -0.134173   -0.166848   -0.119859   -0.145878   -0.111061  -0.0660802    -0.17933  -0.0831839   -0.115238  -0.0795042   -0.115227   -0.137141  -0.0744009   -0.100092  -0.0698087   -0.115947   -0.142263    -0.14551  -0.0895816   -0.119563   -0.059989   -0.117908   -0.150864    -0.16384   -0.133661  -0.0694088   -0.100179  -0.0799377   -0.127406   -0.064582   -0.120257   -0.163411    -0.10252  -0.0744136  -0.0779763   -0.162154   -0.125355  -0.0965877
 -0.0981164   -0.182532   -0.148723   -0.105129   -0.108229  -0.0868838   -0.149564  -0.0768178   -0.118448   -0.114389  -0.0885282  -0.0846789   -0.179565  -0.0593413   -0.106968  -0.0881247   -0.163515   -0.057487  -0.0562573   -0.123743  -0.0785754   -0.134155  -0.0367715    -0.16218  -0.0459128    -0.07213  -0.0760112    -0.16953  -0.0575547   -0.157611  -0.0793823  -0.0972902  -0.0836265  -0.0504869   -0.177164   -0.149484     -0.1681   -0.123758  -0.0670205   -0.122158  -0.0880447  -0.0970451
 -0.0845602   -0.142947  -0.0813598   -0.138922  -0.0932265   -0.158861    -0.11507   -0.159117   -0.129547  -0.0809037   -0.153826  -0.0720483   -0.084441   -0.114705   -0.128656   -0.135115   -0.167396    -0.17644  -0.0671104  -0.0850798  -0.0692192  -0.0746862  -0.0794163   -0.109846  -0.0803264  -0.0823287  -0.0599188   -0.139106   -0.144775   -0.139508   -0.101701  -0.0934668   -0.131764   -0.136002   -0.126077    -0.11092  -0.0756821   -0.100252   -0.140094  -0.0949519   -0.169711   -0.113754
 -0.0253434   -0.140076  -0.0202609   -0.160381  -0.0466143  -0.0480848  -0.0598805  -0.0832622  -0.0660445   -0.068162   -0.107918  -0.0829752   -0.120628  -0.0489305  -0.0757048   -0.113289  -0.0979517   -0.113771  -0.0325608    -0.14262  -0.0543098   -0.139419  -0.0526027   -0.159331   -0.142636   -0.136149   -0.155589   -0.174373   -0.167349   -0.197526     -0.1166  -0.0742709   -0.108927  -0.0509441   -0.135662   -0.108156   -0.166617   -0.128981   -0.122685   -0.094662  -0.0601282   -0.139749
  -0.107768  -0.0976915  -0.0785777   -0.159729  -0.0386574   -0.117609   -0.172453   -0.111969    -0.11665   -0.162777   -0.121321  -0.0789535   -0.116969  -0.0365917  -0.0633256    -0.08098   -0.120389   -0.118835    -0.09683  -0.0889153   -0.157055  -0.0933207  -0.0751784   -0.133046  -0.0704524   -0.101291  -0.0873817   -0.140798  -0.0593227  -0.0700694  -0.0673064  -0.0356371   -0.125006   -0.119218   -0.165359   -0.114571     -0.1582   -0.128967   -0.104147   -0.142823   -0.168972  -0.0622753
 -0.0895989   -0.117767   -0.149271      -0.142   -0.157642   -0.135537  -0.0689287   -0.114431  -0.0867169   -0.105091   -0.132687   -0.125257    -0.12157  -0.0981067   -0.119686   -0.154487   -0.162798  -0.0932103  -0.0687401   -0.118631  -0.0624297   -0.123208  -0.0541417  -0.0904975  -0.0594544   -0.127437   -0.113312  -0.0730991  -0.0719801   -0.133897  -0.0661261   -0.152277   -0.164153  -0.0635831   -0.117735   -0.116247   -0.152691   -0.129047  -0.0944128   -0.144459    -0.12809   -0.126459
