no weights
   0.0285486   -0.0911092     0.024293   0.00445908     0.108975    0.0636264    -0.194483    0.0988545    0.0254456     0.110007     0.161987   -0.0773382    -0.107145    0.0802099    0.0816435    0.0740955     0.175934     0.014038    -0.186384     0.109529   -0.0271138    0.0467487     0.216518    -0.165252    -0.162235    0.0916747     0.206003     0.239569     0.140223    -0.155215    -0.107745      0.13061     0.178248     0.146354    0.0785975    -0.120884    -0.139494     0.293247    0.0859411    0.0832029     0.266144     -0.13656     0.115445    -0.217901    -0.129126   -0.0764492    -0.167361    0.0527451
  0.00524507    0.0627632    0.0143398    0.0393362    0.0897443     0.121996    0.0618694    0.0411138 -0.000568874    0.0416618    0.0220567     0.122335    0.0518357    0.0180398   -0.0073561    0.0828769   -0.0982319     0.144685     0.150613    0.0399852     0.027382   -0.0777205     0.139771     0.137725       0.1013    0.0428518    -0.103023   0.00337392    0.0379317     0.205681     0.172696    -0.100168   -0.0413252   -0.0466605    0.0528275     0.154301    0.0837703   -0.0184613    -0.064807    0.0570539    0.0513203     0.175502    0.0575774    0.0396181     0.062212     0.125822     0.160424     0.087633
 -0.00317369   -0.0146342    0.0130173   -0.0480477   -0.0520031   -0.0768267   -0.0835719     0.114338    0.0748143    0.0979322    -0.101015   -0.0215914     0.118692    0.0404048     0.131185     0.118219    -0.161036     0.212616   -0.0243097     0.167362  -0.00211379   -0.0318358  -0.00336893    0.0860701   -0.0301578    0.0742708     0.207028     0.114682    -0.124365    0.0622752   -0.0151266    -0.020809     0.192943     0.211145   -0.0967288   -0.0210692   -0.0778681     0.120168     0.051829    0.0618125    0.0549393     0.068716      0.06958     0.122684  -0.00850643    0.0111495   -0.0506555     0.155218
   0.0678966     0.125424     0.216556     0.142514     0.154108     0.134946    0.0382821    0.0733501    0.0815309  -0.00454111   -0.0541243     0.205308   -0.0486457   0.00939612    0.0145405    0.0778079  -0.00711907    0.0446161    0.0991659   -0.0248329     0.142168    0.0551068   -0.0381823     0.118538    0.0808342  -0.00271734     0.010755   -0.0152405    0.0631302    0.0329846    0.0586593   0.00935952    -0.110132   -0.0564639   0.00366339    0.0703301    0.0951698   -0.0276475   -0.0461328    0.0635699   -0.0616988     0.108355   -0.0123109     0.193919    0.0627911     0.161991     0.126226   -0.0488736
    0.154324   -0.0898287    -0.121252     -0.11514    0.0980272    0.0309022  -0.00918359    0.0713545    0.0664486    0.0938303    0.0722907   -0.0768583     0.141123    0.0751849      0.10053    0.0417698    0.0486876    0.0244251     0.111222     0.166921  -0.00559861    -0.159508     0.139548  -0.00294441    0.0803476     0.120426  -0.00530386     0.173976     0.134948   -0.0110401     0.119296   -0.0748815     0.214284    0.0591808     0.116257    -0.007624   -0.0766658    0.0729654   -0.0301197   -0.0959093    0.0667194   -0.0294239     0.162889   -0.0386821    0.0138789    0.0253935    0.0316487      0.14634
   0.0829069    0.0355115    -0.113052   -0.0344748     0.102565   -0.0389055     0.065398    -0.045286    0.0369524    0.0338702    0.0655621    0.0299019     0.238458    0.0174371    0.0500851   -0.0248163    0.0395329     0.142347    0.0656125     0.193983   -0.0400887   -0.0898627     0.124186    0.0859147     0.109439     0.102414   -0.0146781     0.172103    0.0466959   0.00343543     0.179028   -0.0342256     0.131996     0.125996     0.105576      0.10513    0.0476238    0.0136499    0.0127151   -0.0575571     0.121388    0.0798574     0.186548   -0.0510436   -0.0189429   -0.0446923     0.139912    0.0847866
   -0.159339    0.0789273      0.16812    0.0926644    0.0030199   -0.0041974    -0.140805    0.0666319     0.101081     0.123851    0.0195079   -0.0573189   -0.0911471     0.016168    0.0922788     0.021591     0.010328   -0.0146966   -0.0127091  -0.00970163      0.10821   -0.0527131     0.151752  -0.00262487   -0.0626923    -0.044787      0.20777    0.0757835     0.173836   -0.0729096   -0.0557813    0.0879916    0.0908889     0.193254     0.190566   -0.0454879  -0.00239341     0.177988   -0.0531944    0.0945045     0.291361   -0.0475547     0.128933   -0.0819054   -0.0688699    0.0549448    0.0762713    0.0836628
   0.0757737    0.0826231    -0.103117    0.0472093     0.108214    0.0638621     0.140601    -0.029063   -0.0653257    0.0191139    0.0574251    0.0178022     0.209486      0.11186    -0.104618    0.0703838     0.021848     0.147329    0.0617369     0.196598     0.016057      0.18492     0.166206     0.126323    0.0474584    0.0678374    -0.104027     0.136344    0.0443767     0.141515    0.0686248    0.0149227   -0.0092507     0.130744    0.0541668    0.0963622    0.0755539   -0.0409528   -0.0204686    0.0964249   -0.0148605     0.179976    0.0985589    -0.104782    0.0387959   -0.0414258    0.0691962    0.0828746
   0.0815577   0.00190768   -0.0044392    0.0867836     0.108642     0.143539    0.0176909    0.0385626   -0.0465776     0.125766    0.0934672    0.0211802   -0.0068268    0.0570798    0.0197756    0.0629396     0.185424    0.0649506   -0.0784082     0.154973    0.0462709     0.149352     0.190656    0.0252577   -0.0383906    0.0862384    0.0701371     0.176488    0.0785466    0.0114082    0.0186862     0.165377     0.119524     0.123019     0.069829    0.0631254   0.00976903     0.167263   -0.0250732    0.0568381      0.20595    0.0541757    0.0934113    -0.126192    -0.158578    -0.168799   -0.0717889    0.0856348
 -0.00179829   -0.0127398    -0.106449    -0.171752    -0.223395   -0.0509256     0.073355     0.111156    0.0920747    0.0322586   -0.0397696    -0.117382     0.198631    0.0482204     0.104386    0.0358371    -0.175245    0.0799086     0.198372     0.091015    0.0661754     -0.15988    0.0800708    0.0626155      0.24086   -0.0565099     0.061726  -0.00786496   -0.0345886    0.0642438     0.214548    -0.020041     0.178881   0.00998507   -0.0675506      0.11144     0.163328   0.00285146   0.00992025   -0.0886292   0.00873032     0.124208     0.222674     0.147983   -0.0314387    0.0673234     0.155023      0.24176
   0.0231821    0.0294483   -0.0271173    0.0431935     0.104676    0.0177848    0.0787418  -0.00492415     0.031649     0.113474      0.11236    -0.073208    0.0604811    0.0508686     0.109604    0.0903145    0.0739078    0.0325937     0.132236     0.111533    0.0849385    0.0643943     0.112094  -0.00994844     0.137475    0.0415008    0.0741911    0.0864874    0.0721972   -0.0127412     0.159099    0.0623919    0.0907314     0.160834    0.0889039    0.0352729      0.14239   -0.0220296     0.104113    0.0643093    0.0900668    0.0343727     0.150116   -0.0170705    0.0660008    0.0868081    0.0682207    0.0892319
 -0.00309589   -0.0531391    0.0675859   -0.0779813   -0.0953326   -0.0757168   0.00143208     0.115468     0.161775   0.00141993    0.0615131   -0.0807591   -0.0147193   -0.0262522      0.12318    0.0586794   0.00870172    0.0737477   -0.0540214    0.0120798    0.0630299   0.00592811   -0.0467614   -0.0203668   -0.0410152   -0.0183782     0.196443    0.0273598    -0.100351    0.0587353   -0.0148751   0.00127489     0.236882     0.100585  -0.00583836    -0.073961   -0.0804789     0.109923     0.248239     0.123275     0.089538  -0.00580616   0.00650471     0.143307    0.0588958     0.147392   -0.0386034    0.0302216
  -0.0016491     0.110376    0.0549407      0.11464    0.0353309   0.00814383    0.0633885    0.0494273   -0.0113806    0.0662154   0.00810007    0.0430657     0.115781    0.0824603    0.0414769     0.102665   -0.0292779   -0.0098143     0.117409    0.0458729      0.10599    0.0488518    0.0787785    0.0634754     0.169288   -0.0547655   -0.0414014   -0.0549308    0.0959311    0.0924342      0.13186   -0.0200474    0.0676825    0.0139037    0.0900235     0.102137     0.173926    0.0192602   -0.0244104    0.0516379     0.103002     0.100503     0.101025  -0.00487796    0.0673025     0.100199     0.150172     0.079522
  -0.0914438  -0.00595283    0.0868104    0.0207796   -0.0130231    0.0785729    -0.125268    0.0452109    0.0850355    0.0211468     0.185916    0.0351305    -0.101874    -0.069915    0.0850787  -0.00819492      0.28819   0.00826431    -0.311192     0.237465    -0.055778     0.147007    0.0428305   0.00500414    -0.218239    0.0950147     0.235936     0.104987    -0.026029     -0.11134    -0.209906     0.221727     0.228789     0.190152    0.0778121   -0.0656177     -0.26318     0.296356     0.168471      0.10968     0.225882    -0.092248    -0.107907    -0.144721   0.00489811    -0.082702    -0.217082     0.042156
    0.070248     0.152457   -0.0048583     0.114257    0.0791529    0.0125368    0.0737414    0.0126918   -0.0395866    0.0927821    0.0539739    0.0728842     0.103667    0.0324793    -0.015827    0.0721557     0.129404      0.11576     0.037382     0.189656    0.0489366     0.179805    0.0592186     0.123523   -0.0256309    0.0606064    0.0863647    0.0741329    0.0639519    0.0458174    0.0196812     0.134207    0.0971813     0.162325   0.00826674     0.162203   0.00185129    0.0781174     0.037174     0.124479    0.0497625     0.120671   -0.0164888   -0.0386831   -0.0286915    -0.137786     0.042349  -0.00552012
    0.123417      0.17457     0.131199    0.0955616   -0.0306412   -0.0751785     0.166592    0.0291088    0.0760211    0.0145228   -0.0688787    0.0802651     0.086153    -0.036035   -0.0217557    0.0194353    -0.108679    0.0709736     0.122785    0.0791298     0.118586    0.0913414   -0.0600391    0.0901817    0.0403662     0.104443    0.0575431    0.0292363   -0.0380015    0.0675217    0.0985637   -0.0279665    0.0694515   -0.0584982    -0.118062   0.00488779    0.0530206 -4.29856e-05     0.134544    0.0544758     -0.13108    0.0519677     0.050306     0.142573      0.16717    0.0983502    0.0610063    0.0584414
  -0.0195309 -0.000281552     0.062406     0.152231    0.0848087    0.0622896   -0.0180091    0.0133726    0.0222971     0.169096     0.066474     0.104901   -0.0144173    0.0669923    0.0274697    0.0330555    0.0860455    0.0360732    0.0949233    0.0615129    0.0545306    0.0433067    0.0570788    0.0630909    0.0817551   0.00614465    0.0418682    0.0810237    0.0659302    0.0582537    0.0539072    0.0496744    0.0435984    0.0678198    0.0675203     0.105063    0.0315511    0.0748902    0.0054418    0.0834999     0.145539    0.0542786    0.0215078    0.0936035     0.107625     0.113964     0.169099    0.0834831
   0.0337231    0.0761751      0.13066    0.0342708     0.141393    0.0816816    0.0327639     0.125603     0.108329     0.118035   -0.0360305    0.0535051    0.0624395     0.034524    0.0316318    0.0721298    0.0205681  -0.00759839    -0.054641    0.0775842     0.154554      0.12145  3.14602e-05    0.0571595   -0.0501478    0.0744349    0.0525399    0.0930095   0.00375226    0.0446249   -0.0778821    0.0704163    0.0278703      0.01864    -0.047106    0.0624652   -0.0669292     0.029625    0.0764749    0.0562354   -0.0757035    0.0507474   -0.0140208     0.113969     0.226671     0.176965    0.0467936   -0.0200068
    0.161061  -0.00152201    -0.082089   -0.0253385   -0.0605586   -0.0290528    0.0766386    -0.111704    -0.138654  -0.00756234     0.215194   -0.0165801     0.143955    0.0165432    -0.062759     0.105383     0.164606   0.00415601   -0.0304402    0.0995153    -0.168671    0.0518934      0.10548   -0.0311252   -0.0495816     0.123073     0.106336     0.146467    0.0777018   -0.0613161   -0.0119761     0.103666    0.0254453     0.204027   0.00527752   -0.0720443   -0.0395834     0.186638    0.0160069    0.0750102     0.193611    -0.122036      0.24744    -0.218655    -0.117727    -0.179466   -0.0714406     0.236996
  -0.0470496     0.272707     0.320237     0.232091     0.193843   0.00704054   -0.0275758     0.081986     0.112771    0.0581423   0.00899642    0.0547037    -0.129461   0.00391361    0.0532592    0.0783912    0.0682533    0.0113656   -0.0748808    -0.027788     0.120105     0.203323   -0.0368461     0.101538   -0.0568193     0.105845    0.0846185   -0.0266974   0.00813469    0.0691065   -0.0903149     0.131493    0.0208933   -0.0580234    0.0766188   -0.0380633   -0.0888253    0.0052854     0.166538     0.157246     0.023332   -0.0295225     -0.19198     0.123733     0.111235   0.00937267   -0.0420009    -0.213626
   0.0346339    0.0812053     0.101715    0.0290502   -0.0300714     0.155326     -0.13435     0.116716     0.125565   -0.0186016    0.0753748    0.0322231   -0.0160556    0.0225911    0.0696019    0.0298518      0.15643    0.0466465   -0.0866882    0.0645476     0.157577    0.0938771      0.19349    -0.102373    -0.117245   -0.0717121     0.197373   -0.0572681  -0.00122685   -0.0465458    -0.113681     0.119558     0.111093    0.0298474      0.13804   -0.0773745   -0.0726905     0.242753     0.108099   -0.0257098     0.188983   -0.0278116   0.00440185    0.0129457    -0.124114   -0.0174029    -0.140631    0.0861729
  0.00932713     0.202283     0.255966     0.208091     0.234125   -0.0379218    0.0110985     0.052466    0.0387145   -0.0165831    0.0744721   0.00851714   -0.0676603    0.0126628  -0.00506985   0.00113331     0.124434    -0.102135   -0.0461381   -0.0554672     0.121263     0.158742   0.00840122   -0.0558186   -0.0340495    0.0403609     0.161197    0.0727345    0.0524036   -0.0685094   -0.0910077    0.0200735   0.00961966   0.00836073     0.113582    -0.106796    0.0913866     0.102836     0.132273    0.0627187    0.0510422   -0.0561653   -0.0176087    0.0836233    0.0169596    0.0994945    0.0230672   -0.0873643
    0.105227   -0.0525047   -0.0496448   -0.0195806     0.040511   -0.0568237    -0.108491    0.0236508   -0.0178001     0.176847     0.095061    -0.090041   -0.0399203   -0.0455466   0.00598147    0.0901336     0.113634   -0.0457031    -0.165807     0.122271    -0.117845    0.0730759    -0.034061    -0.161917    -0.123291    0.0898489     0.119744     0.240275    0.0207985    -0.179261    -0.102501     0.178529     0.128202     0.254989   -0.0306849    -0.138933    -0.137932    0.0819529     0.091594     0.114193     0.102239     -0.12245    0.0917574   -0.0170372  0.000819619    0.0356333     0.051307    0.0270007
    0.135089    0.0222392     0.102303     0.155559    0.0741688     0.161887    0.0846419    0.0890349    0.0800892   0.00440588    0.0547285      0.15314   -0.0200975     0.108285    0.0893932     0.122007     0.120041   -0.0781755     0.139166    -0.110638    0.0325467    0.0601268   -0.0303588    0.0863509     0.110707    0.0503235    0.0444298   -0.0805534    0.0325554    0.0790898     0.069389    0.0763702   -0.0373328   -0.0820314    0.0637145  -0.00703789     0.129367    0.0634154     0.112808    0.0831982    0.0133415    0.0254139   -0.0201357     0.123426     0.177835     0.182793    0.0984769    0.0356544
    0.126692   -0.0744895   -0.0161897   -0.0631296    0.0325392   -0.0375915    0.0847048    0.0600473     0.084702  -0.00020395  -0.00405809    0.0116334    0.0260675    0.0985999     0.101292    0.0782146   0.00802458   -0.0916799     0.103271   -0.0908586    -0.012481    0.0245345    -0.209084    0.0980032    0.0158975     0.163889    0.0240876    0.0215836    0.0317313     0.085213    0.0697241  -0.00281788    0.0397207   -0.0125143    0.0502517    0.0126757    0.0642181    -0.231591    0.0976769  -0.00424655    -0.243341    0.0566653   0.00520681     0.228137     0.328548     0.244117     0.112123    -0.015085
   0.0292927    0.0622627    0.0620811    0.0249676   -0.0245722    0.0992307    0.0949734    0.0172629     0.059646   -0.0522484   -0.0021935    0.0779409    0.0747289    0.0712148    0.0178639    0.0271911    0.0410149    0.0700967   -0.0110805     0.102397    0.0733131     0.100294   -0.0150103     0.094802    0.0470215    0.0992798     0.108369   -0.0167556   -0.0769981     0.148907   -0.0237425     0.105005     0.145454   0.00222339   -0.0391476    0.0969243     0.098785    0.0317577     0.204561    0.0663108   0.00878002     0.107358   0.00865115     0.110236    0.0809749    0.0996986   0.00758532    0.0274902
    0.124847    0.0448782     0.112639     0.142013     0.197388    0.0460043    0.0927899    0.0747095    0.0750335    -0.012394     0.185914   -0.0321802   -0.0257853    0.0584505    0.0885863     0.039398      0.20007    -0.217069    0.0852428   -0.0109548    0.0025057      0.08459   -0.0462594    -0.108324   -0.0100092     0.123957      0.02454   -0.0286757     0.150607   -0.0594262     -0.01273     0.144722   -0.0342565    -0.110032    0.0661433   -0.0890887     0.126634   -0.0393045     0.128565   -0.0283403    0.0324409     0.029415   -0.0521917     0.162992     0.174626     0.108578    0.0490034   -0.0447239
    0.196605     0.182692    0.0856101     0.229549     0.168038     0.101722     0.171128   -0.0660106   -0.0931307    0.0645685   0.00875156     0.111223   -0.0308571    0.0546817   -0.0119831     0.140941    0.0101234    -0.105862     0.243643    -0.159841   -0.0482085     0.141136  -0.00991458    0.0868214     0.238602    0.0348689    -0.194786   -0.0798735    0.0285771    0.0950652      0.23985    0.0334165     -0.28414    -0.100128    0.0228177     0.154557     0.247131   -0.0827436   -0.0601378     0.139639    -0.126826     0.119466   -0.0204559    0.0555154   -0.0128661    0.0660154     0.246964   -0.0286285
    0.225234    0.0366392    0.0391548   -0.0158408     0.108597     0.151566     0.154145     0.108516    0.0896255    -0.024269      0.18494    0.0461471   -0.0570877    0.0907249    0.0884712    0.0176276     0.222782    -0.128587    0.0350801    0.0552343     0.138612     0.130317    0.0755853    0.0271212    0.0247079     0.142431    0.0647103   -0.0209057    0.0558986    0.0544946   0.00667379      0.14353  2.26629e-05   -0.0457399     0.121339    0.0522455    0.0350593    0.0490675     0.249444     0.070279    0.0295575 -0.000154005   -0.0745084    0.0496601    0.0116424   -0.0522301    -0.117225   -0.0776079
    0.165363    0.0314852   -0.0583642   -0.0148053     0.107524    0.0296169     0.203623    0.0572675    0.0479662      0.10444   0.00565234   0.00437422    0.0798893    0.0897619     0.106821    0.0649543   -0.0626466   -0.0528286     0.233911    -0.085619    0.0221613   -0.0896624    -0.154684      0.14729     0.268558     0.142295    -0.135386   -0.0706467     0.128175    0.0731861     0.279876   -0.0504577   -0.0937841    -0.052959   0.00532181     0.147928       0.1109    -0.337891  -0.00918135    -0.019661    -0.224511     0.158263    0.0115312     0.175881     0.168744     0.152723     0.231591    0.0266024
  -0.0598884    0.0642087     0.205552     0.164676     0.160045    0.0307922    -0.036531     0.040538     0.123468   0.00113017   -0.0311723   -0.0127115   -0.0716193   -0.0164242    0.0318944    0.0785187    0.0801982   -0.0805091    -0.114677    0.0970039     0.120094     0.195456   -0.0370214   -0.0510606   -0.0907501     0.130116     0.104062    0.0553644   -0.0153405   0.00170841    -0.105285     0.130123     0.145797    0.0172534   -0.0618865   -0.0418126    -0.084424    0.0662838     0.153042     0.125504    -0.100474  -0.00200271    -0.150665     0.105702     0.192725     0.140109   -0.0502461   -0.0958644
   0.0945709    0.0477223   -0.0799829     -0.10238   -0.0759111    -0.108219     0.152543     0.113282    0.0642679   -0.0106529     0.078414   -0.0105216     0.217967    0.0955038    0.0243219    0.0123682   -0.0396185     0.113629    0.0408694     0.167742     0.136286    0.0903467    0.0206785     0.061684    0.0588751     0.143888     0.126937     0.135088   -0.0658559     0.103109    0.0611979   -0.0226539      0.16293   -0.0278153   -0.0945956    0.0534513      0.12611     0.040514      0.14593    0.0244799   -0.0151713    0.0940662    0.0883439    0.0132145    0.0409488   -0.0401744    0.0278853     0.100088
 -0.00553274    0.0662882   -0.0465271   -0.0650924     0.048223    -0.115335     0.181352    0.0952779     0.118023    0.0121719    0.0565062   -0.0445475     0.170898    0.0715558    0.0755498    0.0630177    0.0230174    0.0839517     0.157554    0.0274798      0.07906  -0.00492137   -0.0136162    0.0425803     0.137969    0.0874778    0.0158237    0.0611695   0.00816801    0.0561371     0.165772    0.0582361     0.119533    0.0161544    0.0871752    0.0268973      0.14185  -0.00234155    0.0778808    0.0889374    0.0784486    0.0843031      0.02887    0.0365431    0.0701422    0.0671322     0.122906    0.0907094
    0.154497    0.0267919    -0.100656     0.060295   -0.0196678    0.0761612      0.10352   -0.0877593    -0.100362    0.0123798    0.0314576    0.0338703     0.146674   0.00641787    -0.108714     0.142522     0.063641     0.117736       0.1358    0.0932634    -0.126989     0.117162   -0.0108883    0.0107976    0.0340279     0.106168   -0.0388087     0.186982   -0.0401647    0.0410671     0.082457     0.126463    -0.103164    0.0921751    0.0077993    0.0204236     0.166561     0.165183   0.00593111    0.0937168    0.0209223    0.0748543     0.197813    -0.120839   -0.0626941   -0.0797935    0.0916858     0.234461
   -0.043203    0.0760963     0.244039     0.146311    0.0439572     0.219768   -0.0631987    0.0707404     0.135786    0.0404431   -0.0597631     0.179597    -0.174518    0.0187549     0.128959     0.171422    -0.102309    0.0307791    0.0683683    -0.142952    0.0596604   -0.0182292    0.0493178    0.0467411   -0.0307841    -0.124366    0.0788283   -0.0752906    0.0053408     0.147028    0.0068511   -0.0157629   -0.0246893   -0.0288338     0.090908     0.185558    0.0520413    0.0595878   -0.0152373      0.11586   -0.0487096     0.180476     0.019774     0.104946    0.0756181     0.177815     0.100406    0.0727745
  -0.0516688     0.145315     0.266842     0.174912     0.159602    0.0462678   -0.0182577     0.142748     0.122797    0.0248585    0.0438966    0.0187981   -0.0972439    0.0686678    0.0453309     0.128017     0.116475   -0.0439256   -0.0497109   -0.0355465     0.142641     0.127625    0.0549936   -0.0766189    -0.132039     0.101493     0.215341    0.0553955    0.0347169   -0.0499221   -0.0397582    0.0216619    0.0884455    0.0835003    0.0037047   -0.0606946   -0.0718704     0.131123     0.169436     0.144418    0.0937661   -0.0590527   -0.0103246    0.0175841   0.00943492   -0.0131442   -0.0744694   0.00985726
  -0.0930369     0.112849     0.279429     0.238337    0.0858385     0.118766   -0.0396257     0.155127     0.102193    0.0469452     0.013849     0.210324    -0.203626    0.0953906    0.0571815    0.0238779    0.0671095    0.0490343   -0.0158966    -0.175329     0.157127    0.0489701   0.00115146    0.0994434    0.0278978  -0.00330222    0.0762082    -0.127557     0.141379     0.141148    0.0831986  -0.00875738     -0.10653    -0.104821     0.143788    0.0976527    -0.001776    0.0393511     0.122227     0.101051   -0.0154514     0.081802    -0.146021     0.193575    0.0816764     0.180616    0.0218182    -0.195766
    0.240246     0.104887    0.0410411    0.0949591   0.00252164      0.22765    0.0870433   -0.0251139    0.0708863   -0.0134638  -0.00405024    0.0659343     0.043184     0.120725   -0.0172495   0.00744883    0.0645611    0.0448365     0.159145    0.0239943    0.0116646    0.0532174   0.00220672    0.0290071     0.165917    0.0291716    0.0569317   -0.0746987  -0.00653343     0.147796     0.166588    0.0260092   -0.0911683   -0.0966615    0.0642844     0.113385     0.131537    0.0901782  -0.00479019   0.00892822    -0.055819     0.122788    0.0857633     0.178333   -0.0607009   -0.0137893     0.084969    0.0599326
  -0.0329166    0.0289398    0.0897623     0.150758     0.125305   0.00790205    0.0429392    0.0792981    0.0757436     0.125758    0.0275634    0.0777584   -0.0512781    0.0328359     0.110357     0.119145    0.0656034    0.0327466   -0.0302229    0.0566509   0.00999646    0.0787066   -0.0336474   0.00187344    0.0270534    0.0306964   -0.0472719    0.0470696   -0.0284426    0.0565163  -0.00723002    0.0920184     0.120501    0.0988847   0.00407332    0.0160511   -0.0389639    0.0581148      0.14715     0.122842   -0.0122735    0.0322287    -0.107478     0.103968     0.275042     0.152493    0.0842658    0.0322836
    0.125769    0.0545138    -0.114771   -0.0508843  -0.00490726  0.000226435     0.119593    0.0365108    0.0227678    0.0134608   0.00476185   -0.0281628     0.225549     0.104113   0.00183499    0.0488935   -0.0894538    0.0826971     0.280468    0.0810792     0.118509    -0.138235     0.145951     0.141927     0.234306    0.0369315   -0.0159021     0.041179    0.0859627     0.122111      0.26283    -0.114568   -0.0445757   -0.0686193    0.0195297    0.0637477     0.160231   -0.0312346   -0.0806147   -0.0532389   -0.0204388    0.0683942     0.221892    0.0533131    -0.126006   -0.0753753    0.0512287     0.137348
   -0.151903    0.0519991     0.169774     0.181841    0.0912724    0.0526214    -0.071245   -0.0442996   0.00688678     0.100441   -0.0306912     0.172242   -0.0177332    0.0018854    0.0464112   0.00942965   -0.0300375     0.149528   -0.0671737     0.170122    0.0708855    0.0901566     0.149967     0.086374    0.0246191    0.0257372    0.0342053     0.143454     0.120604    0.0534513   -0.0390375    0.0412271   -0.0219864     0.164999    0.0247164    0.0246489    0.0114637     0.183235   -0.0974119    0.0580066     0.164402    0.0407461    0.0790215   -0.0216958    0.0172529    0.0293067    0.0585643    0.0499299
  0.00910984    0.0595229     0.118959    0.0951373     0.173598   -0.0651552    0.0811673    0.0586056     0.115068     0.150466    0.0634701   0.00408885    0.0220536   -0.0191799     0.110798      0.12339    0.0755437   -0.0494743    0.0166176   -0.0244485    0.0716212      0.13177    -0.150218    0.0623914    0.0925846     0.148045    -0.106844    0.0679789    0.0104692    0.0314401    0.0578738    0.0120182    0.0316381    0.0545786    0.0113784     0.123781  -0.00531062    -0.167437      0.15935     0.158265   -0.0330637     0.102549    -0.165202     0.127072     0.212398     0.111219     0.195956    -0.114058
   -0.229361    -0.100681      -0.1544    -0.102699    -0.213724    -0.131091    -0.157902    -0.165353    -0.143485     -0.14823    -0.161751     -0.15889      -0.1495    -0.131873   -0.0778884   -0.0784838   -0.0925495   -0.0968899    -0.169934    -0.118814    -0.148752    -0.133061    -0.217191   -0.0800283   -0.0703021    -0.104193    -0.122091    -0.144596    -0.200768   -0.0616562    -0.123055    -0.118804    -0.163549    -0.177297   -0.0928685    -0.145687   -0.0495371    -0.089393    -0.114392    -0.134161    -0.107569    -0.102324
 -0.00420573    -0.283941     0.117585   -0.0697145    -0.106185    -0.327761    0.0116359    -0.497878    -0.324204    0.0187985    -0.174077     0.356083    -0.211799     0.118475    -0.315135   0.00376997    -0.166595    0.0896022    -0.444476     0.111284     0.120054   -0.0131365    -0.045438   -0.0523759     0.166032     0.017819   -0.0455296    -0.542899   -0.0147088    -0.151467     0.194454   -0.0166277   -0.0809733    -0.554304    0.0640814     0.120697     0.137497     -0.28449    0.0281256    -0.322523    -0.225238  -0.00578606
   0.0920597    -0.330732    -0.203193      -0.2105    -0.391449    -0.308647    0.0511151    -0.202435   -0.0172391    -0.253889    -0.128162    0.0296727    -0.140972     0.257871   -0.0224708    -0.138663     -0.12885    -0.203051    0.0989476    0.0667132    0.0523186    0.0724794    0.0175994   -0.0644808    -0.293233   -0.0318431  -0.00163224    -0.155391    0.0203113    -0.468123   -0.0357013   -0.0653301   -0.0894914   0.00868799    -0.157205    0.0555806   -0.0544504    -0.168732    -0.113801    -0.362513   -0.0999729    -0.140765
   0.0522932   -0.0947224    -0.135016    -0.194374    -0.112356    -0.162968    -0.104772    -0.177334   -0.0691413    -0.241347    -0.172447   -0.0431059    -0.162583     0.012342    -0.118706    -0.143543    -0.129295    -0.153508   -0.0445048  -0.00714274    -0.064272    -0.153395   -0.0634911    -0.100311    -0.252906    -0.136219    -0.192166   -0.0701629    -0.024496    -0.272179   -0.0977144    -0.164112     -0.22002    -0.140314   0.00457221   -0.0318122   -0.0333274   -0.0627836    -0.122093    -0.139446    -0.182527    -0.143907
   0.0845606    -0.133632    -0.123457    -0.224916    0.0455342     0.034849    0.0650818    -0.138022     0.013478   -0.0697653    0.0132804    -0.145635   -0.0921905     0.145954   0.00183318    -0.339592   0.00745691    -0.210726   -0.0297821    -0.158993   -0.0639055    -0.231599     0.104743    -0.233897    -0.195944    -0.203304    -0.135778    -0.210306    -0.115384   -0.0881947    -0.151381    -0.228166   -0.0835932     -0.21476    -0.205193     -0.20566    -0.193588    -0.241875   -0.0624022     -0.19303   -0.0357101   -0.0313083
    -0.18857   -0.0975002    -0.164329   -0.0844545    -0.142878    -0.167615    -0.152117   -0.0972501    -0.182136      -0.1117    -0.141327    -0.193827     -0.10829    -0.181557   -0.0762497    -0.112016    -0.140177     -0.11598    -0.236799   -0.0943106    -0.117011   -0.0704545    -0.139806    -0.188164     -0.09102    -0.116685    -0.061608   -0.0965806    -0.153642   -0.0975755    -0.115296    -0.160558     -0.16704     -0.13198   -0.0753492    -0.124034    -0.137222   -0.0791071    -0.181002    -0.129864    -0.104295   -0.0995951
   -0.111734    -0.122092    -0.144919   -0.0861322    -0.124276    -0.123201   -0.0833997    -0.127202    -0.196157     -0.10261    -0.134305    -0.202502    -0.170155    -0.258913    -0.139299    -0.166184     -0.12298    -0.104711     -0.28829    -0.161591    -0.198629    -0.145412    -0.112082    -0.131522  -0.00363088    -0.137579   -0.0617571    -0.131122    -0.173373   0.00279527    -0.075789     -0.13783    -0.118471    -0.165516   -0.0825768    -0.157651   -0.0226205   -0.0460496    -0.164585   -0.0776358    -0.141738   -0.0494289
   0.0888987    -0.305592   -0.0873898    0.0213517    -0.228267    -0.305294    -0.111115    -0.283226   0.00634295    -0.407694    -0.297697    -0.122842    -0.270006      0.19436   -0.0576082    -0.132654    -0.101957   -0.0338534   -0.0498442      0.12637     0.176499    0.0746695    0.0454534   -0.0599638    -0.183624    -0.107874   0.00572723   -0.0853757   -0.0247228    -0.336449    0.0691876    -0.265696    -0.335095   -0.0966536   -0.0133005    0.0880417    0.0487537     0.056683    -0.137767    -0.335717    -0.107586    -0.221868
   -0.126428    -0.108856    -0.106618   -0.0923577    -0.205904    -0.158343    -0.092599    -0.128431   -0.0890403     -0.11198    -0.180667   -0.0634394   -0.0934748   -0.0771976   -0.0618972   -0.0692619      -0.1587    -0.131987     -0.12556   -0.0676665   -0.0772357    -0.128435    -0.128474    -0.187753    -0.306204    -0.126298    -0.234337      -0.1662    -0.137375    -0.264255   -0.0967421   -0.0822656   -0.0887751    -0.103991    -0.179085   -0.0445547   -0.0275905    -0.165245    -0.126557    -0.172829   -0.0444157   -0.0687443
   -0.199948    -0.120535   -0.0580242   -0.0500342     -0.23449    -0.163876    -0.133651   -0.0236147    -0.161815     -0.27563    -0.226196    -0.122938    -0.160041    -0.109722    -0.059179   -0.0648729    -0.162956   -0.0911552    -0.206796    0.0780303   -0.0581466    -0.127902    -0.202974    -0.121509    -0.108252   -0.0841961    -0.177357    -0.191039    -0.112035    -0.164496   -0.0587089   -0.0950553    -0.136882    -0.197649    -0.112087    -0.128756   0.00723265    -0.194778   -0.0874374    -0.113717   -0.0442702   -0.0787602
   -0.158085    -0.107421    -0.136449    -0.167561    -0.108919   -0.0987255   -0.0445222   -0.0965791   -0.0693365    -0.106292    -0.117896    -0.147767   -0.0693975    -0.121398   -0.0722882    -0.154847    -0.112322    -0.200142    -0.136509    -0.157304    -0.121994    -0.170849    -0.197565    -0.184159   -0.0886253   -0.0675815    -0.225771    -0.147524    -0.202138   -0.0983387    -0.178008    -0.163021   -0.0739788    -0.053511   -0.0330386    -0.177211    -0.178227    -0.115868    -0.115992   -0.0897497     -0.14559    -0.133346
    -0.17481   -0.0617722    -0.142802    -0.129451    -0.140475    -0.128762    -0.198706   -0.0977268    -0.165062    -0.130921    -0.178006    -0.161424    -0.133535    -0.214491    -0.161101    -0.118171    -0.124434   -0.0958382    -0.179232    -0.135909    -0.144061   -0.0905132    -0.231126    -0.168186   -0.0835512    -0.102553    -0.165248    -0.129346    -0.188236    -0.144124    -0.131618   -0.0757572   -0.0853586    -0.128876   -0.0785255    -0.108273   -0.0562864    -0.100364    -0.126134   -0.0786499    -0.109238   -0.0852024
   -0.320876    -0.115601     -0.17229   -0.0338875    -0.131381    -0.118397    -0.152082    -0.201863    -0.302249   -0.0646858    -0.105382    -0.141565   -0.0181083    -0.326773    -0.168741    -0.015292    -0.108286   -0.0708935    -0.234563    -0.049343    -0.252597   -0.0266619    -0.130771    -0.108751   -0.0421425    -0.181535   -0.0119722    0.0413644    -0.242471    0.0323628   -0.0431517    -0.168589   -0.0222797    -0.164678    -0.168419    -0.165983     -0.11382    -0.135827   -0.0343533    -0.098771     -0.18423   -0.0389877
    -0.30524   -0.0192935   -0.0868158   -0.0931821    -0.153372   -0.0973514    -0.190048   -0.0990612    -0.182816    -0.110067    -0.168914      -0.1055    -0.137304     -0.24137    -0.113355   -0.0635856    -0.104347    -0.138785    -0.220625    -0.072238    -0.237359    -0.116476    -0.169525    -0.150362   -0.0625314    -0.122712    -0.137059   -0.0165541     -0.21202    -0.047077    -0.154961    -0.144844    -0.121674    -0.131924   -0.0453708    -0.205122    -0.101777   -0.0662351    -0.128274    -0.041838    -0.111456   -0.0791015
   -0.182601    -0.114401    -0.173663   -0.0763487   -0.0994732    -0.154174    -0.119609    -0.106382    -0.164788    -0.100916    -0.102288    -0.127808   -0.0754999    -0.175538    -0.209673    -0.080708    -0.162314    -0.107323    -0.148939    -0.137473    -0.132629    -0.116639    -0.186447    -0.146102    -0.116763    -0.169563   -0.0753252    -0.133901    -0.109821    -0.102802    -0.132526    -0.188251    -0.163696    -0.175012   -0.0950865    -0.100778    -0.199978    -0.125167   -0.0964748   -0.0877277    -0.101303    -0.117207
   -0.126482    -0.153133    -0.193006   -0.0541919    -0.103696    -0.127525    -0.118008   -0.0493412   -0.0551467   -0.0962476   -0.0950535    -0.240702   -0.0572007    -0.183823    -0.132887   -0.0844778    -0.193615     -0.17269    -0.143061   -0.0873125   -0.0531128   -0.0673768    -0.130312    -0.148016    -0.257077    -0.147495    -0.125885   -0.0145895    -0.119399    -0.134506   -0.0678541    -0.117342     -0.18083   -0.0574304    -0.195726    -0.133667    -0.191801   -0.0585357    -0.207908    0.0257716    -0.125791     -0.21992
   -0.240887    -0.110483    -0.221027    -0.114615     -0.17416    -0.200984    -0.134256   -0.0529857    -0.184148   -0.0556128    -0.159312    -0.145011    -0.124588    -0.279738    -0.135369    -0.096331    -0.105455    -0.118101    -0.196319   -0.0584795    -0.135994    -0.135586    -0.229875    -0.155713    -0.105679    -0.119263   -0.0842422   -0.0558635   -0.0972461   -0.0860818   -0.0471514    -0.082099    -0.133857    -0.173104   -0.0434491   -0.0913504   -0.0820112     -0.11159    -0.146737    -0.134895    -0.081183   -0.0989819
   -0.183369   -0.0373273   -0.0768616    -0.116787    -0.113995    -0.106843    -0.240413    0.0456951   -0.0051146   0.00497623    -0.128178    -0.215217   -0.0337199    -0.190031    -0.021764     -0.07755    -0.144015    -0.101868    -0.066465     -0.25085    -0.123932    -0.301126    -0.256126    -0.111143    -0.163409    -0.026903    -0.293185   -0.0911731   -0.0878956   -0.0780468    -0.239084   -9.295e-05    -0.152373  -0.00663402   -0.0597453    -0.266385    -0.153607  -0.00944797    -0.226873    0.0037889   -0.0795108    -0.237112
   0.0332331    -0.176259    -0.021314   -0.0941215    -0.219296    -0.277527    0.0226307    -0.110712   -0.0987444    -0.357869    -0.125789   -0.0759998    -0.112217   -0.0476847    -0.121592    -0.159314   -0.0106844    0.0384594    -0.137307    0.0130647    -0.255463   -0.0524563     0.217257    -0.124082   -0.0267396    -0.217525    -0.187078   -0.0428063    -0.334836    -0.173237    0.0708521    -0.283068    -0.224786   -0.0556867    0.0348962    0.0162887   -0.0806431    -0.350535    0.0783282    -0.421459  -0.00521755     0.132893
    0.224518   -0.0541752    -0.318923   -0.0674222   -0.0197468    -0.182976     0.117454    -0.217526   -0.0355032    -0.438681    -0.170004    -0.155373    -0.121423     0.232948    -0.230784     -0.31521    0.0157772    -0.100013   -0.0240555   -0.0535985     0.116356    0.0346307   -0.0725383    0.0280739    -0.190301     -0.19707    0.0644182    -0.231111   -0.0426516    -0.348929   -0.0580814    -0.387876    -0.261811    -0.181587     0.056372   -0.0206301     0.131478    -0.194457   -0.0210428    -0.327335    0.0997989    -0.215005
  -0.0882176   -0.0137448   -0.0691038    -0.171334   -0.0420978    -0.120699    -0.193324   -0.0789096    -0.081861    0.0295539   -0.0713104    -0.141479   -0.0743832    -0.278576    -0.170212    -0.219313    -0.190753     -0.21174    0.0418094     -0.35253    -0.083646    -0.282351    -0.223539   -0.0865997   -0.0519438    -0.125169   -0.0931716    0.0049249   -0.0323579   0.00898761    -0.302373   -0.0588971    -0.074864    0.0326882   -0.0207842    -0.176149    -0.231324   -0.0372238    -0.199015    0.0667847    -0.226766    -0.233377
   -0.308035    -0.101612   -0.0970719    -0.141804   0.00521752   -0.0544729    -0.188408    -0.189795    -0.346576     0.198826   -0.0616837   -0.0377937   -0.0659388     -0.40529     -0.31496    0.0492767   -0.0845249    -0.190437    0.0121748    -0.410891    -0.245537    -0.218758   0.00947351    0.0177085      0.16541    -0.136086   -0.0147259    0.0160407    -0.236141     0.161715    -0.251545   -0.0596456   0.00482022    0.0657442    -0.194893    -0.301031    -0.330103    -0.019471    -0.150422    0.0788092     -0.29396    -0.133873
  0.00665762    -0.154164     -0.18778    -0.194877    0.0252193   -0.0737955   0.00251908     -0.14539   0.00041481    -0.103676   -0.0962996    -0.126274   -0.0871235    -0.210858    -0.114594    -0.195415   -0.0705483    -0.141183    -0.061976    -0.202444   -0.0856887    -0.124113   -0.0679665    -0.159094    -0.186338    -0.274876   -0.0631677    -0.114783   -0.0900306   -0.0819903    -0.294594    -0.098064   -0.0616267   -0.0805796    -0.216031      -0.1382    -0.131585    -0.149734     -0.21495    0.0418011    -0.175733    -0.122721
   0.0353357    -0.156891    -0.276403     -0.15264  -0.00167543   0.00868261    -0.007043   -0.0561653   -0.0583764   -0.0438746   -0.0446019    -0.191308   -0.0523122    -0.226908    -0.166962     -0.23182    -0.142739    -0.183258  -0.00493371    -0.234833    -0.102876   -0.0464365    -0.135484    -0.127004    -0.158796    -0.204415   -0.0650274   -0.0639292   -0.0353732   -0.0939318    -0.258469   -0.0608072   -0.0294643    -0.112353    -0.260316    -0.149352    -0.173962   -0.0854152    -0.263981    0.0544926    -0.175453    -0.199579
   -0.374189     0.013406   -0.0866658   -0.0455537    -0.161573   -0.0846469     -0.21121   -0.0705067    -0.277313    -0.057534    -0.181979    -0.123919    -0.114928    -0.272935    -0.134738   -0.0533237    -0.085342   -0.0912694    -0.284412   -0.0370451    -0.284153    -0.146193    -0.285577    -0.141391   -0.0152762   -0.0555277    -0.135671    -0.029548    -0.227182   -0.0659764    -0.158621   -0.0943966   -0.0813551     -0.11449   -0.0887062    -0.215631 -0.000976115    -0.140812   -0.0740511   -0.0585538   -0.0682308   -0.0327581
   -0.101665    -0.134772    -0.135438   -0.0490183   -0.0443097   -0.0835325    -0.150242    -0.160743     -0.14629    -0.163012    -0.169951    -0.218258    -0.153363    -0.207659    -0.102348   -0.0186052    -0.185298    -0.141533  -0.00214402    -0.119249    -0.239864   -0.0643122    -0.104323    -0.164757   -0.0953903    -0.202956    -0.177421   -0.0899362    -0.119322    -0.018872    -0.193805    -0.100364    -0.129604   -0.0624881    -0.200169    -0.061352    -0.121055    -0.118437    -0.243998    0.0059609    -0.049258    -0.193334
   -0.145021    -0.108394   -0.0318642    -0.137721    -0.204661    -0.103378    -0.112579    -0.170616    -0.188599    -0.143813    -0.159295    -0.117949    -0.097128   -0.0940736    -0.115955   -0.0977525    -0.165483    -0.199956   -0.0698596     -0.10118    -0.099247   -0.0986875    -0.184932     -0.13141    -0.166633    -0.116808    -0.203226   -0.0676794    -0.152981     -0.12922     -0.15505    -0.126834   -0.0742108    -0.108856    -0.155314   -0.0847045    -0.102332    -0.142337    -0.128828   -0.0869866    -0.109924    -0.156188
   -0.133779     -0.10273   -0.0705768     -0.10108   -0.0984128   -0.0552979   -0.0493465    -0.145793   -0.0793012     -0.11838    -0.137375    -0.192268    -0.177792    -0.153075     -0.15073   -0.0761565    -0.180499    -0.201716   -0.0105245   -0.0993254    -0.189311    -0.117121    -0.149564    -0.159829    -0.124596    -0.156024    -0.145632    -0.109198    -0.177545   -0.0575422    -0.191108   -0.0836816    -0.111749    -0.123407    -0.155656    -0.117189    -0.138279    -0.188718    -0.197515    -0.114191   -0.0655317    -0.153471
    -0.27779   -0.0968865     -0.12852   -0.0448676    -0.258958    -0.157051    -0.169136   -0.0833446    -0.190625    -0.175644    -0.182852    -0.180532   -0.0505301    -0.130883   -0.0798979     -0.03284    -0.136166   -0.0165108    -0.235721   -0.0854021    -0.109948   -0.0387838    -0.211315     -0.19163   -0.0891973   -0.0676556   -0.0714813   -0.0727186    -0.176398    -0.157653   -0.0297452    -0.052001    -0.166513    -0.208733    -0.100153      -0.1499    -0.100381    -0.118912   -0.0930901    -0.184377   -0.0483341     -0.11424
   -0.421673    0.0369031   -0.0948605   -0.0264589    -0.102645   -0.0810644    -0.306918   -0.0412001    -0.204607    0.0383101    -0.160716   -0.0829904   -0.0945434     -0.28351    -0.126242   -0.0501506    -0.115935    -0.115764    -0.295139    -0.214572    -0.236027    -0.345798    -0.259942   -0.0253759   0.00274978  -0.00952599     -0.23487   -0.0117486    -0.163974    0.0769222    -0.208299    -0.052602   -0.0548762   -0.0419689   -0.0221767    -0.361983   -0.0540004   -0.0259279    -0.078187   -0.0824487    -0.167006   -0.0479738
   -0.315716    0.0165462    -0.128824   -0.0488274    -0.118145    -0.132431     -0.22231    -0.104704    -0.180427    0.0573386    -0.190013    -0.096653    -0.082074    -0.252476     -0.13739   -0.0877664    -0.052115    -0.100921    -0.106687    -0.254974    -0.245041    -0.287472    -0.186676    -0.076024    0.0396447   -0.0712917    -0.206893   -0.0934897    -0.180284    0.0558977    -0.213619   -0.0441977   -0.0952711  7.28442e-05   -0.0552022    -0.312612    -0.109237   0.00513054   -0.0889769   -0.0783543    -0.162094     -0.10506
   0.0578381    -0.332951    -0.134913    -0.235011   -0.0669808   -0.0490224    -0.259021   0.00340651   -0.0436731    -0.273226   -0.0779962   -0.0650831    -0.317437      0.18846   -0.0347424    -0.116936    -0.213125   0.00585819     0.127143    -0.101071   -0.0931641    -0.130962     0.193987    -0.206938    0.0358014   -0.0524208     0.018538    -0.285825    0.0752799    -0.200683    0.0272787   -0.0232312   -0.0850192    0.0355424    -0.420254    -0.132292    -0.336683    -0.228481   -0.0142227    -0.252481    -0.150356     -0.01364
  -0.0375551    -0.178579    -0.119116     -0.19512   -0.0405692    -0.134832    -0.113393    -0.194854    -0.127941   -0.0603573    -0.120114   -0.0251668   -0.0969054    -0.116315    -0.161554    -0.184972    -0.184884    -0.243646   -0.0440917    -0.132729   -0.0351893   -0.0523687   -0.0688421    -0.104685   -0.0642525    -0.096497   -0.0109824     -0.17119   -0.0890493    -0.129372    -0.146188    -0.103721    -0.101686    -0.187083    -0.205665    -0.122137   -0.0948502    -0.108102      -0.1864   -0.0614899    -0.265434    -0.145865
    0.464917    -0.176554     0.412786    -0.390736     0.208201     0.174893      0.24396  -0.00514147     0.163881     0.175552   -0.0512528     0.128235    -0.157237     0.368561   0.00556603    -0.174876   -0.0832841    -0.156754     0.360605    -0.370399     0.195689    -0.225149     0.268481    -0.419495    -0.414556    -0.108913    -0.443878    -0.721706    -0.365086    -0.649941    -0.175162    0.0958957    -0.102525     0.115338    -0.245818   -0.0632685    -0.513957    -0.262418    -0.189395   -0.0260307     0.158529    -0.467392
   0.0472887    -0.222273   -0.0758077    -0.304614    0.0613585   -0.0558821    -0.337599   -0.0462065    -0.052178    -0.283206    -0.135454   -0.0261149    -0.230767      0.19322   -0.0162502    -0.062299      -0.1793   -0.0635802    0.0499339   -0.0681839    -0.173316    -0.082749     0.100282    -0.183233    0.0233805   -0.0627422   0.00303559    -0.298112    0.0585977    -0.124788    0.0530924    0.0917651     -0.10932   -0.0858506    -0.407713   -0.0903811    -0.332244    -0.231435   -0.0551086    -0.240456     -0.28145     0.023706
  -0.0827147    -0.166436    -0.198861    -0.109898    -0.232397    -0.208942   -0.0621369    -0.165939    -0.103419    -0.173959    -0.161202    -0.154034    -0.151078   -0.0727161     -0.14813     -0.16361    -0.167941   -0.0754076    -0.077217   -0.0958685   -0.0279114   -0.0751898  -0.00579714   -0.0604191   -0.0351715    -0.122073   -0.0718386   -0.0642016   -0.0899616    -0.156964   -0.0344425    -0.210264    -0.228811   -0.0621117   -0.0785577   -0.0918935    -0.139867    -0.119445   -0.0929877    -0.240645    -0.131731    -0.158995
