no weights
      0.0755   -0.0251766    0.0307919   -0.0755717    -0.172132    0.0411008   -0.0477595   -0.0117589     0.147472    -0.141763    -0.252062     0.165291    0.0554062    0.0211595   -0.0506681   -0.0295779    -0.126407     0.158547    0.0625384     0.051165   -0.0519477    0.0919273    -0.294704    0.0726107   -0.0634341      0.12616     0.179926     0.101343    -0.184944  -0.00469898    -0.125742     0.121053     0.140406    0.0932942    -0.229519   -0.0164978  -0.00609541   -0.0221528   0.00194428    -0.130892    -0.330538     0.191291     0.127292     0.317306     0.347993     0.208252    -0.052083     0.309972
  0.00301333    0.0632251    0.0322469   -0.0601701   -0.0538966    0.0395072    0.0792172    0.0272439    0.0559373   -0.0199308    0.0297622     0.071265    0.0842959   -0.0243222    0.0310049    0.0976975    -0.108637     0.146913    0.0864955    0.0564721   -0.0238613     0.102586   -0.0489947     0.135627    0.0735885     0.102369   -0.0615178    0.0665234   -0.0409923     0.171238    0.0587555    0.0939121    0.0519295    0.0922497   -0.0377544      0.19947    0.0365288    -0.111138     0.167233    0.0970771    -0.171314     0.113456    -0.151799     0.159422     0.112968    0.0887998   -0.0557701    0.0215645
    0.144912     0.151002    0.0148644     0.069779    0.0737403     0.160768     0.213103    0.0344287    0.0173537    -0.117842     0.170265     0.094868   -0.0271284     0.125333   -0.0570776   -0.0184308     0.241822    -0.251552    0.0810985   -0.0124271      0.12284     0.198395   -0.0506724   0.00155398    -0.036641    0.0506424   -0.0209728   -0.0830469     0.110961 -0.000256091   -0.0795852     0.128123    -0.117137    -0.212831    0.0972338    -0.055958     0.120109   0.00749934     0.125069   0.00571125   -0.0854621     0.103752    -0.115774     0.188136     0.153103    0.0904194    0.0526967    -0.158173
   0.0851151     0.252746     0.155205     0.204581   -0.0409289     0.212621    -0.087047   -0.0751213   -0.0750987    0.0281902    -0.112032    0.0868177    -0.114806     0.157294   -0.0584353      0.21793    -0.067159   0.00364202     0.171891    -0.242337     -0.15329   -0.0481799   -0.0654451   -0.0267983   0.00498638    -0.082224     0.174388    0.0186478   -0.0227241     0.051269    0.0928942     0.115862    -0.239164    0.0898989     -0.15516    0.0243144     0.207071     0.228229    -0.106057    0.0908246    0.0444938     0.104661      0.13724     0.058613    -0.231528    0.0370426     0.037907     0.178761
    0.282956     0.198345     0.191723    0.0588054   -0.0137658    0.0501947     0.164549    0.0639357     0.151002    -0.253717    0.0799439   -0.0314065    0.0968686     0.127157   -0.0537784    0.0180201    0.0430337   -0.0695291   -0.0960035    0.0148699     0.139495     0.267406   -0.0156524   -0.0846099    -0.237825     0.250901    0.0957709     0.141423    -0.189267    0.0657326    -0.106284   -0.0105312   -0.0542778    -0.188751    -0.222115    -0.186849    0.0187569    0.0799302      0.38754    0.0857133    -0.115143   -0.0877125     0.101955     0.055507    0.0208381    -0.142818     -0.26976    0.0203999
    0.140325   -0.0964993   -0.0404965   -0.0848639   -0.0219524   -0.0798429     0.165487     0.146304     0.171385    0.0687336    -0.227449    0.0550643     0.199896    0.0786577    0.0461108   -0.0292991    -0.182794    0.0139829     0.298804    -0.055989      0.21778    0.0499983    -0.145709     0.138668     0.153786     0.113707   -0.0388856    0.0431694    0.0158841    0.0231797     0.083909    -0.107377   0.00139863    -0.162193   -0.0677269    0.0134127     0.184031    -0.294486  0.000904127   -0.0744597    -0.275762     0.154298     0.127271     0.234259     0.215096     0.155515     0.173872    0.0251359
  -0.0409003    -0.289378   -0.0402508    -0.240614   -0.0380779    -0.077261    -0.253231     0.175269     0.235334     0.214258   -0.0164781    -0.280318    -0.216762    0.0145264     0.333869     0.107843    0.0486906    -0.225686    -0.174187    0.0611351     0.017178    0.0185761    -0.197599    -0.193773    -0.139858     0.113836     0.211511     0.201011    0.0618369    -0.310961    -0.184588     0.202093     0.442969     0.296987    0.0071176    -0.087697    -0.254582    -0.161618     0.178014  -0.00839559     -0.14822     -0.10652   -0.0130508     0.142679      0.32828      0.22885     0.127248     0.104262
  0.00522034   -0.0153859    -0.191998    -0.214657    -0.157722    -0.068885     0.119816     0.134087     0.113545    -0.143793    0.0529515   -0.0219601     0.149264    0.0324561    0.0817301    -0.153727    0.0329899     0.177584     0.104219    0.0704877     0.118818    -0.155458     0.124997     0.046605     0.179232    0.0357968     0.192178   -0.0488546    0.0258842    0.0602133     0.106208    0.0206697     0.157816   -0.0445564    0.0506683    0.0227085     0.153426    0.0751952    0.0973891    -0.128144     0.195374    0.0761918    0.0558961     0.189162   -0.0976366   0.00691039   0.00758406    0.0570476
  -0.0599764   -0.0696274    -0.230013    -0.132701    -0.130051   -0.0245864     0.183895    -0.053242   -0.0591663    0.0670492   -0.0113043    0.0599136     0.142783     0.143436    0.0894007   -0.0383996   -0.0736974     0.150737     0.198267   -0.0102585   -0.0435191    -0.212534     0.191091     0.184871      0.36231   -0.0593261    -0.160515    -0.127579     0.195101     0.190131     0.331225   -0.0704834    -0.079264    0.0207107     0.177295     0.236977     0.129111   -0.0930622    -0.179319    0.0409518    0.0973912     0.113613     0.150185   -0.0735635    -0.202047     -0.13956     0.149406    0.0668212
   -0.103253   -0.0922148    -0.124899    0.0755219    -0.234001   -0.0508932   -0.0220764   -0.0317608   -0.0706687    0.0441122    -0.286132     0.118151     0.155736    0.0949033    -0.179039     0.136231    -0.178414     0.267837     0.125184   -0.0354612    -0.134195    0.0218149   -0.0274407    0.0916383     0.108248    -0.107043    0.0456828     0.212648    -0.118194    0.0175008   0.00027471   -0.0328485    -0.204226     0.275482   -0.0158509   -0.0786378    0.0964799     0.166037    -0.358887    0.0486377    0.0182657    0.0378344     0.368762   -0.0521568   -0.0816864     0.102992      0.19898     0.397435
   -0.168477    -0.177748     0.135359    0.0121397   -0.0964327     0.143837    -0.252562     0.106954     0.160776     0.149542    -0.111324   -0.0603246    -0.147907    0.0783434     0.171193     0.255578    -0.191044   -0.0151718    -0.125902     0.115553    0.0945807     0.128651     0.198039   -0.0815291    -0.225355    -0.101166    0.0534034     0.111474    -0.065248     0.061296    -0.202261     -0.14345     0.175242     0.179779   -0.0343168    0.0268186    -0.191254    0.0149482   -0.0706072    0.0419752   -0.0682999     0.098893    0.0521903    0.0646429     0.206999     0.182596   -0.0593175     0.130068
   0.0154512     0.343188     0.299689     0.331713     0.113937     0.109102    0.0978796    0.0298383    0.0189962    -0.140821   0.00731238     0.163205   -0.0582436    0.0488783     -0.12239   0.00588562    0.0697051    0.0297554   0.00213464   -0.0671031    0.0927584     0.328323     -0.11752   0.00899315     -0.18906     0.165884     0.188898     0.100854   -0.0608176    0.0943998    -0.214981    0.0864496    -0.174816   -0.0985784    -0.107767     -0.13503    0.0409709     0.125734     0.195583      0.11409   -0.0928704    0.0479624    -0.132718   -0.0335294    0.0159788   -0.0706192    -0.157579    -0.158448
  -0.0777416    0.0126245    0.0725031    0.0321461    -0.021624     0.111766    -0.102515     0.143619     0.152771   -0.0441144     0.153257     0.129305    -0.233608    0.0534706     0.211513    0.0228447     0.131491  -0.00986687    0.0357667    -0.192982     0.187874    -0.178346     0.153168     0.157822     0.131619   -0.0311155    0.0829331    -0.188445     0.248241     0.193044        0.102    0.0475756   -0.0166051    -0.177669     0.214678     0.220029     0.025109    0.0794086     0.169028    0.0203548     0.131711    0.0735785    -0.135649     0.135198   -0.0922933    0.0598574   -0.0949161    -0.231198
     0.14569    0.0755507   -0.0507616   0.00568014    0.0742122    0.0983622      0.19631  -0.00781844     0.024974   -0.0615484   -0.0745417    0.0689851     0.261208    0.0583887    -0.170831     0.011327    0.0538575     0.119396     0.124699    0.0549298   -0.0141541     0.142688   -0.0068864    0.0902591   -0.0336419     0.114165   -0.0192502     0.128213    0.0176505    0.0685614   -0.0491259    -0.107923    0.0298405    -0.111989   -0.0196795   -0.0692324     0.106239   -0.0164144    -0.050927    -0.103773   -0.0554148     0.100146     0.131241     0.128726     0.140545     0.111985   -0.0258811     0.108272
   0.0533423     0.179467    0.0951364     0.276927     0.141777     0.173232    0.0496087    -0.157992    -0.134768     0.116383      0.11319    0.0710184  -0.00608001    0.0454808   -0.0797881     0.186325    0.0462932    -0.027991    0.0466621   -0.0564063    -0.218485     0.130355    0.0127885    0.0510731   0.00892614    0.0292675    -0.153254    0.0544119   -0.0189127     0.163248    0.0784252     0.197375    -0.250517     0.135287   0.00596397     0.198032     0.082826    0.0772475    -0.129424     0.153282   0.00530333     0.133061    -0.139535   -0.0559636    0.0219981     0.054547     0.175915   -0.0252495
    0.184382  -0.00079622    -0.227977     -0.24635    -0.175395   -0.0762538     0.149853     0.115365    0.0776125    -0.155174    0.0863757     -0.13177     0.252357     0.169635     0.139995   -0.0822046   -0.0546543     0.172689     0.145398     0.238361     0.221135    -0.110826     0.250334  -0.00790292     0.113596    0.0910414     0.121261   0.00936947    -0.024253    0.0796658     0.164712   -0.0916402     0.239164   -0.0745115    0.0184285    0.0362126    0.0812444    0.0217801    0.0992246     -0.11161     0.132602   -0.0141022     0.254867   0.00342621    -0.238922    -0.224302    -0.230483     0.123698
    -0.29046     0.149176     0.260808     0.145239    -0.200915     0.178755    -0.106796     0.125481     0.186357    -0.174551    -0.292263     0.346695   -0.0449077   -0.0725847    0.0780958    -0.140221    -0.277991     0.346134   -0.0368232   0.00244328      0.23889    -0.137797    0.0712236     0.298075    0.0114504    -0.119445     0.112503    -0.260185    0.0317859     0.293253   -0.0797528    -0.130934    0.0281429    -0.157765   0.00835592     0.212712   -0.0160024     0.154924   -0.0262162  -0.00229205   -0.0385324     0.257313     -0.07768     0.226471    0.0562876     0.176316    -0.229691   -0.0298049
   -0.213843   -0.0516173    0.0801249    0.0458485   -0.0176301     -0.10651    -0.114342    0.0537226     0.165565     0.129144    -0.145003    0.0764183    -0.146674   -0.0692705     0.118085    0.0234733   -0.0920553     0.203108    -0.156816      0.10769   -0.0632542    0.0200373    -0.255316     0.173612   -0.0997749    0.0670376     0.150563     0.171236   -0.0566605    0.0269236   -0.0512498     0.118022     0.300184     0.252668   -0.0436076     0.125642     -0.21088   -0.0518188     0.149471     0.126232    -0.111876    0.0650354    -0.136964     0.163335     0.272926     0.208158     0.214679   -0.0679405
   0.0410854   -0.0731925    0.0656993    0.0184519     0.115233    -0.233883     0.106933     0.124351     0.128632     0.109251     0.106852    -0.176373   -0.0802291    0.0057584   -0.0441966     0.139183    0.0892156    -0.107006   -0.0853798    0.0382481    0.0233973     0.209086    -0.256704   0.00419812    -0.223712     0.221824    -0.134161     0.210774   -0.0853605    -0.014913    -0.195225    0.0323244     0.126191   -0.0323739   -0.0348875   -0.0940597    -0.176317    -0.101591     0.299508      0.14789    -0.183352   -0.0292431    -0.279329   -0.0752569     0.262464    0.0469606   -0.0142257    -0.231904
  -0.0602184     0.140899     0.245848     0.146349    0.0889421    -0.201247     0.116079     0.167524      0.12121   -0.0427081    -0.153786     0.109081   -0.0384688   -0.0188026    0.0598582     -0.16969     0.193631   -0.0817919   -0.0400168   -0.0654315     0.227255       0.1992    -0.348923    0.0273794    -0.123171     0.110999     0.204343    0.0177071    0.0309347    -0.177199     -0.22796     0.144444     0.028334    -0.142019   -0.0297532    -0.274539     0.111032    -0.104819     0.152052   -0.0819261    -0.236152   -0.0943957    -0.155054     0.360465     0.360561      0.18154    0.0959602   -0.0637562
    0.298118     0.206147    -0.118128     0.128458     0.145217     0.266339     0.160301     -0.17554    -0.165986   -0.0443678     0.114466     0.222065    0.0773461     0.117452   -0.0802765   -0.0326088      0.18087    0.0663959     0.116932    0.0851925    -0.129391   0.00707932     0.158847     0.140768     0.215194    0.0937585    -0.179027    -0.105999     0.144264     0.160481      0.23124     0.200605    -0.281213   0.00821638    0.0536182     0.249951    0.0879349     0.181199    -0.186751   -0.0656789     0.149606     0.138189    0.0823598    -0.175759    -0.371787     -0.35066   -0.0322567    0.0920063
   -0.107339    0.0824264     0.239717     0.054864    -0.122098   -0.0496937    -0.194106     0.117598     0.145504    0.0164432    0.0245211    -0.180445    -0.154871   0.00925817     0.164405     0.167792   -0.0240033   -0.0150381    -0.305947     0.114313    -0.066363     0.113516   -0.0946492    -0.100713    -0.249403    0.0635376     0.283161     0.193315    -0.191323   -0.0293087    -0.233307    0.0801606     0.287248     0.235752    -0.211466    0.0159081    -0.202281     0.202978     0.367384     0.265266     0.049503   -0.0854528    -0.103578   -0.0660514    0.0617098   -0.0362624    -0.208389     0.133241
    0.207866  -0.00250452    0.0302416   -0.0383579   -0.0652433      0.27649    0.0847692     0.143467     0.152262  -0.00321745     0.114872     0.083679    -0.126281     0.136755     0.177723   -0.0576919     0.131906    -0.229284     0.258508     -0.20154     0.158482    -0.195357    0.0174869    -0.030391     0.271988    0.0147184    0.0292435    -0.340117     0.177899   -0.0132162     0.235468  -0.00587439   -0.0330814    -0.369368     0.115795     0.119955     0.211469   -0.0493445   -0.0495274    -0.255154   -0.0567352    0.0876614    0.0329463      0.26939   -0.0259368     0.124933    0.0563554  0.000223742
     0.11506      0.13642   -0.0219561     0.256048     0.192037     0.163662    0.0509651    -0.147767    -0.116538     0.207797    0.0477327    0.0695102     -0.10714     0.133456   -0.0381426     0.228742   0.00212735    -0.177622     0.281629    -0.253416    -0.184371    -0.127796   -0.0371725     0.041783     0.281321    -0.096175    -0.430498    -0.204415     0.169098     0.199834     0.342333    0.0867636    -0.402491    0.0424812     0.175568     0.207609     0.176654    -0.154604    -0.259415     0.183582   -0.0374374     0.102845   -0.0572697   -0.0154613   0.00293608    0.0783211     0.418279   -0.0225594
    0.029998    0.0388749    0.0674419   -0.0719595    -0.321649   0.00153762    0.0594121     0.118063     0.151742    -0.159318    -0.317221    0.0608555    0.0385759  -0.00594318    0.0123604   -0.0742365    -0.123885    0.0604306    0.0423029   -0.0929916    0.0748932    0.0880451    -0.269445     0.107101   0.00986009    0.0129525     0.254818    -0.110598    -0.250834    0.0462063    -0.150688    0.0447947       0.1016    -0.133242    -0.225508    -0.032167     0.137822   -0.0159478    0.0984844   -0.0596522    -0.274078     0.169211   0.00432807      0.43179     0.271109     0.319004    0.0343547     0.194366
  -0.0345791   0.00434485     -0.15381    -0.122117     0.048309    0.0348298    -0.136634   -0.0470135   -0.0466856    0.0620564     0.179534     0.104148   -0.0505477    0.0411214    0.0219595   -0.0407319     0.323369     0.133508    -0.088756     0.225267      0.02239   -0.0234653      0.20583   -0.0429543   0.00546115    0.0187556     0.237685     0.096153     0.239368    -0.100383   -0.0378143     0.187219      0.10455     0.133179     0.257723  -0.00778199   -0.0264941     0.187589   -0.0531086   -0.0486738     0.344066   -0.0974607     0.100888    -0.150306     -0.39199    -0.329692    -0.119996     0.043189
   0.0698161    0.0629705    0.0878828    0.0565996    0.0539089    0.0679062    0.0103118    0.0956383    0.0963931    -0.041253     0.237958     0.101724    -0.100918   -0.0348195   0.00832317    -0.140055     0.252834   -0.0315956   -0.0812149    0.0798683    0.0192152    0.0601596   -0.0299328   -0.0670054    -0.137979    0.0758419       0.1305   -0.0767632      0.16831    -0.140164    -0.136506     0.203315     0.134869   -0.0569696      0.12336    -0.106373    -0.116859     0.199662     0.186393   -0.0365566     0.179675   -0.0606511    -0.117391   0.00926337    0.0769362   0.00371841    -0.110654   -0.0840723
    -0.12454     0.039973   -0.0264426    0.0973204    0.0787706    -0.190154    0.0744406   -0.0995073   -0.0606522   0.00246696    -0.252409   -0.0321612     0.207482    0.0490305    -0.237804   -0.0230295    -0.186368     0.262225    0.0508185     0.263498    0.0561478      0.15022  -0.00850906     0.134148   -0.0398205    0.0541683    0.0439166     0.264535   -0.0711688 -0.000866294   -0.0425668    -0.203798    0.0972537     0.213295   -0.0548762    -0.140452    0.0185271  -0.00705812    -0.139054    0.0897796   -0.0687734    0.0611458    0.0952619    -0.062695    0.0794064    0.0886967     0.117153     0.151645
    0.225137    -0.250737    -0.546437    -0.429813    -0.244678    -0.132353     0.277192    -0.059409   -0.0215787    -0.115646    0.0541429    -0.134259     0.426517     0.110494    0.0503232    -0.123647   -0.0960831     0.210095     0.263454     0.289361   -0.0251181    -0.182291     0.110159    0.0868461      0.20134     0.128645   -0.0760365     0.140556    0.0159364    0.0423423     0.190883   -0.0695396     0.212159    0.0797632   -0.0058697    0.0593132     0.102547    -0.181586     -0.12485    -0.307012   -0.0513556     0.172545     0.334016    0.0355582   -0.0106351    -0.136101    0.0281193     0.252902
    0.120502    0.0996732    0.0885617     0.239366     0.231512     0.214087    0.0629907     -0.10531   -0.0860512     0.150552     0.161064     0.143897   -0.0420546    0.0707947    -0.141558     0.132668     0.172399   0.00939021    0.0435371   -0.0383607   -0.0183188     0.267887    0.0783859    0.0544968     0.023565  -0.00783933    -0.202022    0.0430768    0.0513309     0.148958    0.0371947     0.148707    -0.299083    0.0554839    0.0766631     0.125728     0.133495   -0.0364672    -0.144944     0.156348   -0.0504774     0.142536  -0.00988637    -0.129334   -0.0197286   0.00762885     0.103039   -0.0756067
   -0.111836     0.285601     0.304972      0.23051   -0.0370882     0.253621    -0.118272    0.0596871     0.134225    0.0318655    -0.226639     0.131546    -0.167337    0.0412471     0.102662    0.0966983    -0.124146   -0.0113313    0.0384021    -0.195311     0.147119    0.0614179   -0.0618303    0.0327283   -0.0622633    -0.203238     0.110113    -0.295685    -0.143504     0.192691   0.00602238    0.0802938     -0.10865     -0.19627    -0.100782     0.125356    0.0756677     0.078121   -0.0748094     0.148301     -0.16019     0.100202   -0.0785816     0.363311    0.0629386     0.276228    0.0463339   -0.0753355
  -0.0886443     0.153076     0.319087       0.2679   -0.0474193     0.013675    -0.117854     0.137218     0.173437    0.0520886     -0.17306 -0.000332067    -0.100939    0.0635858   -0.0310116     0.231716    -0.213798     0.108078   -0.0433529    -0.168611   -0.0203662     0.120841    -0.167292    0.0305272    -0.173947  -0.00927559     0.248166     0.171318    -0.188837    0.0508203    -0.117737    -0.020305   -0.0580385    0.0784207     -0.14476  -0.00952781  -0.00579205     0.168892     0.148505      0.28441   -0.0956885    0.0626374   -0.0413009       0.1037    0.0929706    0.0993857   -0.0382474   -0.0307493
   -0.200109    0.0977935      0.10857     0.123132     0.174611   -0.0599265    -0.104311    -0.105009   -0.0885903    0.0614939     0.143328    0.0485444   0.00246725    0.0297608   -0.0596516    0.0894284    0.0785897     0.149689    -0.202454     0.243987   -0.0876132    0.0990281     0.245851  -0.00416865    -0.172028    0.0363678    0.0388435     0.223534    0.0799468   -0.0168394   -0.0538956    0.0992616     0.115867     0.287869     0.175199      0.07279    -0.182839       0.2126    0.0179255     0.163343     0.262834   -0.0713033   -0.0831769    -0.232069    -0.128342    -0.130837   -0.0280239   -0.0828631
    0.128975     0.109947   -0.0647974    0.0224234   -0.0618246    0.0980867     0.134625    -0.105326   -0.0327016   -0.0830629     0.125039   -0.0812542     0.102691     0.142708    -0.113851     0.126126    -0.053309    0.0115367     0.174794    0.0647287    0.0139333    0.0129134      0.23836   0.00287023    0.0909404    0.0581678   -0.0311803    0.0239504   -0.0226245     0.132978      0.15091   -0.0481693   -0.0193612   -0.0230839  -0.00846465    0.0874913     0.159637     0.102637   -0.0105067     0.126766     0.171209   -0.0253968     0.233976   -0.0895693    -0.251376    -0.188397    -0.130714     0.197311
    0.128058   -0.0277295    -0.315792    -0.308626    -0.188293    -0.132425     0.256055    0.0826951    0.0399818   -0.0994789     0.220124   -0.0775545     0.190726     0.130055     0.113303   -0.0522124     0.110796     0.179198   -0.0204583     0.317178     0.139854   0.00405521    0.0808129     0.146358    0.0428163     0.179046     0.204865    0.0646185   -0.0628986     0.217666    0.0906854     0.105713     0.260928    -0.027152   -0.0690044     0.117066    0.0696304    0.0534683     0.382501   -0.0528415     0.128587     0.139613    0.0535396   -0.0323165    -0.285266    -0.366797    -0.294722  -0.00805548
   -0.241716     0.302698     0.384343      0.34182      0.23767    -0.111263    0.0022927    0.0149649   -0.0158456     0.172561    -0.108722    0.0878046    -0.194994    -0.047279   -0.0036986    0.0564557    0.0201299   -0.0322903   -0.0301318   0.00326399    0.0753368      0.24404   -0.0631123    0.0954722   0.00525378    0.0395395   -0.0879912    0.0195876    0.0550047   -0.0311968    0.0152554     0.054924   -0.0162924    0.0399819    0.0101876   -0.0509569   -0.0610765   0.00199234   0.00414467     0.224064   -0.0396914   -0.0399932    -0.184902   -0.0564767    0.0988724    0.0782567     0.163737    -0.203255
   -0.317015    -0.118218     0.148064  -0.00668444   -0.0140918    0.0558243    -0.444946     0.138562     0.176678     0.149912   -0.0805374    0.0150854    -0.252082  -0.00173054     0.251709      0.10261    -0.118231    0.0855189    -0.119173    0.0805289     0.108767    -0.140284     0.374779    -0.080378   -0.0486177    -0.133615     0.146698   0.00228911      0.11561    0.0177007   -0.0366129   -0.0312653      0.24179      0.21016     0.211616      0.10616    -0.232949      0.14547   -0.0594162    0.0518467     0.252959   -0.0873127    0.0569139   -0.0410223    -0.125833    0.0805474   -0.0788598    0.0523613
    0.148863    0.0189282    0.0890224    0.0113557    0.0108193     -0.19458      0.11305     0.114577      0.14113    0.0754867    -0.197901   -0.0405598     0.148273   -0.0175283   -0.0670613   -0.0647638   -0.0168411   -0.0307844    0.0641751    0.0193968     0.185966     0.272131    -0.282573   -0.0472027      -0.1141     0.219705     0.199329      0.31267    -0.110632    -0.240386    -0.233609 -0.000472969    0.0918123    0.0013889    -0.155533     -0.31963    0.0317121    -0.183667    0.0692117   -0.0436876    -0.281062  0.000912638     0.118359      0.19615     0.252987     0.229624     0.179184   -0.0499952
     0.12965     0.149233   -0.0402711     0.220927     0.126674    0.0357354     0.131899    -0.200719    -0.116277      0.06903   -0.0914817     0.112032     0.118297   0.00820763     -0.20748    0.0908735      -0.0183      0.14664      0.06854    0.0565888    -0.142308     0.302768   -0.0907294    0.0796513     0.063955     0.176354    -0.128609     0.169603   -0.0953996    0.0635898   -0.0057734    0.0761954    -0.222539     0.148843      -0.1103    0.0890067    0.0468016  -0.00443777    -0.131077     0.133872    -0.134291     0.134179    0.0819071    -0.120724    0.0237577    -0.110842     0.183803    0.0288706
   -0.114068     0.039304    0.0614916   -0.0296838    0.0665812    -0.011846    -0.182185     0.118355    0.0567245     0.114238     0.247714    -0.225481    -0.116483   -0.0320291     0.215611     0.136458    0.0900427    -0.130412    -0.283607     0.308632    0.0641442     0.234327     0.217036    -0.180652    -0.158112     0.111467    0.0696604     0.148121   -0.0191946   -0.0408203    -0.184639     0.184651     0.327794     0.288926    0.0507752    0.0867316    -0.238324     0.157161     0.216966      0.08371     0.134326   -0.0502019   -0.0568484    -0.226363    -0.101142    -0.201759   -0.0918166   -0.0296739
   -0.113247    0.0630333    0.0119922     0.214566     0.329442   -0.0322115   -0.0223925     -0.15689    -0.144433     0.159276   -0.0924602     0.115791    0.0530669   -0.0636611    -0.163206    0.0472653   -0.0139368     0.039402   0.00688307     0.153425   -0.0969376     0.197249   -0.0207451    0.0477734   0.00313245    0.0573617    -0.157956     0.213637     0.103811   -0.0633152   -0.0360435     0.139232   -0.0890677     0.266571    0.0397458   -0.0154835   -0.0223773    -0.054783    -0.232389     0.111128   -0.0336414   -0.0452745    -0.018669    -0.102094    0.0699637    0.0500808     0.275384   -0.0349865
   -0.214069    0.0377894     0.207794    0.0363033   -0.0883856    0.0423114    -0.285029     0.235274      0.22918     0.097495     0.108061     -0.07713    -0.304216  -0.00646619     0.265771      0.11676   -0.0131809   -0.0417843    -0.102269    -0.109854     0.135899     -0.17321     0.206556    -0.019864    -0.167468    -0.199198     0.295813    -0.174883     0.149786   -0.0187397   -0.0599403    0.0962578     0.241486     0.087718     0.203117   -0.0457849    -0.117714     0.268401     0.221302     0.189782     0.383398    -0.112378    0.0124976   -0.0834479    -0.156667  -0.00534611    -0.251581    0.0869339
   -0.100236      0.27167     0.215007     0.135407    0.0173308      0.05409    0.0171148    0.0182436      0.06995    -0.014717    -0.144488     0.145205    0.0678895   -0.0378363    -0.120727   -0.0776132    -0.104861     0.126661    0.0845089   0.00393384     0.189702    0.0532463  -0.00295876     0.169594    0.0604369   -0.0423362    0.0477217   -0.0244901   -0.0484305     0.115433    0.0926554  -0.00195553     -0.16499   -0.0160708    0.0325088   -0.0470594     0.164082    0.0855401     0.020868    0.0678688    0.0800769      0.01631    0.0559893     0.161459   -0.0688087    0.0913684    0.0332151    0.0299005
   -0.204404      0.20743     0.378321      0.34342    0.0571232     0.024109    -0.290878     0.101638    0.0975258     0.177866    -0.264581    0.0572403    -0.210471    -0.020972    0.0204427     0.143377    -0.258904    0.0900321    0.0219505    -0.100361     0.129167    -0.106799     0.045989    0.0205347   -0.0302961   -0.0813354     0.158595   -0.0201861    0.0773197  -0.00463663    0.0591393   -0.0493455    0.0462789     0.142463   -0.0446891   0.00891287   -0.0386007    0.0916185   -0.0982789    0.0948509     0.125667   0.00676217    0.0505418    0.0424968    0.0559235     0.293622       0.1191    0.0662423
  -0.0937106    -0.102875     0.106147   -0.0200844     0.177274   -0.0737454    -0.137298     0.144538     0.167082     0.187034   -0.0148972   -0.0235782   -0.0713875    0.0248504    0.0637508   -0.0481519    0.0224641    -0.102138    0.0116327       0.0806     0.209666   -0.0114118      0.03638   -0.0459551    0.0765933    0.0626104  -0.00845248    0.0628572     0.256264    -0.228715   -0.0276668    -0.115944     0.188276   0.00256326     0.182408     -0.12491    -0.128893    -0.120149   -0.0826073    -0.132136    0.0300101    -0.111642   -0.0140568     0.101086     0.279041     0.258103     0.223649    -0.145709
  -0.0407121    -0.160612    -0.233935    -0.328231    -0.247773    -0.097433     0.122249     0.158071    0.0600321   -0.0332819      0.15199  -0.00904853     0.185707    0.0635548     0.168254    -0.158701     0.185203    0.0808544    0.0758605    0.0696199    0.0232828    -0.232453    0.0933336   -0.0284308     0.201799     0.107368    0.0600738   -0.0075384     0.198089   -0.0613046     0.124617    0.0043653       0.2665   -0.0851408      0.12747   -0.0701922     0.089722    0.0264466  -0.00445674    -0.216427     0.156176   -0.0344412     0.171917     0.057104    0.0560378     0.045278   -0.0536725      0.21364
  -0.0945169    -0.104148     0.168995    0.0640906     0.279937    -0.144302    -0.114858    0.0715455     0.107062     0.158992     0.189016    -0.112843    -0.172325  -0.00191864    0.0102778    0.0562007      0.25067     -0.15324    -0.180422   -0.0156901    0.0140581    0.0875239    -0.132251   -0.0420518    -0.102422     0.167089    0.0535013     0.192892     0.127559    -0.107963   -0.0952715    0.0393275      0.22017     0.135884     0.145646    -0.114424    -0.252078   0.00532575     0.361539     0.164525     0.144788    -0.172211    -0.412555   -0.0605474     0.210755     0.173542     0.036451    -0.357123
    0.104362      0.11892      0.17328     0.141155    0.0604446     0.206327    0.0425681     0.139623    0.0909805    -0.103397    0.0321739     0.205516   -0.0608953     0.027392    0.0362782   -0.0593318     0.102293   -0.0284788     0.125852    -0.227472     0.068142    -0.126556   0.00528277    0.0771802      0.12152   -0.0300507     0.115747    -0.157983     0.140827    0.0130071     0.112373      0.13092   -0.0910483    -0.115343    0.0989467    0.0104432     0.121722      0.11733 -0.000809725    -0.100204    0.0221368    0.0397555    0.0272516     0.108094    0.0263898    0.0939575   -0.0476955   0.00617679
    0.163566   -0.0219075   -0.0646443    -0.126586    0.0391893   -0.0315779    0.0827609   -0.0139458   -0.0054858   -0.0719752     0.150625    0.0885169      0.20555    0.0677674   -0.0503305   -0.0771692    0.0644828     0.160742    0.0476173     0.244785     0.109356    0.0376801     0.169643   -0.0127224    0.0199335     0.108927   -0.0226901     0.154073    0.0880256    0.0784147    0.0198694   -0.0457278     0.112338   -0.0400461     0.052007  -0.00986721  -0.00534455    0.0822538    0.0498599   -0.0539725    0.0953426    0.0102821     0.140756   -0.0596062    -0.119072    -0.189742    -0.217702    0.0311552
    0.145949    0.0200153     0.117242    0.0177569    0.0492085     0.163393    0.0787304    0.0906227    0.0926173    0.0262506   -0.0282505     0.118382   -0.0251933    0.0956331     0.170348    0.0857533     -0.14783   -0.0282106     0.256119    -0.248795     0.123653    -0.143021    0.0319829    0.0621728     0.186503   -0.0451613    -0.179322    -0.188701     0.152778     0.144668     0.223827    -0.211458    -0.021097    -0.270114      0.11951      0.14379     0.148012    -0.223121    -0.116838   -0.0537681    -0.175183      0.11744    0.0299649     0.218793     0.189282     0.215632     0.153415   -0.0675345
   -0.213954    0.0990691     0.142725     0.217124     0.196765   -0.0802664   -0.0486386    -0.092926  -0.00226965     0.138055    0.0700551   -0.0514662    0.0202406   -0.0309962   -0.0534521    0.0618403    0.0412967   -0.0712673    -0.182032     0.269445  -0.00780752     0.307396    0.0251548    -0.075757    -0.166719      0.10346    -0.101507     0.203939   -0.0316686    0.0272412    -0.153808     0.109662    0.0308135     0.179218   -0.0790809     0.033193    -0.123659    0.0500175    0.0113712     0.147624    0.0131031      0.05053   -0.0707074    -0.151652     0.142943  -0.00689724    0.0299282   -0.0293677
    0.309226    -0.148769    -0.144411    -0.330459    -0.279874    -0.071515     0.119152     0.125655     0.117768    -0.169225    0.0634694    -0.263446       0.2706     0.127921    0.0510091    0.0905942   -0.0550355   -0.0646187     0.123451    0.0461789    0.0547959   -0.0551192    -0.126776    -0.117427   -0.0535102     0.128133     0.205164      0.18877   -0.0934911     -0.12719   -0.0631547   -0.0575181      0.19697   -0.0778979    -0.157851    -0.200931    0.0638581   -0.0184439     0.332597   -0.0272034   -0.0219953   -0.0976895     0.204895    0.0374103    0.0620273   -0.0162491    -0.131036     0.174407
  -0.0490438    -0.135755   -0.0523272   -0.0114848     0.115845    -0.282186   -0.0945015   -0.0542729   -0.0771422     0.311887    0.0448822    -0.251711    0.0194594    0.0223092  3.09942e-05    0.0760693     0.237146    -0.113359    -0.114045     0.105321    -0.137323      0.16983    -0.113564    -0.125917  -0.00507597     0.140588     0.142509      0.39234     0.141353    -0.434057    -0.112184     0.290745     0.143546     0.398268    0.0871659    -0.247884    -0.111124    0.0255303    -0.124956    0.0458027    0.0964146    -0.168719    0.0854034     -0.16473   -0.0727775   -0.0634464     0.248268   -0.0169339
   -0.109401     0.114922     0.152269       0.2167     0.296718   -0.0214381    -0.205787   -0.0202885  -0.00680387     0.224232     0.199896     0.177774    -0.237591    -0.076071   -0.0019043   -0.0240616     0.277253     0.114312    -0.256336     0.118535    -0.108049     0.115644  -0.00593622     0.100454    -0.146475     0.106732     0.112807     0.193703     0.235385    -0.112423    -0.130567     0.297803    0.0740608     0.323058     0.185031   -0.0135044    -0.227666     0.215182     0.109127     0.126219     0.289975    -0.118291   -0.0973198    -0.295923     -0.22217    -0.233428   -0.0452665    -0.028738
-7.78379e-05    0.0468155    0.0367376    0.0119521     0.138816    0.0274333   -0.0481245     0.108394       0.0692     0.128832    0.0611164     0.122491   -0.0554008    0.0299944     0.159536    0.0816533  -0.00708975    0.0320924    0.0832834   -0.0553355    0.0881487    -0.110526     0.138129     0.081848     0.100289   -0.0099685   -0.0570679    -0.126281     0.176925    0.0598615     0.149707    0.0700245   -0.0259467 -0.000264279     0.173306     0.138505  -0.00450553    0.0512433   -0.0283351   -0.0185684    0.0344622     0.105892    -0.044113     0.127944    0.0835432    0.0634743     0.168288   -0.0447498
   -0.015426   0.00397903    0.0710251    0.0499954    0.0655297     0.194356   -0.0270781    0.0545843     0.139192   -0.0734934   -0.0830932     0.198604    0.0233672     0.111527    0.0922254   0.00756719    -0.149975     0.147521    0.0952689    0.0874252     0.199004   -0.0377539     0.154986      0.13608    0.0703315    0.0293827  -0.00276949    -0.014274    0.0532322     0.143251    0.0817231    -0.050961     0.102362   0.00692822     0.104394     0.179184   -0.0559185    -0.119866   -0.0391488    -0.116707    -0.110336     0.189791   -0.0208236    0.0991918    0.0677703    0.0709162   -0.0528926     -0.07054
 -0.00536045     -0.28972   -0.0879868   -0.0931004     0.153232   0.00189296   -0.0736343    0.0567177    0.0722923     0.140345    0.0424292    0.0285726     0.109379     0.069355    0.0428967    0.0398718   -0.0301449    0.0889054   -0.0733014     0.170897      0.06253   -0.0057339     0.214413   -0.0310526   -0.0763136     0.155439   -0.0836982       0.3146     0.193042    -0.134085     -0.10992    -0.154669     0.112285     0.268407     0.145055    -0.113384    -0.218888   -0.0723082   -0.0970363   -0.0230104    0.0651681   -0.0507033    0.0258285    -0.138926     0.221895     0.140146    0.0788659    0.0522151
     0.25903   -0.0425212    -0.206454    -0.162362   -0.0236178   -0.0293228     0.329898    0.0875404   -0.0153853   -0.0972547      0.15187     0.135724     0.133383    0.0904494  -0.00413223    -0.246454     0.281501   0.00471889      0.23056   -0.0132651     0.099629   -0.0159088   -0.0878656    0.0246944     0.189631     0.132613  -0.00573567    -0.100435     0.161897   -0.0773081    0.0572621     0.104563    -0.062989    -0.229658     0.187745    -0.164717     0.247724   -0.0552104    0.0613602    -0.172771   -0.0578121    0.0563264     0.160482    0.0381202    0.0651784   -0.0619389   -0.0458823   0.00345373
   -0.249413   -0.0305437   0.00258741   -0.0694342    -0.128941    -0.186242    -0.136963     0.142452     0.080122     0.237599   -0.0221028    -0.253565    -0.126041    0.0829205      0.24177     0.148333   -0.0903054      0.12926   -0.0595491     0.104486   -0.0338518   -0.0920094    0.0490832    0.0267091    0.0535545     0.036008     0.171609     0.139823   0.00370293    0.0138007    0.0525433    0.0390297     0.346629     0.300473   -0.0930933    0.0880839    -0.143993    0.0520517    0.0315719    0.0689546     0.150564    0.0673457    0.0628939    -0.152601    -0.185612    -0.125551  -0.00274217    0.0540635
    0.211001    0.0947067  -0.00135647   -0.0569159     -0.25072   -0.0295432     0.201583    0.0385201    0.0714947    -0.203488   -0.0499583   -0.0815348     0.260941    -0.029459    -0.125595  -0.00723495   -0.0673364     0.148999    0.0515542    0.0527015   -0.0298928     0.120341    -0.156925    0.0419578   -0.0764877     0.134087     0.263833      0.19494    -0.233396   -0.0303819    -0.139708    0.0250107    0.0746619    0.0131917    -0.205404    -0.231581     0.100831      0.12404     0.289871    0.0637093    -0.120209   -0.0179277      0.13779     0.172622      0.15699    0.0057619     -0.24328     0.202364
  -0.0177716   -0.0646793    -0.063575    -0.102749    -0.198656   -0.0285527    -0.211308   -0.0777821    -0.126631    -0.124277    -0.150649   -0.0386887   -0.0295429   -0.0538449   -0.0594513    -0.170726   0.00365604   -0.0323394   -0.0669736   -0.0666302   -0.0750483    -0.183636    -0.105815    -0.057911   -0.0301295    -0.129932   -0.0962988   -0.0857427    -0.124431   -0.0580921   -0.0529696   -0.0928522     -0.10097    -0.179248    -0.117655   -0.0108854    -0.214136    -0.114046   -0.0479409      -0.1814    -0.115948    -0.170408    -0.055431    -0.130901    -0.162203    -0.113196   -0.0834946   -0.0340425    -0.138916    -0.102151   -0.0650052    -0.203307    -0.142602    -0.167232   -0.0514347    -0.101062    -0.231998    -0.140565    -0.138641     -0.14624
    0.204967   -0.0681081    -0.185946     -0.40984    0.0765437    0.0636811     0.863632    0.0505921    -0.542326    -0.533887     0.335415    -0.170029      0.19695    -0.333082    -0.690438   -0.0486381     0.315651     0.319375     0.194712     0.394269     -1.10845      0.48042    0.0425071    -0.820642     0.448089    -0.373146  -0.00641843    -0.367514    -0.371551    -0.706697     0.167274     0.191629    -0.377752    -0.546674   -0.0304832    -0.186035      0.30969     0.206044     -0.76069     0.120145    -0.649175     0.506492    -0.193626     0.105729     0.202557    0.0363722     0.285938   -0.0751118    -0.273792   -0.0284232    -0.262192     0.286438    -0.248725     -0.29559    -0.104098    0.0360712     -0.10535    -0.311735     0.157111    0.0517081
   -0.275821    -0.174067    0.0938353     0.103233     0.163921    -0.466379    -0.144863   -0.0405058    -0.291971    -0.179885     -0.26643     0.265071  0.000400959    -0.270731   -0.0100843    -0.190981    -0.199703    -0.101012    0.0896055      0.12322    -0.116164     0.348152    -0.223804    -0.256841   -0.0482573     0.113184     0.195614        -0.26      -0.5763   -0.0537224  -0.00890558     0.141979    0.0429661   -0.0267493     0.128054      0.06876     -0.22012    -0.117723   -0.0978632     0.201547    -0.238477     0.304013   -0.0251703    -0.161178    -0.377293    -0.131189     0.137645   -0.0634242    -0.178989     -0.49595    0.0440736  -0.00429225     0.142393     0.228788    -0.274509    -0.460806    -0.504991   -0.0558649    0.0428235     0.139791
   -0.398496   -0.0612372    -0.132084     0.159821     0.161597    -0.461664    -0.260576    -0.196741    -0.143212    -0.358009   0.00568853    0.0238811     0.156512      -0.2289     0.122485   -0.0669295   -0.0976921    -0.170353    0.0165387     -0.54248     0.153616     0.251018   -0.0983195     0.183936    -0.415268    -0.038859   -0.0201061    -0.341548     -0.51317   0.00923521    0.0789853     0.155403     0.151801     0.200955   -0.0344422   -0.0258399     0.143486    -0.548325    -0.101387     0.221419     -0.19029      0.33002   -0.0581869    0.0768768    -0.298311    -0.416353     0.109769   -0.0186824   -0.0688135    -0.054238   -0.0217098    -0.101991    -0.336113     0.135883 -0.000411593    -0.109636    -0.222913    -0.455409    0.0149501     -0.15343
   -0.440358    -0.143629    -0.278225    -0.337364    -0.746287    -0.405374     0.412982   -0.0266967     0.221188    -0.323129   -0.0552129    -0.636351    0.0949222    -0.479379    -0.049414   -0.0959849    -0.376653     0.154982     -0.14366    -0.388487    0.0678144    -0.054765   -0.0466939       0.1392    -0.566887     0.405262     0.025025    -0.310638  -0.00845137    -0.111275    -0.360178    -0.510013     0.269581    -0.218675    0.0107872   -0.0343857     0.424949    -0.527286    -0.247864     0.499677    0.0808905     0.197621    -0.364168    -0.121826     0.140864     0.144835     0.236273    -0.237422    -0.133372    -0.228731    0.0500951    -0.445858     0.427075     0.452677     0.140486    -0.105199    0.0644623    -0.208807      0.41091    -0.726697
  -0.0526738   -0.0946885    0.0354572    -0.107147   -0.0915943   -0.0201582    -0.182387    -0.164848    -0.174183    -0.169723   0.00415248   -0.0170798    -0.144869    -0.028122   -0.0943098    -0.117048   0.00545901    -0.120758   -0.0304112    -0.052901   -0.0703843    -0.186447   -0.0582816   -0.0310625   0.00945016     -0.23047    -0.105466   -0.0451859   -0.0745298   -0.0108089      0.04682   -0.0828507    -0.124395    -0.116451    -0.198954   -0.0558084    -0.188348   -0.0112408   -0.0914774    -0.121998   -0.0440731    -0.158553   -0.0827751   -0.0520383   -0.0546422    -0.258542    -0.180052    -0.181099   -0.0894333    -0.078646   -0.0606284    -0.130104    -0.221325    -0.266346    -0.131867   -0.0362762    -0.155915    -0.177417      -0.2348     -0.15398
   0.0192067    -0.110844   -0.0630324   -0.0641076    -0.211875    0.0204385    0.0834115   -0.0752037   -0.0920665    -0.126306   -0.0663745    -0.139544    0.0187976   -0.0843399    -0.131102    -0.152363   -0.0970776     0.038289   -0.0711729   -0.0693502    -0.169739    -0.155788   -0.0146198   -0.0414898  -0.00457399    -0.154416    -0.168853   -0.0854488    -0.116409    -0.164642   -0.0748415    0.0140525    -0.223375    -0.189633    -0.174469    -0.168506   -0.0891842   -0.0579771     -0.10539    -0.196565    -0.130913    -0.152875    -0.162015   -0.0537551   0.00417798     -0.11917   -0.0266739   -0.0925852    -0.216007   -0.0563996    -0.112593    -0.122467   -0.0372014    -0.150324    -0.110049   -0.0514302   -0.0350305     -0.15387   -0.0668398    -0.160142
    0.074187    -0.225513    0.0757101      0.19104    0.0516312    -0.309739    0.0076156    -0.234761    -0.484954    -0.184167   -0.0950683     0.224056   -0.0450488     -0.11052    -0.067676    -0.320867    -0.117656    -0.102811    -0.130724      0.17739    0.0951688    0.0765824   -0.0201384    -0.186014    0.0482877     0.106902     0.130322     -0.32485     -0.58839   -0.0273927     0.189551    0.0547872   -0.0493137     -0.23368    -0.227671   -0.0770995   -0.0820493  -0.00759948    -0.021672  0.000277746   -0.0855819  -0.00544321    -0.109348    -0.108547    -0.196368    -0.352679  -0.00392036    0.0704154    -0.132964    -0.243284    -0.105611    -0.214653    0.0772167     0.220234    -0.128002    -0.170357    -0.328671    -0.167275    -0.211566   -0.0562405
   -0.281851   -0.0951983    -0.149676    -0.188993   -0.0284572    -0.216397     -0.35566    -0.073902   0.00393228    -0.087351    -0.176511    0.0312808   -0.0105202    -0.180106     -0.11528   -0.0505125     0.101107   -0.0614135   -0.0764818    -0.188379    0.0457893   -0.0322643    -0.226695    -0.156229    -0.164933   -0.0227733   -0.0708943   -0.0496163     -0.25922   -0.0525075    -0.074598   -0.0580722    0.0400608    -0.031199    0.0453955   -0.0132127    0.0241308    -0.285676   -0.0609788  -0.00340017   -0.0870829    -0.021972   -0.0113622   -0.0441224    -0.179987    -0.133293   -0.0265403    -0.153137    0.0416199    -0.176881   -0.0016698    -0.225237    -0.199713    0.0622995   -0.0704888   -0.0396869    -0.134254    -0.196473   -0.0863414    -0.140543
   -0.119521   -0.0307865    -0.049205    -0.313101   -0.0233196   -0.0824377    -0.254701    -0.138399   -0.0968686    -0.139729   -0.0111048   -0.0444938   -0.0525036    -0.103979    -0.137424   -0.0731474      0.12455   -0.0141105   0.00915846   0.00541144    -0.173105   -0.0844514    -0.335674    -0.168446    -0.110717   -0.0888229    -0.144143    0.0437606     -0.21516   -0.0978701   -0.0185814   -0.0563688    0.0308666     -0.11927   -0.0639208    0.0313891     -0.03507    -0.121166   -0.0516565    -0.114929   -0.0850792   -0.0476906    0.0010215    -0.163471   -0.0877774    -0.193435    -0.100955     -0.18754   -0.0692454    -0.120467   -0.0481588    -0.239292    -0.228477   -0.0542846   -0.0934133   -0.0207499   -0.0131326    -0.154143    -0.195992   -0.0448771
  0.00205484   -0.0160305    -0.222016   -0.0887667    -0.237606    -0.107251    -0.214531    -0.143552   0.00345682    0.0100775    -0.134307    -0.138771    -0.155234   -0.0969378   -0.0710174   -0.0806331    -0.028215   -0.0601082    -0.119621    -0.175426   -0.0548425    -0.176454    -0.153945   -0.0315892    -0.109671    -0.060495    -0.189076   -0.0419573  0.000585133    -0.072653    -0.125597    -0.112236   -0.0619373   -0.0718953    -0.066053   -0.0393182    -0.104842    -0.242608   -0.0626015    -0.123401   -0.0298804   -0.0481291   -0.0885429   -0.0800621    -0.238919    -0.127155    -0.228618   -0.0376161   -0.0952696   -0.0686905    -0.114918    -0.229679    -0.113205  -0.00897889   -0.0576535  0.000816982    -0.223945     -0.10984   -0.0462388    -0.122712
  -0.0296834   -0.0728675    -0.108361    -0.148865    -0.136929   -0.0863451    -0.255413   -0.0647062   -0.0362468   -0.0724272   -0.0577582   -0.0415737    -0.066021   -0.0690427    -0.106294   -0.0675146    -0.008822   -0.0740656    -0.154312    -0.133916    -0.110044     -0.21997    -0.124932    -0.107682    -0.104548    -0.148216    -0.196235    -0.033504   -0.0318982   -0.0283877   -0.0034167   -0.0970831    -0.155186   -0.0988668    -0.132984   -0.0705057    -0.101423    -0.103993   -0.0531068    -0.197198   -0.0656238    -0.175646   -0.0476857   -0.0773325   -0.0898884    -0.118546    -0.212209    -0.122698     -0.04408   -0.0829772   -0.0684388     -0.24026    -0.246978    -0.252347   -0.0612828   -0.0232464     -0.13803    -0.108819    -0.108359     -0.16464
   -0.103551    -0.124346   -0.0481685   -0.0157161    -0.157809  0.000342252    -0.106268   -0.0991283   -0.0776459    -0.101288    -0.235935    -0.123427    -0.188429    -0.085276   0.00768224    -0.256509     -0.13537    -0.104222    -0.069021     0.101519    -0.204705    -0.185555    0.0065885     0.116469   0.00534169    -0.314314     -0.16591   -0.0328782    -0.117126    -0.164559    0.0295317   -0.0132657    -0.167622    -0.201392    -0.380049    0.0680577    -0.190499  -0.00956744   -0.0781186     -0.28623    0.0394899    -0.225828    0.0332326   -0.0171941   -0.0135461    -0.100795   -0.0355785   -0.0200726    -0.213121    0.0542538   -0.0691401    -0.101546   -0.0573935    -0.318263   -0.0575979    -0.107259    -0.160804   -0.0924916     -0.14835   -0.0955618
   -0.028771   -0.0823179   -0.0963348  7.01465e-05     -0.17202   -0.0204695    -0.262704    -0.127188   -0.0309209   -0.0599207    -0.173602    -0.113615   -0.0971244   -0.0420796   -0.0640938     -0.10451    0.0484523   -0.0424008    -0.106177   -0.0454977   -0.0108212    -0.206497    -0.094394    0.0299874    0.0212739    -0.281994    -0.155897    -0.105721   -0.0300026    -0.100933    0.0292431    -0.114002    -0.169801    -0.134738    -0.168317   -0.0854309    -0.237543   -0.0894994   -0.0042928    -0.336849   -0.0804029    -0.216574    -0.053792   -0.0550517    -0.165664    -0.145028    -0.214576    -0.048245    -0.126818     0.018209     -0.13874    -0.193269    -0.283101    -0.218003   -0.0820298   -0.0543105    -0.166037   -0.0531136    -0.157579   -0.0897316
  -0.0485975    -0.147868   -0.0186127    -0.114297   -0.0117593   -0.0356729    -0.151086    -0.165664    -0.137469    -0.124349   -0.0273439   -0.0659344    -0.223227   -0.0784603    -0.057755   -0.0605616   -0.0907464    -0.159992    -0.198115   -0.0282618    -0.113126    -0.144019   -0.0100041    -0.061023   -0.0859194    -0.157557   -0.0928762   -0.0188721   -0.0461262    -0.115877   -0.0390098    -0.195392     -0.18306   -0.0341818    -0.238326    -0.051192    -0.178503   -0.0634748   -0.0957029    -0.103652    -0.101298    -0.220583   -0.0133915   -0.0283783    -0.029737    -0.125312    -0.236866   -0.0945202    -0.114686   -0.0811639   -0.0460112   -0.0753211    -0.131885     -0.21309    -0.145051   -0.0634527    -0.116716    -0.073233    -0.180493   -0.0798186
   -0.228172    -0.161097   -0.0728048   -0.0320117  -0.00521765   -0.0587382    -0.213281    -0.152276    -0.108815    -0.104521    -0.150923   -0.0484761     -0.20172   -0.0647417    -0.116523    0.0702056    -0.143128    -0.352771    -0.183821    -0.216934    0.0658033    -0.217417    0.0108628    -0.071525    -0.178426    -0.115639    -0.149578   -0.0609438    -0.105507   -0.0559142   -0.0951421    -0.145669    -0.125458    0.0759346    -0.121525   -0.0580249    -0.126583   -0.0680967  -0.00445769   -0.0224056    -0.087401    -0.152789   -0.0162771   -0.0561077   -0.0504143    -0.192444    -0.254031    -0.109352   -0.0186605   -0.0898221     -0.05146   -0.0339965   -0.0891382    -0.181721    -0.186367  -0.00103909    -0.109203   -0.0701294    -0.168571   -0.0298595
   -0.111834   -0.0754773   0.00492072   -0.0783549    -0.086078   -0.0373377    -0.177639   -0.0559021   -0.0819281    -0.166574   -0.0318753   -0.0175898   -0.0664806    -0.089062   -0.0607377    -0.185129     0.053687    -0.169505    -0.156193   -0.0817207   -0.0875574    -0.176405    0.0102242   -0.0263047    0.0104521    -0.292013    -0.221226    -0.125555    -0.133154   -0.0634573    0.0900366   -0.0842842     -0.21795   -0.0625562    -0.198402   0.00258659    -0.102855    -0.123425   -0.0446534    -0.116341   -0.0411597    -0.244255   -0.0235908  -0.00937454   -0.0467478    -0.161924    -0.140025   -0.0486081    -0.184354    0.0496691   -0.0258184    -0.260945    -0.260721    -0.301098   -0.0314609   -0.0609235    -0.208707    -0.189814     -0.12284    -0.197233
  -0.0139798    0.0150269    -0.159372    -0.131285   -0.0864134    0.0055289    -0.346488  -0.00722239    0.0560454    0.0503688     -0.04345    -0.184587   -0.0856937   -0.0180495    -0.168534     0.106006     0.120804    -0.292913    -0.233949    -0.334248    0.0411413    -0.256627   -0.0731945    -0.150803   -0.0359597   0.00936042    -0.207111  -0.00862497     0.190156   -0.0312751    -0.134584    -0.225924    -0.183334    0.0202966     0.206553    -0.268906   -0.0749081     -0.23888  -0.00420169    -0.194486    -0.140464    -0.192431   0.00452684    -0.283018    -0.299079   -0.0238101    -0.416613    -0.135162    0.0729083   -0.0669939     -0.16343   -0.0931003    -0.361984    -0.225896    -0.154019    0.0562995    -0.104611    0.0222997    -0.110014   -0.0815242
  -0.0826946    -0.113186    -0.307002   -0.0103952    -0.303604    -0.138574     0.467107    -0.631664     -0.42777     0.205817     0.413055   -0.0827437    -0.393926    -0.240102     0.133265    -0.776571    -0.429325     0.331307     0.352846     -0.05605    -0.624488     0.273241    -0.652977      0.12734    -0.182153    -0.383569    -0.341153     0.182765    -0.661618     0.103419   -0.0446061     0.365414    0.0797026    -0.363601    -0.769805     0.310906      0.11304     0.214272     0.165654     0.109997     0.377306   -0.0765452      -0.2175     0.279095     0.106152    -0.615544     0.405478     -0.42392    -0.429162    -0.207353     0.285605    -0.265769     0.529723     0.143279    -0.173663    -0.254261     0.228714    -0.715128     0.143879    -0.264711
   -0.256264    -0.294201    0.0803862    -0.143992    -0.235556    -0.455854   -0.0805584    -0.233095    -0.242326    -0.179249     0.116362   -0.0323593     0.178336    -0.115012   -0.0156826    -0.421756     0.119018    -0.177902    -0.113139   -0.0756471   -0.0840197    -0.119655    0.0293013   -0.0318149    -0.348098     0.105794     0.300011     -0.28019    -0.585897     0.040968   -0.0819905    -0.172052     0.144791    -0.224517    -0.570085   -0.0282975     0.280737    -0.384849    -0.294257   0.00997299    -0.058125     0.301461    -0.150361    0.0561572     0.185864      0.01594     0.274477     0.147656   -0.0673851   -0.0568118    0.0162749    -0.399453   -0.0902686     0.294002    0.0393439   -0.0418179     0.227003   -0.0674666    -0.317141    -0.383364
  -0.0962624   -0.0352942   -0.0704415     0.143531   -0.0158649   -0.0449721    -0.130738    -0.043639     0.198601    0.0361964    0.0735341    -0.248284   0.00295002    -0.122677    0.0100902     0.216915    -0.193721    -0.420886    -0.266592    -0.578539     0.164078   -0.0741013     0.185186     0.161931    -0.121236   -0.0746961    -0.306519    -0.334849     0.304411  -0.00486912   -0.0974587    -0.180492    -0.235359     0.217852     0.202776    -0.484694   -0.0458745    -0.433064    -0.100069   -0.0480928    -0.390186   -0.0446939    -0.310591    -0.318672    -0.394004     0.124221    -0.524442   -0.0913374  -0.00555552     0.104651    -0.231401     0.184503    -0.311627    -0.440309   -0.0545554   -0.0040978    -0.134714   -0.0314746    0.0659455    -0.096696
    0.211931    -0.129219   -0.0889049   -0.0675888    -0.122967     0.167603     0.183326     0.018512    0.0266029     0.225502    -0.144738    -0.443748    -0.360288   -0.0140583    -0.236185   0.00983382     -0.39686    -0.168712    -0.088064     0.042055    -0.214929    -0.218895     0.105593     0.148033     0.284948    -0.346745    -0.187258   -0.0694961     0.341754    -0.270325    -0.143504    -0.206551    -0.478204   -0.0330257    -0.235658    -0.296303    -0.291526     0.165546    -0.115213    -0.420102    -0.161024    -0.245646     -0.15703    -0.177651   -0.0170631     0.238129    -0.260876    -0.125495    -0.158448     0.106727    -0.282964     0.329235    0.0636235    -0.599122    -0.126035    -0.319828   -0.0974817     0.137798    -0.195959     0.189334
   -0.533617    -0.301421   -0.0561779    -0.203062    -0.268495    0.0100869    -0.127976    0.0573995     0.132347    -0.110633     -0.24298    -0.292307    0.0828678    -0.140511    -0.216802     0.138937    -0.363363    -0.373357    -0.135474     -0.14625   0.00691641    -0.400276     0.139481    0.0766264    -0.386609       0.1758   -0.0334403    -0.276967    0.0755475   -0.0809698    -0.289196    -0.339748    -0.174356   -0.0677948     0.023764    -0.178782   0.00164453      -0.1357    -0.222826   -0.0316815    -0.159683    0.0902486    -0.137762    -0.160219     0.124626     0.148212    -0.088318    0.0293518    0.0131073    0.0874185    -0.252427   -0.0375709    0.0990588  -0.00582382     0.110572     -0.19323    0.0212538     0.229883   -0.0120299    -0.354863
   -0.451926    -0.267819    0.0127827   -0.0883569   -0.0867921   -0.0465239    -0.209585    0.0561947     0.138934   -0.0591513    -0.313064    -0.209046  -0.00342952    -0.037732    -0.162576     0.139203     -0.50379    -0.431774    -0.105752    -0.241255    0.0480957    -0.430191    0.0333817    0.0674947    -0.460675     0.187099    -0.124764   -0.0617492     0.164104  -0.00309442    -0.406823    -0.345162    0.0326342     0.106405    0.0111187    -0.231577    -0.158924    -0.101561   -0.0778107    -0.146918   -0.0638838    -0.179144   -0.0809518    -0.296596    0.0429226    0.0805764   -0.0427465   -0.0774873    0.0732955   -0.0589754     -0.19689     0.067625     0.177883   -0.0490931   -0.0578088    -0.116847    0.0601645     0.162758    -0.147729    -0.244595
  0.00347759    0.0164187   -0.0860041   -0.0460292    -0.243765   -0.0616533    -0.333354   -0.0584203   0.00328206   -0.0257733    -0.237838    -0.108497   -0.0117948    -0.106039   -0.0156198    -0.185774     0.138352    0.0175599    -0.114452   -0.0225287     -0.11126    -0.227688    -0.109251    0.0791209    0.0614851    -0.314931    -0.208739   -0.0400546    -0.129269   -0.0763512  -0.00935455   -0.0397167    -0.132302    -0.196904    -0.168663      0.01921     -0.18631     -0.12974   -0.0504077    -0.366468   -0.0691074    -0.298732    0.0233048    0.0141542   -0.0822267    -0.126061    -0.149715   -0.0760839    -0.188856  -0.00251735   -0.0947188    -0.271926    -0.234755    -0.166314    -0.058719   -0.0601372    -0.221132    -0.153625    -0.093849    -0.147699
   -0.100624    -0.159009     -0.22092   -0.0366471   -0.0136387   -0.0157266    -0.252745     -0.13343   -0.0605495    -0.055513    -0.309592    0.0399842    -0.120015   -0.0910992    -0.177459    -0.034452   -0.0573127    -0.170079    -0.127165    -0.100607  -0.00547543    -0.182282    -0.140239    -0.105195    -0.193162   -0.0287691    -0.147347   -0.0652785   -0.0825023    -0.158942    -0.225288   -0.0467393    -0.143219   -0.0725311   -0.0728922   -0.0212576    -0.183987    0.0200432   -0.0114179    -0.274412   -0.0840112    -0.214263   -0.0477282   -0.0358892    -0.114463    -0.127686    -0.181123   -0.0647917   -0.0126779   -0.0357841    -0.222693   -0.0689358   -0.0467315   -0.0178752    -0.116412    -0.053661    -0.144692   -0.0597451   -0.0649804   -0.0812642
   -0.109961   -0.0265256    -0.185198    0.0470495    -0.114406    -0.127111    -0.289209   -0.0689501    0.0471413    -0.014222    -0.265221   -0.0185417   -0.0510491    -0.136305   -0.0561581   -0.0538489    0.0274537    -0.105103    -0.150518     -0.22815    0.0554542   0.00409703      -0.2037   0.00255673    -0.141394    -0.105452    -0.158135   -0.0527951    -0.180489    -0.134872    -0.126645    0.0111047  -0.00135091    0.0149736    -0.029984   -0.0665739   -0.0686306    -0.340314   -0.0457781    -0.188081   -0.0893396    0.0290391    0.0118812  -0.00651961    -0.293312    -0.144893    -0.102245    -0.103658   -0.0594908     -0.17342   -0.0924051    -0.142904    -0.226162    0.0888731   -0.0973759    -0.153565    -0.170103    -0.167639   -0.0490776    -0.105571
  -0.0746138    -0.113197    -0.202048  -0.00645609    -0.104836   -0.0551264    -0.194387   -0.0607231   -0.0523197   -0.0612135    -0.206615   -0.0724026    -0.134421    -0.139961    -0.140377    -0.108447    -0.112481    -0.132616    -0.198952    -0.109979    0.0167192    -0.154166    -0.101637   -0.0914303    -0.212569   -0.0140675    -0.141863    -0.030055   -0.0671259    -0.142062    -0.252538   -0.0883927    -0.112021   -0.0833197   -0.0631091    -0.093303    -0.127664   -0.0854035  -0.00704287    -0.150509   -0.0311895    -0.135798   -0.0846242   -0.0418197    -0.149123   -0.0361389    -0.141352   -0.0633427   -0.0557548     -0.15941    -0.171854    -0.128349   -0.0218254    0.0570707    -0.180828    -0.120661    -0.075175   -0.0860056   -0.0355123   -0.0984229
  -0.0449689   -0.0682067    0.0319741    -0.137777   -0.0907035   -0.0682663    -0.177021   -0.0899168     -0.17477    -0.177811   -0.0142346   -0.0511306    -0.143964   -0.0324911   -0.0522909    -0.190986    0.0801761    -0.102274   -0.0369818    0.0335759    -0.181552    -0.123754    -0.141845   -0.0878982    0.0029979    -0.184584     -0.16408    -0.018873    -0.214972   -0.0691905    0.0606887    -0.101516   -0.0516324    -0.174482    -0.134779   -0.0484844    -0.118456   -0.0114048   -0.0368383   -0.0375809   -0.0119888    -0.241769   -0.0300376   -0.0740813   -0.0940339    -0.249742    -0.115753    -0.164556   -0.0965698    -0.040758    0.0848125    -0.256059    -0.223936    -0.223521   -0.0788261   -0.0130057   -0.0936283    -0.211952    -0.226236    -0.199742
    0.037272    0.0794172   -0.0853816    -0.076937    -0.308508    0.0712446    -0.212692    0.0398216     0.116156    0.0101206    -0.157612    -0.244566    0.0109252   -0.0589701   0.00230309    -0.158382     0.159753    0.0559343    -0.125405    -0.207952   -0.0101419    -0.308295    0.0603465    0.0982712      0.15011    -0.273732    -0.189383    -0.183988     0.143197   -0.0994567    0.0276277    -0.155312    -0.355459    -0.210795    -0.003383    -0.284874    -0.255507    -0.157352 -0.000931254    -0.433208    -0.184082    -0.366356    -0.114302    -0.248796     -0.15525    -0.017761    -0.202749   -0.0953084    -0.171607    0.0777958    -0.379021   -0.0698962    -0.392248    -0.414381  -0.00161112    0.0527181    -0.140207   -0.0196606     -0.22276   -0.0765384
    0.176499  -0.00748622    -0.126348   -0.0738543    -0.241992    0.0770735    -0.154463    0.0251264    0.0745096     0.132035    -0.147008    -0.306426   -0.0717003    0.0138525   -0.0404369    -0.110768    0.0876687  -0.00778314    -0.279874    -0.243971   -0.0313629    -0.287163    0.0512612    0.0416103     0.175868    -0.229714    -0.266728    -0.109122     0.215796   -0.0672369   -0.0445281    -0.131926    -0.342505   -0.0555535   -0.0935914    -0.358789    -0.266599    -0.135515   -0.0351448    -0.390867    -0.182344    -0.317686    -0.034766    -0.141583    -0.223926   0.00576038    -0.399974   -0.0299071    -0.103566    0.0607303    -0.286031    -0.012987     -0.33306     -0.35996    -0.108631   -0.0136808    -0.174484   -0.0507568    -0.184846  -0.00606527
   0.0555869    0.0280994    0.0321545    -0.356565     0.213096    -0.243236     0.258726    -0.187275    -0.362577    -0.229932    -0.187857     0.024251    -0.373943   -0.0641791  -0.00136829    -0.126173    -0.599821  -0.00315469     0.385843     0.012827   -0.0695352     0.148288    -0.499178    -0.347418    -0.199352  -0.00499203    0.0282497    -0.118587    0.0564687   -0.0192021    -0.562392    -0.174158    0.0580128    -0.220486     0.183226    -0.222712    -0.403276     0.141073      0.09945     0.253115    0.0440697    -0.371423     -0.30688    -0.546163    -0.168801    -0.147308     0.247023    -0.276304    0.0508005    -0.569856     0.183691     0.166587     0.326429     0.200556    -0.247287    -0.246554     0.119348    0.0310856    -0.143187     0.168321
   -0.232446   -0.0495596    0.0299616    -0.167432    -0.163473    -0.116213   -0.0143391     0.130678    -0.039556    -0.295811    -0.228147      -0.1843     0.125198   -0.0336068    -0.212748    0.0837386    -0.248499    -0.199773   -0.0741716    -0.122483    -0.161894    -0.208854    0.0822939    -0.171263    -0.137469     0.130708    0.0142028     -0.17911    0.0640402    -0.200349    -0.231872    -0.268078   -0.0955911   0.00559306      0.13293    -0.275028   -0.0271435    -0.151604    -0.338359    -0.126476    -0.209376    0.0668968    -0.139487    -0.222744    0.0170749    0.0799382     0.137658   -0.0539316     0.026019   -0.0591644     -0.29646    0.0992528   -0.0153514   -0.0937025   -0.0694957   -0.0952155   -0.0597446    0.0899686    -0.126507   -0.0404688
    0.081924    -0.285675    -0.639549   -0.0578634    -0.182697     -0.43535     0.148362     0.147742    -0.123368     0.519384      0.24966    -0.351637      -0.4316   -0.0918167    -0.396568     0.308665   -0.0490596    0.0367568    -0.370988    -0.469563    -0.255972     0.364613    -0.685468    -0.896838   -0.0938102     0.371583     -0.17455     0.320202     0.362355    -0.519825    -0.451182   -0.0253711     0.305567    0.0346842     0.187779     -0.47588     0.442579    -0.114227    -0.190697     0.293487    -0.134588       0.2473    -0.146979    0.0182623    -0.178736     0.148069    -0.283526    -0.386985     0.134067    -0.697717   -0.0197779     0.228235     0.277927     0.107313    -0.309513    -0.198469     0.192816     -0.42731     0.435017     0.216187
  -0.0149246   -0.0770244    0.0204271    -0.568755     0.292245   -0.0544079     0.251895    -0.103551    -0.406646    -0.499418    -0.105208    -0.015329    -0.341131    0.0897699    -0.287556    0.0517182    -0.548185    0.0147466     0.516623    0.0744457    -0.302636     0.156316    -0.290324     -0.59941    -0.118141   -0.0959586     0.091523   0.00345485     0.164375    -0.224113    -0.572879    -0.227649   -0.0292482    -0.159124       0.2955    -0.176937    -0.390059     0.200468    -0.050921     0.224945    -0.135927    -0.361209    -0.419668    -0.588629   -0.0394081     0.062675     0.336851    -0.371686     0.154256    -0.281217     0.140732     0.302871     0.103624   -0.0295614    -0.319485    -0.212724    0.0903161    0.0448921    -0.081457     0.174966
     0.14087    -0.194732   -0.0178043     0.105704    0.0449542    -0.115784     0.134013     -0.22211    -0.367809  -0.00800931   -0.0628879    0.0173691    -0.205668   -0.0873087   -0.0454209    -0.318189     -0.18946   -0.0475003    -0.158307     0.117803    -0.111255    0.0131372  -0.00113994     -0.10985     0.119717    -0.067003   -0.0548276    -0.173496    -0.343007   0.00817416    0.0913652  -0.00441653    -0.211582    -0.206002    -0.350782   -0.0743228   -0.0765672    0.0427581    -0.032549    -0.165445   0.00445788   -0.0799987    -0.061939    0.0248744   -0.0886182    -0.204183    -0.166545    0.0184005    -0.256425    -0.140988     -0.10174    -0.126181   -0.0104505    0.0431643    -0.120521    -0.156171    -0.155362    -0.092926    -0.277571   -0.0729503
