no weights
   0.0650359    0.0353721    0.0678633    0.0110902   0.00538299    0.0414227   -0.0107696  -0.00629409    0.0775678   -0.0053418    0.0202797    0.0796383    0.0047761    0.0608295     0.011785    0.0365711    0.0301293     0.071376    0.0667957    0.0492245    0.0350661    0.0741885   -0.0343184   0.00822372    0.0232392    0.0648924     0.068979    0.0670523    0.0147431   0.00414088    0.0192709     0.114082    0.0958371    0.0612976   -0.0261478    0.0388386    0.0234854    0.0543592    0.0290686   0.00757207   -0.0343987     0.113075    0.0784964     0.098807     0.144084    0.0580625  0.000547256      0.12407
   0.0247069    0.0817321    0.0766622   0.00021838 -8.95547e-05    0.0737605    0.0367762    0.0553232    0.0366813    0.0223004    0.0949914    0.0638321    0.0805301   0.00104736    0.0541713    0.0857844   0.00710659     0.113132    0.0828733    0.0416237   0.00698738     0.089251     0.070844    0.0470882    0.0679492    0.0606243    0.0195328     0.110443     0.060703    0.0621739    0.0457993    0.0941668    0.0642301    0.0786624    0.0411357    0.0981938    0.0615378    0.0229847    0.0911989    0.0876579   -0.0135306    0.0291239   -0.0180709     0.119297    0.0635088    0.0751653  -0.00435418    0.0627923
   0.0695788     0.101081    0.0102484    0.0381294    0.0221956     0.104294    0.0947415    0.0524364    0.0320738   -0.0152872    0.0643103    0.0790535    0.0228399    0.0979964  -0.00402985    0.0660039    0.0810947   -0.0477535    0.0662761    0.0822052    0.0969195     0.103974    0.0432904    0.0633141   0.00653197   0.00595752    0.0661011    0.0560834    0.0953016    0.0343587   -0.0090797    0.0824601    0.0448284    0.0213366    0.0696449    0.0213864    0.0540469    0.0824187    0.0758478    0.0700367    0.0306103    0.0979091    0.0381518     0.112267    0.0857581    0.0743482    0.0962452   0.00554694
   0.0896881     0.118078    0.0882927    0.0569782    0.0544499     0.107242    0.0145819    0.0219324  -0.00242921    0.0700099    0.0111241    0.0933734  -0.00397485     0.104885    0.0530048     0.109772     0.067341     0.024221     0.112391  -0.00900142   0.00138145    0.0253315  -0.00589634  -0.00540325    0.0173351    0.0402852     0.114802    0.0746411    0.0549551    0.0385657    0.0701618    0.0990273   -0.0143329      0.09484   -0.0278576    0.0305133    0.0971038     0.117532    0.0503208     0.026952    0.0441196    0.0844309    0.0639449    0.0911655   -0.0252915    0.0763254    0.0395789     0.103052
    0.127184     0.068284     0.124714    0.0421974    0.0422926    0.0219145    0.0713554     0.041207     0.116432    -0.020403    0.0478623    0.0476243    0.0705702     0.094853    0.0415492    0.0174976     0.063712    0.0396485   -0.0233926    0.0368376    0.0498975     0.124737    0.0844756  -0.00582045   -0.0295168      0.12891    0.0411743     0.109922  -0.00939933    0.0725184    0.0506106    0.0451827    0.0292538     0.027072   -0.0324792   -0.0239993    0.0410159    0.0530027     0.157967    0.0652561    0.0199038   -0.0110435     0.103846    0.0892699    0.0414361    0.0128814    0.0252406     0.043828
    0.092191  -0.00617858    0.0659312    0.0585104    0.0570626    0.0189349    0.0627135    0.0797656      0.11295    0.0905015   -0.0147392     0.075316     0.113829    0.0617562    0.0233266    0.0362276   -0.0177957    0.0349428     0.140586    0.0260591     0.105047    0.0883598    0.0567606    0.0695828    0.0450232     0.071848    0.0664551    0.0804343    0.0715554     0.030799    0.0418524    0.0668587    0.0338511  -0.00741071   0.00478008    0.0650549    0.0935219    0.0188116     0.076939    0.0445505    0.0226529     0.101717      0.10462     0.102622     0.106716    0.0739101    0.0881177     0.041707
   0.0335322   -0.0276916    0.0231726   -0.0412964   0.00547701    0.0618914   -0.0232032    0.0591922    0.0818587    0.0518764    0.0187098   -0.0598657   -0.0488076    0.0414604     0.129197    0.0678058    0.0190925   -0.0519954 -0.000565156   0.00392882    0.0493173    0.0213002   -0.0388198   -0.0399646   -0.0528112    0.0643474     0.106241    0.0721152    0.0727429   -0.0649997   -0.0540783     0.121855     0.156842    0.0931109     0.035788    0.0259052   -0.0338249   -0.0100927    0.0980945    0.0522194   -0.0288222     0.026423    0.0561238    0.0568905     0.127877    0.0671019    0.0272038    0.0889501
    0.048384    0.0337225   -0.0109005   0.00385595    0.0489431     0.019622    0.0533496    0.0777829    0.0646802   -0.0230157    0.0698973    0.0144302    0.0473002    0.0254482    0.0325072     0.021388    0.0533975    0.0931541    0.0418936    0.0385793    0.0457577    0.0256319      0.08233    0.0245027    0.0970367    0.0567012    0.0916068    0.0426694   0.00325411    0.0531896    0.0434609    0.0631844    0.0431125    0.0609246    0.0376199   0.00411727    0.0774683    0.0743966     0.053241   0.00576972     0.110579    0.0513317    0.0089739     0.112203    0.0155956    0.0803933    0.0723522    0.0157424
   0.0343654  0.000534957    0.0287962    0.0267306   0.00474392    0.0557605     0.138937    0.0259468    0.0260302    0.0626032    0.0211664    0.0856536    0.0840059    0.0967817    0.0825181    0.0240935    0.0574473    0.0676931    0.0621227   0.00499435   0.00308013    0.0420741      0.10505     0.115383     0.140563    0.0164361    0.0364417    0.0103569     0.114415      0.10788      0.12328  -0.00635934    0.0205671    0.0384693    0.0925327      0.09733    0.0419087   0.00798543   0.00820963     0.106253    0.0397533    0.0515115    0.0929477    0.0336265    0.0268671    0.0137022    0.0927794     0.030909
   0.0177336    0.0122542    0.0130266     0.096701   -0.0024366   0.00892196    0.0418815    0.0802364    0.0517126    0.0136137   0.00328333    0.0887633    0.0795166    0.0877751   -0.0110701     0.100578     0.058074    0.0861166    0.0553561    0.0383193   0.00702103    0.0896363    0.0220628     0.051917    0.0925484      0.02045    0.0727226     0.118222   -0.0150557    0.0578827    0.0565931    0.0396549 -0.000225216     0.107866    0.0803649    0.0324698      0.03323     0.118691   -0.0231265    0.0237278    0.0533138    0.0197644     0.119281    0.0480007    0.0185128     0.101982     0.112702     0.146925
 -0.00122595   -0.0195779    0.0730154    0.0286564    0.0208638    0.0601062    0.0226706     0.058555    0.0841487    0.0868184     0.023969    0.0176112   0.00182903    0.0750868    0.0938139    0.0994752    0.0206495    0.0101049     0.015833    0.0926863    0.0382935     0.125608    0.0977703  -0.00157694   -0.0390508  -0.00756283     0.043001    0.0723962    0.0266112    0.0467229   -0.0223188   0.00115984    0.0763515    0.0960324    0.0198404    0.0323233    0.0205762    0.0238236    0.0265328    0.0274167    0.0308334    0.0538581    0.0583662    0.0849371     0.118579    0.0507563  -0.00960371    0.0712856
   0.0416653     0.136913     0.104444     0.118621    0.0428229    0.0803056    0.0754031    0.0579731    0.0342015  -0.00737352    0.0727024    0.0916435     0.022669    0.0692646    0.0467617    0.0167673    0.0708684    0.0696702    0.0779326    0.0260119    0.0606691      0.12688    0.0263087    0.0127706   0.00697745    0.0988579     0.142717     0.096574    0.0476267    0.0873019   -0.0228695    0.0944882   0.00304089    0.0456301     0.025334   -0.0185541    0.0652808    0.0732253     0.100785    0.0412516    0.0267139    0.0670246    0.0132479    0.0158411    0.0610518    0.0137578     0.055484   0.00421774
   0.0202703    0.0101067    0.0330532    0.0569513    0.0265118    0.0282997  -0.00222354    0.0454496    0.0595626   -0.0079556    0.0706394    0.0477847   -0.0241438    0.0200209    0.0743877      0.06476     0.100011    0.0276944    0.0423713   -0.0107919    0.0949384    0.0169087    0.0972722     0.109127    0.0952699    0.0507789    0.0613902    0.0684605     0.106041     0.102999     0.031937    0.0675536    0.0144494    0.0251966    0.0880395    0.0952863    0.0518237    0.0762486     0.109238    0.0430796    0.0499595    0.0216823     0.046379    0.0970307    0.0399072    0.0789729    0.0129411    -0.033381
   0.0493815    0.0951178    0.0462246    0.0367862     0.082379    0.0757427     0.115058    0.0534116    0.0741237    0.0656968    0.0196057    0.0150493     0.124632    0.0575568   0.00348709    0.0818462    0.0912821    0.0828149    0.0504371    0.0522801   0.00439314     0.114824    0.0533758    0.0627428  0.000161387    0.0541788    0.0312876    0.0734655    0.0736448    0.0672584   0.00713051    0.0127226    0.0962595   0.00251494    0.0388517     0.016819    0.0628406    0.0258905    0.0129345  -0.00254994    0.0711608    0.0610945    0.0764184      0.09335    0.0954752     0.106977    0.0218829    0.0793438
   0.0882645     0.103728    0.0945243     0.130563    0.0513522    0.0903746    0.0638494    0.0144544    0.0112206    0.0710806    0.0886603    0.0308766    0.0898084    0.0475304    0.0619928     0.090797    0.0545437    0.0227365    0.0666554    0.0119003   -0.0182102    0.0688465    0.0759203    0.0286917    0.0178502    0.0420456    0.0580802    0.0958343    0.0130148    0.0942301    0.0638547     0.107691   0.00922138    0.0762696    0.0295994     0.110396    0.0791732    0.0989472  -0.00320745    0.0669333    0.0642861    0.0801656   -0.0122568    0.0584269    0.0599375     0.093611     0.102812    0.0514668
    0.114726    0.0401753    0.0184366    0.0196512    0.0133712    0.0192654    0.0806635    0.0681574    0.0489802  -0.00113334    0.0812275    0.0083551    0.0809172     0.117024    0.0800753    0.0340467    0.0386271     0.108242    0.0751538     0.106406     0.109613    0.0683969     0.113237    0.0133541    0.0595972    0.0703328    0.0805863    0.0525989  0.000683088    0.0610706    0.0942455    0.0179089     0.111882      0.04004    0.0342752      0.04401    0.0570725     0.049053    0.0490692    0.0346092    0.0903577   0.00227242    0.0830695    0.0588319   0.00505583    0.0388817   -0.0272748     0.026125
  -0.0180304    0.0602757     0.104251    0.0836774     0.015195    0.0621384    0.0374417    0.0610029    0.0871196  0.000940331   -0.0090062    0.0983304    0.0596779   0.00521161    0.0846541  -0.00706022  -0.00978924      0.12828  -0.00276121    0.0705836     0.113282    0.0275683    0.0494173     0.126629    0.0824267   0.00679358    0.0206098  -0.00501574    0.0908159     0.116729   0.00547082   0.00613877    0.0558909  -0.00373903    0.0647828     0.101908    0.0343079    0.0802751    0.0355648    0.0735946     0.013887     0.114993    0.0256726     0.104372    0.0882596      0.09084   -0.0257614  0.000980652
  0.00588618     0.019872    0.0532996    0.0745929     0.024585    0.0425017    0.0454972    0.0280229    0.0836501    0.0308646    0.0397327     0.063618   -0.0177951    0.0341413    0.0931639    0.0373082    0.0225487    0.0903105  -0.00971093    0.0593469    0.0166399      0.02139   -0.0364488    0.0909668   -0.0269405    0.0480782     0.106019     0.111641    0.0250641    0.0381522    0.0486384    0.0891612     0.134268    0.0955841    0.0302157     0.065963   -0.0315235    0.0386023      0.11559    0.0797172  -0.00196889    0.0477885    0.0453485    0.0609427    0.0995069    0.0617392     0.111007   0.00419873
   0.0700037   0.00252811    0.0515947    0.0492627    0.0500744   -0.0334485    0.0813637    0.0875353    0.0842491    0.0708699    0.0497693   -0.0279084    0.0118975     0.047646  -0.00497895    0.0862581    0.0677221     0.046539    0.0539984     0.054226    0.0209309    0.0667927   -0.0122525    0.0463719   -0.0421963    0.0871989  -0.00654032     0.101857     0.004798    0.0467426   -0.0291722    0.0699501     0.109681  -0.00273222    0.0316491   0.00554371   -0.0227236    0.0620472    0.0884512    0.0456193  -0.00955676    0.0437339   -0.0190585  -0.00473829     0.097406    0.0353451     0.024148    0.0144569
   0.0211741    0.0565305    0.0907332    0.0797906    0.0659253    -0.018094    0.0514021    0.0644551    0.0290022    0.0120394  0.000540235    0.0656918    0.0334824    0.0736473    0.0858866    0.0260231     0.113016     0.040786   0.00328294    0.0220042     0.123962    0.0571106   -0.0235426    0.0463155   -0.0235846    0.0466611     0.113896    0.0868344    0.0790032     0.014414   -0.0273367    0.0939071    0.0455956    0.0173671    0.0178473   -0.0235289    0.0935222    0.0310732    0.0902086  -0.00059402  -0.00691479  -0.00520877  -0.00886776     0.134852     0.142862     0.029066    0.0809108    0.0912049
    0.161669    0.0861846    0.0762897      0.12232     0.102155     0.117071     0.115926    0.0173734    0.0268981    0.0358962    0.0326299     0.121904    0.0587211    0.0872369    0.0567097    0.0360206    0.0928726    0.0484982    0.0658672    0.0553668    0.0307283    0.0491112    0.0752342     0.103145     0.122905    0.0789175  -0.00845713    0.0230824    0.0920217    0.0716675     0.107268    0.0705879   -0.0362679    0.0678663    0.0196478     0.118629    0.0373172     0.117471   -0.0221528    0.0108853    0.0916897    0.0936838    0.0557516  -0.00907515   -0.0536039   -0.0235451    0.0414185    0.0943495
   0.0324503    0.0652809     0.116902     0.041632   0.00323904    0.0301078   -0.0166533     0.061108    0.0579138    0.0163386    0.0290467   -0.0194183   0.00138545    0.0492174     0.102212    0.0504907    0.0533252   0.00943915    -0.051866    0.0784038  -0.00929718    0.0453903  -0.00812739   -0.0115184    0.0110467    0.0523801    0.0984518     0.095999   -0.0064304    0.0179363   -0.0214646    0.0305902     0.125155     0.097187   -0.0342626    0.0739404    0.0020148    0.0639717     0.141717     0.112602    0.0270897      0.01543   -0.0117042   0.00972663    0.0726463    0.0170554   -0.0227337    0.0996742
    0.112662    0.0106439    0.0916408    0.0715838    0.0243134     0.123739    0.0974278    0.0714792    0.0917633    0.0865937    0.0901453    0.0621068   0.00417541    0.0960973    0.0463864    0.0585797    0.0856834   -0.0289892     0.129782   0.00971459    0.0970603    0.0167843    0.0529115     0.014114     0.123675    0.0822752    0.0812186   0.00355147     0.067503    0.0134129    0.0939377    0.0278862    0.0167491   -0.0311747    0.0433652    0.0846689    0.0937168    0.0844598   0.00824191   -0.0399869    0.0297745    0.0575695    0.0698312     0.110711     0.033488    0.0708917    0.0517489    0.0722196
   0.0857085    0.0999622    0.0125577     0.131871    0.0639838     0.088988    0.0554255  -0.00636711    0.0323284    0.0595836    0.0214736    0.0628232    0.0374983    0.0913568    0.0124982    0.0906048    0.0547731   -0.0141455     0.144117   -0.0196564   -0.0223252   -0.0277165     0.010296    0.0245626    0.0911505  -0.00473916   -0.0601056   -0.0265291    0.0759041     0.124414     0.110441    0.0608651   -0.0348842    0.0662206    0.0905837    0.0590068    0.0700219 -9.94509e-05    -0.002408     0.105603    0.0316516    0.0582808    0.0241795    0.0517396    0.0626481    0.0512677     0.145495     0.076246
   0.0673776    0.0466002    0.0565519    0.0107188   -0.0426147    0.0183575    0.0426265      0.04969    0.0456784  -0.00935377   -0.0238373    0.0204002    0.0308296    0.0463883    0.0329165    0.0397213    0.0435254    0.0313572    0.0134017    0.0155849    0.0543585    0.0872864   0.00548209    0.0768854    0.0640319     0.057009     0.108443    0.0194338   -0.0282735    0.0487227   -0.0286277    0.0813031    0.0859894     0.013902   -0.0184726    0.0412351     0.072564    0.0481229    0.0760371    0.0364558  -0.00709139    0.0959679    0.0188035      0.12598     0.105665     0.122665    0.0592811     0.105184
    0.027395    0.0346236    0.0338012   -0.0156758    0.0850885    0.0637763   -0.0100878    0.0119438    0.0340151    0.0686863    0.0777776     0.097878     0.023973    0.0414821    0.0406578    0.0808402      0.14584    0.0969436    0.0382266     0.104849    0.0720852    0.0322535    0.0365291   0.00191724    0.0632073    0.0344242     0.141545     0.103187    0.0952307    0.0134378    0.0324498    0.0501474    0.0552627    0.0827249     0.117658    0.0487876    0.0703889    0.0619901    0.0301938    0.0332219     0.125227  -0.00288108    0.0580854    0.0530967   -0.0355654   -0.0153445    0.0438091    0.0415778
   0.0990071    0.0550398    0.0849994    0.0771561    0.0567715    0.0850935    0.0767276    0.0686371    0.0830506    0.0205555     0.138121    0.0912838    0.0417779    0.0451977    0.0207294   0.00784578    0.0642184    0.0687515    0.0575917     0.066879    0.0403258    0.0601214    0.0227814  -0.00687517   -0.0115197    0.0372913    0.0845909    0.0267335     0.103983   0.00134925  -0.00419248     0.123258    0.0904842    0.0629688     0.065994    0.0132354  -0.00311241     0.120445    0.0899528    0.0354019     0.117999    0.0602685     0.027127    0.0399899     0.115299    0.0738223    0.0406881     0.055857
   0.0430484    0.0702564    0.0486003      0.08242    0.0983818  -0.00197038    0.0783391    0.0102766    0.0100349     0.016818    0.0129537   -0.0067378    0.0784732    0.0864029  -0.00759859     0.022837    0.0173513     0.105702    0.0411913     0.140172    0.0647661    0.0900051    0.0367528    0.0875796   0.00751882    0.0369452     0.104269    0.0639197    0.0161332    0.0496048    0.0595315   -0.0250012    0.0982145      0.11971    0.0262323    -0.025102    0.0475704    0.0636488    0.0226672    0.0792381    0.0166031    0.0783685    0.0327256    0.0139683    0.0730768     0.097397    0.0791504    0.0900064
    0.129721   -0.0175329   -0.0490539 -0.000112258   -0.0175322    0.0126611     0.132777 -0.000255754    0.0410821   -0.0152626    0.0995309    0.0113904     0.120569    0.0630488    0.0629222    0.0358215   -0.0109156     0.106076     0.112524    0.0971446    0.0188889   0.00780934    0.0759841    0.0706233    0.0490961     0.051994    0.0333326    0.0799367    0.0411305    0.0611006     0.101446    0.0335906    0.0868747    0.0826496   0.00880582    0.0586429    0.0408359    0.0143944  -0.00151001   -0.0337225     0.030082     0.109854     0.124252    0.0752747    0.0954309    0.0403111    0.0354208    0.0669272
   0.0862944    0.0462326    0.0996322      0.10645     0.100386     0.117114    0.0391722     0.044078    0.0625153     0.100049     0.104045    0.0626087     0.044272    0.0481717  -0.00476859    0.0619132     0.103184    0.0866106    0.0455341    0.0221094     0.081602      0.13342     0.100349    0.0414942    0.0281564  -0.00649999     0.028024    0.0813363    0.0326071    0.0888616    0.0383194    0.0754611   -0.0175712    0.0737558    0.0450692    0.0692316     0.112426    0.0160758    -0.006462    0.0910087    0.0156859    0.0886202    0.0670472    0.0159504      0.04039    0.0841969    0.0436677     0.021496
  0.00776656     0.125111    0.0753404    0.0646178    0.0724735     0.124314    0.0189757    0.0169172    0.0674268     0.081362  -0.00554036    0.0504357    0.0646995    0.0710673    0.0924434    0.0566864    0.0660126    0.0524604     0.055616     0.034514    0.0846447    0.0754549    0.0405382    0.0249535  0.000934835   -0.0289245    0.0698856   -0.0167864   -0.0173512    0.0945555     0.045184     0.103671    0.0452378   -0.0144292   0.00124315    0.0714076    0.0494828    0.0832726   -0.0123678    0.0946594  0.000120434    0.0274145    0.0492075     0.154594    0.0478272     0.117198    0.0371228   0.00787888
   0.0559364    0.0410636     0.100198    0.0912398    0.0304521    0.0311055    0.0126284     0.104465     0.105971    0.0826179    0.0317392    0.0243034    0.0461502    0.0904515    0.0469363     0.113779    0.0130664    0.0801031    0.0310382   0.00411536  -0.00056082     0.082569    0.0176946    0.0177301 -0.000339117    0.0232056     0.130406     0.127869   -0.0175108    0.0323998    0.0154133     0.054682     0.031418    0.0692052    0.0556553    0.0552047    0.0489686       0.1035    0.0893614     0.115493   0.00532295    0.0808879     0.042307    0.0900533    0.0822904    0.0396794     0.051146   0.00272036
  0.00269594    0.0526667     0.102774    0.0424018    0.0573934    0.0439911    0.0472557    0.0157647   0.00535575    0.0288849    0.0951895    0.0740213    0.0794559    0.0499413    0.0516261    0.0766849    0.0418141      0.09967   -0.0140437    0.0986547   0.00103529    0.0844385     0.122482    0.0227887   -0.0284066    0.0489381    0.0926542     0.112435    0.0462601     0.010443    0.0643738    0.0546301    0.0860137     0.120878     0.106078    0.0745803    0.0227759    0.0870157    0.0663364    0.0956332     0.105419   0.00945714    0.0233465   0.00197827    0.0458515    0.0638575    0.0655219    0.0100013
   0.0776287     0.076854    0.0799756    0.0666084    0.0314628    0.0839435    0.0952319   0.00683711    0.0731948    0.0120974     0.102619      0.01443    0.0438933    0.0940522   0.00631438    0.0978573    0.0411912    0.0106375     0.121845    0.0714891    0.0665928       0.0838     0.129058    0.0364767    0.0719595    0.0879933    0.0569436    0.0512116    0.0121894    0.0851094     0.084192    0.0456835    0.0775158    0.0523984    0.0206927    0.0843243     0.109832    0.0578579    0.0382189     0.101809     0.107399   -0.0068879     0.122299    0.0710095  0.000902308    0.0233756  -0.00830619     0.109336
   0.0527929   0.00360132   -0.0325103  -0.00618183    0.0126662   -0.0206197     0.116064    0.0515923    0.0160195    0.0369605    0.0960459    0.0189712    0.0545259    0.0980052    0.0359664    0.0601106    0.0798345    0.0795643    0.0127855     0.133957    0.0890929    0.0423229    0.0412111    0.0991111    0.0384632    0.0727312     0.120347    0.0811668   0.00296573     0.121324    0.0694216    0.0621852    0.0911587    0.0434542   -0.0118997    0.0158521     0.077822    0.0744278     0.161046    0.0182494    0.0801242    0.0870124    0.0632101    0.0751862   -0.0113155   0.00125913   -0.0199879  -0.00692491
  -0.0199851     0.130498     0.158643     0.100148    0.0799631     0.014434    0.0845569    0.0473192    0.0122068    0.0781985   0.00091559    0.0841192    0.0118424     0.052529    0.0767566    0.0506187    0.0656509    0.0464488    0.0620603    0.0668202    0.0673047     0.127913    0.0737516    0.0832462    0.0722113    0.0584425    0.0172238    0.0794245       0.0601    0.0254843    0.0797919    0.0385432    0.0795186    0.0528226   0.00863097  -0.00392778   0.00957117    0.0831921    0.0494377     0.101788    0.0433288    0.0422921    0.0256763   0.00754596    0.0947214    0.0657789     0.110811    0.0157419
  -0.0226381  -0.00825199    0.0939946    0.0223719    0.0568689     0.038195   -0.0558035    0.0610091     0.100615    0.0429996   0.00748625    0.0503512    -0.026263    0.0261726    0.0907214    0.0363044    0.0253734     0.053648    0.0528567    0.0599563    0.0548557    0.0636461     0.134187  -0.00481768      0.02968     0.038254    0.0642571    0.0752378    0.0289779    0.0529522    0.0156264    0.0518461    0.0726957    0.0786071     0.110829     0.071392    0.0114068     0.044204    0.0446581     0.050365    0.0911038   -0.0143811    0.0800229    0.0437878    0.0250417    0.0692922   0.00619506    0.0276586
    0.112599    0.0574674    0.0741685    0.0498096    0.0365812   0.00765155     0.056387    0.0470141    0.0809437    0.0887956    0.0322864    0.0437228    0.0834652    0.0354852    0.0243307    0.0205642     0.036603     0.023392    0.0619499    0.0279978    0.0987247     0.109349   0.00649265  -0.00758732  -0.00082149     0.115948     0.107026      0.13321   0.00257981   -0.0325201   -0.0372715    0.0593463    0.0901122    0.0293646   -0.0015756   -0.0288589    0.0222484  0.000779894    0.0740354     0.025029   -0.0109402    0.0811612    0.0921852    0.0536516    0.0527972     0.105217     0.104142   0.00946933
   0.0714563    0.0692957    0.0206327     0.118191    0.0531296    0.0340396    0.0566583   -0.0186842    0.0401941    0.0477502    0.0102126    0.0620176    0.0602907   0.00917402    0.0125952    0.0389032    0.0355259    0.0944636    0.0555909    0.0171688  -0.00526858     0.113517    0.0379589    0.0146877    0.0752319     0.107897    0.0358134    0.0418063     0.017312    0.0191488    0.0155691    0.0347735   0.00585217    0.0720634    0.0127115    0.0761837    0.0199847    0.0527256    0.0191764    0.0615481    0.0133921    0.0869853    0.0788985  -0.00161406    0.0590815    0.0146844     0.108393    0.0364662
   0.0249995    0.0721026    0.0700362    0.0169266    0.0613695    0.0385417   -0.0180871    0.0972918    0.0361941    0.0243463     0.115444   -0.0183881    0.0229982     0.002056     0.106986    0.0809168    0.0303534   -0.0248449   -0.0288485     0.098275     0.052626     0.136412     0.100878   -0.0285435     0.021004    0.0807732    0.0397967    0.0763093    0.0127872    0.0369315   -0.0390723    0.0719556     0.146726     0.122351    0.0639813    0.0754237  -0.00148245    0.0935396     0.107103     0.043341    0.0415429    0.0291532    0.0489475   -0.0183329    0.0170023   -0.0156607    0.0379552    0.0404872
 -0.00127561    0.0334709    0.0419028    0.0978979     0.142882    0.0651001    0.0547348   0.00970382   0.00610234    0.0402176    0.0426797    0.0878724    0.0864133    0.0122821    0.0393544    0.0535385   0.00535425    0.0268265    0.0564176    0.0760013    0.0263509    0.0840139    0.0353946    0.0391656    0.0194404    0.0411841    0.0228167     0.100375    0.0868124    0.0113955   0.00973132     0.100156    0.0329043    0.0886105    0.0231766     0.019927    0.0522565    0.0279407   -0.0126819    0.0886606    0.0254289   0.00154723    0.0467521    0.0173703    0.0899892    0.0798299     0.120714    0.0284169
   0.0296547    0.0492006    0.0805076    0.0293314    0.0712577    0.0708533  -0.00798962    0.0939874     0.124851    0.0690259    0.0580143    0.0165701   -0.0266809    0.0287888    0.0936989    0.0855192    0.0228913   0.00290766    0.0573674   0.00251572    0.0822185     0.037504    0.0608825     0.071766   -0.0288652   -0.0210853     0.118653   0.00978279    0.0841713    0.0417845    0.0246299    0.0967028     0.116027      0.07948     0.098616   -0.0013658    0.0210896    0.0689184     0.134252      0.10152     0.131244    0.0189518    0.0446322    0.0128432    0.0607881    0.0482353   -0.0421697    0.0885607
  0.00394566     0.133221     0.125172    0.0371605    0.0718526    0.0773088    0.0279679    0.0316555    0.0835543    0.0710404    0.0443956    0.0697304    0.0932061    0.0133412    0.0134673    0.0076196    0.0225133    0.0458637    0.0465428    0.0842889     0.114138     0.080931    0.0332639     0.100673    0.0731906    0.0440212    0.0286926    0.0709401   -0.0026894    0.0912436     0.099576    0.0430364   -0.0160763    0.0630097    0.0735072 -0.000621172    0.0957902    0.0633634    0.0877063    0.0460685    0.0915626    0.0267927    0.0529617     0.112922   0.00869799    0.0856954    0.0498813    0.0565062
   0.0595012     0.110358     0.135671     0.145508    0.0604012    0.0415562   -0.0253301    0.0528664    0.0474366      0.10758   0.00130975    0.0426927  -0.00601213    0.0600287    0.0318215    0.0951603   -0.0136574    0.0575741      0.06662    0.0495693    0.0939281    0.0165811    0.0500216    0.0295004    0.0239837    0.0755071    0.0975423    0.0583934    0.0779467    0.0298571    0.0907502    0.0574803    0.0942114    0.0835268  -0.00911907    0.0352725    0.0238037    0.0433057    0.0337935    0.0203874    0.0994423    0.0639583     0.063262   0.00944197    0.0826121     0.132165    0.0567571    0.0785721
   0.0418097    0.0431979     0.105993    0.0338553    0.0780941    0.0349411   0.00176006     0.053368    0.0972372    0.0877277    0.0729395     0.043753    0.0127093    0.0775039    0.0131849    0.0468971    0.0149113   0.00418517    0.0386104    0.0781785    0.0849146    0.0665271    0.0332165    0.0326764    0.0830937    0.0708077    0.0481184     0.045648     0.107584   -0.0298496    0.0338668  -0.00280937     0.110814    0.0127103    0.0521157     0.033145   -0.0128018     0.042888    0.0226918  -0.00744717    0.0784762 -0.000951917    0.0720207     0.032711     0.130265    0.0819778    0.0914941    0.0235109
   0.0197837    0.0442669    0.0314348   -0.0268948    -0.021811    0.0225672    0.0629062     0.107651    0.0260655    0.0456128    0.0807985    0.0501677    0.0898334    0.0333422    0.0492228    0.0312543     0.116473    0.0647003    0.0214978    0.0275725    0.0265897   0.00103108     0.057531   0.00168082    0.0817298    0.0975466    0.0362851    0.0737894    0.0945202    0.0531925     0.084368    0.0584203     0.100581    0.0128595     0.029131  0.000948417    0.0578701    0.0691765    0.0187234  -0.00258656    0.0782971 -0.000305071    0.0716419    0.0595991    0.0949112      0.09179    0.0100395     0.108077
   0.0366498  -0.00665077    0.0862152    0.0374629     0.106921   0.00730892  -0.00300555    0.0223384     0.045165    0.0504465     0.036947  -0.00663231    0.0374402     0.059537  -0.00374069    0.0301693    0.0873556    0.0229334   0.00468053     0.031274    0.0452552    0.0370555  -0.00523585    0.0416164     0.032609    0.0837409     0.097252     0.108342    0.0318435    0.0431759    0.0215615    0.0226596     0.117449    0.0937956    0.0661108   -0.0222339   -0.0315958    0.0372015     0.153687    0.0733047     0.100366   -0.0233079   -0.0706413    0.0131194    0.0852444    0.0942013    0.0479697   -0.0523034
   0.0972357    0.0411788     0.113393     0.102065    0.0938772     0.109954    0.0729244    0.0893455    0.0642203  -0.00443596    0.0499222     0.109742    0.0383153    0.0316415    0.0278564    0.0263068    0.0765953    0.0282755    0.0708885   -0.0281376    0.0450038   0.00481922    0.0546506    0.0599417    0.0980792    0.0200912    0.0959796     0.050947    0.0867829     0.017601    0.0779329     0.108566    0.0436564    0.0658091    0.0582508    0.0396951    0.0586226     0.104065    0.0336045  -0.00625718    0.0398886    0.0366402    0.0416609    0.0307692    0.0848054    0.0794213    0.0211824     0.058017
    0.102345    0.0166493    0.0930618  -0.00444896    0.0588014   0.00011729    0.0242673    0.0206514    0.0474695    0.0370104     0.102348    0.0810071    0.0677501    0.0661865    0.0151092    0.0133633    0.0422082    0.0977121    0.0516454     0.107003    0.0865714    0.0765182    0.0618592  -0.00713662    0.0432508    0.0420334     0.023883     0.118994    0.0689926    0.0737219    0.0431804    0.0304529    0.0796626    0.0132252    0.0327653    0.0262548    0.0512777    0.0425473    0.0322289    0.0477739    0.0455821    0.0352968    0.0810268    0.0643198    0.0206867   0.00663515   -0.0315599    0.0131277
    0.111949     0.055619     0.110341    0.0404351    0.0526097     0.102345    0.0864522    0.0319723    0.0569837    0.0183503    0.0612363    0.0806775    0.0406715    0.0752979      0.10065    0.0613453  -0.00788751    0.0820395     0.114044   -0.0280272    0.0549468    0.0275637     0.088381    0.0326929    0.0536587    0.0191677   0.00645146      0.02574     0.103783      0.07882    0.0786664   -0.0119719    0.0679253   -0.0119643     0.076234    0.0883987    0.0831373   -0.0148173   0.00139674    0.0278096   0.00505456    0.0556229    0.0692043     0.094408     0.125152    0.0736322    0.0532714    0.0182384
  -0.0218993    0.0536909     0.083205    0.0963562    0.0822105   0.00857224    0.0203217 -0.000490068     0.054685    0.0874637    0.0790218     0.021755    0.0929551    0.0154897    0.0454526    0.0282236    0.0492627   -0.0155555   -0.0149214     0.118887    0.0417109     0.123955    0.0446848  -0.00460211   -0.0212955    0.0515048    0.0240185     0.103946     0.049756     0.064363  -0.00272319    0.0763663    0.0520049     0.061482   -0.0167791    0.0444538    0.0293414    0.0516268    0.0219064    0.0799838     0.066375     0.078279    0.0592581    0.0115138      0.10468    0.0546801    0.0464665    0.0526435
    0.129033   0.00998158    0.0608015   -0.0414441   -0.0129986    0.0338635    0.0233374    0.0422781    0.0434929   -0.0164386    0.0419911   0.00137078     0.123034    0.0692476     0.029379     0.100075    0.0162865   0.00897898    0.0789229    0.0731887    0.0449398    0.0476286   -0.0147118   -0.0108652    0.0154025    0.0546384    0.0954161    0.0848922    0.0434696  -0.00274582  -0.00255777     0.072333     0.085765    0.0210773  -0.00446441    0.0127956    0.0365228    0.0177868     0.146718    0.0428286    0.0455747   0.00750092    0.0646049     0.025701    0.0736138    0.0493067    0.0333379    0.0514755
   0.0528374  -0.00249493    0.0852797    0.0391213     0.041413   -0.0130431   0.00493606    0.0132456  -0.00325704     0.108289      0.04013   -0.0343115    0.0841219       0.0347    0.0496205    0.0845018    0.0861197   -0.0037658   -0.0118904    0.0331602   0.00709423    0.0785349  -0.00770138    0.0228141    0.0298333    0.0918923     0.103027     0.127906    0.0571747    -0.084645  0.000698634     0.125614    0.0992085      0.10762    0.0357183   0.00159294   -0.0121286    0.0661753 -0.000876354    0.0292393    0.0409874    0.0423882     0.056117   0.00888014     0.013348    0.0334128     0.105788   0.00299365
   0.0300778    0.0629297    0.0992737    0.0932423     0.111263    0.0459968  -0.00969159    0.0418315    0.0623197     0.116901     0.112417     0.106949   -0.0316119  -0.00331058    0.0654019   0.00503832    0.0869731    0.0865392    -0.032062    0.0577359    0.0145451    0.0523693  -0.00350712    0.0876311   -0.0089713    0.0590482    0.0808191    0.0987838      0.10691    0.0131557  -0.00118606     0.105388    0.0803243     0.113292    0.0745982    0.0401219    -0.021489    0.0735448     0.103006    0.0385066    0.0979963    0.0348156    0.0199964   -0.0319049   -0.0267711   -0.0161469    0.0627128     0.074278
   0.0681547    0.0666495    0.0412324    0.0270298     0.105195    0.0116104    0.0372711    0.0728885    0.0606843    0.0781391    0.0736344    0.0872063    0.0334677    0.0356915    0.0801363     0.087326    0.0157805    0.0752722    0.0675026    0.0360948    0.0691542    0.0298413     0.102298    0.0804227     0.032102    0.0587385    0.0403863    0.0192105    0.0951371    0.0266098    0.0687004    0.0752911    0.0255599    0.0373578    0.0774147    0.0656963    0.0277368     0.113324    0.0605791    0.0304346    0.0395521    0.0929867    0.0283328    0.0950604     0.105647    0.0271894    0.0996674    0.0432773
    0.037714    0.0365829    0.0742896    0.0947993    0.0761643    0.0991303    0.0569278    0.0374558       0.0866  -0.00957238    0.0321947     0.101133    0.0455268    0.0943787    0.0585194    0.0386252   -0.0112581     0.089692    0.0799421    0.0648744     0.104721    0.0607821     0.096514    0.0660489    0.0462282    0.0472583    0.0590103    0.0690267    0.0373704    0.0490481    0.0632481    0.0496345    0.0857346    0.0753736    0.0852296    0.0849139    0.0125356  -0.00851885    0.0345453   0.00528487   0.00866339    0.0943971     0.029064    0.0624255    0.0774054    0.0496836    0.0266023  -0.00731518
   0.0845896   -0.0258084    0.0583861    0.0276178    0.0917465    0.0806078    0.0689626    0.0665816    0.0797354    0.0620304    0.0715532    0.0810084    0.0837679    0.0627413    0.0636369    0.0248502    0.0188582    0.0865083   0.00773585    0.0474915    0.0594681    0.0618697        0.122      0.02015  -0.00278434     0.102582     0.055937     0.125414    0.0999296   -0.0110194   0.00273384    0.0110942    0.0625828     0.126007    0.0571992   0.00995964   -0.0173858    0.0189553    0.0285105     0.053609    0.0760921    0.0302045    0.0144933   0.00363011     0.127474     0.105594    0.0725773    0.0657086
    0.141541    0.0189697    0.0123294    0.0167777    0.0696552    0.0235263      0.13304    0.0958112    0.0228449    0.0454951    0.0834036    0.0967792    0.0443322    0.0769164    0.0369293    -0.013718     0.123299    0.0783952     0.123561    0.0180222    0.0893155    0.0347671     0.023158    0.0117997     0.104736    0.0553711    0.0785962    0.0374078    0.0937842    0.0246972    0.0530805    0.0712884    0.0411185  -0.00416222     0.117977   -0.0298914     0.117928    0.0735824    0.0805756    0.0316851    0.0291535      0.07897     0.126776    0.0255719     0.106882    0.0453953    0.0409317    0.0352472
  -0.0145243    0.0474843    0.0731317    0.0442306    0.0262502   -0.0157848    0.0509694    0.0978532    0.0316585     0.103021    0.0282747   -0.0434897   -0.0140985    0.0867206    0.0850274    0.0649054     0.062205    0.0710226    0.0386495    0.0498755    0.0164958    0.0308139    0.0278885    0.0603295    0.0584604    0.0837894    0.0800575    0.0738936    0.0380376    0.0546399    0.0454965    0.0414202     0.144013     0.110343   -0.0303959    0.0196613   -0.0139931    0.0534288    0.0419148    0.0183175    0.0752488    0.0880332    0.0560748  -0.00286332    0.0115797     0.010595    0.0192474    0.0198665
    0.113718     0.075223    0.0602709    0.0349153   -0.0234977    0.0493567    0.0837453    0.0443686    0.0438794    0.0168355     0.068403    0.0048041     0.112822   0.00277968    0.0225931    0.0580524    0.0470069    0.0862839     0.051041    0.0406849    0.0182735    0.0796781     0.033421    0.0433738    0.0508757    0.0577409     0.116995     0.119717  0.000930617    0.0235627   -0.0106356    0.0831499    0.0448204    0.0915772    0.0114039   -0.0330826    0.0756735    0.0746897     0.131709    0.0718278   0.00452343     0.039828    0.0513292    0.0913355     0.118094    0.0443266   -0.0303851    0.0787986
  -0.0584026   -0.0845959   -0.0738058     -0.12045    -0.150117   -0.0474138    -0.116334   -0.0720414    -0.132426    -0.130841   -0.0827884   -0.0759575   -0.0432898   -0.0557729   -0.0795188   -0.0934335   -0.0492331   -0.0733955    -0.041817    -0.123996   -0.0750827    -0.115087    -0.105692   -0.0808907   -0.0911835   -0.0720033    -0.075702    -0.081712   -0.0780237    -0.069094    -0.108219    -0.115931   -0.0627815    -0.127172   -0.0864209   -0.0461155    -0.137441    -0.117021   -0.0689696   -0.0684484    -0.125767   -0.0865073   -0.0708126    -0.135727    -0.118896   -0.0722315   -0.0475039   -0.0471378   -0.0821468    -0.112635   -0.0528738    -0.107796   -0.0834061    -0.137929   -0.0546469    -0.107891    -0.141539    -0.135331   -0.0968038    -0.129218
  -0.0217777   -0.0655491    -0.116855    -0.150401   -0.0312859   -0.0624613     0.146855   -0.0387835    -0.166156    -0.163768   0.00738174   -0.0963283   -0.0193714    -0.137466    -0.196866   -0.0661721   -0.0221741  -0.00222192  -0.00531157    0.0273013    -0.294752    0.0508378   -0.0720951    -0.231445    0.0291493    -0.124308    -0.063289     -0.13362    -0.134225    -0.203977   -0.0496885   -0.0180289    -0.117255    -0.163736   -0.0518033    -0.102595   0.00349526   -0.0178947    -0.189785   -0.0215749    -0.185526    0.0547055     -0.10942   -0.0449755   -0.0144394     -0.05577   0.00777795   -0.0787557   -0.0983027    -0.102946   -0.0899347      0.01435    -0.110355    -0.111195   -0.0855773   -0.0426649   -0.0823234    -0.147667   -0.0202074   -0.0398976
   -0.111964   -0.0955504   -0.0279666   -0.0519854    -0.040717    -0.160894   -0.0883888   -0.0441076     -0.10009   -0.0620866    -0.114777   -0.0133104   -0.0784455    -0.134475   -0.0737268    -0.118342   -0.0972282   -0.0692838   -0.0367483    -0.044817    -0.125703    0.0125186    -0.134855     -0.11299   -0.0589767   -0.0447439   -0.0105111    -0.118585    -0.142922   -0.0834886   -0.0774231    -0.040551   -0.0958509    -0.103669    -0.031159   -0.0540622    -0.147048   -0.0803734   -0.0655434   -0.0165181    -0.129492   -0.0155699   -0.0742926    -0.118809    -0.147635    -0.051248   -0.0422464    -0.101914    -0.113575    -0.162278   -0.0555009   -0.0445228   -0.0229678   -0.0496017    -0.133905    -0.159239    -0.182254   -0.0790587   -0.0282982   -0.0224952
   -0.118937   -0.0802938    -0.125228   -0.0341545   -0.0193136     -0.15795   -0.0906982   -0.0747649     -0.11378    -0.163963   -0.0543279    -0.101863   -0.0238914   -0.0931841   -0.0493406   -0.0595634    -0.123051   -0.0925728   -0.0257033    -0.183022   -0.0280536   -0.0338679    -0.101494  -0.00551495    -0.145246   -0.0784191   -0.0873066    -0.141326    -0.156366     -0.10343   -0.0664335    -0.030026   -0.0395933   -0.0010202   -0.0514698   -0.0768929   -0.0338272    -0.174759   -0.0974572   -0.0448078   -0.0979429  -0.00140455   -0.0804751   -0.0603524    -0.126756    -0.158248   -0.0286602   -0.0605032   -0.0711488   -0.0833967   -0.0794935   -0.0401398     -0.13626   -0.0783524   -0.0577137   -0.0870589    -0.105787    -0.166818   -0.0387078   -0.0598194
  -0.0920005   -0.0883825    -0.115605    -0.109958    -0.194325   -0.0955803   0.00595691   -0.0815576   -0.0296326    -0.128351   -0.0903548    -0.180957   -0.0760657    -0.159602   -0.0732256    -0.116503    -0.102192   -0.0200897   -0.0911851    -0.103062   -0.0547476   -0.0677565   -0.0630536   -0.0198532    -0.129609    0.0258489   -0.0566256    -0.114993   -0.0863139   -0.0930218    -0.103297     -0.14944  -0.00866644    -0.132899   -0.0780497   -0.0620532    0.0160029    -0.141843   -0.0939413      0.03567   -0.0349168   -0.0679656    -0.126564   -0.0878135   -0.0616748   -0.0323867   -0.0464172    -0.129794    -0.110615   -0.0973905   -0.0603812    -0.152147  -0.00383443    0.0238392   -0.0369263   -0.0816441   -0.0860572    -0.139871    0.0187939    -0.178093
  -0.0569676   -0.0988697     -0.01516   -0.0866677    -0.117933    -0.049081    -0.117657     -0.12248    -0.113416   -0.0938917   -0.0509987   -0.0589541    -0.110857   -0.0496604     -0.11958   -0.0812087   -0.0387715   -0.0818272   -0.0431705   -0.0791066   -0.0567772    -0.137522   -0.0664116   -0.0443636   -0.0337914    -0.116915   -0.0883829   -0.0570853   -0.0390078   -0.0390992   -0.0234312   -0.0874605   -0.0841298     -0.10513    -0.134752   -0.0725031    -0.134631   -0.0498712    -0.101136     -0.10856   -0.0527467   -0.0747149   -0.0916463   -0.0572464   -0.0519185    -0.145015     -0.12402    -0.152571   -0.0641215    -0.109527    -0.108557   -0.0843381    -0.114513    -0.146539    -0.122132   -0.0658587    -0.136507     -0.13173    -0.138164    -0.134516
   -0.032232    -0.094167   -0.0630913   -0.0945897    -0.128479   -0.0279944   -0.0223112   -0.0637065   -0.0827933    -0.109256   -0.0818962    -0.113778   -0.0189842    -0.057149    -0.122136    -0.071333   -0.0967422   -0.0203217   -0.0546927   -0.0903377    -0.116683    -0.117694   -0.0766356   -0.0820715   -0.0376601   -0.0996219    -0.125896   -0.0502342    -0.101459     -0.13381   -0.0932194   -0.0284407    -0.135802     -0.13109   -0.0789847    -0.139264   -0.0955996   -0.0854234   -0.0844275    -0.100754    -0.120152    -0.105794     -0.11687   -0.0975836   -0.0548001   -0.0929788    -0.058187   -0.0999948    -0.125466   -0.0949434   -0.0713339   -0.0949659   -0.0397464   -0.0834712    -0.112677   -0.0777387   -0.0477499    -0.121009   -0.0727017   -0.0832007
    -0.03363    -0.126135   -0.0204818    0.0118531   -0.0951046    -0.122422   -0.0273513    -0.114869    -0.178579   -0.0881208   -0.0721367    0.0159705   -0.0565491   -0.0672238    -0.100359    -0.139064    -0.129643   -0.0987946    -0.109767  -0.00393227   -0.0167249   -0.0782154   -0.0575981   -0.0821256   -0.0212843   -0.0358623   -0.0334915    -0.152774     -0.19645   -0.0652763   0.00550551   -0.0590562   -0.0680305     -0.13565    -0.107231    -0.111945   -0.0768506   -0.0540184   -0.0370272    -0.081518    -0.065315     -0.10665    -0.111546    -0.113262    -0.102708    -0.145114   -0.0543258   -0.0420796   -0.0831879   -0.0937065   -0.0996128    -0.112316   -0.0108433   -0.0297933   -0.0737173     -0.11141    -0.145193    -0.118456    -0.089889   -0.0943837
   -0.148975    -0.113196    -0.108608    -0.145334    -0.096078    -0.133889    -0.158826   -0.0721067   -0.0314898   -0.0589149    -0.137667   -0.0418732   -0.0391677    -0.141084    -0.118576    -0.107164   -0.0236811   -0.0416491   -0.0557946    -0.102773   -0.0156344   -0.0948643    -0.105367    -0.106957   -0.0604725   -0.0683478   -0.0782142   -0.0897289    -0.135005   -0.0633291    -0.104881   -0.0841328   -0.0788243   -0.0787519   -0.0434168    -0.099039    -0.038427    -0.152619   -0.0922647   -0.0949851   -0.0882751   -0.0695222   -0.0786405   -0.0639072    -0.106848   -0.0529422   -0.0441016    -0.114434   -0.0205722    -0.103064   -0.0749248    -0.121363   -0.0765585   -0.0362482   -0.0644794   -0.0615887   -0.0907182     -0.11491     -0.10405    -0.111539
  -0.0836074   -0.0490699   -0.0575194    -0.177964   -0.0710307   -0.0559496    -0.134481   -0.0717741   -0.0652548   -0.0929111    -0.064808    -0.111607   -0.0426991    -0.111294    -0.108232   -0.0412179  -0.00821798   -0.0529999   -0.0454362   -0.0660262    -0.128351   -0.0898245    -0.174601    -0.097689   -0.0931096     -0.05913    -0.138375   -0.0197461   -0.0933506    -0.107819   -0.0746864    -0.091824   -0.0440991     -0.07893   -0.0462266   -0.0473588   -0.0611308    -0.107975   -0.0539845    -0.127106    -0.114618   -0.0556223   -0.0468015    -0.148014   -0.0712562   -0.0780562     -0.12379    -0.125776   -0.0915887   -0.0993636    -0.112922    -0.113537    -0.122602    -0.098912   -0.0863841   -0.0638274   -0.0304602   -0.0830917     -0.12394   -0.0451619
  -0.0234958   -0.0367426     -0.14054    -0.117569    -0.140747   -0.0972734   -0.0983584    -0.129477   -0.0575575   -0.0503323   -0.0546874    -0.119622    -0.136937   -0.0841131    -0.078961   -0.0877078    -0.095301   -0.0665371    -0.036555   -0.0972097    -0.105073    -0.117394    -0.117473   -0.0704932   -0.0811614   -0.0800594    -0.136577   -0.0652203   -0.0493981   -0.0745084     -0.11288   -0.0892875   -0.0783272   -0.0907781    -0.086039   -0.0420465   -0.0993976    -0.141881    -0.088815   -0.0695435   -0.0404173   -0.0426789    -0.109665   -0.0963726    -0.138216    -0.119612    -0.102114   -0.0524237   -0.0929077   -0.0688132   -0.0825953    -0.128942   -0.0575909    -0.063989   -0.0542656   -0.0273016    -0.144815    -0.106906   -0.0916783   -0.0904618
  -0.0421426    -0.080097    -0.104941    -0.126247    -0.110956    -0.115831    -0.134414   -0.0541799   -0.0484391   -0.0834973   -0.0580664   -0.0489437    -0.051254   -0.0726766    -0.102309   -0.0583708   -0.0801873   -0.0612023   -0.0927466    -0.138485   -0.0983954    -0.123917    -0.116394    -0.115534    -0.127463   -0.0730008    -0.138055   -0.0638256   -0.0365275    -0.037416   -0.0547971   -0.0888383     -0.13112   -0.0865082   -0.0931479    -0.109734   -0.0817004    -0.108796   -0.0712007    -0.121008    -0.081235   -0.0747896   -0.0735331     -0.10553   -0.0919796   -0.0743885    -0.109584    -0.100404   -0.0396201     -0.10766   -0.0897758    -0.142225     -0.13507    -0.148238   -0.0665589   -0.0537977    -0.101372   -0.0880637   -0.0559761    -0.119389
  -0.0953846    -0.114316   -0.0649988   -0.0424844    -0.107765   -0.0691592   -0.0674369     -0.07504   -0.0633323   -0.0846958    -0.147177    -0.126334    -0.129302   -0.0924139   -0.0278461    -0.130866    -0.121901   -0.0957041   -0.0843858   -0.0336217    -0.120565    -0.104397   -0.0547335   -0.0101543   -0.0585059     -0.12526    -0.109656   -0.0569747   -0.0474848    -0.129625   -0.0644799   -0.0414246   -0.0607104    -0.139486    -0.163247   -0.0462507    -0.079802   -0.0843464   -0.0777349    -0.118479   -0.0182914    -0.115689   -0.0240564   -0.0937862   -0.0867664   -0.0715955   -0.0783743   -0.0534312   -0.0830269   -0.0360277   -0.0564763   -0.0626978   -0.0594026    -0.147633   -0.0601514   -0.0740204   -0.0791922   -0.0882805   -0.0805217   -0.0799551
   -0.082046    -0.104863   -0.0863772   -0.0369612    -0.123258   -0.0802516    -0.110566    -0.116108   -0.0841435   -0.0996121   -0.0757728    -0.114152    -0.104559   -0.0638638   -0.0941513   -0.0576623   -0.0472299   -0.0625221   -0.0431127   -0.0518201   -0.0444219   -0.0728463    -0.121976   -0.0395014   -0.0433092    -0.144221   -0.0814486    -0.121755   -0.0723684    -0.119654   -0.0368435    -0.135898   -0.0714731    -0.113447    -0.102384    -0.116265    -0.124711   -0.0903945   -0.0504041    -0.141234   -0.0906584      -0.0774    -0.089517   -0.0959991    -0.128283   -0.0976104   -0.0899574   -0.0759352   -0.0922531   -0.0499842   -0.0725406    -0.100423    -0.142288   -0.0988861    -0.108062   -0.0868221   -0.0774925   -0.0689548   -0.0827345   -0.0708108
  -0.0633014    -0.124916   -0.0379698    -0.119607   -0.0408261   -0.0711659   -0.0963183    -0.140915    -0.115939    -0.139784   -0.0329601   -0.0576094     -0.14361   -0.0987075   -0.0500221   -0.0693129   -0.0645579   -0.0724268    -0.129011   -0.0498847    -0.111991    -0.065222   -0.0448713   -0.0820947    -0.114901   -0.0782292   -0.0601918   -0.0479816    -0.062846    -0.121784   -0.0777295    -0.158795    -0.112838   -0.0590827    -0.143886   -0.0678771    -0.128152    -0.110611    -0.103572   -0.0446118    -0.117541    -0.145184   -0.0403098   -0.0544955   -0.0614874    -0.102734    -0.131857   -0.0930782   -0.0991169    -0.110133    -0.044911   -0.0787781   -0.0824975   -0.0841214    -0.128501   -0.0647223    -0.108151   -0.0785987   -0.0913246   -0.0941506
   -0.133997    -0.106366   -0.0864501   -0.0447968   -0.0899004    -0.071256    -0.071306   -0.0994945    -0.109417   -0.0672248    -0.104321    -0.105903    -0.115804   -0.0770648    -0.104748  -0.00502491    -0.101825    -0.163389    -0.107189    -0.153344   -0.0126757     -0.12884   -0.0263273   -0.0837097   -0.0804722    -0.110404    -0.109284    -0.085928     -0.11154    -0.100376     -0.11099   -0.0837194   -0.0995245  -0.00547932    -0.106919   -0.0969846   -0.0756811   -0.0811337   -0.0415038   -0.0332233    -0.103756   -0.0894798   -0.0635503   -0.0536412   -0.0335377    -0.112289    -0.123759    -0.112244   -0.0672068    -0.102954   -0.0621933   -0.0275171   -0.0460712    -0.111711    -0.128958   -0.0186514   -0.0534272   -0.0971719   -0.0980823   -0.0335034
  -0.0907742    -0.102043   -0.0433517   -0.0880762   -0.0573443   -0.0896716   -0.0692306    -0.037852    -0.103228    -0.120208   -0.0512207   -0.0504757   -0.0943794    -0.103577    -0.106432    -0.130581    -0.027927    -0.118294    -0.105144    -0.095787   -0.0896388   -0.0724626   -0.0479198   -0.0961923   -0.0396019    -0.142512    -0.152427    -0.121661   -0.0793257    -0.106564   -0.0167476   -0.0938233    -0.146129   -0.0664795   -0.0867821   -0.0612191   -0.0624128    -0.114804   -0.0616548   -0.0406955   -0.0559618    -0.154752    -0.067764   -0.0562023   -0.0615047   -0.0802032   -0.0712312   -0.0624911    -0.116709   -0.0227837   -0.0496829    -0.146575    -0.124991    -0.132886   -0.0521759    -0.112719    -0.147629    -0.149075    -0.043483    -0.125668
  -0.0724694   -0.0395747    -0.120069    -0.113838   -0.0978356   -0.0674278    -0.136593   -0.0637514   -0.0842894    -0.065683    -0.035376    -0.132662   -0.0611531   -0.0677377    -0.129303   -0.0706439     -0.03325    -0.129169   -0.0665634   -0.0861767   -0.0919108    -0.105294    -0.108812    -0.128291   -0.0683831   -0.0731501   -0.0876962   -0.0701029   -0.0224981   -0.0841277   -0.0922543   -0.0742771    -0.122488   -0.0998784   -0.0080402    -0.106795   -0.0339297    -0.111794   -0.0745838    -0.106903    -0.068385   -0.0691428   -0.0411184    -0.141652    -0.117047   -0.0771273    -0.110198    -0.101896   -0.0611559   -0.0936511   -0.0764189    -0.112142    -0.131651   -0.0876267    -0.124179   -0.0359215   -0.0734885   -0.0514124   -0.0683992    -0.125565
  -0.0795118    -0.076275    -0.132646   -0.0595255    -0.136466    -0.104091    0.0210342    -0.163945     -0.15626   -0.0057952    0.0330311   -0.0742041    -0.119655    -0.120078   -0.0433832    -0.189748    -0.153902   0.00858668   0.00793967    -0.107878     -0.19088   -0.0213762    -0.181016   -0.0635824   -0.0953474    -0.123106    -0.129567    -0.024477     -0.17664   -0.0582444   -0.0876105    0.0198165   -0.0711677    -0.103564    -0.179427    0.0103574   -0.0314972   -0.0239585   -0.0235304   -0.0469148    0.0366819   -0.0779916    -0.117938  -0.00552935    -0.051981    -0.161546    0.0283784    -0.153955    -0.121271   -0.0952107   -0.0162636   -0.0915731    0.0639521   -0.0423894   -0.0947135    -0.103439   -0.0125783    -0.185537   -0.0217599    -0.112856
  -0.0880213    -0.118066   -0.0260381    -0.116799    -0.122489     -0.14983    -0.103501    -0.113551   -0.0964109   -0.0655184    -0.026482    -0.118349   -0.0229027   -0.0856825   -0.0503988    -0.143925   -0.0144079    -0.119636    -0.103933    -0.114174   -0.0983629    -0.117413    -0.047183   -0.0450316   -0.0993082   -0.0812045    0.0176751    -0.104697    -0.159981   -0.0375453    -0.104169    -0.117404   -0.0577239    -0.101043    -0.196136   -0.0951566  -0.00351094    -0.164513    -0.125221   -0.0921566    -0.104028   -0.0104832    -0.100337   -0.0525664   -0.0205323   -0.0227942   -0.0152559   -0.0273253   -0.0426661   -0.0753219   -0.0570784    -0.154141    -0.110911   -0.0265806   -0.0345755   -0.0477016   0.00875807    -0.071502    -0.143619    -0.142582
  -0.0436835   -0.0878678   -0.0431529   -0.0165643   -0.0486463   -0.0726926   -0.0795253    -0.100582   -0.0195129    -0.043686    -0.031038   -0.0785714   -0.0618156    -0.121493   -0.0725217   -0.0300283   -0.0917311    -0.141359    -0.117938    -0.154582    -0.026532   -0.0389781   -0.0117442   -0.0061859   -0.0505446    -0.121661    -0.146047    -0.144049   0.00638582   -0.0661103   -0.0610479    -0.082823     -0.12802   -0.0128661   -0.0488646    -0.154073   -0.0527152    -0.137744   -0.0834779    -0.102241    -0.155215   -0.0819258    -0.160513    -0.137099    -0.151111   -0.0287025    -0.186633   -0.0910491   -0.0913646   -0.0415838   -0.0911641   -0.0388216    -0.134755     -0.17533   -0.0728019   -0.0532559   -0.0772114    -0.110378    -0.066496    -0.093897
  0.00515297   -0.0866275   -0.0648857   -0.0809302    -0.108118   -0.0230541    -0.050728   -0.0630021   -0.0553195    0.0178794    -0.106993    -0.156076    -0.136235   -0.0714279     -0.12702   -0.0528086    -0.152418    -0.100824    -0.066378   -0.0701363   -0.0707657    -0.117952   -0.0400423     0.028611    0.0175651    -0.132618   -0.0718843     -0.10124    0.0264352   -0.0852315   -0.0859428    -0.115584    -0.163947   -0.0477923    -0.120418      -0.1055     -0.12114   -0.0666624   -0.0791862    -0.167236    -0.101817   -0.0821864    -0.113805    -0.105404   -0.0966322   0.00979529    -0.106147    -0.101681   -0.0701224  -0.00975903    -0.107476   -0.0171707   -0.0323141    -0.210205   -0.0659102    -0.148501   -0.0982829   -0.0239914    -0.109432  -0.00247412
   -0.184107    -0.156625   -0.0804954    -0.114972    -0.130242   -0.0844852    -0.103734   -0.0483319   -0.0457667   -0.0501334    -0.121181    -0.106841   -0.0359834    -0.109822    -0.136118   -0.0193039     -0.13972    -0.121723   -0.0664822   -0.0764924   -0.0801751    -0.150126   -0.0480448    -0.043315    -0.109369   -0.0184675   -0.0707323    -0.121301   -0.0741874     -0.11174    -0.128778    -0.112917    -0.124931    -0.122198    -0.055042    -0.123324   -0.0666402   -0.0935856    -0.108311   -0.0765805     -0.11332   -0.0320833    -0.110108   -0.0784664   -0.0294141   -0.0470507   -0.0580637   -0.0295094    -0.057469   -0.0369704    -0.116733   -0.0755486   -0.0421491   -0.0421748  -0.00903095    -0.140927   -0.0759225    0.0241812   -0.0658675    -0.146416
   -0.149643    -0.111119   -0.0596676   -0.0595191   -0.0598828   -0.0796975   -0.0836967   -0.0325418   -0.0293264    -0.114323    -0.129907    -0.102491    -0.053134   -0.0683496    -0.137007   -0.0228283     -0.16256     -0.15634   -0.0409695    -0.112495   -0.0755653    -0.167659   -0.0813501   -0.0527358    -0.134535   -0.0553733    -0.135381   -0.0587826    -0.030295    -0.071153    -0.113857     -0.11305   -0.0310817   -0.0211476   -0.0928631    -0.128552    -0.116045   -0.0727439   -0.0688923    -0.113393    -0.101526    -0.111012   -0.0474545    -0.127659   -0.0624311   -0.0750264   -0.0478291    -0.096116   -0.0677057     -0.11044    -0.111825   -0.0296192   -0.0267559    -0.077845    -0.089101   -0.0742264   -0.0764505   -0.0250861    -0.109953     -0.11034
  -0.0417748   -0.0389066   -0.0768068   -0.0724823    -0.124495    -0.126837    -0.161198   -0.0550452   -0.0668551    -0.051647     -0.14368    -0.122622   -0.0497745     -0.12172   -0.0658104   -0.0763589   -0.0109285   -0.0535978    -0.070729   -0.0668179    -0.130359   -0.0968317    -0.132124   -0.0144803   -0.0211835    -0.149706    -0.120012   -0.0680214     -0.12252   -0.0926497    -0.107951   -0.0790498   -0.0550673    -0.133845   -0.0745015   -0.0603406   -0.0840116   -0.0884597     -0.09046    -0.150518   -0.0984238    -0.156039   -0.0340602   -0.0449655   -0.0493172   -0.0668616   -0.0713632    -0.106088    -0.107448   -0.0870068   -0.0524161    -0.107593   -0.0651889   -0.0496759    -0.101924    -0.113175    -0.117883    -0.130792   -0.0345161   -0.0836195
  -0.0814718    -0.128289     -0.15091   -0.0708367   -0.0398118   -0.0308261    -0.133339    -0.101696   -0.0780383   -0.0742011    -0.160173   -0.0125814   -0.0823006   -0.0889714    -0.140278    -0.049493   -0.0362419    -0.121903   -0.0783626    -0.100537   -0.0481924    -0.105649    -0.118537   -0.0777629    -0.118139    -0.063283    -0.110405   -0.0838033    -0.104028    -0.131353    -0.129255   -0.0446214    -0.126008   -0.0756135   -0.0835172   -0.0287983   -0.0968265    -0.017307   -0.0430298    -0.152574   -0.0906144    -0.136688   -0.0511694   -0.0422919   -0.0755819    -0.116156    -0.122642   -0.0822991   -0.0411935   -0.0256034    -0.147867   -0.0704114   -0.0740338   -0.0752683   -0.0741471   -0.0386413     -0.11893   -0.0937403   -0.0604873    -0.112066
  -0.0558313   -0.0664338   -0.0910017   -0.0233957    -0.089244   -0.0775633    -0.107055   -0.0716079   -0.0287578   -0.0910699    -0.150035   -0.0560263   -0.0645877    -0.102981   -0.0935963   -0.0560678   -0.0647694    -0.106381   -0.0788092    -0.134783   -0.0189005   -0.0310813    -0.118957   -0.0578123   -0.0877481     -0.11993    -0.123388   -0.0955332    -0.130551    -0.134865    -0.125926   -0.0386724   -0.0656704    -0.040077   -0.0723863     -0.11723   -0.0594731    -0.167665   -0.0871862    -0.122932    -0.100659   -0.0266316   -0.0554937   -0.0486543    -0.144913     -0.10092   -0.0590667    -0.118771   -0.0559999    -0.135967    -0.076247   -0.0578054    -0.114174   -0.0120351   -0.0932931    -0.133891   -0.0802929     -0.11996     -0.09146    -0.120707
  -0.0701292   -0.0862043    -0.115061   -0.0521863    -0.102537   -0.0478343   -0.0958064   -0.0491215   -0.0710986    -0.119904    -0.101744   -0.0921395   -0.0760384    -0.137934    -0.119353    -0.125742   -0.0760392   -0.0907547    -0.117685    -0.078883   -0.0212402    -0.112864   -0.0581506   -0.0738198    -0.144435   -0.0658102    -0.115768   -0.0653592   -0.0998462    -0.114283    -0.141776   -0.0773689    -0.123024    -0.102523    -0.067307   -0.0841944   -0.0839789   -0.0859567   -0.0337121   -0.0674173   -0.0445183    -0.108159   -0.0960286   -0.0703741    -0.104535   -0.0424655   -0.0783712   -0.0726309   -0.0720684    -0.120541    -0.123058    -0.127861   -0.0615031   -0.0176825    -0.143625   -0.0955508   -0.0807771   -0.0950523   -0.0606908    -0.128949
   -0.056342   -0.0750025   -0.0126272   -0.0763771    -0.103088   -0.0953752   -0.0877976   -0.0447966    -0.117771    -0.123382   -0.0876397   -0.0971074     -0.12014   -0.0461676   -0.0696066    -0.112838   -0.0234289    -0.120682   -0.0499332    -0.043718     -0.13237   -0.0927376   -0.0989174   -0.0739344   -0.0563105   -0.0743645    -0.134161    -0.053279    -0.127196   -0.0915965   -0.0221537    -0.114932   -0.0595035    -0.115985   -0.0712459    -0.105614   -0.0957253   -0.0480786   -0.0457944   -0.0352236   -0.0443263    -0.149106   -0.0591081   -0.0931187    -0.101543    -0.142209   -0.0761511    -0.116684   -0.0671931   -0.0591921  -0.00845284    -0.138312    -0.109861    -0.142872    -0.080862   -0.0511461   -0.0787785    -0.130929    -0.136341    -0.140142
  -0.0917814   -0.0219656    -0.109377   -0.0697365    -0.141634   -0.0369497   -0.0909152   -0.0297348  -0.00925907   -0.0318718    -0.074824    -0.130622   -0.0536634   -0.0910206   -0.0323611    -0.126312   -0.0160085   -0.0280992   -0.0611276    -0.142326   -0.0504177    -0.127972   -0.0275456  -0.00863486   -0.0342596   -0.0954118   -0.0914289     -0.12942   -0.0383762   -0.0995365   -0.0585897    -0.115462    -0.153099    -0.135585   -0.0363695    -0.153165   -0.0898519    -0.102562   -0.0222591    -0.142703    -0.111388    -0.154405    -0.117841    -0.146395   -0.0655871   -0.0573973   -0.0575818     -0.11967    -0.104803   -0.0441814    -0.167303   -0.0513698    -0.154386     -0.15648   -0.0379749   -0.0204452   -0.0808107   -0.0723428   -0.0932621   -0.0807252
  -0.0169125   -0.0798161    -0.101436    -0.121989    -0.113097   -0.0330297   -0.0528715   -0.0403412   -0.0550845   -0.0237848    -0.105504    -0.135475   -0.0647972   -0.0443788   -0.0450965     -0.13898   -0.0586544   -0.0443686    -0.125876    -0.141442   -0.0868299    -0.116839   -0.0354651   -0.0470847   -0.0243884   -0.0829383      -0.1411    -0.104627   0.00172378   -0.0560875    -0.103917   -0.0722336    -0.114144   -0.0637439    -0.121549    -0.162208    -0.130377   -0.0966963   -0.0715924    -0.107906    -0.107533    -0.136436   -0.0502207   -0.0802441    -0.115537    -0.101693    -0.139744   -0.0568716   -0.0684333   -0.0431599   -0.0786387   -0.0601952    -0.106152    -0.100653    -0.129823   -0.0607196    -0.129337    -0.121322   -0.0766417   -0.0670009
  -0.0183955   -0.0382545   -0.0610759    -0.149406  -0.00930241    -0.146017  0.000805345   -0.0860527      -0.1204   -0.0824354   -0.0995946   -0.0954114    -0.131959   -0.0821398   -0.0685248   -0.0702835    -0.128635   -0.0633476    0.0210552   -0.0886727     -0.12079  -0.00708078    -0.184906    -0.163774   -0.0664171   -0.0670848   -0.0913728    -0.116681   -0.0682384    -0.102689    -0.164601   -0.0842791   -0.0493758    -0.130605   -0.0146425    -0.150385    -0.111272    -0.046097   -0.0519056  -0.00159917   -0.0957745    -0.112291    -0.117476    -0.144846   -0.0645167   -0.0991312   -0.0158319    -0.115582   -0.0357406      -0.2007   -0.0190509   -0.0237878   0.00103845   -0.0145327     -0.11325   -0.0903856   -0.0292212   -0.0750878   -0.0833936   -0.0182121
   -0.100573   -0.0490077   -0.0374841    -0.104276    -0.143694    -0.116775   -0.0544908   -0.0183966   -0.0978322    -0.127142   -0.0988075    -0.100321   -0.0112607   -0.0594702    -0.117892   -0.0439306    -0.137931   -0.0972688   -0.0548365    -0.137284    -0.137155    -0.119699   -0.0497061    -0.133937   -0.0943516  -0.00958533    -0.107116   -0.0827392   -0.0356475     -0.10741    -0.122251    -0.130392   -0.0947558   -0.0346457   -0.0117578     -0.14337   -0.0408422    -0.117474    -0.144128    -0.110206   -0.0727981   -0.0661118    -0.105499    -0.116445   -0.0487461   -0.0829598   -0.0239639    -0.122787   -0.0367773    -0.105076    -0.137159   -0.0419489   -0.0386953   -0.0766469   -0.0994878    -0.068302   -0.0651065   -0.0475912    -0.104766   -0.0789194
  -0.0567202    -0.125458    -0.149689    -0.087526    -0.108722    -0.155263   -0.0211232   -0.0290532    -0.120278    0.0293298   -0.0386728    -0.115885    -0.144547   -0.0801623    -0.127865  -0.00729806   -0.0918624    -0.042079    -0.101841    -0.128475    -0.150249  -0.00223458    -0.192907    -0.228022   -0.0613514  -0.00360247    -0.108228     0.010386  -0.00743075    -0.155678    -0.146926   -0.0736222   0.00796964    -0.102495   -0.0545208    -0.148664  -0.00147192   -0.0537986   -0.0929298 -0.000508775   -0.0630668   -0.0541328    -0.091369   -0.0886834   -0.0627278   -0.0602504   -0.0870234     -0.13878   -0.0362606    -0.192245   -0.0511947   -0.0117769  0.000316993   -0.0759714    -0.107237    -0.100371   -0.0115472    -0.152402    0.0246046   -0.0089202
   -0.050355   -0.0867002   -0.0698083    -0.156493   0.00702237   -0.0493835   0.00568279   -0.0587829    -0.161912    -0.162376   -0.0775381   -0.0758459    -0.128704   -0.0514644    -0.131982   -0.0721586    -0.175493   -0.0299096    0.0702079   -0.0398659    -0.152354   -0.0311397    -0.111901    -0.180774   -0.0698986   -0.0908013   -0.0272873   -0.0521231   -0.0346579    -0.123019     -0.17339   -0.0908147   -0.0719362     -0.10868    0.0196313   -0.0921942    -0.111932   -0.0374142   -0.0724734   -0.0216465   -0.0975261    -0.124394     -0.15529     -0.17371   -0.0985967   -0.0337206    0.0247633    -0.142149   -0.0320802     -0.10509   -0.0146304  -0.00153977   -0.0668821   -0.0844659    -0.135323    -0.113434    -0.058714   -0.0952773   -0.0520776   -0.0154379
 -0.00539605    -0.129209   -0.0820173  -0.00471555   -0.0249334    -0.105475   0.00613541     -0.12771    -0.165829   -0.0420246   -0.0992572    -0.073157    -0.140133    -0.105029   -0.0658954    -0.135644    -0.134704   -0.0790121    -0.102103   -0.0483373   -0.0817316   -0.0368844   -0.0437953    -0.114771   -0.0158469   -0.0587024    -0.127916    -0.115665    -0.128842   -0.0298194   -0.0233186   -0.0649357    -0.138169    -0.131507    -0.139181   -0.0906797     -0.03796   -0.0740859   -0.0511412    -0.117983   -0.0280631   -0.0883257   -0.0673576   -0.0343072   -0.0965457    -0.124382    -0.124983   -0.0427459    -0.148169     -0.12705    -0.112861    -0.099724   -0.0690993   -0.0194354   -0.0834153   -0.0943938   -0.0888519    -0.096709    -0.140995     -0.11205
