no weights
   0.0816851    -0.345128   -0.0473979   -0.0104279      0.21769     0.174579     -0.33438     0.132027     0.124944     0.221401     0.595978    -0.320401    -0.233352     0.377964     0.260986     0.329668     0.390176    -0.164678    -0.173951   -0.0248312    -0.130937    -0.089821     0.418467    -0.396454    -0.145718     0.193833     0.357481      0.56032     0.432445    -0.258489   -0.0522232     0.144108     0.280381     0.284546     0.207441   -0.0516308    -0.226679     0.497871     0.194631     0.134665     0.563761   -0.0962596     0.139467    -0.458894    -0.245545     -0.11344    -0.207624   -0.0168221
   -0.188319    -0.197889    -0.120704   -0.0471834    0.0451556     0.277714    -0.183764   0.00637888   -0.0490451    0.0595081    0.0852001     0.242609   -0.0115549    0.0496071  -0.00226706     0.195176    -0.307795     0.268572    0.0399714    0.0491487  -0.00512189    -0.412521     0.434023     0.194215   0.00981347   -0.0388607    -0.499902   -0.0348238     0.128391     0.450192     0.161627    -0.547402  0.000710144    -0.161629     0.192715     0.386104    -0.172115    0.0486293    -0.258855    0.0384244     0.183331     0.302207    0.0270556    -0.178558     0.160742     0.184232     0.174544     0.136256
    0.187327    -0.160172  -0.00712208    -0.201938    -0.255976    -0.126764    -0.222993     0.229432     0.166397     0.219981    -0.398798     0.211037     0.175793   -0.0162025     0.296835     0.357903    -0.470005     0.616637    -0.124777     0.233343    -0.076334    0.0161667    -0.189599     0.396676    -0.145384    0.0972103     0.374455     0.261065    -0.399931     0.308921    -0.108475    -0.151428      0.43556     0.403982    -0.304206    0.0972189    -0.406987     0.200156    0.0886237     0.238259    -0.166934     0.154645     0.224766     0.270727    0.0175452   -0.0827783    -0.226854     0.512324
   0.0450153     0.107192     0.313549     0.211245     0.185224     0.326509    -0.186958     0.147024     0.114849    -0.033241      -0.5518     0.594361    -0.123994    -0.125442    -0.125281     -0.15354    -0.121874     0.192517     0.117338   -0.0865593     0.321291     0.064004    -0.187309     0.300399 -0.000629071   -0.0629063   0.00230852   -0.0739839    0.0815288   -0.0838036    -0.119406   -0.0668428    -0.353367    -0.132933  -0.00224403    -0.145025   -0.0304348     -0.09302    -0.465741     -0.19803     -0.36142     0.106286    0.0101855     0.414768     0.191036     0.293362     0.179751    -0.142572
    0.359341    -0.639714    -0.489228    -0.473866    0.0307479     0.274707    -0.226381     0.124407     0.164278     0.053853     0.284074    -0.145883     0.148508     0.185341     0.226432   0.00891583     0.123815   -0.0798635     0.203977     0.164106   -0.0951709    -0.608904      0.36823    -0.137299     0.147613     0.244514   -0.0822031     0.285439     0.495857    -0.197374     0.192154    -0.485305     0.571383    -0.145689     0.353321   -0.0668293    -0.259074    0.0823747    -0.155187    -0.451724      0.16909    -0.058654     0.380416   -0.0713328     0.181844     0.199767   -0.0149337     0.305662
    0.124343    -0.258535    -0.480246    -0.333487    0.0782623    -0.132918    0.0567183    -0.122362   -0.0262093   -0.0374554     0.136621     0.144087      0.40493    0.0312159  -0.00197466    -0.169686    0.0566558     0.336226     0.108229      0.35361    -0.163601    -0.397768     0.202433     0.207501     0.211286     0.216165    -0.241817     0.259725     0.215551   0.00529922     0.254986    -0.175549     0.211522     0.168727     0.258606     0.151125   -0.0984007   -0.0452663    -0.100117    -0.294436     0.188693    0.0915405     0.282571    -0.212018   -0.0234887    -0.147955    0.0718239     0.149527
   -0.737384  -0.00761907     0.318343     0.238572   -0.0504265    -0.366183    -0.298137     0.181974     0.206845      0.31365     0.106164    -0.316653    -0.319984    0.0956035     0.197037       0.0103  0.000816718   -0.0657652    0.0342503    -0.309288     0.113169    -0.428429     0.193488    -0.133069    0.0294571    -0.201224     0.326933     0.160715     0.496485     -0.34719  -0.00743506    0.0946005     0.137799     0.468756     0.479005    -0.189439     0.169987     0.259438    -0.113524     0.270295     0.779833    -0.216524     0.291918     -0.31025    -0.100681     0.257194     0.335853     0.190134
  0.00314315   -0.0740703    -0.307091   -0.0570295    0.0530671      0.12334      0.12969    -0.244902    -0.227255    0.0200529    0.0743192    0.0137314     0.268591     0.230826     -0.31052     0.189715    -0.143814     0.302817     -0.12376     0.503674     0.160021     0.397197      0.38846     0.232463    -0.145387    0.0671598    -0.582114     0.401188    -0.111922      0.41443     -0.10283   -0.0766196    -0.233853      0.30914    0.0430556     0.274302    -0.165136    -0.119158     -0.20801     0.224076   -0.0871993     0.350552     0.110102    -0.527666  -0.00321582    -0.351547    0.0662909   0.00940376
    0.139355    0.0256238   -0.0616996     0.108902     0.145867      0.35271   -0.0577542   -0.0243494    -0.165073     0.189878     0.226822    0.0989843   -0.0748529     0.130007    0.0351994     0.134464     0.324831     0.150727     -0.21271     0.425506      0.23623     0.481088     0.528401    0.0456986    -0.154351    0.0767514   -0.0183947     0.236198    0.0788614     0.156183   -0.0863181     0.345191   -0.0275096      0.22562     0.121267     0.202619    -0.181483     0.308877    -0.166217    0.0898227     0.283992      0.17111     0.226571    -0.599163     -0.59724    -0.715139     -0.35576    0.0412417
   -0.127738    -0.212977    -0.373099    -0.563486    -0.664453    -0.101018    -0.014582     0.264697     0.228022    0.0135561    -0.133686    -0.369189     0.185168    0.0119201     0.355027   -0.0861739    -0.314677    0.0825845     0.304766    0.0649702    0.0962458    -0.466057     0.100741   -0.0629631     0.435255    -0.218945     0.231001    -0.255842    -0.106796    0.0404721     0.381364   -0.0610925     0.508011   -0.0301449    -0.165897     0.259858      0.28249   -0.0347862    0.0966943     -0.27808     0.098407     0.199232     0.342855     0.302531    -0.138957      0.18819     0.222794     0.490215
   -0.160392    -0.159662    -0.161772    -0.090292    -0.080891    -0.186636     0.126707  -0.00627847    0.0357247     0.192574      0.32502    -0.579797    0.0231308     0.118012     0.195268     0.164312     0.067866    -0.243758     0.172442     0.129728     0.056905   0.00198008     0.183323     -0.32067     0.188258   0.00612576   -0.0274642     0.137237    0.0802379    -0.218959     0.192448     0.110806    0.0961592      0.34345    0.0696677   -0.0456088     0.287131    -0.113215     0.191451     0.101629     0.242868   -0.0513508     0.308578    -0.295412    0.0651462     0.151303     0.179039     0.221303
   -0.029944     -0.19861  -0.00808077    -0.322727    -0.569425    -0.422899     0.198959     0.246929     0.193622     0.021686     0.224356    -0.473252    0.0883262    -0.173401     0.249439     0.201938   -0.0899389    0.0486485   -0.0511219    -0.181644    -0.171483    -0.174386    -0.205571    -0.145606   -0.0741073    -0.157249      0.39849    -0.105336    -0.339796     0.033947  -8.3441e-05    -0.222014     0.664607  -0.00675941    -0.137828    -0.204192    0.0242301      0.27261     0.724414     0.416068     0.311885    -0.162364    0.0110851     0.274943     0.149891     0.385863   -0.0974841     0.263001
   -0.296971    0.0351981    0.0669089     0.101389    -0.151519   -0.0970795     0.118698    0.0341553   -0.0855027     0.125775     0.111516    -0.106819     0.110275    0.0587312    0.0572919     0.140803     -0.13517   -0.0459881     0.149157    0.0237194     0.163086    -0.102664      0.30562   -0.0235643     0.239742    -0.298333    -0.257339    -0.221776     0.110891     0.130109     0.202418    -0.289049     0.157452     -0.10476     0.188747     0.146515      0.33543    0.0490505   -0.0596475     0.163624     0.358812    0.0974886      0.18737    -0.212735    0.0455301     0.241208     0.280485     0.174116
   -0.269215   -0.0782673     0.123967   -0.0463061    -0.025767   -0.0106564    -0.189782    0.0640186     0.127406    0.0318753     0.389703     0.102412    -0.183871     -0.19103     0.185997   -0.0990303      0.53561    0.0917873    -0.592621     0.475641    -0.118312     0.236527     0.122948    0.0269787    -0.375283     0.121415     0.382018    0.0679125    0.0110973    -0.123429    -0.392695     0.430011     0.552341     0.333533     0.227259   -0.0412872    -0.610835     0.545577     0.422541     0.158543     0.409237    -0.164054    -0.402985    -0.152804    0.0075581    -0.170969    -0.509018   -0.0695762
 -0.00446821     0.291704     -0.12258    0.0653856      0.04922   -0.0736852    0.0547489   -0.0980403    -0.171813     0.204823   -0.0525544     0.226467    0.0513583   -0.0597812   -0.0861244    0.0468616      0.10798     0.434572    -0.169977     0.526105     0.107082     0.501981    0.0418978     0.419906    -0.141876    0.0745674   -0.0129425      0.12462    -0.122677     0.339431   -0.0810314     0.388837    0.0382396     0.359294    -0.108078     0.494362    -0.241241     0.103771   -0.0121703     0.252416    -0.022597     0.323762    -0.259517    -0.325404    -0.467211    -0.723789    -0.103549    -0.270998
    0.234163     0.393364      0.23937     0.037105    -0.235775    -0.359534     0.346852     0.107751    0.0196478   -0.0873144    -0.556799     0.232942     0.308427     -0.42084     -0.23761    -0.272633    -0.234421     0.318433    0.0562818     0.288456     0.288237       0.4101    -0.397633     0.252288   -0.0990746    0.0857239     0.205432    -0.023897    -0.423464   -0.0581959    -0.102689     -0.10072     0.192336    -0.201537    -0.426899    -0.348475    0.0373105    0.0103567     0.204364    0.0340211    -0.368799    -0.167619     0.160749     0.360334     0.218749    0.0419162   -0.0298854     0.162993
   -0.281165    -0.217071   -0.0370657    0.0819761    0.0191367  -0.00472145    -0.263645    0.0529167   0.00457805     0.346899   -0.0374093     0.243661    -0.199329   -0.0217484    0.0157938   -0.0630081     0.159481     0.135186   0.00539828   -0.0594629    -0.034937    -0.107859   -0.0522325      0.13501    0.0264477    -0.114198   -0.0463338    0.0760282     0.163732   0.00316127   -0.0508444    0.0992629   0.00899933     0.203776     0.194494     0.138315   -0.0838875     0.119761    -0.251716    0.0242531     0.228933     0.106979    0.0234405     0.121489     0.257777     0.298739     0.493748     0.139996
    0.135074    -0.177453    0.0363897    -0.116129     0.127942     0.255175    -0.193168     0.232006     0.172091     0.149418    -0.439307     0.356562    0.0803833    -0.121613   -0.0749089   -0.0666294   -0.0297517     0.148865    -0.221071     0.289475     0.358348     0.384201    -0.137327     0.184668    -0.345715     0.137811    0.0101289     0.255101    -0.156538    0.0125479    -0.449064    0.0189616   -0.0496532    0.0648598    -0.165678   -0.0824854    -0.372273   -0.0855991    -0.183533    -0.181401    -0.500932     0.144409    0.0121364     0.373644     0.644867      0.37062     0.168524 -0.000534135
      0.4691    -0.013518    -0.199696    -0.106727    -0.206887   -0.0762922     0.270514    -0.254021    -0.328771   -0.0833664     0.543139     -0.13957     0.261526    0.0738742    -0.116234     0.204785     0.375451   -0.0858192    0.0595165    0.0634213    -0.392165    0.0713403     0.200426    -0.151531    0.0258099     0.141429     0.136628     0.196069    0.0965635    -0.166739    0.0957155     0.295669   -0.0953709      0.30666    -0.026066    -0.192942     0.164542     0.367477     0.109625     0.121214     0.433026    -0.276044     0.776533    -0.563675    -0.374856    -0.395285    -0.234386     0.729055
     -0.2493     0.702695     0.793652     0.593873      0.52226    -0.207496    0.0177385     0.162508    0.0851082     0.116526    -0.045448     0.125511    -0.166065    -0.206236    0.0562329    0.0465666    0.0748414    0.0512758    -0.159797   -0.0516619     0.172385      0.31047    -0.143255     0.192877     -0.14165    0.0769303    0.0894794    -0.151483   -0.0668797    0.0855773    -0.158584     0.154532    0.0740723   -0.0724417    0.0774593    -0.116959    -0.184604    0.0305604     0.297931     0.262697   0.00834811    -0.134491    -0.509199     0.143307    0.0803411   -0.0318877    -0.156024    -0.613974
   0.0690769     0.176712     0.171583   -0.0402484    -0.214785     0.524107    -0.215902     0.284944     0.176336    -0.148911     0.160958     0.118861   -0.0645566   -0.0522247     0.309605   -0.0915802     0.322461   -0.0261823    -0.196966     0.299437     0.548494     0.300677     0.764217    -0.277361    -0.252547    -0.356322     0.446133    -0.586251   -0.0674961    0.0976004    -0.259797     0.266154     0.240541    -0.199233     0.277488   -0.0271962    -0.103004     0.485686     0.178214    -0.167795     0.317049    0.0497786    0.0960573     0.136027    -0.415173    -0.151368    -0.572102     0.191601
  -0.0954084      0.50762     0.619724     0.520281     0.524379    -0.452872     0.160269    0.0710797   0.00683644    -0.172685   -0.0295771   -0.0576127    0.0556598    0.0194341    -0.261994    -0.189957     0.250614    -0.254419    0.0374415    -0.219431     0.309002     0.231592   -0.0848246     -0.22635    -0.149349    0.0102434     0.286745      0.21288     0.119043    -0.423568    -0.300235    -0.139292   -0.0493515    -0.187331     0.191557    -0.671797      0.23393     0.122454     0.100849 -0.000664273     0.081665    -0.345859     0.104589     0.161912    0.0450241     0.196341    0.0123791    -0.294711
    0.283157    -0.185575    -0.187237    -0.119615    0.0284814    -0.336347    -0.182769   -0.0115165       -0.049     0.438714     0.025586    -0.365879   -0.0981987   -0.0947625    0.0221373     0.124033     0.280229    -0.235169    -0.186615     0.118967    -0.377547     0.186717    -0.361651    -0.374731   -0.0683654     0.142586     0.276213     0.506372   0.00141584    -0.602527    -0.100423     0.537338     0.169679     0.653612    -0.127704    -0.385844   -0.0970393    0.0231066    0.0028781     0.145635    0.0715818    -0.386517     0.348635     0.097688     0.157111     0.175822     0.503764     0.285835
      0.2625    -0.128693    0.0388008    0.0585768    -0.168715     0.325642    0.0324707      0.14647     0.106186    -0.147399     0.156673     0.101222    -0.143269     0.163763     0.077358     0.141736     0.241714    -0.275953     0.225795    -0.598194    -0.218442    -0.184659    -0.275889 -0.000567844  -0.00526749  -0.00916304     0.170737    -0.220192    0.0194759   -0.0551036   -0.0496824   0.00304577    -0.144135    -0.358124    0.0269091    -0.244671     0.240481     0.139168     0.125218   -0.0251046   -0.0358811   -0.0060863   -0.0384368     0.299726     0.318653     0.420387    0.0536665    0.0809699
    0.312072    -0.398452    -0.179019    -0.284284    0.0530875    -0.104926    0.0241811      0.10329     0.176671   0.00892391    0.0328128    -0.046772    0.0578152     0.166718      0.20918     0.184973    0.0912245    -0.272127       0.1023    -0.368136    -0.420928     -0.20245    -0.647764      -0.0101   -0.0452522     0.337056    0.0891456     0.185797    0.0171401   -0.0669234   -0.0480395  0.000661564     0.197393    0.0506968  -0.00702954    -0.118486    0.0279357    -0.501944     0.163043     -0.19289    -0.542049    0.0509647   -0.0354815     0.610427     0.922043     0.769695     0.386086     0.124935
    0.116312    0.0569951    -0.105669    -0.249561    -0.439289     0.154753     0.190572      0.01872    0.0874614    -0.323449   -0.0789326     0.265024     0.134345   -0.0305212   -0.0338651    -0.116914    0.0635052     0.298365    -0.165137     0.230992    0.0709757     0.289097    -0.126723     0.267978    -0.180215    0.0738532     0.381405    -0.209011    -0.402811     0.413315    -0.277092     0.223157     0.349383    -0.153312    -0.235949     0.230076    0.0795585     0.100554     0.496742     0.018751    -0.120637     0.328345     -0.10686     0.309201  -0.00947775   -0.0024783    -0.366972     0.159133
    0.185469    0.0190254    0.0554702     0.106531     0.239257   -0.0290255     0.232813    0.0969604    0.0999186    -0.150806      0.45755    -0.433516   -0.0136471     0.249905     0.203707    -0.101825     0.565647    -0.902637     0.222619    -0.219929   -0.0854085    0.0147205    -0.133551    -0.657005  -0.00375537     0.169325    0.0825243    -0.139092     0.272031    -0.520325    -0.142939     0.286295   -0.0961854    -0.340718     0.117081    -0.468069      0.39592    -0.137156    0.0668612    -0.408038   -0.0702992    -0.100982   -0.0333921     0.338347     0.330221      0.29963      0.15514    -0.125494
    0.368986     0.323432    0.0667392     0.345772     0.173762     0.214362     0.126919    -0.191874    -0.260876     0.161838   -0.0367048  -0.00584301    -0.176687     0.130153    -0.104975     0.315652   -0.0214471    -0.332094     0.321358    -0.408822    -0.247137     0.193683    -0.241511   -0.0379489     0.285625   -0.0246068    -0.412574   -0.0818783    -0.120343    0.0548347     0.342041     0.355371    -0.874669     0.101126    -0.228102     0.204346     0.386384   -0.0807577    -0.290888     0.177245    -0.258007      0.13295    0.0513782    -0.136582    -0.231869    -0.110748     0.490104   -0.0449597
    0.500003   -0.0448973    -0.168707    -0.295241    -0.045864     0.567326     0.239433     0.187905     0.152659    -0.228294     0.559035   -0.0448738    -0.119088      0.22208     0.270935   -0.0580233     0.504352     -0.36114   -0.0416072     0.201162     0.467931     0.326928     0.419295     -0.10824    -0.075573      0.17085    0.0721792    -0.279019    0.0713228     0.223583   -0.0587465     0.240293  -0.00429482     -0.43981     0.180135     0.201989   -0.0437792    0.0765066     0.489204   -0.0854793    0.0163753     0.149936    -0.351982   -0.0147252    -0.233875    -0.387903    -0.524768    -0.428212
    0.351672    -0.184546    -0.287694    -0.264331     0.205368   0.00358761     0.111684     0.104966    0.0855487     0.266321   -0.0104606    -0.123253    0.0518178      0.11479     0.301117    0.0832027  -0.00288861    -0.241479     0.336139     -0.13791    -0.123849    -0.225469    -0.382581     0.112575     0.412527     0.277834    -0.236386  -0.00245835     0.209371   -0.0790442      0.38708  -0.00853705     0.059844   0.00815192  -0.00320361     0.174617     0.129683    -0.760359    -0.162742    -0.309403    -0.516325     0.186183    0.0645581     0.289748     0.361828     0.289089     0.544941    0.0678991
   -0.224051     0.219024     0.433631     0.359929     0.330872  -0.00781058   -0.0752563    0.0611942     0.192559    -0.019281    -0.213869    -0.159866   -0.0877971   -0.0890587   -0.0347583    0.0207852    0.0651761    -0.286369    -0.267425     0.277948     0.257221     0.538584    -0.127985    -0.269532    -0.293549     0.173651     0.150442     0.114365    -0.212863    -0.178444    -0.364429     0.145395     0.221292    -0.011722    -0.192269    -0.270547    -0.217321   0.00525984      0.17142    0.0976823    -0.371844    -0.101809    -0.350413     0.308009     0.463032     0.276049   -0.0325449    -0.291671
    0.145351   -0.0296709     -0.31674    -0.476958    -0.624804    -0.386242     0.553981     0.212093    0.0972629    -0.258207     0.113088    -0.129714     0.496467    0.0990711   0.00199391    -0.148719     -0.10586      0.27182    0.0300964     0.304854     0.439679     0.232129    0.0277213     0.104567   -0.0446315     0.153236     0.273096     0.116695    -0.297615     0.233687   -0.0864334    -0.214667     0.288703    -0.344402    -0.275503   -0.0301088     0.300921    0.0388342     0.480732    0.0953123    0.0311313     0.152042      0.23635   -0.0369401   -0.0924042    -0.252801    -0.242987     0.188376
   -0.335844   -0.0635346    -0.248432    -0.350779    -0.322916    -0.657815     0.499649     0.160544     0.142336  -0.00844123     0.244903    -0.341859     0.314061    0.0893478     0.196633   -0.0612914    0.0368068      0.14664     0.233936   -0.0462098  -0.00420574    -0.244642    -0.209717    0.0214146     0.307536    0.0802867    0.0181062    0.0357004   -0.0200412   -0.0110532      0.25371    0.0728058     0.278128    0.0447186    0.0874494  -0.00947419     0.332029   -0.0525675     0.356762     0.179454     0.296394    0.0286771   -0.0228258   -0.0788302    0.0522928    0.0468558     0.172998     0.123424
    0.472752    0.0464039    -0.205902    0.0291065    -0.345034     0.130776       0.1327    -0.271378     -0.29776   -0.0691471    -0.064509   -0.0225981     0.128352     0.107038    -0.369668     0.285502    0.0463125     0.161351     0.175386   -0.0896304    -0.340207     0.292366      -0.2881   -0.0111899   -0.0676717    0.0478818   -0.0278862     0.398977    -0.335113   -0.0368553   -0.0117901     0.456364    -0.616818     0.349662    -0.324972     -0.14954     0.326106     0.310666    -0.132269     0.215598   -0.0382802     0.014787     0.738363    -0.471299    -0.333917    -0.361292    0.0852814     0.637505
    -0.13712    -0.111189     0.315419     0.172241    -0.145147     0.790753    -0.616097     0.164683     0.247689    0.0970589    -0.148074     0.398458    -0.545388     0.130635       0.3723     0.524522    -0.348801    0.0946997   -0.0896767    -0.454266    -0.108428    -0.243272     0.145209     0.114923    -0.311986    -0.304043     0.139701    -0.221962    -0.110057     0.528489     -0.19641    -0.114845   -0.0140802   0.00968896   0.00551769     0.585404    -0.195095     0.192669    -0.247459    0.0559266    -0.202722     0.619025  -0.00708618     0.183048     0.135602     0.372897    0.0240075     0.260852
   -0.143366      0.45584     0.680432      0.51955     0.347228   -0.0315292   -0.0167031     0.230655       0.1663   -0.0342691   -0.0117188    -0.106594   -0.0725587    0.0840481     0.020618     0.214334    0.0551366    -0.132059   -0.0641659     -0.12947     0.299606     0.268179     0.123921    -0.268119    -0.277256    0.0990407     0.434593     0.156437   -0.0218922    -0.153732    -0.169495    -0.137265     0.122797   -0.0116001    -0.088286    -0.312536   -0.0818775      0.30586     0.279803     0.267765     0.148848    -0.222164    0.0521587   0.00137626   -0.0489235   -0.0224894    -0.253654   -0.0749711
   -0.429898     0.123388     0.387823     0.316081     0.106523     0.165181    -0.253241     0.341551     0.204841     0.122238   -0.0149638     0.527929     -0.47543   -0.0355088     0.147078   -0.0767067     0.104265     0.276065   -0.0959452    -0.522831     0.133416    -0.257672   -0.0597378     0.341269   -0.0105067    -0.121762     0.233872     -0.40497     0.358107     0.313989     0.065698   -0.0953957   -0.0849962    -0.282002     0.349471     0.265384    -0.145882     0.195202     0.191347     0.173002     0.184831     0.198062    -0.681531     0.375011  -0.00375523     0.303212    -0.041543    -0.663065
    0.662527     0.161748    -0.205022   -0.0589147     -0.19938     0.630634    -0.074461    -0.145626    0.0455891     -0.35713     -0.15526    0.0929142   -0.0229989     0.235153    -0.216637   -0.0795619    0.0699434   -0.0436832     0.295653     -0.17851    -0.130142   -0.0625374   -0.0928477   -0.0613107     0.152677   0.00123027     0.255018    -0.195354    -0.132504     0.147937     0.223315     0.102236    -0.241343    -0.385337    -0.185575     0.148814     0.207682     0.218738    -0.111809    -0.314771    -0.224618      0.23408     0.236739     0.331391    -0.427056    -0.204547    -0.120343     0.150547
   -0.354201    -0.117028     0.109237     0.099583     0.110748    -0.169121   -0.0555128     0.123107    0.0818756     0.285115   0.00775729     0.126175     -0.11467    -0.134917      0.21248     0.110667    0.0645673     0.073428    -0.231096    0.0659079    -0.244522   -0.0539783    -0.285451    0.0618194   -0.0997622  -0.00896538    -0.236173   -0.0201082    -0.138721     0.058477    -0.176484     0.207538     0.233982     0.362626    0.0738607    0.0344693    -0.233481   -0.0220346     0.126019     0.144534    -0.101918    0.0223247    -0.360141     0.295219     0.787355     0.501597     0.372007    0.0446449
    0.314064    0.0359939    -0.338011    -0.233265    -0.116079    0.0670673     0.148128    0.0207302  -0.00460634    -0.174065   -0.0617491    -0.112692     0.430021     0.143492   -0.0633531  -0.00667761    -0.294778     0.210907     0.499743     0.064471     0.120997    -0.462576     0.279454     0.183343     0.395978     0.026518    -0.089189   -0.0176516    0.0738815      0.18372     0.501999    -0.432708    0.0279194    -0.301946 -0.000351945    0.0589271      0.16788   0.00712557    -0.133032    -0.196728    0.0114666    0.0349395     0.425626    0.0296034    -0.365915    -0.281357    -0.135865     0.235572
   -0.544036   0.00497326     0.248824     0.296066     0.156529   -0.0272453    -0.288725    -0.101662    -0.065829      0.23347    -0.312024      0.63672     -0.13665    -0.147509    -0.129572    -0.196191   -0.0639607     0.596699    -0.252946     0.446213     0.301742     0.258889     0.290653      0.43999   -0.0789874   -0.0337286   -0.0852629     0.279022     0.257348     0.133467    -0.244018     0.229076    -0.314745      0.58394     0.160482     0.123884    -0.217948     0.249706    -0.442632     0.048781     0.255946     0.158654     0.154435     -0.31504   -0.0799678    -0.106015    0.0785523    0.0489375
   -0.329812    -0.112712    -0.036846   -0.0711901     0.191237    -0.539187     0.123605     0.208144     0.162069     0.492241     0.105321    -0.275815   -0.0421628    -0.172872     0.312233     0.114769    0.0233823     -0.12111    -0.086027   -0.0361133   -0.0398753   -0.0100055    -0.487084    0.0609706      0.12992      0.21677     -0.40589    0.0552364   -0.0146594  -0.00528699    0.0784984    0.0207422     0.139549     0.218702    0.0493536     0.215668    -0.148838    -0.450305     0.252119      0.28267    -0.101425    0.0762678    -0.667554     0.190816     0.535571     0.257683     0.628568    -0.521838
    -0.49276    -0.217556    -0.222878   -0.0256611    -0.571667    -0.260423    -0.311505    -0.260872    -0.248451    -0.239959     -0.30042    -0.267806    -0.190457    -0.265023     0.110472   -0.0163799   -0.0238601    -0.055564    -0.403472    0.0593222     -0.30467   -0.0711283    -0.366051  -0.00128571    0.0357432    0.0471437    -0.109852   -0.0730875     -0.27195    0.0265958   -0.0312531    -0.170083   -0.0978603    -0.168992   -0.0475474    -0.181974     0.142675   -0.0112991  -0.00852526    -0.259157   -0.0221862     0.046453
  -0.0242938     -0.58794     0.495267    -0.130768   -0.0608519    -0.692349     0.139831     -1.15573    -0.847294     0.375488    -0.310009     0.884482    -0.435303     0.327862    -0.801839    0.0771578    -0.367951     0.209457     -1.02556     0.155537      0.34573   -0.0801636    -0.119827   -0.0843193     0.433214     0.117339     -0.10171     -1.32788    0.0157076    -0.186323     0.330478      0.12432   -0.0404329     -1.29043     0.214918     0.235183     0.282266    -0.642254     0.105041    -0.604448     -0.57537    0.0674877
    0.253488     -1.03218    -0.626868    -0.734148     -1.20936    -0.903972     0.481334    -0.531793  -0.00564563    -0.499734    0.0178976     0.548034    -0.141516     0.549479    0.0329617    -0.195665    -0.363632    -0.837803     0.476419     0.221152     0.205304     0.244676     0.161726   -0.0570243    -0.877761    0.0860272     0.177355     -0.15315     0.148112     -1.18463   -0.0221713     0.237876     0.248825     0.203242    -0.660522     0.210321   -0.0205915    -0.384378    -0.296904    -0.883777    -0.340133    -0.193177
    0.491214     0.252394    -0.142478    -0.522061    -0.250029    -0.379105   -0.0562774   -0.0253605     0.155817     -0.54075    -0.203854     0.071011   -0.0719406     0.111614    0.0562584    -0.664785    -0.309513    -0.606538     0.180779     0.207925     0.134015    -0.330361    -0.388015   -0.0975826    -0.756316    -0.242072    -0.555199     0.238404     0.263707    -0.630687    -0.237744    -0.470437    -0.537165   -0.0765587     0.540121     0.212432     0.226495     0.126116    -0.284645   -0.0310359    -0.351184    -0.259547
    0.339418     -0.10159    -0.361641    -0.646663     0.275689     0.235352     0.421658    -0.156797     0.199446    0.0365454     0.172448    -0.340343   -0.0386924     0.690312     0.328529      -1.0665      0.21144    -0.575065   -0.0314747    -0.218062   -0.0261308    -0.742347     0.533095    -0.780429    -0.416529    -0.654925    -0.207644    -0.363841   -0.0862141     0.183273    -0.406136    -0.873195   -0.0189056    -0.755119    -0.380891     -0.58645    -0.132254    -0.763388     0.215385    -0.392883     0.238801     0.463893
   -0.407389   -0.0485169    -0.282962   -0.0160718    -0.282046    -0.302428    -0.392395    0.0250542    -0.168421    -0.227877    -0.194682     -0.35337   -0.0949291    -0.388746   -0.0201008   -0.0601622    -0.205727    0.0562639    -0.519324    0.0060155   -0.0283805    -0.018619    -0.326685    -0.198827    -0.089098   -0.0365777    0.0520737   -0.0459602    0.0225089   -0.0310898    0.0891492    -0.143647     -0.34553    -0.251829    0.0415993   -0.0799268    -0.157998  -0.00844389    -0.183677    -0.147847    -0.132273   -0.0806531
    0.167872   -0.0345917    -0.248267     0.028144     0.291781    -0.104566     0.192279    -0.374313    -0.434509    0.0311063   -0.0269864    -0.383656    -0.286225    -0.511411    -0.466013    -0.608934    0.0280092   -0.0161603    -0.717696    -0.315962    -0.560703    -0.200109   -0.0190587   0.00835142     0.365863    -0.361654     0.256092   -0.0854948    -0.220307     0.214828    0.0559599    -0.503585     -0.18338    -0.448786     0.244719     -0.14267     0.241143    0.0984355    -0.101251   -0.0719449    -0.250075     0.160829
    0.121944    -0.874669    -0.039815     0.382993    -0.683348     -0.78213    -0.621708    -0.690293     0.207687    -0.883262     -1.02995    -0.543127    -0.987928     0.522635     0.205591   -0.0499433    -0.297694     0.192803    -0.227917     0.280226     0.483686     0.140712     0.092709   -0.0277678    -0.523127   -0.0166635    0.0383073    0.0636001     0.211919    -0.765538     0.257516    -0.775089     -1.10244   -0.0989736     0.162038     0.188285     0.235365     0.571597    -0.388576    -0.661214    -0.108494     -0.65857
  -0.0974923   0.00646468   -0.0536168    -0.244999    -0.570862    -0.107954    -0.133246    0.0938104     0.170753    -0.313693    -0.250069     -0.13135    0.0309859     0.159631     0.191564    0.0323367    -0.284561    -0.326569    -0.131519     0.167929     0.190364    -0.106028    -0.526322    -0.626599    -0.881162 -0.000734972    -0.809588    -0.235777      0.07651    -0.818684   -0.0369269     0.168046  -0.00991705    -0.250081     -0.37465     0.144137      0.17104    -0.301151    -0.300035   -0.0490712     0.208713    -0.176662
   -0.583741    -0.024335     0.227191     0.155065    -0.509378    -0.215413    -0.311421     0.298556    0.0243464     -0.85008    -0.599712    -0.276497    -0.253923      0.14031      0.22436     0.145616    -0.228697     0.281557    -0.616527     0.335865     0.131648    0.0256313    -0.539217    -0.421478    -0.495317    0.0337336     -0.70781    -0.575093   -0.0848512    -0.564079     0.251965   -0.0122197    -0.362658    -0.589251    -0.190812     0.047856     0.201532    -0.588733    0.0919769    -0.235446     0.271047   -0.0343416
   -0.357933   -0.0642496   0.00791635    -0.144931     -0.28732    0.0113147     0.107586   -0.0209346    0.0817199   0.00935174    -0.120136    -0.289627   -0.0278939     -0.22799     0.127387    -0.149934   -0.0745893    -0.397601   -0.0370945   -0.0485137    -0.169468    -0.263231    -0.364821    -0.346261    -0.297096  -0.00155399    -0.533264   -0.0961965    -0.454787   -0.0538584    -0.380674    -0.223165     0.010785    0.0694576    0.0918389    -0.239186    -0.113216   -0.0926622    -0.113568  0.000472903    0.0573508    -0.237357
   -0.400096     0.014069    -0.165653   -0.0606024    -0.297652   -0.0970973     -0.27507  -0.00668743    -0.199458    -0.052288    -0.161752    -0.316415   -0.0790166    -0.418841    -0.105987   -0.0538128    -0.101408  -0.00811093    -0.431187   -0.0564065    -0.177945   -0.0411054    -0.420664    -0.297062    -0.227871   -0.0899124    -0.314608    -0.119932    -0.342258    -0.106013    -0.071139   -0.0216185   -0.0887523    -0.234098   -0.0400666    -0.112608  -0.00636393    -0.122888    -0.126327  -0.00464073    0.0500143   -0.0868181
   -0.721852    -0.289393    -0.675386     0.075039    -0.434821    -0.359534    0.0766546    -0.709733    -0.943879   -0.0964322  -0.00918676   -0.0404767    0.0946307    -0.653917    -0.738317     0.176058     -0.17281    -0.261938    -0.546796     0.351566     -0.70692     0.487584   -0.0846182    0.0310248     0.239528    -0.641253     0.573367     0.271529    -0.696884      0.23814     0.290442    -0.538358     0.194225     -0.45164    -0.615503     0.070295  -0.00680578    -0.313581     0.176667   -0.0888888    -0.608354     0.352052
   -0.585886     0.076835    -0.034088    0.0229713    -0.357264   -0.0159617    -0.411517     -0.11227    -0.457777   -0.0697052    -0.340934    -0.279287    -0.119334    -0.466649    -0.128661    0.0390569   -0.0853866    -0.105049    -0.469812     0.100848    -0.589011   -0.0539375    -0.393819   -0.0959175    0.0907903    -0.119198    -0.277859    0.0470486    -0.518063    0.0527997    -0.329255    -0.210275    -0.153037   -0.0745816    0.0862415    -0.369078    0.0783473    0.0419843    -0.111169     0.081815   -0.0597989   -0.0116465
   -0.349487    -0.128981    -0.251052   0.00807078   -0.0684513    -0.187989     -0.19089    -0.110475     -0.23103   -0.0234804   -0.0275042    -0.234458   -0.0283217    -0.359672    -0.372811    0.0346062    -0.199903   -0.0090405    -0.149224    -0.155732    -0.079485 -0.000947337    -0.178351    -0.126342    -0.111658    -0.236081    0.0526398    -0.076572    -0.168588   -0.0305118   -0.0203302    -0.196873    -0.233091    -0.120953    -0.180142   -0.0254806     -0.42443   -0.0588674    -0.154199   0.00364821    -0.142469    -0.247643
   -0.277704    -0.336502    -0.561051    0.0860595    -0.224276    -0.187551    -0.389923     0.113827      0.23467    -0.207608    0.0325736     -0.60141    0.0170934    -0.542428    -0.031716     0.159455     -0.58953    -0.243379    0.0480653     0.120884     0.257057     0.261656    -0.346818    -0.311895    -0.802208    -0.296498    0.0709988     0.210394     0.175594    -0.153861     0.123196   -0.0573164    -0.433427     0.127688    -0.595593     0.166617    -0.643604     0.199094    -0.697118     0.314304    -0.164821    -0.631312
   -0.516039    0.0134344    -0.558524   -0.0314114    -0.408739    -0.407349    -0.227851   0.00126097     -0.30511    0.0194241   -0.0993679     -0.34546   -0.0135603     -0.56735    -0.232725    -0.134804    -0.121004   -0.0777781    -0.579996    0.0879802    -0.137606   -0.0533061    -0.538371    -0.112095    -0.165238    -0.162353    0.0604449    0.0621224    0.0107257    0.0532567     0.116392    -0.197846    -0.174609    -0.426579     0.155758    -0.018038    0.0893603   -0.0274686     -0.17344   -0.0554298    -0.122312    0.0174175
   -0.672131     0.070274     0.151804    0.0211164    -0.108148    0.0114013    -0.794805     0.296646     0.491815     0.171011    -0.277362    -0.634822   -0.0619751    -0.391384     0.453105     0.208565    -0.308779   -0.0159836     0.107286    -0.770043     0.192234    -0.957121    -0.673627    -0.485409    -0.884533     0.264692     -1.12704    -0.153623     0.190527    -0.139073    -0.628849     0.259985    -0.313108     0.173235    -0.134281    -0.767304    -0.531299     0.150813    -0.787556     0.121172     0.375882    -0.864941
    0.242856    -0.246232     0.282592    -0.122754     -0.51547     -0.64511     0.379605    0.0613335    -0.272059    -0.897484   -0.0216617    0.0498409    -0.154041    -0.132831    -0.170476    -0.331777     0.123778     0.269124     -0.38834     0.128902     -1.02308   -0.0112991     0.892113    -0.357079     0.266434     -0.77843    -0.465649     0.120295     -1.17648    -0.121831      0.32222    -0.846241    -0.480862  -0.00301656     0.187506      0.17243    -0.196999      -1.1623     0.398678     -1.07233      0.26169     0.614686
    0.537937     0.338143    -0.908823    0.0896282     0.447618    -0.161476     0.528371    -0.442198   -0.0543489    -0.977167    -0.342332    -0.473315   -0.0231415     0.507099    -0.788241     -1.00734     0.197272    -0.133061    -0.111358   -0.0335435     0.340158     0.180465    -0.394328     0.206028    -0.354223    -0.708879     0.272549    -0.538135   -0.0741432    -0.754502    -0.116902     -1.05809    -0.710558    -0.704001     0.340442    0.0246946     0.462077      -0.5354    0.0795847    -0.656399     0.371879     -0.50579
    0.110995     0.116484  0.000218213    -0.746495     0.231191      -0.1483    -0.535136    0.0346975      0.14782     0.294047     0.114427   -0.0841327   -0.0433764    -0.530725    -0.315716    -0.858051    -0.558383      -0.8489     0.487191    -0.939445    0.0285415     -1.07926    -0.606173    0.0432445  -0.00981998   -0.0723254   -0.0986163     0.153573     0.303825     0.146113    -0.716807    0.0693125   -0.0279096     0.255537     0.462174    -0.472756    -0.711875     0.179452    -0.557659     0.168814    -0.936176    -0.672674
   -0.675189    -0.284376   -0.0368189    -0.288054     0.263567   -0.0728365    -0.263237    -0.571847      -1.0822     0.512923     0.102673     0.474319    -0.103083     -0.62789     -1.03109     0.328885     -0.21621     -0.26664     0.234324    -0.994743    -0.672577    -0.274109     0.550758    0.0763316     0.675788    -0.360112     0.382589   0.00428656    -0.777819     0.306376    -0.391115    0.0416649     0.151363     0.240334    -0.722032    -0.636539     -1.10418   -0.0570773    -0.109425     0.172593    -0.918159   -0.0477014
    0.243596    -0.106821    -0.591601    -0.309962     0.248366   -0.0138014     0.405565    -0.393241     0.100106     0.128277    0.0252019    -0.224754    0.0266073    -0.597773    -0.381017    -0.566956   -0.0117067    -0.416309    0.0390513    -0.423884     0.102671   -0.0509341   -0.0734561    -0.140523    -0.333102    -0.823402      0.20347   0.00775859     0.103035     0.132529    -0.702534     -0.13736     0.071241    -0.394347    -0.569441     -0.25533    -0.126498    -0.378329    -0.477485     0.228406     -0.41849    0.0767698
    0.445385    -0.141154     -0.91753    -0.419575      0.26532     0.175217     0.301272     0.270074     0.136698    -0.215341    0.0714934    -0.632052   -0.0079877    -0.614948    -0.315247    -0.701579    -0.167344    -0.546761     0.322078    -0.706825    -0.412304     0.299371   -0.0477803    -0.226986    -0.319259    -0.740328     0.245916    0.0768969    0.0738611    -0.052088    -0.640208   -0.0239324    0.0701899     0.200959    -0.938545    -0.274529    -0.658515   -0.0312541    -0.742344     0.241732     -0.29736     -0.48454
   -0.703929     0.191567    -0.113662    0.0780363    -0.612955   -0.0834367    -0.336539    -0.132306    -0.743961   -0.0752057    -0.464867    -0.292408   -0.0655903    -0.517418   -0.0884563   -0.0038119    0.0144761    -0.113089    -0.764328      0.34234    -0.777032    -0.103167    -0.647266    -0.121964     0.103445   -0.0530965    -0.412327    0.0317601      -0.7089    0.0431979    -0.206976    -0.329948  -0.00505268    -0.431966     0.131943    -0.404489     0.370614    -0.195586     0.152982  0.000323168     0.162241     0.294005
   -0.118369    -0.256159   -0.0591494     0.117461   -0.0376629    0.0492781    -0.162271    -0.228719   -0.0844624    -0.355252    -0.304009    -0.420917    -0.292846    -0.403729  6.33208e-05      0.17238    -0.325423    -0.233416     0.224982    0.0796709    -0.552416     0.173855     -0.14473     -0.16931    -0.147917    -0.287205    -0.244068   -0.0127229    -0.284318    0.0705564    -0.316346   -0.0426235    -0.138677     0.133989    -0.484376     0.114039   -0.0594829   0.00706273    -0.549665     0.188908     0.072996     -0.39624
   -0.278645   -0.0293305     0.151732    -0.225534    -0.532085   -0.0674539     0.105877    -0.130696    -0.118618    -0.119832    -0.166995    0.0342002   -0.0118899    -0.136037    0.0621542   -0.0442744    -0.131721    -0.532523     0.124025    0.0676452    -0.208964    -0.131746    -0.390544     -0.19023    -0.546607    -0.032833    -0.598511    0.0364305    -0.396864    -0.400717     -0.40082   -0.0761736     0.101182     0.097275    -0.103913    0.0266466     0.089213     -0.17769   -0.0920677    0.0194132    0.0771428    -0.180292
  -0.0136118    -0.187017     0.131527   -0.0175393   -0.0579497    0.0742138     0.190566     -0.17248    0.0260818    -0.173305    -0.125011    -0.321823    -0.228223    -0.285293   -0.0723634    0.0674797    -0.191355    -0.347644     0.265256   -0.0567277    -0.410877    0.0517165   0.00282081    -0.222468     -0.26455    -0.264785    -0.325017   -0.0580698    -0.502926   -0.0567441    -0.402743   -0.0787708   -0.0772048      0.10749    -0.387773    0.0426516    -0.276107    -0.139145    -0.410175    0.0209947     0.147525    -0.397506
   -0.586029  -0.00635233    -0.265452    0.0328827    -0.561062    -0.325948    -0.340794    0.0840286    -0.241798    -0.409853     -0.30081    -0.360613    0.0211567    -0.339011    0.0399977    0.0304046     -0.12705     0.224928    -0.635189     0.067972    -0.039831    0.0819292    -0.453564    -0.352653    -0.157807    0.0485898   -0.0382946   -0.0814136    -0.178517    -0.178163      0.27999   0.00466063    -0.331935    -0.558956    0.0421464   -0.0641802     -0.01655     -0.32841    0.0601633    -0.450531     0.156607      0.05488
   -0.720288     0.180347   -0.0986327     0.127424    -0.081182  -0.00466204    -0.786686   0.00148455     -0.58744     0.224831    -0.490985    -0.123446    -0.188606    -0.421595    -0.122074   -0.0691576    -0.103913  -0.00805346    -0.926155    -0.553223    -0.588441     -1.08485    -0.553706     0.116808     0.390204     0.187371    -0.517208    0.0246103  -0.00734848     0.218996    -0.539232   0.00178531   -0.0640994    -0.219238     0.164295    -0.999428     0.371376     0.115052    0.0349989  -0.00130222    -0.449932      0.27694
   -0.699697     0.160655     0.191809     0.119383     0.136591   -0.0114865    -0.552805   -0.0350506      -0.5599     0.286864     -0.29105    -0.090709   -0.0799744    -0.446378    -0.414731    0.0233693    0.0867288   0.00943108      -0.2229      -0.9569    -0.601983    -0.980287    -0.439275    0.0514056     0.443962    0.0958221    -0.702191    -0.124836    -0.648686     0.130333    -0.694391    0.0587813    -0.100519     0.269282     0.278232    -0.862379    -0.224576     0.108336   -0.0953191 -0.000144793    -0.214314    -0.390999
    0.165784    -0.837209    -0.279031    -0.522491    -0.274468    0.0133586     -0.73791     0.265264     0.108398    -0.805154   0.00232277    -0.371578     -0.86479     0.453441     0.185682    -0.283119    -0.375594     0.167984     0.411078    -0.131687     -0.43789    -0.264078     0.615977    -0.423468     0.259332    -0.108731     0.146569    -0.119124     0.225788    -0.161101     0.148463   -0.0708509    -0.154668      0.46873    -0.984055    -0.305681    -0.887173    -0.471643     0.136481    -0.711815     -0.16389     0.206206
    0.219005    -0.373259    -0.480398    -0.542123     0.282387   0.00871027   -0.0295606    -0.789777    -0.415805     0.187978   -0.0334693     0.528739   -0.0788868    0.0361972    -0.572255    -0.353675    -0.329407    -0.706216    0.0972965    -0.162617     0.276564     0.172256    -0.137371     0.110865     0.206291    0.0145752     0.295383    -0.622502     0.232917   -0.0621083    -0.338749    0.0122006    0.0846286    -0.763741    -0.667372    -0.095702     0.120847   -0.0124869    -0.349828     0.147168    -0.911531    -0.233772
    0.613767    -0.258322     0.762343    -0.653619     0.300933     0.202008     0.428531   -0.0590249     0.148513       0.3822    -0.121583      0.36512    -0.268599     0.565506   -0.0738469    -0.225339    -0.161858    -0.219015     0.424341    -0.738828     0.328583     -0.43265     0.413661    -0.761675    -0.723829    -0.140783    -0.912106     -1.30379    -0.790133     -1.18194    -0.340991     0.172319    -0.204876       0.1643    -0.338214   -0.0663147    -0.884051    -0.446723    -0.349733    0.0250394     0.276487    -0.919392
     0.10566    -0.349231   -0.0377968    -0.680107     0.512695    0.0938868    -0.984748   0.00249524    -0.130401    -0.533704    -0.258485     0.267785    -0.452431     0.428911   -0.0767599     0.146924    -0.493668    0.0440881     0.064376    -0.066926    -0.407673    -0.078324      0.17102    -0.298679     0.316864    0.0687933     0.110068    -0.972059     0.262507   -0.0486706     0.282167     0.424686   -0.0630497    -0.414455    -0.918824   -0.0800274    -0.769243    -0.486052   -0.0266876    -0.281585    -0.928462     0.211447
     -0.3169    -0.514262    -0.285545     0.135951    -0.522282    -0.599451      -0.0888    -0.606265    -0.308588    -0.403169    -0.323613    -0.318405    -0.306126    -0.275846    -0.542649    0.0162127   -0.0364432     0.186685   0.00801982   -0.0999446     0.176358    0.0503172     0.465178     0.212212      0.44382   -0.0201919      0.24704     0.103758    -0.327551    0.0171737     0.129232    -0.594741    -0.694246     0.260867      0.18595  -0.00735991    -0.215002     0.176165    0.0233693     -0.63379    -0.188427    -0.492071
