no weights
   0.0664181   -0.0438264    0.0466394    0.0228177     0.114767    0.0663749   -0.0940286    0.0968697     0.026273    0.0977115     0.111279   -0.0285553   -0.0591997    0.0703741    0.0760225    0.0623776     0.123205     0.027428   -0.0986256    0.0751911  -0.00238147    0.0562914     0.150759   -0.0981743   -0.0729365    0.0886414     0.137065     0.165898     0.106309   -0.0791515   -0.0222976     0.114119     0.118688     0.084316    0.0523423   -0.0560996   -0.0480929     0.200287    0.0799867    0.0821252     0.173413   -0.0726718    0.0948189    -0.121056   -0.0520142  -0.00411829   -0.0876411    0.0388115
    0.022414    0.0727869    0.0481451    0.0411128    0.0956688     0.102117    0.0683399    0.0726167     0.029263    0.0429733    0.0501055    0.0956749    0.0565366    0.0126968    0.0155152    0.0749524   -0.0391658     0.130963     0.111829    0.0719879    0.0455235   -0.0185318     0.122975     0.107013    0.0585889    0.0661939   -0.0134277    0.0530619    0.0215779     0.159114     0.124426   -0.0391861     0.011854  -0.00802569     0.037497     0.106224    0.0642452    0.0275344   0.00659144    0.0709671    0.0711016     0.140415     0.056527    0.0622139    0.0834723     0.120957     0.135099    0.0880888
   0.0449719    0.0200223    0.0568558    0.0166807    0.0358844   -0.0209611   -0.0170572     0.100034    0.0559814     0.104476  -0.00385244     0.014015     0.109086    0.0542677     0.122187     0.111066   -0.0584864     0.151635    0.0122781     0.136667   0.00828334   0.00973135    0.0129287    0.0809334     0.013146    0.0897332     0.155925    0.0819815    -0.059277    0.0644045    0.0299304    0.0238123     0.127664     0.163497   -0.0352535  -0.00680804   -0.0175127     0.116984    0.0641947     0.069605    0.0790551    0.0769116    0.0450076     0.120506    0.0327472    0.0415906  -0.00772531     0.102435
   0.0679424     0.086919     0.170141    0.0956484     0.128673     0.102068    0.0416761    0.0740782    0.0780641 -0.000916525  -0.00960568     0.156299   0.00645771    0.0101256    0.0216267    0.0804252    0.0183232    0.0799483    0.0724843    0.0489599     0.122527    0.0573328    0.0107208    0.0942574    0.0554658    0.0148089     0.060009    0.0631817    0.0545804    0.0131649    0.0348732    0.0190199   -0.0264717    0.0129001  0.000750361    0.0561855    0.0757351    0.0267083   -0.0119005    0.0654432   0.00769894    0.0942048    0.0402968     0.154739    0.0566358     0.133194     0.108298     0.011178
    0.141953  -0.00917204   -0.0253286   -0.0284422     0.118549     0.045017    0.0272978    0.0762818    0.0756866    0.0982933    0.0726493   -0.0340999     0.103015     0.070658    0.0978638    0.0533315    0.0755443     0.012487     0.101606     0.131972    0.0158748   -0.0737399    0.0959365    0.0164988    0.0692244     0.104916    0.0242425     0.134981     0.105952    0.0227413     0.106482   -0.0177212      0.16608    0.0362831    0.0969495    0.0139353   -0.0347939    0.0897452    0.0104555   -0.0299921    0.0514476  -0.00747045     0.112854   0.00459791    0.0386425    0.0525763    0.0475336      0.11059
   0.0842293    0.0665099    -0.014968    0.0210406     0.113123   -0.0039981    0.0595972  -0.00593109    0.0758224    0.0426453    0.0802883    0.0508167     0.176754    0.0132603    0.0846533  -0.00601796    0.0751862    0.0995392    0.0412682     0.146123  -0.00533865   -0.0325527    0.0901555    0.0751044    0.0783755    0.0892958    0.0354753     0.140231    0.0363588  -0.00056159     0.147105  0.000436674     0.129613    0.0956609    0.0994266    0.0927179    0.0479221    0.0364596      0.06812   -0.0189719     0.105619    0.0772702     0.141196 -0.000738699    0.0276023   0.00935902     0.131097    0.0490879
  -0.0505669    0.0851534     0.144934    0.0712203    0.0304218     0.026925   -0.0402571    0.0563157    0.0932074     0.102852     0.043816   -0.0196646   -0.0208958    0.0152538     0.083431    0.0222025    0.0315595  -0.00996345    0.0333715    0.0151422     0.105096   0.00571995      0.10157    0.0401055   -0.0234633   0.00826669     0.156656     0.074447     0.136481   -0.0161007   -0.0148717    0.0981838     0.068666     0.154479     0.154059  0.000421022    0.0342653     0.123135  -0.00940761    0.0781045     0.207362   0.00428789     0.107872   -0.0304262   0.00598064    0.0713977    0.0951948    0.0685889
   0.0679904    0.0856909   -0.0245892    0.0572129    0.0945761    0.0685585     0.108097    0.0376706  -0.00154411    0.0175645    0.0618597    0.0217013     0.159378     0.104885    -0.037997    0.0657666    0.0465235     0.113497    0.0431696     0.148165    0.0502624     0.165021     0.138654     0.104083    0.0307764    0.0508647   -0.0206971     0.103576    0.0543329      0.10704    0.0518324    0.0325693    0.0428459     0.108467    0.0586914    0.0666405    0.0606185  -0.00941089    0.0394767    0.0945272  -0.00491196     0.150197    0.0786536   -0.0311327    0.0849578    0.0267344    0.0557669    0.0727796
    0.085064   0.00344046    0.0379794    0.0871298    0.0990049     0.125176    0.0543458    0.0763959  -0.00104434     0.115251    0.0697232    0.0189804   0.00597528    0.0546773    0.0516282    0.0581357     0.153585    0.0459821    -0.037463     0.111631    0.0725277     0.121662     0.135029    0.0355121  -0.00283278    0.0849647    0.0704182     0.144962    0.0644119    0.0208444     0.052238     0.141457     0.127038    0.0868825    0.0533816    0.0688981    0.0468777     0.124132    0.0119696    0.0527603     0.157288    0.0650372    0.0704464   -0.0227446   -0.0508573   -0.0613832   -0.0174862    0.0772548
   0.0265882    0.0336069  -0.00742779   -0.0605469   -0.0963598 -0.000598584    0.0786366    0.0983172    0.0777007    0.0550343    0.0420439   -0.0504392     0.156697    0.0401343    0.0841665     0.061458   -0.0605742    0.0383828     0.144885    0.0909615    0.0468756    -0.053212    0.0728749    0.0578576     0.182081   -0.0176122    0.0570449    0.0196014  -0.00362687    0.0534606     0.159397    0.0396852     0.144857     0.015246    -0.030245    0.0889605      0.12338       0.0561    0.0453124   -0.0421198     0.018195     0.104734     0.152114     0.133235    0.0278586    0.0777127     0.135747     0.172684
   0.0321891    0.0462561     0.010297    0.0654376     0.111379    0.0447779    0.0678789    0.0077949     0.044315     0.104154     0.102057   -0.0298557    0.0483984    0.0431572     0.111518    0.0864773    0.0886758    0.0457391     0.116269     0.100528    0.0924146    0.0836771    0.0997438   0.00309008     0.115408     0.038644     0.106989    0.0794832    0.0636522  -0.00262581     0.136569    0.0721274    0.0955458     0.145691    0.0833421    0.0334572     0.126743    0.0077872     0.115568     0.066693    0.0819075    0.0413545     0.134207    0.0203059    0.0870548      0.10464    0.0540002    0.0790229
   0.0394803   -0.0127803    0.0862678    -0.013091   -0.0084636   -0.0176925    0.0445264    0.0766278     0.127679    0.0142649    0.0847181   -0.0215632    0.0119998  -0.00832159    0.0973816    0.0621554    0.0464979    0.0748339   -0.0030849    0.0267039    0.0628622    0.0480118  -0.00930713   0.00476611    0.0130681  -0.00211624     0.152152    0.0300465   -0.0549552    0.0853931    0.0355826     0.021213     0.176892    0.0951802     0.026775   -0.0344773   -0.0287848     0.098719     0.191774      0.11493    0.0856788    0.0304829    0.0219874     0.131881     0.059942     0.142307    0.0020879    0.0216368
   0.0207533     0.102088    0.0644548     0.105148    0.0441227     0.011561    0.0501188    0.0674897   0.00957248    0.0577799    0.0252903    0.0470061     0.119664    0.0773762    0.0537316     0.096905   0.00902383  -0.00318221    0.0791715    0.0726804     0.100845    0.0774686    0.0620243    0.0553335     0.125867   -0.0217139    0.0129881   -0.0108642    0.0847787    0.0729515    0.0875518    0.0150887     0.105182    0.0433046    0.0751315    0.0799641     0.131149    0.0519853    0.0187837     0.043463     0.103392    0.0880078    0.0924175    0.0128223    0.0983764    0.0961384     0.119228    0.0787862
  -0.0292112    0.0175869    0.0831139    0.0378349   0.00910138    0.0960389   -0.0274005    0.0405381    0.0791023    0.0284019     0.150522      0.04761   -0.0375396    -0.037386    0.0857803    0.0115689      0.22418   0.00520698    -0.171102     0.174985   -0.0205648     0.123178    0.0289576    0.0472976   -0.0852983    0.0846741      0.16027    0.0629883   -0.0147853   -0.0515143   -0.0774127     0.168829       0.1452     0.129343    0.0763608   -0.0109279     -0.13645     0.194563     0.117321     0.106553     0.159968   -0.0316316   -0.0657118   -0.0789339    0.0437093    -0.018286    -0.109791    0.0493849
   0.0799889        0.121    0.0255292     0.102356    0.0580041    0.0222857    0.0684428    0.0521398 -0.000434634    0.0854458    0.0553527    0.0664218     0.095694    0.0391882    0.0208659    0.0770055     0.121286    0.0875162    0.0566499     0.145298    0.0739511     0.140196    0.0505795     0.106572   -0.0132907     0.046306     0.102457     0.055842    0.0751891    0.0253475    0.0307819     0.108451     0.111756     0.140238    0.0167375     0.136446    0.0111362    0.0744763    0.0563044     0.110928    0.0445792      0.10729  -0.00126111    0.0162278    0.0396048   -0.0548039    0.0594438    0.0106051
    0.110664     0.144751     0.125383      0.10104   -0.0040686   -0.0413234     0.133888    0.0227446      0.06829    0.0407041  -0.00504308    0.0866409    0.0732754   -0.0161539 -0.000135741     0.033099   -0.0500815    0.0717459     0.103973    0.0981296     0.103025     0.080822    0.0120836    0.0713205    0.0362278    0.0932664    0.0727734     0.054291    0.0138736    0.0565149    0.0921884  -0.00329562    0.0965424   -0.0163419   -0.0630896    0.0164188    0.0345405    0.0501445     0.116497    0.0522483   -0.0575319    0.0537002     0.066258     0.104087     0.152001    0.0930094    0.0642172    0.0704032
  0.00624498    0.0013185    0.0598437     0.133404    0.0736171    0.0582335   0.00460444    0.0257196    0.0373889     0.148563    0.0763675    0.0936526   0.00926767    0.0747516    0.0382299    0.0297952    0.0904547    0.0388353    0.0918013    0.0828951    0.0724965    0.0619501    0.0522923    0.0611666    0.0712615    0.0278963     0.069943     0.100317    0.0487566    0.0577561    0.0424176    0.0564863    0.0626006    0.0676902    0.0477262    0.0945934    0.0332552    0.0729386     0.045942    0.0792071     0.135456    0.0522873    0.0275193    0.0983731      0.11004     0.097154     0.135991    0.0889529
   0.0452111    0.0788579     0.108024    0.0278588     0.124028    0.0836759    0.0567267      0.10759    0.0896684     0.114625  -0.00356463    0.0456941    0.0917049    0.0445677    0.0298338    0.0698531    0.0362212    0.0128826   -0.0304119    0.0860924     0.131119    0.0972632    0.0408827    0.0582638   -0.0175336    0.0622626    0.0688121    0.0939539    0.0233228    0.0480313   -0.0442394    0.0788591    0.0449207    0.0325476   -0.0262544    0.0740689   -0.0330368    0.0672568     0.070692    0.0621438   -0.0151949    0.0514536    0.0279439    0.0941877     0.186474     0.155126    0.0448627    0.0201881
    0.138306    0.0237933    0.0107972     0.013953   -0.0262884  -0.00654799    0.0835988   -0.0489765   -0.0671853   0.00273074      0.17057    0.0235837     0.116892    0.0145142  -0.00652961     0.102394     0.127736   -0.0021704   0.00191401     0.059946   -0.0843352    0.0503959    0.0672936    0.0065428   -0.0165654     0.108198     0.105654    0.0900604    0.0756055   -0.0130516    0.0192691    0.0801094    0.0375011     0.153811   0.00862333   -0.0182571   -0.0175581     0.121782    0.0456209    0.0743078     0.126492   -0.0695811     0.175232    -0.101196  -0.00928032   -0.0619584   -0.0113601     0.160944
 -0.00148858     0.194763     0.217266     0.149767     0.126199    0.0197461  0.000423855    0.0651663    0.0948435    0.0550645    0.0168882    0.0359758   -0.0292769    0.0285435    0.0554285     0.082992    0.0487174    0.0698502   -0.0235519    0.0236917    0.0961527     0.154939    0.0329528     0.100276  -0.00450439    0.0982115    0.0946009    0.0266719    0.0119806    0.0776595   -0.0437503     0.108048    0.0581159  -0.00744173    0.0781831   -0.0201543   -0.0486873    0.0334879     0.121777     0.123308    0.0698393  -0.00267983   -0.0673236     0.114066     0.110562    0.0154367  -0.00576477   -0.0884932
   0.0788168     0.081157    0.0929819    0.0437238    0.0122001     0.135187   -0.0544988     0.096437     0.109643   0.00859666    0.0758911    0.0407313    0.0355885      0.02426    0.0490796    0.0523636     0.135811    0.0597124   -0.0172165    0.0485417     0.130352     0.104195     0.135445   -0.0552604   -0.0438782   -0.0347138     0.126404   -0.0278699 -0.000610803   -0.0151461   -0.0395664    0.0979116    0.0730404    0.0305949     0.120635    -0.037075   -0.0122426      0.16856     0.101179  -0.00917151     0.138872     0.010327   0.00399828    0.0334557   -0.0462529    0.0369006    -0.045897    0.0763033
   0.0456969     0.144715     0.182599     0.138784     0.176476   -0.0069637    0.0303407    0.0472463    0.0347087   -0.0091881    0.0699099    0.0167915  -0.00290884    0.0180326    0.0123005    0.0133755    0.0917575   -0.0315086   -0.0156212  -0.00989761     0.105914     0.132182    0.0426088   -0.0172542   0.00982415    0.0367655     0.156434    0.0955819    0.0339004   -0.0193043   -0.0447975    0.0113035    0.0442894    0.0515713     0.102117   -0.0474715     0.105798     0.104777     0.115034     0.049576    0.0607506  -0.00624099    0.0399125    0.0913055     0.032723     0.106692    0.0516427     -0.01076
    0.115933  -0.00490369  -0.00642671    0.0137366    0.0487987  -0.00436984   -0.0366098    0.0334251  -0.00764146     0.144006    0.0905952   -0.0109462   -0.0103073   -0.0251243    0.0203273    0.0798802    0.0868494   -0.0138668   -0.0846028    0.0826109   -0.0588004     0.056638   -0.0140913   -0.0931016   -0.0482689    0.0691735    0.0798889     0.159068    0.0324658   -0.0820764   -0.0268602     0.147877    0.0813335     0.174139   -0.0112844   -0.0578476   -0.0554247    0.0448868    0.0825842     0.103551    0.0757921   -0.0399086    0.0840543    0.0311145    0.0188574    0.0704293    0.0649655   0.00916994
    0.109871   0.00948624    0.0734757     0.129441     0.067526     0.129082    0.0656382    0.0866868    0.0769089    0.0109379    0.0443166     0.127969    0.0356531     0.104244    0.0898893     0.115899     0.109097   -0.0169212     0.111393   -0.0227673    0.0301911    0.0620761    0.0227285    0.0767413    0.0876348    0.0614334    0.0952989 -0.000312825    0.0199321    0.0698648    0.0424698    0.0788011    0.0369061 -0.000270763    0.0509383  -0.00899995    0.0964339     0.106889     0.109401    0.0715953    0.0605838    0.0230618    0.0264286    0.0954916     0.154733     0.146493    0.0864538    0.0800395
   0.0932013    -0.032547   0.00366579   -0.0191529    0.0326831   -0.0112234    0.0607713    0.0374327    0.0541131   0.00156921    0.0131818    0.0262172    0.0485252    0.0954119    0.0783715    0.0743395    0.0297626   -0.0258887    0.0746037   -0.0253667  -0.00979976    0.0421197   -0.0955718    0.0867089  -0.00130046     0.129123    0.0869019    0.0541593    0.0447258    0.0870862     0.058536    0.0136398    0.0664508     0.035904    0.0663383    0.0157928    0.0544083    -0.100483    0.0760418    0.0259989    -0.117866    0.0423524    0.0558449     0.163333     0.232579     0.173834    0.0730856    0.0208742
    0.029805    0.0511742    0.0663406    0.0404438   0.00765542     0.101337    0.0787128    0.0154568     0.048403    -0.023121    0.0164121    0.0688173    0.0777588    0.0780986    0.0242503     0.040632    0.0603823    0.0607086  -0.00739351     0.102196    0.0650971    0.0880286    0.0192415     0.073822    0.0576924    0.0939619     0.105368   0.00941153   -0.0414588     0.120794   -0.0138569    0.0989731     0.144488    0.0253699   -0.0122961    0.0781461     0.092848    0.0527018     0.173186    0.0677821    0.0452308    0.0844159    0.0347404     0.090382    0.0793067     0.105893    0.0360536    0.0346607
    0.104151    0.0252042    0.0895532     0.116078     0.147412    0.0476101    0.0704708    0.0716045    0.0724762   -0.0046666     0.131316  -0.00947016    0.0353784    0.0485622    0.0812379    0.0505601     0.135263   -0.0908609    0.0841868    0.0569632   0.00636115    0.0684568    0.0126463   -0.0624482  -0.00496061     0.101735    0.0748251    0.0329308      0.12112   -0.0168621  -0.00407648     0.118813    0.0295297    -0.030975    0.0443958   -0.0520597     0.113269    0.0143039     0.104899    -0.013625     0.080669    0.0582589    0.0228294     0.145046     0.146566    0.0927943    0.0460163    0.0363706
    0.145312     0.119607    0.0895739     0.163588      0.10987    0.0682764     0.115341   0.00036891   -0.0249932    0.0457401   0.00649022    0.0822003    0.0244832    0.0410958     0.043219      0.11327    0.0104866   -0.0205813     0.174831   -0.0505444   -0.0046393     0.116756    0.0612564    0.0661317     0.164828    0.0478799   -0.0424969    0.0241764    0.0164397    0.0566206     0.157798    0.0241566     -0.10466  -0.00493026    0.0167636     0.111596     0.167512    0.0119148   0.00950792     0.110176   -0.0433044    0.0949966    0.0390629    0.0736827    0.0339327    0.0899354     0.182369    0.0464883
    0.183992    0.0245902    0.0423387  -0.00358104    0.0917552     0.123296     0.132841    0.0981869    0.0824604 -6.81247e-05      0.11822    0.0485223  -0.00459231    0.0777759    0.0683931    0.0309612     0.164602   -0.0513183    0.0513158     0.083987     0.112071     0.105713    0.0988539    0.0398253    0.0388883     0.113514     0.101509    0.0370098    0.0375286    0.0544428    0.0144813      0.11431    0.0405391    0.0311642     0.104428    0.0533971    0.0408524    0.0870039     0.194862    0.0788909    0.0599908      0.01085   -0.0143531     0.074789    0.0401018   0.00253689   -0.0569806   -0.0104256
    0.119136    0.0521225  -0.00523587    0.0271894    0.0859083    0.0469698     0.156681    0.0618733    0.0520916    0.0884137    0.0277349     0.016949     0.102582    0.0775354    0.0914482    0.0609507    -0.018817    0.0204936     0.157753   -0.0101009    0.0165172   -0.0525715   -0.0634854      0.11607      0.18076     0.121323   0.00831185   0.00982776     0.114562    0.0472035     0.192772    -0.014026   -0.0118169    0.0294033   0.00109915     0.106887    0.0656733    -0.157614    0.0204593    0.0109049   -0.0938441     0.132906    0.0616994     0.154614     0.147302     0.137556     0.168179     0.087583
  -0.0158531    0.0384825     0.145579     0.128535     0.127618    0.0452165    0.0107287    0.0247707    0.0947479   0.00510342  -0.00949848   0.00474166     0.003325   0.00525432    0.0350217     0.082485    0.0736525   -0.0206239   -0.0447998     0.105351     0.105898     0.144084    0.0244839   -0.0182125   -0.0174792     0.112082    0.0945746    0.0641193    0.0130282      0.03663   -0.0323375     0.113429     0.140955     0.032566   -0.0361446  -0.00371531   -0.0201092    0.0852754     0.106342     0.112605   -0.0453257    0.0332156   -0.0567959    0.0884532     0.158469     0.127435   -0.0155964   -0.0201684
    0.087301    0.0639011  -0.00992462   -0.0254433  -0.00436118   -0.0534845     0.108601     0.105986     0.057836     0.022477     0.103502    0.0348635     0.157695    0.0920945    0.0285182    0.0327526    0.0105928    0.0778427    0.0277999     0.130082     0.112915    0.0996085    0.0340489    0.0499573    0.0555438      0.12324     0.116669     0.112545   -0.0199324     0.084881    0.0585096   0.00821111     0.134507   -0.0187215   -0.0470949    0.0505483     0.107798    0.0756897     0.113978    0.0372068   0.00503635    0.0801321    0.0585709    0.0226612     0.071505    0.0100125    0.0559912    0.0740306
  0.00804282    0.0784533  -0.00269278   -0.0229527    0.0798526   -0.0604235     0.137709    0.0933686     0.117626    0.0176149    0.0572989  -0.00474315     0.141198    0.0644129    0.0681681    0.0756765    0.0549391    0.0809715     0.123755    0.0315686    0.0742575    0.0328386   0.00538783    0.0351195    0.0966668    0.0813734    0.0485922    0.0718529     0.012149    0.0488768      0.12729    0.0768971     0.121949    0.0238827    0.0906109    0.0163428     0.107356    0.0474376    0.0659874    0.0911952    0.0855761    0.0808627    0.0229141    0.0454632    0.0798744    0.0794836     0.106421    0.0888469
    0.109766     0.022687   -0.0269085    0.0620015   0.00326306    0.0676174    0.0630037   -0.0153632   -0.0251043    0.0170503    0.0350888    0.0362928    0.0919504   0.00387351   -0.0302227     0.129518    0.0708552    0.0827864     0.109988    0.0733553     -0.04845    0.0914595  -0.00983704   0.00275492    0.0205984    0.0980995 -0.000973293     0.148923   -0.0107535    0.0335135    0.0699811     0.113308   -0.0389706    0.0604119     0.038244    0.0240809     0.129285     0.139141    0.0627871    0.0779553    0.0131082    0.0661462     0.132683   -0.0531718  -0.00300426    -0.011751    0.0857725     0.171503
 0.000803747    0.0570514     0.178211    0.0954608    0.0662455     0.157066  0.000497595    0.0579385     0.116843    0.0358769  -0.00436489      0.13076   -0.0812203    0.0167496     0.112455     0.140807   -0.0408509    0.0452213    0.0616709   -0.0482399    0.0443142    0.0145483    0.0618013    0.0243893   -0.0291221   -0.0641532    0.0961999    0.0169827   0.00787334     0.101419  0.000564834     0.013385    0.0263411      0.02525    0.0886062     0.144098    0.0501928    0.0739336    0.0311244     0.101761  -0.00878661     0.140643    0.0553549    0.0724282    0.0805962     0.124025    0.0962403    0.0948516
 -0.00220262     0.106147     0.197612     0.126124     0.136464    0.0652139    0.0384826     0.122297     0.103409    0.0264983    0.0499633    0.0424611   -0.0269316    0.0714006    0.0366124     0.117395     0.110026  0.000299847    0.0079631   -0.0107582     0.119562     0.101531    0.0625632   -0.0319739   -0.0654238     0.102844     0.170053    0.0552038    0.0352874   -0.0102854     0.023389    0.0169729    0.0843988    0.0937001    0.0123388   -0.0109935   -0.0217175     0.104135     0.138604     0.119253    0.0876461  -0.00984084    0.0294599    0.0438611    0.0487542    0.0151939   -0.0118745     0.053556
  -0.0459728    0.0663429     0.188822     0.167627    0.0560445    0.0815474  -0.00233549     0.127961    0.0732408    0.0449213    0.0314679     0.145648   -0.0791693    0.0982975    0.0391362    0.0242308     0.070599    0.0980337   -0.0128008   -0.0562054     0.118684    0.0641611    0.0509326    0.0716427    0.0278833    0.0298097     0.104552   -0.0113789     0.106641     0.112203    0.0774232  0.000275242   -0.0289471  -0.00317439     0.114178    0.0716316  -0.00139679    0.0768427     0.119801    0.0778272    0.0244901    0.0672777   -0.0337862      0.15781    0.0863728     0.142286    0.0308052   -0.0796504
    0.191295    0.0683168    0.0705677    0.0885925    0.0102604     0.182269    0.0666122   0.00693306    0.0985441    0.0183541    0.0193016    0.0360632    0.0548958     0.110187    0.0180707    0.0219741    0.0761553    0.0649493     0.111876    0.0731503    0.0269089    0.0656729    0.0254752    0.0136143     0.126859     0.042228     0.100282  -0.00258934  -0.00170733     0.117305     0.120614    0.0236596   -0.0113067   -0.0208325    0.0743767    0.0840627    0.0855177     0.114746    0.0385362    0.0315318   -0.0117828    0.0954901    0.0870088     0.160531  -0.00409071    0.0197686    0.0844645    0.0711435
  0.00381811    0.0324586    0.0638407     0.136112     0.107447    0.0209986    0.0619539    0.0747219    0.0680838     0.112742    0.0306291    0.0775564  -0.00874295    0.0514502     0.107158     0.111494    0.0694816    0.0614075   0.00173059    0.0748227    0.0241442    0.0725028    0.0126606   0.00416897    0.0517644    0.0276809  -0.00889904     0.069047    -0.014654    0.0580043    0.0165442    0.0875135     0.129537    0.0987211   0.00555845    0.0162377  -0.00591265    0.0882403      0.12911     0.109235    0.0228287    0.0400825   -0.0422298    0.0933778     0.222772     0.115294    0.0722584    0.0723432
    0.111818    0.0636099   -0.0153396   0.00880277    0.0409992    0.0218595    0.0968379    0.0672508     0.055368    0.0426362    0.0546612  -0.00357508     0.171015    0.0884827    0.0308869    0.0675482   -0.0053919    0.0526818     0.210163    0.0834927     0.124439   -0.0555438      0.12222     0.120247     0.169075    0.0506264    0.0489489    0.0729919    0.0894039    0.0921769     0.192094   -0.0513274  -0.00506162    -0.033282    0.0255788    0.0397379     0.117188    0.0261543  -0.00889363   -0.0115005   0.00192169    0.0490369     0.162394    0.0760266   -0.0449302   -0.0163279    0.0472375     0.102105
  -0.0714602    0.0347901     0.155177     0.139424    0.0879746    0.0499838    -0.012784   -0.0137532    0.0338227    0.0931905    0.0118018      0.13893   0.00694063    0.0159606    0.0837305    0.0163121   0.00163607     0.101716   -0.0331469     0.148053    0.0840674    0.0978175     0.106087    0.0727283    0.0552477    0.0486479    0.0370814     0.133118     0.107528    0.0487487  -0.00389316    0.0518395   0.00260945     0.127658    0.0158031    0.0200524    0.0447325     0.144776    -0.028388    0.0512497     0.130298    0.0381616    0.0780379    0.0316132    0.0640731    0.0561485    0.0733299    0.0487143
   0.0191656    0.0550092     0.104652    0.0845726     0.127043   -0.0251144    0.0581939    0.0495238     0.104486     0.119406    0.0568433     0.022647    0.0737519  -0.00876327     0.100289     0.112985    0.0770402    0.0149864    0.0176788    0.0197708    0.0661335     0.109427   -0.0602444     0.055404    0.0791533     0.122193   -0.0221886     0.106031     0.012294    0.0236609    0.0425075   0.00955996    0.0741342    0.0902784    0.0116704     0.104732  -0.00099335   -0.0622545      0.12373     0.132646    0.0436445     0.101987   -0.0652355     0.112075     0.157529    0.0805177     0.149784   -0.0197062
  -0.177863   -0.102743   -0.145646   -0.110641   -0.179927   -0.121331   -0.140081   -0.162822   -0.126782   -0.144513   -0.152854   -0.150232   -0.148144   -0.108169  -0.0819668  -0.0824842  -0.0929937  -0.0985786   -0.135734   -0.132698   -0.127424    -0.13257   -0.185838  -0.0821571   -0.080119    -0.10964   -0.119646   -0.152801   -0.190349  -0.0714973   -0.127996   -0.114047   -0.164318   -0.170521   -0.099672   -0.136641   -0.064333  -0.0912644   -0.117188   -0.127102    -0.10538   -0.110234
 -0.0822969    -0.20385  -0.0064006   -0.083153   -0.118051   -0.229637  -0.0689488    -0.31229   -0.225509  -0.0536141   -0.153705    0.142058   -0.165602  -0.0233861   -0.221926  -0.0489253   -0.144919 -0.00402613   -0.291711  0.00437803  0.00281827  -0.0711352   -0.113769  -0.0809421   0.0324718   -0.036894  -0.0937449   -0.337096   -0.053679   -0.146994   0.0477616  -0.0560059  -0.0964347   -0.331837  -0.0187928  0.00425207   0.0303406   -0.205608  -0.0486322   -0.223779   -0.173309  -0.0660933
 -0.0106281   -0.238902   -0.175906     -0.1812   -0.275211   -0.232281  -0.0142136   -0.158404  -0.0638163   -0.167895   -0.123414   -0.027528   -0.118164    0.101189  -0.0562947   -0.127755   -0.120633   -0.180186   0.0173251  -0.0213568  -0.0328429 -0.00808217  -0.0494218  -0.0816197   -0.211711  -0.0612671  -0.0476779    -0.14861  -0.0382732   -0.323615  -0.0915515   -0.067183  -0.0840308  -0.0164338   -0.145768  -0.0302678  -0.0944306   -0.155865   -0.120809   -0.259013   -0.102181     -0.1326
-0.00421648    -0.10003   -0.125302   -0.182654  -0.0979513   -0.139492   -0.117139   -0.163908  -0.0906166   -0.193475    -0.15536  -0.0499519   -0.150383  -0.0353145   -0.119829   -0.118239   -0.120793   -0.140554  -0.0655576  -0.0387403   -0.097603   -0.160028  -0.0718852  -0.0972534   -0.190368   -0.126069   -0.179737  -0.0799235  -0.0436512   -0.220924    -0.10511   -0.133044   -0.186241    -0.13566  -0.0219113  -0.0666443  -0.0569996  -0.0649755   -0.119872   -0.118372   -0.177982     -0.1342
  -0.019693    -0.12172   -0.117303   -0.171129  -0.0168762  -0.0115511 -0.00732829   -0.131968  -0.0469801  -0.0804333  -0.0242997   -0.144636   -0.103054   0.0477233  -0.0258594   -0.242666  -0.0221089   -0.178807  -0.0668739   -0.142719   -0.091839   -0.205604   0.0273227    -0.19699   -0.148734   -0.164927   -0.137487   -0.174272   -0.131485  -0.0832493   -0.130706     -0.1895  -0.0920438   -0.180573   -0.174379   -0.193594   -0.175789   -0.201436  -0.0757506   -0.180573  -0.0605064  -0.0507757
  -0.144814   -0.101821   -0.146929  -0.0920429   -0.121458   -0.149949   -0.132233   -0.101676   -0.168699   -0.103361   -0.129507   -0.176396   -0.107967   -0.146637   -0.075273   -0.117102   -0.134962    -0.12751   -0.192863   -0.103182    -0.11108   -0.072757   -0.109569   -0.183837  -0.0917097   -0.119398  -0.0655007   -0.103898   -0.152582   -0.101148   -0.128875   -0.155452   -0.153969   -0.117288  -0.0854192   -0.117609   -0.140724  -0.0823983   -0.178902   -0.123865  -0.0991133   -0.102783
 -0.0988288   -0.121316   -0.130835  -0.0910535   -0.126916   -0.111842  -0.0822258   -0.106253   -0.174318   -0.102421   -0.129721   -0.185225   -0.158457   -0.219738   -0.115277   -0.151405   -0.126904   -0.102999   -0.234261   -0.150361   -0.161842    -0.13844    -0.10261    -0.13371  -0.0298949   -0.126713  -0.0738948   -0.134839   -0.159152  -0.0207254  -0.0843269   -0.120263   -0.112605   -0.144545  -0.0937675   -0.153147  -0.0384865  -0.0483502   -0.161425  -0.0744779    -0.13195  -0.0584432
  0.0076649   -0.233736  -0.0764644  -0.0308878   -0.156406   -0.220035   -0.124555   -0.223905  -0.0423173   -0.276767   -0.235101   -0.119288   -0.211462   0.0622853  -0.0884248   -0.128113  -0.0982516  -0.0657247  -0.0658009   0.0274629   0.0699897 -0.00204823  -0.0169196  -0.0972081   -0.149193   -0.121493  -0.0413619   -0.106809  -0.0800229   -0.244843  -0.0117137   -0.200334   -0.244453  -0.0966504  -0.0593136  0.00824079  -0.0216086  0.00191948   -0.146528   -0.239836   -0.128439   -0.191279
  -0.134434   -0.110736   -0.109044  -0.0869277     -0.1804   -0.153649  -0.0888306   -0.133294  -0.0996472   -0.089839   -0.168938  -0.0628919  -0.0924493   -0.102311  -0.0725816  -0.0704413   -0.152833   -0.128127    -0.12134  -0.0901385  -0.0914786   -0.128546   -0.103563   -0.169119   -0.242984   -0.129151   -0.197772    -0.16063    -0.13926   -0.221703   -0.104021  -0.0851979  -0.0813707  -0.0946153   -0.172718  -0.0582504  -0.0408567   -0.158077   -0.125475   -0.167148  -0.0604196  -0.0637183
  -0.177271   -0.122838  -0.0630003  -0.0579374   -0.197193   -0.144542   -0.127284  -0.0377737   -0.157288   -0.223817   -0.200584   -0.118649   -0.152076   -0.135888    -0.07144  -0.0741743   -0.154868   -0.106498   -0.177316   0.0314101  -0.0675752   -0.137835   -0.172914   -0.105378  -0.0915073  -0.0860349   -0.152405   -0.176208   -0.110797   -0.133398  -0.0846028  -0.0889996   -0.121872   -0.166109   -0.114191   -0.142042  -0.0169449    -0.17743  -0.0957736  -0.0953059  -0.0650983  -0.0816795
  -0.123852   -0.114076   -0.143476   -0.164234   -0.101161   -0.107648   -0.046861   -0.103671   -0.072184   -0.118503   -0.115156   -0.130619  -0.0745844   -0.100324  -0.0800377   -0.152676   -0.105764   -0.178542   -0.136061    -0.14959   -0.103822   -0.152168   -0.162303   -0.171363  -0.0750701  -0.0674609   -0.192608   -0.151606   -0.179391   -0.104865   -0.151618   -0.157987  -0.0790964  -0.0625417  -0.0411647   -0.161123   -0.171581   -0.114841   -0.107106  -0.0998504   -0.148697   -0.122013
  -0.124509  -0.0716464   -0.136361   -0.138317    -0.12276   -0.127455   -0.182577   -0.103695   -0.148608   -0.139196    -0.17493   -0.146538    -0.13927   -0.166592   -0.160238   -0.127298   -0.124173  -0.0996129   -0.139586   -0.138117   -0.124263  -0.0866318    -0.19217   -0.161454  -0.0811661   -0.104478   -0.154259   -0.136922   -0.170227   -0.152246   -0.131852  -0.0779808  -0.0846447   -0.120735  -0.0865138  -0.0959172   -0.065464   -0.102078   -0.125686  -0.0856379   -0.117261  -0.0877523
  -0.243171   -0.120199   -0.142252  -0.0554196   -0.107258   -0.102749   -0.136652   -0.172748   -0.225147  -0.0788144   -0.102767   -0.129325   -0.031497   -0.249696   -0.129936  -0.0389353   -0.104264  -0.0709572   -0.174288  -0.0692494    -0.19845  -0.0557949   -0.106874   -0.121081  -0.0734879   -0.164376  -0.0421757  0.00164628   -0.200494  -0.0137578  -0.0594313   -0.143422  -0.0376609   -0.137515   -0.166636    -0.16113   -0.129096   -0.134222  -0.0485957   -0.105596   -0.164768   -0.068332
  -0.224974  -0.0408286  -0.0843093   -0.114207    -0.13807   -0.104446   -0.157205   -0.104398   -0.145681    -0.12754   -0.159859  -0.0892138   -0.147394   -0.166168   -0.110648  -0.0834881    -0.10614   -0.141416   -0.178421   -0.073975   -0.185941   -0.107005   -0.120112   -0.157558  -0.0864417   -0.128135   -0.127908  -0.0401441    -0.18663  -0.0782717   -0.136014   -0.145425   -0.126892   -0.132373  -0.0654799   -0.174753   -0.120241  -0.0806918    -0.12944  -0.0601435   -0.109213  -0.0915082
  -0.153492   -0.113348   -0.158671  -0.0793652  -0.0966829    -0.14655   -0.108619   -0.104977   -0.151793   -0.107983   -0.101332     -0.1101  -0.0767906   -0.135729    -0.19608  -0.0863706    -0.15595   -0.107785   -0.133664   -0.128189   -0.125958     -0.1178   -0.169472   -0.143552   -0.113792   -0.162211  -0.0775174   -0.140439   -0.100961   -0.109444   -0.131349   -0.182582   -0.156928    -0.17248  -0.0904887   -0.094325    -0.18688   -0.128245  -0.0894437  -0.0947371  -0.0957351   -0.108505
  -0.120009    -0.14699   -0.165657  -0.0574582   -0.101955   -0.124277    -0.10555  -0.0595461  -0.0654157  -0.0956778  -0.0993202    -0.20164   -0.062113   -0.148941   -0.131098  -0.0911336   -0.171122   -0.162019   -0.144197  -0.0859764  -0.0614001  -0.0759853   -0.104557   -0.135114   -0.216691   -0.134421   -0.123119  -0.0330911   -0.126631     -0.1317  -0.0620547   -0.115149   -0.167066  -0.0622215   -0.175378   -0.137076   -0.168996  -0.0712106   -0.175311 1.61168e-06   -0.121782   -0.193134
   -0.17689   -0.124345   -0.193266   -0.128352   -0.146441   -0.184543   -0.116686  -0.0575478   -0.161577  -0.0631645   -0.156087   -0.125911   -0.134588   -0.219497    -0.12802   -0.103576   -0.106197   -0.127594   -0.132676  -0.0699124   -0.116823   -0.139704   -0.177306   -0.158282   -0.110701   -0.122511  -0.0866312  -0.0758451  -0.0890796   -0.105241  -0.0586084  -0.0740537   -0.132986   -0.153557  -0.0623507  -0.0856321   -0.101809   -0.120191   -0.148331   -0.141028  -0.0781362   -0.111837
  -0.137625  -0.0745255  -0.0930895   -0.123904   -0.130625   -0.132791   -0.195987  -0.0006941  -0.0392311  -0.0479173   -0.136027   -0.183646  -0.0521946   -0.144483  -0.0471102  -0.0943726    -0.13894  -0.0881164  -0.0857517   -0.184351   -0.126766   -0.224441   -0.187877   -0.101696   -0.140361  -0.0491745    -0.22769   -0.111556   -0.100299   -0.102091   -0.178582  -0.0415125   -0.159008  -0.0497388  -0.0655639    -0.20899   -0.121691  -0.0456181   -0.184699  -0.0531891  -0.0883955   -0.192427
 -0.0302211   -0.153847  -0.0478447   -0.106153   -0.182697   -0.219359  -0.0276971   -0.104417  -0.0891889   -0.259844   -0.124907  -0.0965755  -0.0985141  -0.0989268   -0.118127   -0.147389  -0.0361064  -0.0106314   -0.125675  -0.0454548   -0.212513  -0.0892302   0.0948856   -0.114948  -0.0611944   -0.174904    -0.17925  -0.0600459   -0.265252   -0.160151 -0.00868701   -0.217096   -0.188284  -0.0507252 -0.00555278  -0.0353291    -0.09865    -0.26125   0.0108312   -0.302422  -0.0491892   0.0568928
  0.0771502  -0.0668956   -0.235366  -0.0887801  -0.0456463   -0.156664   0.0174569   -0.178409  -0.0804938   -0.292593   -0.155653   -0.143247   -0.120013   0.0833926   -0.199191   -0.224108  -0.0279925   -0.113326  -0.0542329     -0.1071   0.0137555  -0.0282238   -0.105614  -0.0182685   -0.141319   -0.158149 0.000595447   -0.200493  -0.0781651    -0.25072   -0.100581   -0.262457   -0.194115   -0.127574  -0.0075293  -0.0837891   0.0292525   -0.162238  -0.0535947   -0.233039   0.0275695   -0.187295
  -0.085497   -0.044722  -0.0761708   -0.140458  -0.0895728   -0.141184   -0.160189   -0.109131   -0.108022  -0.0408701  -0.0928832   -0.123118  -0.0954655   -0.215369   -0.160696   -0.192786   -0.174185   -0.167709  -0.0133734   -0.249448  -0.0795879   -0.196916   -0.180593  -0.0956703  -0.0570739   -0.126291  -0.0791992  -0.0296651  -0.0543502  -0.0373491   -0.217463  -0.0888156  -0.0912895   -0.011708  -0.0434411   -0.130563    -0.17659   -0.077426   -0.159494  0.00185024   -0.178817   -0.191628
   -0.22607   -0.115214   -0.099977   -0.137558  -0.0453573  -0.0733617    -0.14726   -0.170146   -0.253219   0.0899757  -0.0854415  -0.0611863   -0.090232   -0.291171   -0.233875  0.00386119  -0.0768804   -0.171943  -0.0169592   -0.287388   -0.176388   -0.177908   -0.018962  -0.0122202   0.0683039   -0.122785  -0.0459195  -0.0310577   -0.188964   0.0668398   -0.194642  -0.0865404  -0.0410709   0.0202939   -0.162168   -0.218099   -0.242026  -0.0513591   -0.142645   0.0116081   -0.215229   -0.128318
 -0.0305771   -0.154021   -0.154282   -0.176319  -0.0167957   -0.095296  -0.0281148   -0.140188  -0.0205401   -0.126244   -0.116652   -0.109281    -0.10051   -0.178784   -0.105359   -0.157869  -0.0713459   -0.112929  -0.0827371   -0.163173  -0.0961821   -0.120109  -0.0743518    -0.15685   -0.170282    -0.23114  -0.0807015   -0.122389   -0.109491   -0.104597   -0.233154  -0.0968093  -0.0800345  -0.0732228    -0.18229   -0.125686   -0.113794   -0.145088   -0.186309  0.00604386   -0.156902   -0.116764
 -0.0178459   -0.156871   -0.224202   -0.131571  -0.0549045  -0.0264976   -0.038047   -0.072493  -0.0903065  -0.0613456  -0.0706168   -0.158637   -0.066472   -0.186935    -0.16014   -0.189643    -0.14665   -0.144284  -0.0550492   -0.179939    -0.10676  -0.0541823   -0.147054     -0.1222   -0.144181   -0.164635  -0.0864309  -0.0754946  -0.0604807   -0.112133   -0.191717  -0.0698885  -0.0540582   -0.128881   -0.203708   -0.135997   -0.140829  -0.0898624   -0.218023  0.00655657   -0.160698    -0.18068
   -0.26977  -0.0166764   -0.082395  -0.0743427   -0.121671  -0.0846526    -0.17469  -0.0737771   -0.221001   -0.071786   -0.165154   -0.105904   -0.128342    -0.19422   -0.133617  -0.0756398  -0.0931341  -0.0970834   -0.203723   -0.059079   -0.218732   -0.138165   -0.212627   -0.149853  -0.0409229  -0.0647923   -0.122139  -0.0593562   -0.186057   -0.104226   -0.153654  -0.0884329  -0.0923639  -0.0974231   -0.118659   -0.185698  -0.0399228    -0.14959  -0.0884246  -0.0702769  -0.0748186  -0.0606481
 -0.0968705   -0.130604   -0.135016  -0.0549278  -0.0477489  -0.0927327   -0.144942   -0.156681   -0.144462   -0.153317    -0.16171   -0.185333   -0.142532   -0.174425   -0.101975  -0.0293844   -0.166758   -0.121428  -0.0211328    -0.12079    -0.20765  -0.0686348  -0.0900845   -0.154233  -0.0898716   -0.185837   -0.164978  -0.0982537   -0.105881  -0.0315483   -0.169751   -0.102949   -0.125509  -0.0724454   -0.177497  -0.0614173   -0.114998    -0.11802   -0.210035  -0.0161843  -0.0514676    -0.17613
  -0.126674   -0.113114  -0.0418756   -0.131797    -0.18321   -0.102151   -0.113837   -0.168578   -0.185815   -0.141104   -0.150568   -0.114783  -0.0968306  -0.0918539   -0.120541  -0.0958485   -0.161803   -0.178469  -0.0775179   -0.103139  -0.0872799  -0.0885464   -0.154768   -0.124252   -0.130233   -0.115398   -0.166452  -0.0718774   -0.139399   -0.117768   -0.133941   -0.121497  -0.0752921   -0.116906   -0.157031  -0.0865843   -0.104379   -0.136902   -0.125636  -0.0898939   -0.116666   -0.149509
  -0.143478  -0.0979184  -0.0809138  -0.0974905   -0.104328  -0.0640527  -0.0613456   -0.142812  -0.0860331   -0.115066   -0.135096   -0.172426   -0.170995   -0.141823   -0.151047  -0.0760588   -0.171782   -0.179636  -0.0400063  -0.0881496   -0.173173   -0.115603   -0.149566   -0.148161   -0.107905   -0.140211   -0.130045   -0.106465   -0.161561  -0.0586067   -0.161616  -0.0816105   -0.109265   -0.134934   -0.135583   -0.119954   -0.119573   -0.181838   -0.173625    -0.12662  -0.0730463   -0.135637
  -0.226016   -0.104904   -0.114041  -0.0584027   -0.216073   -0.138935   -0.152789  -0.0908449   -0.172267   -0.158928    -0.16441   -0.163887  -0.0556391   -0.107177  -0.0828434  -0.0428739   -0.134964  -0.0366044   -0.179053   -0.106922   -0.100577  -0.0500253   -0.177526   -0.182457  -0.0878688  -0.0760189  -0.0707998  -0.0783115    -0.16396   -0.154436   -0.056078  -0.0516996   -0.153755   -0.179425    -0.11581   -0.148872   -0.118037   -0.109525   -0.101378   -0.164293   -0.061925   -0.126404
   -0.29667  -0.0145178  -0.0982578  -0.0592257  -0.0957829  -0.0933187   -0.216521  -0.0590153    -0.14555  -0.0180053   -0.141121  -0.0783422   -0.106186   -0.186643     -0.1184  -0.0739634   -0.124598   -0.118266   -0.223324   -0.159921   -0.163187   -0.256863   -0.187259  -0.0532382  -0.0629803  -0.0394038   -0.203471  -0.0537304   -0.150168  0.00670369   -0.154958  -0.0701237  -0.0726185  -0.0545934  -0.0559621   -0.257526  -0.0777887  -0.0680101   -0.079427   -0.121521   -0.134414  -0.0670622
  -0.212368  -0.0310928   -0.146101  -0.0743898   -0.132667   -0.155407   -0.163062   -0.127669   -0.142796 -0.00842252   -0.188615  -0.0912946   -0.101488   -0.158936   -0.125488   -0.114529  -0.0642112   -0.100519  -0.0847246   -0.175705   -0.186994    -0.20632   -0.127645   -0.100223  -0.0153565  -0.0967341   -0.175464   -0.128605   -0.154331 -0.00516876   -0.147834  -0.0676993    -0.11503  -0.0364681  -0.0917376   -0.225966   -0.106126  -0.0353916  -0.0843841   -0.125932   -0.144672   -0.102353
 -0.0327469   -0.253676   -0.143746    -0.17026  -0.0957681    -0.07252   -0.200749  -0.0395743  -0.0881715   -0.191136  -0.0913272  -0.0841438   -0.248177   0.0504467  -0.0764661   -0.110497   -0.187259  -0.0305624   0.0287126   -0.120296   -0.091797   -0.141139   0.0632756   -0.183764  -0.0116852  -0.0670097  -0.0342331   -0.231041  0.00504096   -0.185768  -0.0370809  -0.0644691  -0.0890877  -0.0101626   -0.286232   -0.148519   -0.243088   -0.177579  -0.0469518   -0.187677   -0.120071  -0.0624224
 -0.0630946     -0.1648   -0.100621    -0.17175  -0.0667432   -0.145284   -0.118295   -0.177959   -0.128868  -0.0724449   -0.132458  -0.0446466  -0.0935841   -0.117168   -0.147402   -0.163813    -0.17819   -0.214609   -0.059703   -0.111765  -0.0512226  -0.0610896  -0.0768524   -0.106817  -0.0693342  -0.0888535  -0.0325013   -0.157267   -0.111565   -0.135254   -0.125914   -0.102579   -0.114197   -0.166395   -0.169477     -0.1175  -0.0864822   -0.105146   -0.167097  -0.0758247   -0.225838   -0.133315
   0.157086   -0.156496    0.130589   -0.232213   0.0360661   0.0287969   0.0439308  -0.0620695   0.0156832 -0.00184882  -0.0931663  -0.0178218   -0.137719   0.0948648  -0.0515556   -0.142199  -0.0930241   -0.128643    0.111578   -0.212594   0.0222378   -0.161044   0.0526812   -0.244122   -0.237522    -0.12322   -0.239256   -0.364794   -0.229763   -0.360175   -0.136762  -0.0224498    -0.11418  0.00309149   -0.175023   -0.100217   -0.280153   -0.176836   -0.143582  -0.0907386   0.0146974   -0.250791
 -0.0435012   -0.157883  -0.0847913   -0.233726  0.00492234   -0.087894   -0.258995  -0.0800516  -0.0898242   -0.223304   -0.138934  -0.0639776   -0.174166   0.0624183  -0.0457419  -0.0757979    -0.14922   -0.095997  -0.0306603  -0.0865386   -0.173955  -0.0969527 -0.00619573   -0.158832  -0.0279163  -0.0849765  -0.0471203   -0.220426 -0.00719391   -0.106591  -0.0162386   0.0276915    -0.12047   -0.104103   -0.277917   -0.111368   -0.241167   -0.181849  -0.0844041   -0.194002   -0.228472  -0.0236601
 -0.0849103   -0.146525   -0.179251    -0.12458   -0.198598    -0.17512  -0.0669343   -0.141711  -0.0967859   -0.140949   -0.147915   -0.144253   -0.138637  -0.0875066   -0.135563   -0.162566   -0.167821   -0.086001  -0.0713021   -0.112149  -0.0444783   -0.097064  -0.0281117  -0.0734574  -0.0486511   -0.123459  -0.0911081  -0.0713395  -0.0852999   -0.147921  -0.0551638   -0.181081   -0.199296   -0.061632  -0.0981341   -0.106912   -0.150315   -0.125043  -0.0974328   -0.198008   -0.131048   -0.149324
