no weights
   0.0807807   -0.0151802    0.0641756    0.0388474      0.12097    0.0667187   -0.0353147    0.0955646    0.0258703    0.0918246    0.0809788   0.00594148   -0.0143682    0.0633385      0.07345    0.0521036    0.0954905    0.0540142   -0.0434089    0.0659022   0.00596467    0.0554948     0.124939   -0.0559044    -0.016077    0.0845393     0.110466     0.135646    0.0894961   -0.0348924    0.0298365     0.104511    0.0968148    0.0671496    0.0385508   -0.0162061   0.00753212     0.168652    0.0726081    0.0804077         0.14   -0.0352298    0.0961104   -0.0620403 -0.000152715    0.0454212    -0.034758    0.0483282
   0.0321673    0.0787586    0.0606847    0.0462863     0.109321    0.0923657    0.0768994    0.0824331    0.0358625     0.049009    0.0680151    0.0857728    0.0618648     0.010515    0.0233476    0.0712849  -0.00766911     0.121634     0.101706    0.0837667    0.0511227   0.00547753      0.12068    0.0940028    0.0503234    0.0756048     0.013957    0.0712425    0.0233599     0.138826     0.113966   -0.0130024    0.0265047    0.0108529    0.0398106    0.0870399    0.0616478    0.0479553    0.0340974     0.081823    0.0881907     0.119358    0.0570302    0.0661996    0.0899419     0.116501     0.131485    0.0905817
   0.0582624    0.0310924    0.0736488    0.0405605    0.0677598  0.000294492    0.0055112    0.0970002    0.0495368     0.107259    0.0315719    0.0283319     0.108788    0.0594617     0.120585     0.104706    -0.019351      0.13282    0.0291625      0.12465    0.0140268    0.0177004    0.0248722    0.0784469    0.0332236    0.0920072     0.137978    0.0701243   -0.0308569    0.0637271    0.0500794     0.039227     0.104821     0.149832  -0.00833969  -0.00153557   0.00728439     0.122529    0.0649089    0.0703531    0.0973853     0.077645    0.0446811     0.118613    0.0502309    0.0564123    0.0133939    0.0911406
   0.0741496    0.0739362     0.154947    0.0818284     0.130927    0.0904035    0.0504529    0.0758274    0.0741742   0.00796332     0.021264     0.142256     0.023931   0.00988184    0.0297571    0.0831745    0.0409351    0.0857755    0.0697579    0.0668656     0.112823     0.056374    0.0280248    0.0874892    0.0578598    0.0202711    0.0666056    0.0815008    0.0605665    0.0103377    0.0397031    0.0284437   -0.0011427    0.0382005     0.010547    0.0596366    0.0756009    0.0470868   0.00735267    0.0727693    0.0422798     0.087037    0.0557036      0.13782     0.055316     0.123865     0.109346    0.0330412
    0.131065     0.024047    0.0139699   0.00957072     0.128397    0.0493547    0.0439715    0.0759412    0.0777344     0.100212    0.0689874   -0.0105479    0.0958425    0.0689303    0.0954913    0.0574596    0.0833351    0.0168856      0.10028     0.122837    0.0232723    -0.040194    0.0838532    0.0281765    0.0691947    0.0961958    0.0337603     0.120122     0.092779    0.0433942     0.104784   0.00274074     0.145912    0.0360504     0.089139    0.0293547   -0.0153129     0.104174    0.0260022   0.00174922    0.0533051    0.0015578    0.0982771    0.0212796     0.053058    0.0663261    0.0577565     0.110626
   0.0845197    0.0806063    0.0225316    0.0478475     0.120484    0.0135455    0.0615264   0.00406355    0.0847709    0.0464566    0.0863672    0.0642111     0.160074    0.0102685    0.0927319   0.00284655    0.0885121    0.0885779    0.0345656     0.130273   0.00316617  -0.00777421    0.0827796    0.0732479    0.0691077    0.0826795    0.0490164     0.127355    0.0308209   0.00463337     0.137502    0.0112976     0.123642    0.0879479    0.0972188    0.0926933    0.0509182    0.0531396    0.0874137   0.00150832     0.105383    0.0774048     0.127189    0.0156352    0.0475059    0.0310349     0.129559    0.0449595
  -0.0140566    0.0899898     0.139099     0.065185      0.03851    0.0371089   0.00116203    0.0528535    0.0900138    0.0936189     0.047713   0.00132732    0.0151642    0.0128877    0.0812441    0.0201765    0.0343764    0.0032909    0.0590573    0.0258445     0.102629    0.0208218    0.0869869    0.0623319 -0.000535411    0.0241943     0.139451     0.071018      0.12173    0.0120668   0.00803095    0.0971795    0.0616746     0.143528     0.138532    0.0243096    0.0543459     0.110218   0.00514843    0.0722311     0.181753    0.0265754     0.106069  -0.00489957    0.0388882    0.0848457     0.106957    0.0735418
   0.0693739    0.0924309   0.00552874    0.0691336     0.101155    0.0702789     0.103346    0.0564992    0.0138812    0.0206022    0.0716168     0.029566     0.148251      0.10089   -0.0163777    0.0653237    0.0638699     0.103522    0.0434541     0.127336    0.0503304     0.153503     0.131412    0.0981278    0.0352503    0.0452043   0.00486264    0.0899782    0.0652435    0.0966762    0.0574342    0.0417253    0.0566364     0.106594    0.0656283    0.0603877    0.0618344    0.0129735    0.0615406    0.0998278    0.0129171     0.134293    0.0739781  -0.00738503      0.10101    0.0519262    0.0570058    0.0781126
   0.0843126    0.0123269    0.0566358    0.0972801     0.103155     0.118573      0.07845    0.0829114    0.0110278     0.108284    0.0598752      0.02509    0.0238632    0.0550274    0.0569905    0.0542286     0.140502    0.0462209   -0.0114715    0.0977824    0.0752901     0.109452     0.117306    0.0442611    0.0210513    0.0852384    0.0658691     0.133684    0.0600018    0.0317197    0.0744788     0.130457     0.124001    0.0781503    0.0466763    0.0789707    0.0707303     0.116958    0.0233682     0.054989     0.145501    0.0714519    0.0640304    0.0207074   -0.0041787   -0.0164295    0.0103632    0.0848839
   0.0291995     0.055193    0.0405829  -0.00890219   -0.0394286    0.0181205    0.0743232    0.0963592    0.0724036    0.0682786    0.0752302   -0.0177797     0.141117     0.034393    0.0801725    0.0734263   -0.0150482    0.0300348     0.119821    0.0940432    0.0393163   -0.0155966     0.079694    0.0585831     0.156335  -0.00520435    0.0582402    0.0319979    0.0124623    0.0522423     0.136649    0.0608721     0.136087    0.0271337   -0.0101134    0.0822753     0.102533    0.0902213    0.0598499   -0.0170595    0.0359426    0.0918877     0.126882     0.123038    0.0519644    0.0816169     0.126655     0.152442
   0.0358872    0.0587167    0.0296664    0.0820464     0.119944    0.0558377    0.0708925    0.0102566    0.0464365    0.0998678    0.0981373  -0.00525457    0.0506445    0.0391454     0.108497    0.0853662     0.093658    0.0573389     0.113738    0.0963178    0.0935433    0.0933649    0.0958302    0.0138292     0.110735    0.0388593     0.115706     0.076771    0.0599091   0.00885229     0.132014    0.0734134    0.0920981     0.142033    0.0810344    0.0376334     0.124303    0.0256024     0.122442    0.0747387    0.0834144    0.0447972     0.128663    0.0351304    0.0996898      0.11287    0.0498651    0.0805091
    0.048787   0.00197893    0.0953972    0.0137126    0.0275625   0.00127183    0.0600754    0.0640147     0.116437    0.0229572    0.0920733   0.00419834    0.0261159  -0.00139398    0.0927463    0.0590466    0.0625415    0.0809611    0.0216121     0.035982    0.0639491    0.0580527    0.0101114    0.0168724    0.0415225   0.00406984     0.139026    0.0334249   -0.0294326     0.092582    0.0601223    0.0293395     0.158152      0.10243    0.0438982   -0.0175089  -0.00485384    0.0990401     0.165638     0.109868    0.0939665    0.0418324    0.0356361     0.125066    0.0611426      0.14181    0.0224473    0.0274842
   0.0299654     0.100993    0.0692994     0.106813     0.054226    0.0139343     0.047082    0.0721312    0.0147927    0.0575973    0.0371022    0.0554081     0.120729    0.0748685    0.0588681     0.094954    0.0285766   0.00150413    0.0667549    0.0795706    0.0923554    0.0855777    0.0550704    0.0569282     0.114562  -0.00689887    0.0281916   0.00340741    0.0863788    0.0697206    0.0767582    0.0308095     0.113084    0.0580023     0.073377    0.0779101     0.116085    0.0691416    0.0352572    0.0452673     0.110741    0.0822034    0.0874952    0.0175376     0.113392    0.0946468     0.111663    0.0816303
  0.00157555    0.0286952    0.0850445    0.0481509    0.0215254     0.102777    0.0298598    0.0441901    0.0806337     0.031907     0.132014    0.0555397    0.0155428   -0.0198729    0.0918744     0.016894     0.194237    0.0164025   -0.0875741     0.149617  -0.00101004     0.105016    0.0309121    0.0692904  -0.00666904    0.0801663     0.137017    0.0520646  -0.00511501   -0.0239252  -0.00211146     0.140001     0.114626     0.110049     0.076856    0.0149741   -0.0626988     0.158364    0.0917957     0.101602     0.140557  -0.00159074     -0.02669   -0.0352026     0.076001    0.0260934   -0.0473918    0.0719758
   0.0897937     0.112503    0.0391588      0.10541     0.058248    0.0313013    0.0746111    0.0623466   0.00829604     0.082961     0.060924    0.0717546     0.101023     0.043066    0.0306989    0.0790762     0.123673    0.0793593    0.0748822     0.124836     0.078113     0.122926    0.0522562     0.102947    0.0021853    0.0397376      0.10229    0.0475665    0.0852992    0.0204517      0.04551    0.0976381     0.108306       0.1347    0.0244299     0.129281    0.0245884    0.0809618    0.0595532     0.108142    0.0520865      0.10133    0.0118995     0.037032    0.0690692   -0.0187842    0.0731742    0.0266126
     0.10774     0.130692     0.123849     0.104929    0.0184279   -0.0245389     0.123304    0.0225797    0.0648295    0.0601938    0.0345066    0.0939529    0.0660133  -0.00605281    0.0180947    0.0388171   -0.0113012    0.0685044     0.102048     0.103198    0.0969136    0.0741259    0.0478225    0.0648861    0.0463589    0.0864714    0.0737814    0.0578365    0.0473766    0.0543772     0.100948    0.0142438     0.108689   0.00535156   -0.0267646    0.0301769    0.0325981    0.0720236     0.111643    0.0539657   -0.0157119    0.0538624    0.0729846    0.0865392     0.146615    0.0930428    0.0742311    0.0776169
   0.0214143   0.00934754    0.0623698      0.13312    0.0771576    0.0590462     0.023973    0.0270081    0.0404327     0.137992     0.081765    0.0970737    0.0275515    0.0797828    0.0393434    0.0275671    0.0933516    0.0448484    0.0994875     0.091369    0.0794272    0.0706171    0.0530292    0.0663391    0.0766002    0.0387448    0.0781897     0.107264    0.0451701     0.063797    0.0469484     0.057908    0.0637606    0.0691626    0.0411561     0.095478    0.0432243    0.0755398    0.0645236    0.0821138     0.137039    0.0514756    0.0323697    0.0998611     0.110521    0.0893489     0.123247    0.0972822
   0.0547506    0.0841075     0.103978    0.0297082     0.126955    0.0848381    0.0760714     0.101088    0.0818424     0.115578    0.0169799     0.049289     0.108684    0.0473214    0.0337025    0.0666583    0.0494105    0.0224485   -0.0105001     0.086752     0.120712    0.0831285    0.0594206     0.064599    0.0103601    0.0575439    0.0711694    0.0866675    0.0395939    0.0541937   -0.0159301    0.0850671    0.0533012    0.0418119  -0.00903405    0.0867915   -0.0115021    0.0855862    0.0755711    0.0683025     0.019413    0.0496534    0.0448205    0.0884579     0.172369     0.149708    0.0467791    0.0416276
    0.123379    0.0392058    0.0483487    0.0391575   -0.0031142   0.00332157      0.09204   -0.0287491   -0.0434846    0.0100267     0.151108    0.0469918     0.117298    0.0138411    0.0120527    0.0979784     0.114185   0.00551007    0.0243649    0.0511553   -0.0539053    0.0489432      0.06059    0.0265032   0.00731911    0.0998628    0.0998697    0.0677725    0.0782251    0.0130277    0.0409547    0.0708304    0.0391446      0.14131    0.0149412    0.0130429 -0.000171106     0.103499    0.0480576    0.0757676     0.108582   -0.0433295      0.15197   -0.0536561    0.0381453   -0.0118831    0.0247797     0.138323
   0.0229045     0.164096     0.181029     0.121907     0.112284    0.0263093    0.0246831    0.0619004     0.088449    0.0603808    0.0326621    0.0365918    0.0117664    0.0410454    0.0656824    0.0832953    0.0543338    0.0854381    0.0113776    0.0351358    0.0885836     0.133294    0.0584243     0.103256    0.0359101    0.0969274    0.0868408     0.037297    0.0269547    0.0837837  -0.00752224     0.104661    0.0652086   0.00998798    0.0903301  -0.00383714   -0.0187332     0.039584     0.106648     0.110014    0.0916985   0.00975045   -0.0175168     0.112034      0.11923    0.0263806    0.0213024   -0.0380941
   0.0931049    0.0846895    0.0948366    0.0544795    0.0316562     0.124063   -0.0187848    0.0907917     0.104176    0.0222648    0.0732626    0.0498575    0.0649672     0.023777    0.0445452    0.0588951     0.125212    0.0761138    0.0211768    0.0417246     0.118766    0.0993075     0.115597   -0.0296948   -0.0020837   -0.0209177     0.102066   -0.0143176   0.00554534 -0.000534262   0.00186508    0.0861103    0.0602267     0.037123     0.114672   -0.0156633    0.0199878     0.146141    0.0949397  -0.00257927     0.129114    0.0262923    0.0137051    0.0443904   -0.0115944    0.0647049  0.000798407      0.08256
   0.0616931     0.124498     0.157116     0.115741     0.163605     0.006487    0.0439858    0.0467292    0.0329889   0.00121768    0.0745557    0.0257523    0.0228033    0.0188039    0.0262624    0.0185142    0.0848912  -0.00429904   0.00314472   0.00594743    0.0992061     0.120474    0.0555592   0.00360512    0.0407875    0.0355098     0.144694    0.0962895    0.0325839   0.00661891   -0.0120493    0.0137544     0.054892    0.0722911     0.104612    -0.011976     0.116178     0.104209     0.110584     0.049008    0.0689715    0.0145886    0.0597874    0.0963498      0.04557     0.113288    0.0736531    0.0216036
    0.114426    0.0201423    0.0175167    0.0341964     0.057075    0.0160922   0.00236552    0.0376152  -0.00475786     0.128588    0.0884869    0.0339837    0.0190514   -0.0156429    0.0264528    0.0717275    0.0775905    0.0164438   -0.0395821    0.0707392   -0.0327902    0.0462204   0.00422433   -0.0554866  -0.00659419    0.0581735    0.0672695     0.128755    0.0402895   -0.0325177    0.0130537     0.134101    0.0653251     0.150956   0.00107848   -0.0162105   -0.0113249    0.0426011    0.0764731    0.0995114    0.0788605 -0.000104886    0.0913715    0.0536808    0.0315621    0.0895391    0.0755979    0.0170714
    0.102355    0.0128773    0.0695188     0.127741    0.0813869      0.11468    0.0686713    0.0869831    0.0749814    0.0195616    0.0478843      0.12397    0.0555903      0.10278    0.0957991     0.112137     0.112862 -0.000100569     0.106982   0.00687418    0.0318829    0.0659422    0.0377881    0.0768529    0.0906655    0.0697426     0.101839    0.0219717    0.0222946    0.0712208    0.0432264     0.085589    0.0575788    0.0299405    0.0520644  6.23934e-05    0.0895118     0.117326     0.113165    0.0709881    0.0782133    0.0228355    0.0345723    0.0842829     0.148299     0.131326    0.0889079    0.0886573
   0.0852832   -0.0126386    0.0197135   0.00340787    0.0513901 -0.000834406    0.0605164    0.0356519    0.0422393    0.0131587    0.0366054    0.0380525    0.0557617    0.0928355    0.0816683    0.0718291     0.054515  -0.00664735     0.070017  -0.00298521  0.000453274     0.048515   -0.0448694    0.0841255   0.00856948     0.115011      0.09884    0.0554619    0.0652505    0.0902075    0.0720112     0.024357    0.0716158    0.0536301    0.0870764     0.025048    0.0553371   -0.0484791    0.0776894    0.0451461   -0.0540286    0.0288573    0.0696869     0.131477     0.194901     0.145273    0.0651641    0.0262416
   0.0349774    0.0512351    0.0727191    0.0522943    0.0316088     0.102477    0.0796514    0.0182202    0.0428481  -0.00476583    0.0308729    0.0679918     0.084751     0.081141    0.0336781    0.0453889    0.0756843    0.0565664   0.00273638     0.100542    0.0637016    0.0806361    0.0372885    0.0665847    0.0746012    0.0928589     0.101334    0.0180682   -0.0180113     0.109223   0.00257592    0.0978497     0.140766    0.0373444   0.00421117      0.07362    0.0980847     0.065488     0.161622    0.0716181    0.0704452    0.0704992    0.0504202    0.0816743    0.0804205     0.109175    0.0565766    0.0413582
    0.100103    0.0254669    0.0905957     0.115799     0.143064      0.04829    0.0717775    0.0715463    0.0705264   0.00585809     0.116859    0.0120518    0.0556196    0.0429549    0.0838182     0.056174     0.116937   -0.0428193    0.0916185    0.0757666   0.00881288    0.0642727    0.0279725   -0.0341704    0.0124994    0.0952049    0.0792673       0.0457     0.116551   0.00925978    0.0161184     0.115446    0.0444906 -0.000363959    0.0429207   -0.0238262     0.114459    0.0307951     0.102328   0.00167605     0.100441    0.0694057    0.0448984     0.135503     0.139438    0.0868481    0.0525129    0.0634083
    0.131431    0.0996034    0.0931919     0.148795      0.10858    0.0592262     0.104477    0.0197546  -0.00651938    0.0466218    0.0257191    0.0831318    0.0389365    0.0345671    0.0635906     0.101471    0.0339197   0.00280074      0.14914   -0.0119701   0.00570311     0.117252    0.0868164    0.0621063     0.145662    0.0583232  -0.00170599      0.05377    0.0261019    0.0453006      0.13525      0.03422   -0.0497085    0.0297136    0.0301782     0.103445     0.138809    0.0483009    0.0410243     0.107846  -0.00440109    0.0827473    0.0472142    0.0736196    0.0536304    0.0946694       0.1621    0.0656877
    0.168639    0.0263797    0.0514129    0.0108941     0.098091     0.111063     0.136205    0.0940092    0.0789401    0.0145914    0.0944798    0.0585516    0.0169743    0.0717837    0.0632544    0.0344925     0.147052    -0.024013    0.0685562    0.0886283     0.101318    0.0981586     0.100194    0.0517044    0.0594679     0.103201     0.104187     0.049533    0.0357636    0.0601671     0.030597     0.106918    0.0477332    0.0603777     0.103142    0.0633013    0.0526555    0.0964921     0.174995    0.0862654    0.0700453    0.0180341    0.0014362    0.0897491    0.0593293    0.0310309   -0.0229199    0.0122614
    0.106698    0.0697116    0.0310288    0.0586134      0.10173    0.0575638     0.146656     0.064955    0.0518282     0.089457     0.056532    0.0310004     0.104562    0.0710847    0.0897672    0.0633285    0.0177418    0.0380945     0.125092    0.0169521    0.0185951   -0.0257138   -0.0248566     0.103264     0.150626     0.115306     0.051285    0.0317356      0.11806    0.0432016     0.166053   0.00968303    0.0111957    0.0600079    0.0108123    0.0990007    0.0481981   -0.0834829    0.0482097    0.0369277   -0.0329837     0.117122    0.0670053     0.141728     0.145389     0.132982     0.146121     0.100474
  0.00806313    0.0313655     0.127163     0.118792     0.126279    0.0489842    0.0437334    0.0240485    0.0831008    0.0128588    0.0102959    0.0202426    0.0409272    0.0147777    0.0455788    0.0821468    0.0814191   0.00458703  -0.00184573     0.102791     0.104366       0.1185    0.0523898   0.00178522    0.0297481     0.105756    0.0846833    0.0607317     0.037426    0.0553318    0.0138713     0.108938     0.134764    0.0388845    -0.014324    0.0188443     0.018638    0.0936612    0.0906078     0.109393   -0.0129562    0.0477952   -0.0141715    0.0820213     0.148583     0.126072   0.00716054    0.0135527
    0.082248    0.0714566    0.0213829   0.00972792    0.0322358   -0.0318522    0.0913612     0.103441    0.0536045    0.0422318     0.118252    0.0565156     0.137424     0.088815    0.0355637    0.0400368       0.0369    0.0669333    0.0273592      0.11789    0.0991196    0.0977818    0.0460407    0.0467054    0.0636862     0.112011     0.110929      0.10101   0.00528545    0.0776817     0.066518    0.0253455     0.126997  -0.00397405   -0.0201501    0.0547353     0.104367    0.0973891     0.100006    0.0446197    0.0259561    0.0705362    0.0530453     0.025359    0.0874755    0.0347881    0.0758998    0.0749079
   0.0161107    0.0862683    0.0194838 -0.000246948    0.0999274   -0.0350274     0.122525    0.0919783     0.115963      0.02313    0.0621296    0.0151753     0.130213    0.0597826     0.066292    0.0825317     0.072089    0.0799246     0.111531    0.0345667     0.071317    0.0510329    0.0163967    0.0346811    0.0832708    0.0794431    0.0584671    0.0742569    0.0164834    0.0497016     0.116385    0.0857636     0.120787    0.0301491     0.094182    0.0172445    0.0959644    0.0708003    0.0641983    0.0974823    0.0941913    0.0780676    0.0210165    0.0477418    0.0885495    0.0873716     0.103747    0.0926551
   0.0903833    0.0288275   0.00144512    0.0715027    0.0289093    0.0628295    0.0522491   0.00506398  -0.00363774     0.023083    0.0439313    0.0436717    0.0791073   0.00300731  -0.00361459     0.122038    0.0836239    0.0756215     0.106058    0.0724857   -0.0236667     0.080603   0.00340818   0.00328098    0.0269308    0.0948421    0.0100902     0.135462    0.0115176    0.0352646    0.0775927     0.112094   -0.0153843     0.057542    0.0597458    0.0351913     0.120215     0.138336    0.0812114    0.0759327    0.0281994    0.0611134     0.108025   -0.0297846    0.0162662    0.0114865    0.0926945     0.152167
   0.0211112    0.0540247       0.1562    0.0788918    0.0866186     0.127751    0.0375841    0.0561323      0.10921    0.0395849    0.0239534     0.117158   -0.0388141    0.0161421     0.113157     0.123772  -0.00732415    0.0493456    0.0701604    -0.014495    0.0415606    0.0233327    0.0666271    0.0194606   -0.0105905   -0.0399983    0.0978423    0.0462342    0.0203506    0.0829802    0.0137459    0.0270983    0.0425811    0.0463346    0.0963165     0.131409    0.0599645    0.0789145    0.0533581    0.0987811    0.0159939     0.119302    0.0682777    0.0623509    0.0839987     0.104969     0.103859     0.102989
   0.0162652    0.0923881     0.173713     0.110402     0.135018    0.0723978    0.0679271     0.115777    0.0969509    0.0304065    0.0564318    0.0570756   0.00712072    0.0722371    0.0379873     0.109486     0.112642    0.0206376    0.0388471  0.000665619     0.110823    0.0873187    0.0677331  -0.00910198   -0.0274641     0.103135      0.14845    0.0517609    0.0415025   0.00855601    0.0586507    0.0181692    0.0851305     0.102984    0.0229769    0.0159036   0.00509179    0.0948862     0.126723     0.108959    0.0916932    0.0116194    0.0467155    0.0593137    0.0730208    0.0331992    0.0222221    0.0756996
  -0.0207645    0.0534274     0.160383     0.145266    0.0566198    0.0671798    0.0243428     0.119685    0.0611275    0.0521153    0.0474242     0.125003   -0.0324276    0.0988231    0.0414358    0.0227346    0.0826688     0.106802  0.000271767   -0.0179072     0.104739    0.0694712    0.0637336    0.0646556    0.0458851    0.0424357      0.10218     0.020133     0.101816     0.101974    0.0917118    0.0126066  -0.00516934    0.0355713      0.11159    0.0690758    0.0117658    0.0827659     0.121461    0.0703707    0.0400767    0.0599753   0.00760877     0.146449    0.0941638     0.132866    0.0477564    -0.034988
    0.170601    0.0606222    0.0875176    0.0955444    0.0274737     0.161831    0.0658448    0.0164489     0.103147     0.038831    0.0368568    0.0322236    0.0586666     0.104171    0.0339931    0.0274225    0.0909036    0.0705507    0.0957578    0.0895732    0.0282171    0.0728408    0.0336491    0.0116032     0.120977    0.0479631     0.105377    0.0190867     0.008304     0.107428     0.110805    0.0287938    0.0113148    0.0131164    0.0871645     0.077175    0.0705395      0.12603     0.055372    0.0482991    0.0134895    0.0796303    0.0804502     0.148364    0.0183619    0.0300246    0.0909208    0.0740019
   0.0260959    0.0374997    0.0567896     0.133999     0.109721    0.0253229    0.0800672    0.0759312    0.0659674     0.109668    0.0378969    0.0815175    0.0132656    0.0608581         0.11     0.106293    0.0772547    0.0713699    0.0254872    0.0772011    0.0343508    0.0684119     0.031552   0.00879159    0.0740903    0.0299576   0.00357844    0.0751368  0.000255899    0.0605902    0.0381444    0.0854807     0.128483    0.0965874     0.011662    0.0201203    0.0168888    0.0996907     0.126548     0.106153    0.0427318    0.0415669   -0.0138215    0.0896745      0.20248     0.100579    0.0714787     0.088814
    0.100017    0.0704547    0.0274244    0.0407526    0.0681847    0.0328625    0.0852059    0.0729975     0.062048    0.0603534    0.0785568      0.01501     0.148216    0.0781346    0.0400265    0.0755203    0.0355199    0.0453719     0.176885     0.089748     0.117415   -0.0195446     0.117782     0.113426     0.144932     0.054001    0.0700813    0.0845726    0.0940971    0.0844166     0.166103   -0.0196372     0.010134  -0.00787983    0.0325552    0.0388168    0.0970491    0.0600817    0.0183189    0.0128271    0.0238742     0.038784     0.134187     0.081535  -0.00900032   0.00946479     0.053274    0.0946555
  -0.0378482    0.0294389     0.145527     0.124016    0.0906853    0.0482486    0.0145714  -0.00409638      0.03978    0.0925471    0.0298865     0.126639    0.0255496    0.0221681     0.096625     0.018945    0.0156257    0.0871839  -0.00860974     0.136488     0.084044    0.0929318    0.0948803    0.0687456    0.0788208    0.0524981    0.0356114     0.126562     0.105877    0.0497249    0.0222972    0.0542794     0.011253      0.11783    0.0172981    0.0223335    0.0671312     0.136474  -0.00487464    0.0506756     0.128208    0.0358918    0.0862189    0.0531971    0.0783448    0.0676091     0.086728     0.059551
   0.0344438    0.0595585     0.107982    0.0881374     0.123428  -0.00482546    0.0629694    0.0481961     0.099467     0.108934    0.0683739     0.039446    0.0929047  -0.00338654     0.101631      0.10738    0.0917783    0.0298154    0.0296102    0.0255425    0.0670443     0.100395   -0.0280598     0.057322    0.0880107     0.114675  -0.00104964     0.107796    0.0249449    0.0236372    0.0510732    0.0133413    0.0786961    0.0959257     0.022006     0.101993    0.0131326   -0.0251345     0.116749     0.125058    0.0764939     0.098859   -0.0296798      0.10595     0.140517    0.0713495     0.135538    0.0131378
   -0.14892   -0.103034   -0.140892   -0.112773   -0.161228   -0.114161   -0.129334   -0.161248   -0.116354   -0.141738   -0.145202   -0.145968   -0.145055  -0.0972717   -0.083018  -0.0831838  -0.0916103  -0.0978715   -0.119227   -0.136846   -0.115206   -0.129267   -0.169246   -0.080829   -0.083434   -0.111903   -0.114478   -0.155004   -0.181818  -0.0748864   -0.129318   -0.111611   -0.164219   -0.165385  -0.0997325   -0.129671  -0.0688466  -0.0900402   -0.116033   -0.120963   -0.100407    -0.11242
  -0.103802   -0.171924  -0.0319688  -0.0814715   -0.109807   -0.190935  -0.0839331   -0.257131   -0.193735   -0.058065   -0.136507   0.0820907   -0.142373  -0.0610827   -0.193279  -0.0590204   -0.131802  -0.0309174   -0.243865  -0.0277017  -0.0265106   -0.084916   -0.131568  -0.0817598 -0.00480367  -0.0503902   -0.104717   -0.270387  -0.0583476   -0.129923  0.00193667  -0.0610911  -0.0911987     -0.2656  -0.0384467  -0.0247605  0.00199261   -0.177268  -0.0667737   -0.181277   -0.152094  -0.0783028
  -0.051279   -0.200718   -0.164302    -0.16279   -0.227583   -0.199809  -0.0361566   -0.139404   -0.079459   -0.130823    -0.11698  -0.0483335   -0.103121   0.0356265  -0.0682144   -0.118779   -0.115053   -0.169217  -0.0138989  -0.0531036  -0.0648055  -0.0377002  -0.0731607  -0.0828272   -0.177864  -0.0734867  -0.0600768   -0.134095  -0.0578596   -0.258936   -0.111944  -0.0673713     -0.0776  -0.0243868   -0.137951   -0.060433   -0.104061   -0.144736   -0.120741   -0.213764  -0.0995479   -0.124828
  -0.033509   -0.103024   -0.120316   -0.172089  -0.0903106   -0.125241   -0.117717   -0.155137  -0.0982287   -0.166861   -0.141698  -0.0541541   -0.138063  -0.0582327   -0.117978   -0.104781   -0.113351   -0.134073  -0.0761433  -0.0539243   -0.113677    -0.15998  -0.0748544  -0.0915147   -0.156065   -0.120701    -0.16828  -0.0787149  -0.0513697   -0.188862   -0.108139   -0.117067   -0.164496   -0.132059  -0.0338828  -0.0829985  -0.0651375  -0.0640935   -0.117211   -0.104337   -0.170154    -0.12784
 -0.0671188   -0.110894   -0.114568   -0.140123  -0.0489738  -0.0410042  -0.0398584   -0.126174  -0.0828512  -0.0847243  -0.0496395   -0.138846   -0.108499  0.00114823  -0.0417364   -0.188679  -0.0411262   -0.160866  -0.0745052   -0.131622  -0.0960071   -0.186078 -0.00606536   -0.177153   -0.113693   -0.145589   -0.133006   -0.150577   -0.140511  -0.0756218   -0.116447   -0.164392  -0.0942546   -0.155905   -0.157075   -0.182552    -0.16177   -0.180493   -0.083526   -0.168712  -0.0729446  -0.0593072
  -0.121479   -0.102925   -0.136946  -0.0939509    -0.10919   -0.137659   -0.121459   -0.103702   -0.159679  -0.0976863   -0.118629   -0.167263   -0.104817   -0.127668  -0.0727976   -0.119007   -0.129658   -0.132719   -0.171489    -0.10441   -0.106945  -0.0713265  -0.0941065    -0.17754  -0.0908832   -0.119753  -0.0645488   -0.104776   -0.148315  -0.0989424   -0.134055   -0.152754   -0.144877   -0.109422  -0.0880125   -0.110697   -0.138495  -0.0824764   -0.174316   -0.118209  -0.0931302    -0.10136
 -0.0895726   -0.120656   -0.121532  -0.0933496   -0.125679    -0.10409  -0.0768512  -0.0955375   -0.162874   -0.100208    -0.12531   -0.172646   -0.149663    -0.19461   -0.101706    -0.14261   -0.129512   -0.100533   -0.203625   -0.140455   -0.138244   -0.131941  -0.0938857   -0.133837  -0.0437858   -0.121455  -0.0789233   -0.136188   -0.149032  -0.0339156  -0.0878121   -0.111899   -0.108954   -0.135229  -0.0973463   -0.147839  -0.0442274  -0.0510047   -0.157181  -0.0718907   -0.124758   -0.061315
 -0.0267955   -0.201343  -0.0697306  -0.0449902   -0.127894   -0.183684   -0.126875   -0.198263  -0.0574601   -0.222704   -0.205626   -0.118155   -0.182807  0.00911737  -0.0978436   -0.120892  -0.0917383  -0.0757313  -0.0718182  -0.0084565   0.0290251  -0.0293334  -0.0422674   -0.106458   -0.134612    -0.12483  -0.0543492    -0.10155   -0.098461   -0.199147  -0.0422332   -0.176074   -0.206433  -0.0945861  -0.0717046  -0.0185996  -0.0426919  -0.0124105   -0.146947   -0.196689   -0.133326   -0.174347
  -0.137074   -0.111792   -0.108552  -0.0820035   -0.164465   -0.148451  -0.0814498   -0.135251   -0.100901  -0.0752125   -0.159064  -0.0628077  -0.0891361   -0.113374  -0.0764701  -0.0717607   -0.148756   -0.126718   -0.115579   -0.101461  -0.0957573   -0.125728  -0.0870049   -0.155914    -0.20753   -0.131171   -0.173929   -0.154952   -0.138299   -0.196984   -0.108427  -0.0869285    -0.07567  -0.0863655    -0.16647  -0.0626684  -0.0470875   -0.152316   -0.124557   -0.161042  -0.0665839     -0.0612
   -0.16189   -0.123675  -0.0624373  -0.0605526   -0.175465   -0.130074    -0.12018  -0.0458148   -0.149065   -0.194906   -0.181824   -0.115387   -0.144632   -0.145846  -0.0755767  -0.0793687   -0.148046   -0.114352   -0.160926  0.00707878   -0.068206   -0.139641   -0.153851  -0.0928766  -0.0851603  -0.0857004   -0.135984   -0.164681   -0.106739   -0.113777  -0.0966903  -0.0853921   -0.112149   -0.147872   -0.113108   -0.143964  -0.0282833   -0.166015  -0.0975742  -0.0828278  -0.0724767  -0.0812462
  -0.102114    -0.11737   -0.146273   -0.160698   -0.094601    -0.11197  -0.0461433   -0.108721  -0.0708798   -0.124344    -0.11314   -0.121713  -0.0774075  -0.0884793  -0.0838995   -0.151696   -0.100633    -0.16565   -0.132991   -0.145291  -0.0905433   -0.141135   -0.140923   -0.162959  -0.0669626  -0.0678767   -0.173174   -0.152604   -0.165487   -0.108733   -0.138482   -0.153538  -0.0830766  -0.0662485  -0.0453691    -0.15222   -0.165347   -0.112391   -0.102228   -0.102576   -0.145639   -0.116219
 -0.0981949  -0.0769962   -0.131521   -0.141881   -0.111671    -0.12412   -0.172438   -0.106674   -0.138174   -0.141653   -0.170476   -0.139713   -0.140352   -0.140607   -0.157785   -0.132645   -0.122562   -0.100877   -0.119992   -0.137509   -0.113128  -0.0831408   -0.172814    -0.15448  -0.0779286   -0.104712   -0.146321   -0.139607   -0.158579   -0.154216   -0.132416   -0.079046  -0.0828263    -0.11503  -0.0878854  -0.0881671  -0.0681801    -0.10146   -0.123601  -0.0866174   -0.118566  -0.0873256
   -0.19581   -0.124247   -0.129287   -0.065394  -0.0954235  -0.0957446   -0.123745    -0.15781   -0.184504  -0.0909539   -0.100997   -0.121843  -0.0390718   -0.201665   -0.108802  -0.0538789  -0.0998084  -0.0697066   -0.144079  -0.0728893   -0.168993   -0.067228  -0.0895178   -0.125967  -0.0876714   -0.155667  -0.0538715  -0.0219647   -0.174115  -0.0417625  -0.0640493   -0.132821  -0.0486414   -0.124837   -0.162119   -0.155132   -0.131591   -0.133476  -0.0544315   -0.111484   -0.154085  -0.0814436
  -0.183226  -0.0522084  -0.0834995    -0.12403   -0.129609   -0.106615   -0.141496   -0.106756   -0.127124   -0.135175   -0.152724  -0.0827365   -0.150663   -0.125774   -0.108054  -0.0942518   -0.104931   -0.141916   -0.160959  -0.0726703   -0.161764   -0.101519   -0.098159    -0.15852  -0.0965263   -0.130036   -0.120874  -0.0519382   -0.172407  -0.0941198   -0.126834    -0.14586   -0.128435   -0.130771  -0.0724277    -0.16083   -0.125587  -0.0870265   -0.127897  -0.0674169   -0.105092  -0.0956961
  -0.137836   -0.111702   -0.149196  -0.0795266  -0.0930637   -0.139251   -0.100471   -0.103913   -0.143137   -0.110416  -0.0981101  -0.0996662  -0.0753086   -0.113451   -0.186462  -0.0894255   -0.150345   -0.107486   -0.124713   -0.121414   -0.121462   -0.116823   -0.158713   -0.139648    -0.10954    -0.15725  -0.0764375   -0.142843  -0.0938262   -0.110808   -0.130066   -0.178699   -0.151372   -0.169784  -0.0852519  -0.0888139   -0.176959   -0.129339  -0.0837123  -0.0967742  -0.0903814   -0.101159
  -0.117323   -0.141213   -0.150753  -0.0572368   -0.100009   -0.119945   -0.097191  -0.0646549  -0.0678454  -0.0945516  -0.0997881   -0.181784  -0.0628703    -0.12957   -0.127527  -0.0952359   -0.155914   -0.155986   -0.141892  -0.0832053  -0.0645129  -0.0785686  -0.0892316   -0.124354   -0.194131   -0.126359   -0.118841  -0.0411283   -0.127594   -0.126353    -0.05839   -0.114179   -0.157811  -0.0631938   -0.161837     -0.1359   -0.153612  -0.0773736   -0.155762   -0.014172   -0.117249   -0.176446
  -0.143452   -0.131058   -0.179861   -0.133046   -0.132003    -0.17434    -0.10684  -0.0601706   -0.150365  -0.0659704   -0.151615   -0.117416   -0.137572   -0.188696   -0.122757    -0.10663   -0.104576    -0.13179   -0.102076  -0.0721151   -0.107317    -0.13951   -0.150638   -0.155888   -0.110472   -0.123672  -0.0837356  -0.0848082  -0.0815516   -0.112166  -0.0633783  -0.0702813   -0.131358   -0.143333  -0.0684449  -0.0807416   -0.107671   -0.123302   -0.146318   -0.142202  -0.0737349   -0.115719
  -0.114402  -0.0894437  -0.0950148   -0.125591   -0.130895   -0.137372   -0.174791  -0.0206766  -0.0473576  -0.0671789   -0.134527   -0.169107  -0.0563473   -0.122744  -0.0541718   -0.101032   -0.134791  -0.0814776  -0.0865771   -0.158172   -0.123913   -0.191815   -0.155202  -0.0942982   -0.129989  -0.0570493    -0.19902    -0.11884   -0.102543   -0.109801   -0.155267  -0.0573952   -0.158004  -0.0656022  -0.0653026   -0.184357   -0.107255  -0.0602153   -0.165125  -0.0765731  -0.0860553    -0.17295
 -0.0569203   -0.140236  -0.0533428   -0.109593   -0.161979   -0.186703  -0.0435735  -0.0991306  -0.0802365   -0.210663   -0.117881   -0.101186  -0.0860097    -0.11841   -0.115083   -0.139954  -0.0447859  -0.0314925   -0.122003  -0.0681066   -0.192672   -0.102022   0.0441139   -0.105459  -0.0747988   -0.153572   -0.170099  -0.0607101   -0.230598   -0.144508  -0.0435801   -0.188515   -0.167449  -0.0487233  -0.0213925  -0.0519594   -0.102944   -0.218603  -0.0175636   -0.242975  -0.0674147   0.0240879
  0.0134204  -0.0669982   -0.199877  -0.0940989  -0.0517938   -0.144534  -0.0195581   -0.162355   -0.098938   -0.227289   -0.149464   -0.136665   -0.114537   0.0177753   -0.182798   -0.183744  -0.0454853   -0.120009  -0.0655185   -0.124632  -0.0307145  -0.0521009   -0.115217   -0.039115   -0.113721   -0.142518  -0.0237887   -0.176431  -0.0925345   -0.200431   -0.117952   -0.208988   -0.162099   -0.101921  -0.0300464   -0.110209  -0.0126958   -0.143577  -0.0653124   -0.187988 -0.00361768   -0.168664
 -0.0799044  -0.0564535  -0.0778472   -0.122524   -0.107503   -0.145494   -0.140503   -0.122852    -0.11533  -0.0742224  -0.0999502   -0.112112   -0.102525   -0.181687   -0.153025    -0.17932   -0.164431   -0.148056  -0.0323412   -0.203561  -0.0726141   -0.157314   -0.158424   -0.098609  -0.0585221   -0.126148  -0.0713211   -0.045123  -0.0597614  -0.0589008   -0.180546   -0.101303  -0.0966603  -0.0304655  -0.0526193     -0.1098   -0.148653  -0.0975894   -0.141686  -0.0298518   -0.151358   -0.172076
  -0.179456   -0.122154   -0.097845   -0.135878  -0.0643499  -0.0783268   -0.122934   -0.160733   -0.210595   0.0327882  -0.0952846    -0.06428    -0.10279   -0.219764   -0.197279  -0.0196374  -0.0714375    -0.16213  -0.0291759   -0.227959   -0.141879   -0.159461  -0.0246103  -0.0277521   0.0233709   -0.116876  -0.0592227  -0.0605554   -0.167238   0.0131519   -0.165001  -0.0985279  -0.0647207 -0.00354534   -0.147474   -0.178754   -0.201898  -0.0717368   -0.137829  -0.0234598   -0.179221   -0.121467
 -0.0495182   -0.152277   -0.138508   -0.163615  -0.0417046   -0.109886  -0.0437074   -0.136494  -0.0349263   -0.137147   -0.131961   -0.095736   -0.107962    -0.15903   -0.100622   -0.132677  -0.0725301  -0.0971177  -0.0860423   -0.140684   -0.101071   -0.115934  -0.0743071   -0.154443   -0.152594   -0.202428  -0.0876861   -0.124319   -0.120403   -0.113515   -0.194013  -0.0936138  -0.0917832  -0.0649384   -0.162997   -0.119345   -0.100334   -0.141444   -0.170178  -0.0176421   -0.146195   -0.111912
  -0.039369    -0.15365   -0.197035   -0.120506  -0.0801139  -0.0439771  -0.0504476  -0.0793707   -0.104932  -0.0665883  -0.0843989   -0.139106  -0.0718591   -0.160836   -0.153266   -0.165009   -0.149431   -0.123556  -0.0709311   -0.152279   -0.106382  -0.0571898   -0.146059     -0.1184   -0.132194   -0.142685  -0.0936897  -0.0781164   -0.072164   -0.117266   -0.155286  -0.0723546  -0.0671482   -0.132262   -0.175958    -0.12915   -0.124511  -0.0910621   -0.192765  -0.0204822   -0.150829   -0.168542
  -0.212403  -0.0346704  -0.0824344  -0.0888344   -0.103755  -0.0851201   -0.156595  -0.0765312   -0.194989  -0.0805504   -0.155799  -0.0994553   -0.134664   -0.153567   -0.132748  -0.0887727   -0.096254  -0.0994972   -0.169011  -0.0652415   -0.188413   -0.132252   -0.177621   -0.152356  -0.0519973  -0.0698607   -0.112686  -0.0756593   -0.164846   -0.125775   -0.150546  -0.0878285  -0.0990257  -0.0895521   -0.130512    -0.17184   -0.054873   -0.153529  -0.0936597  -0.0757585  -0.0750435  -0.0731996
 -0.0943875   -0.127536   -0.134651  -0.0588621  -0.0478891  -0.0968095   -0.139796   -0.152828   -0.139098   -0.145758   -0.155027   -0.166254   -0.134083   -0.152474  -0.0998863  -0.0376834   -0.154141   -0.108813  -0.0304227   -0.120651   -0.186465   -0.069279  -0.0800738   -0.146778  -0.0885834   -0.174845   -0.157136    -0.10244  -0.0958799  -0.0399945   -0.155521   -0.105815   -0.122547  -0.0769833   -0.163406   -0.059609   -0.110259    -0.11586   -0.188946  -0.0299784  -0.0503939   -0.166602
  -0.113368    -0.11754  -0.0487433    -0.12723   -0.168684  -0.0995902   -0.110455   -0.166681   -0.179474   -0.137446   -0.143718   -0.113729  -0.0952272  -0.0907486   -0.122559  -0.0953676   -0.160325    -0.16573  -0.0803752   -0.103415  -0.0773031  -0.0812661   -0.132367   -0.120164   -0.107848   -0.115684   -0.142229   -0.074414   -0.131413   -0.112514   -0.121888    -0.11749  -0.0763344   -0.121006   -0.157007  -0.0881319   -0.103768     -0.1322   -0.125548  -0.0897296   -0.117809   -0.148127
  -0.145668  -0.0942035  -0.0852236  -0.0958752   -0.103878  -0.0665482  -0.0645207   -0.138941  -0.0852786   -0.109195   -0.131554   -0.159183   -0.164527   -0.132141   -0.148863  -0.0763781   -0.165233   -0.165539  -0.0538758  -0.0817179   -0.159949   -0.113443   -0.145143   -0.140649  -0.0986956    -0.12954   -0.121232    -0.10428   -0.151265  -0.0608228     -0.1439  -0.0788121   -0.106325   -0.138643   -0.122851   -0.120266   -0.108321   -0.175515   -0.158528   -0.132584  -0.0741559   -0.126758
  -0.197532   -0.108564   -0.104725  -0.0640694    -0.19308    -0.12731   -0.142469  -0.0948594   -0.160598   -0.149896   -0.150269    -0.15448  -0.0561132  -0.0930821  -0.0822334  -0.0480026   -0.132068  -0.0466129   -0.151401   -0.113784  -0.0933374  -0.0529118    -0.16006   -0.173648  -0.0864221  -0.0799414  -0.0671428  -0.0783145   -0.153687   -0.148866  -0.0674782  -0.0525398    -0.14533   -0.164562   -0.121572   -0.143856   -0.123825   -0.101974   -0.102216   -0.151588  -0.0658868   -0.130106
  -0.230875  -0.0415851   -0.100628   -0.074688  -0.0887174  -0.0969682   -0.178605  -0.0681924   -0.120797  -0.0443627   -0.130143  -0.0769628   -0.110763   -0.137709   -0.116153  -0.0862167   -0.128691   -0.119845    -0.19413   -0.136881   -0.132925   -0.220866   -0.156677    -0.06568  -0.0919072  -0.0542982   -0.188029  -0.0756164   -0.143546  -0.0302304   -0.133592  -0.0783643  -0.0810535  -0.0605332  -0.0686488   -0.215713  -0.0851752  -0.0901063  -0.0787595    -0.13852   -0.118704  -0.0738077
  -0.160926  -0.0532736   -0.150415  -0.0847681   -0.133041   -0.160928   -0.137541   -0.136768   -0.125491  -0.0362598   -0.184265  -0.0876041   -0.107262    -0.11299   -0.118775   -0.125885  -0.0677109  -0.0999558    -0.07489   -0.144418   -0.161948     -0.1748   -0.103022   -0.109559   -0.037589   -0.107327   -0.161772   -0.144989   -0.142663  -0.0350568   -0.122111  -0.0753484   -0.121746  -0.0504635   -0.104811   -0.193058   -0.102739  -0.0541258  -0.0809394   -0.144371   -0.133543  -0.0996148
 -0.0668899   -0.219411   -0.144422   -0.141394   -0.101256  -0.0751399   -0.180072  -0.0531783   -0.100923   -0.157016   -0.087658  -0.0870298   -0.216437 -0.00168005  -0.0894876   -0.102586   -0.174169  -0.0420702 -0.00914425    -0.12348  -0.0901023   -0.139646   0.0147076   -0.169135  -0.0262979  -0.0691383   -0.050476   -0.200599  -0.0181835   -0.170277  -0.0595416  -0.0784593  -0.0844432  -0.0253197   -0.235494   -0.149096   -0.207366   -0.152223  -0.0541006   -0.156778   -0.106203  -0.0760244
 -0.0741212   -0.154267  -0.0900692   -0.155701  -0.0785079   -0.150575   -0.116625   -0.168456   -0.128976   -0.076098   -0.141248  -0.0549898  -0.0890766   -0.114286    -0.13789   -0.148256   -0.173643   -0.196245  -0.0633188  -0.0977498  -0.0578351  -0.0661297  -0.0773199   -0.107776  -0.0691577  -0.0844652  -0.0441953   -0.147769   -0.125343   -0.136266    -0.11299  -0.0975943   -0.121275   -0.150056   -0.147196    -0.11379    -0.07977   -0.102475   -0.154245  -0.0828823   -0.198924   -0.123125
  0.0636074   -0.146421   0.0600161   -0.194149 -0.00393493  -0.0057125 -0.00504378  -0.0743293  -0.0246218  -0.0336931  -0.0989388  -0.0503091   -0.126458   0.0181007   -0.066079   -0.129253  -0.0940317   -0.121866   0.0388132   -0.179618  -0.0198723   -0.149101 -0.00431678   -0.200986   -0.193029    -0.12865   -0.195875   -0.271469    -0.20095   -0.282628   -0.132145  -0.0499141   -0.112217  -0.0228441   -0.154067      -0.107    -0.22341    -0.15232   -0.132618  -0.0931233  -0.0192668   -0.200534
 -0.0769405   -0.127645  -0.0822627   -0.202015  -0.0111188  -0.0936975   -0.226874  -0.0897707   -0.099429   -0.196071    -0.12914  -0.0730119   -0.146557   0.0153478  -0.0529711  -0.0771036   -0.133059   -0.104956  -0.0607438  -0.0891514   -0.171734   -0.096696  -0.0438252   -0.142182  -0.0447785  -0.0902796  -0.0622724   -0.182184  -0.0262414  -0.0880136  -0.0407374  0.00344626    -0.11825    -0.10886   -0.226848   -0.112188   -0.204471    -0.15708  -0.0893203   -0.169509   -0.204304  -0.0366242
  -0.085275   -0.133442   -0.165516   -0.129708   -0.178726   -0.155221  -0.0655514   -0.128533  -0.0905622   -0.122743   -0.137759   -0.135775   -0.128567  -0.0921228   -0.126408   -0.158623    -0.16414   -0.089152  -0.0681903   -0.115503  -0.0502613   -0.106267  -0.0379105   -0.077777  -0.0531943   -0.123403  -0.0983012  -0.0699145  -0.0787998   -0.138983  -0.0621966   -0.166087   -0.181611  -0.0606746   -0.105087   -0.110076   -0.150308   -0.124708  -0.0959808   -0.172422   -0.127678   -0.139129
