no weights
   0.0227724   -0.0972472    0.0319295   0.00831158     0.115081    0.0611893    -0.214913     0.104606    0.0305873     0.114746     0.177613   -0.0864664    -0.113217    0.0825254    0.0883546    0.0782455      0.19909    0.0146326    -0.205746     0.117033   -0.0380908    0.0509789     0.223247    -0.181155    -0.182601    0.0973792     0.238033     0.267398     0.145283     -0.17732    -0.128837     0.144615     0.201359     0.173699     0.079637    -0.138598    -0.160875     0.330665     0.100287    0.0884308     0.293947    -0.155891     0.123229    -0.234509    -0.136957   -0.0881061    -0.185921    0.0645787
 -0.00773832    0.0562036   -0.0125474    0.0426772    0.0939302     0.128179    0.0585059    0.0141931    -0.029166    0.0499149    0.0125037     0.132804    0.0644316    0.0212576   -0.0272548    0.0881625    -0.123529      0.16229     0.174337    0.0365327   0.00855314    -0.111937     0.173487     0.149376     0.131176    0.0252057    -0.148208  -0.00887729     0.057193     0.224799      0.20524    -0.134158   -0.0648285   -0.0477661    0.0720791     0.176913    0.0997442   -0.0241435    -0.116216     0.057039    0.0706124     0.184423     0.077906    0.0143936    0.0408547     0.122523     0.185387     0.108253
  -0.0310849   -0.0424727    0.0114988   -0.0769337   -0.0843295   -0.0979864    -0.123794     0.141497    0.0997331     0.101232    -0.134269   -0.0320343     0.110829    0.0360289     0.157465     0.120272    -0.196277     0.229896   -0.0414173     0.167699    0.0120088   -0.0652396  -0.00311419    0.0843832   -0.0472256    0.0608615     0.232295     0.120886    -0.135196    0.0548208   -0.0335097   -0.0471576      0.23253     0.226846    -0.104817    -0.031801    -0.111267     0.124331    0.0541419     0.055296     0.055012    0.0570631    0.0791249     0.132907    -0.005497    0.0219744   -0.0640603     0.174256
   0.0603646     0.141555     0.240243     0.163895     0.165266     0.150191     0.024751    0.0790066    0.0843836   0.00591525   -0.0737302     0.230271   -0.0737527   0.00836308     0.025159    0.0772264   -0.0151338    0.0381081     0.114791   -0.0580774     0.152446    0.0382845   -0.0388131     0.128374     0.104159   -0.0270445   0.00178707   -0.0560608    0.0790237     0.041964    0.0820956    0.0110559    -0.136118   -0.0697149     0.019132    0.0845111     0.105574   -0.0320513   -0.0695084    0.0661589    -0.063968     0.109854   -0.0216938     0.215063     0.053703     0.177577     0.144875   -0.0586426
    0.163096    -0.122639    -0.156185    -0.147602    0.0992303    0.0274918   -0.0144156    0.0697192    0.0645951    0.0877647    0.0715491   -0.0834851     0.173993    0.0762604      0.10103    0.0366669    0.0351483    0.0410693     0.122284     0.189242   -0.0140371    -0.194523      0.15918  -0.00251663    0.0922362     0.132951   -0.0238263     0.194475     0.143725   -0.0126675     0.132345    -0.106985     0.239226    0.0731402     0.121889  -0.00638072   -0.0915457    0.0693945   -0.0376916    -0.121007      0.07436   -0.0353075     0.187554   -0.0516032    0.0243427    0.0252683    0.0279723     0.174816
   0.0911851    0.0278145    -0.159786    -0.043063     0.115579   -0.0419465    0.0832555   -0.0812591   0.00167353    0.0278571    0.0701281    0.0341462     0.283119    0.0180201    0.0140398   -0.0301341    0.0324552     0.168055    0.0819899     0.224144   -0.0721262    -0.103483     0.149885      0.09502     0.126697     0.114543   -0.0563501     0.191951    0.0528406    0.0162912        0.198    -0.051447     0.115419     0.143233     0.111709     0.117303    0.0554178    0.0152879   -0.0185461   -0.0666256     0.136703    0.0848075     0.210957   -0.0833302    -0.029161   -0.0678106     0.149542     0.111956
   -0.224071    0.0890924     0.205223     0.117236   -0.0234626   -0.0177569    -0.187001    0.0827125     0.116519     0.133835   -0.0145005   -0.0639793    -0.124165    0.0157458     0.107404    0.0239008   -0.0230196  -0.00225816    -0.013946   -0.0428651     0.120137   -0.0971446     0.174724    -0.011051   -0.0616326   -0.0915121     0.247526    0.0560128     0.187914   -0.0853484   -0.0554016    0.0744915    0.0981691     0.207668     0.202781   -0.0542367   0.00302953     0.210757   -0.0768282     0.111902     0.335487   -0.0632129     0.149404   -0.0762879   -0.0929476    0.0797799    0.0855622     0.104756
   0.0898929    0.0908011    -0.149685    0.0668188     0.146596    0.0698664     0.173577   -0.0917403    -0.128124    0.0288192    0.0796358     0.029217     0.252539     0.113459     -0.16362    0.0773443    0.0348726     0.168975    0.0799293     0.228663   -0.0373415     0.203285     0.196004     0.138552    0.0691559    0.0822692    -0.166852     0.163159    0.0557874     0.160657    0.0918809      0.01532   -0.0569328     0.158385    0.0662651      0.11706    0.0964793   -0.0334514   -0.0664428      0.11023   0.00905932     0.189992     0.115675     -0.16232     0.014628   -0.0809775    0.0931283     0.102498
   0.0925207    0.0239799   -0.0209534      0.11529     0.137079     0.162482    0.0258165  -0.00592689   -0.0906237      0.12788     0.106675    0.0420308   0.00970445    0.0586007   -0.0231849    0.0669459     0.208706    0.0840472    -0.079634     0.178837   0.00923609     0.179854     0.215506    0.0309057   -0.0393061    0.0916238    0.0535741     0.195594    0.0820274    0.0212531    0.0181611     0.183059    0.0891101     0.144706    0.0734105    0.0725794    0.0136788     0.202025   -0.0553569     0.069896     0.231252    0.0572688     0.106899     -0.17135    -0.201121    -0.217516   -0.0797278     0.101926
  -0.0400686   -0.0344469    -0.120146    -0.208366    -0.282919   -0.0641617    0.0521467     0.136135     0.115344    0.0221084   -0.0743491    -0.133207     0.204447    0.0496284     0.133392    0.0237329     -0.23182     0.106532     0.218862    0.0803913    0.0918557    -0.233038     0.106815     0.067439      0.26526    -0.090144    0.0779409   -0.0360743   -0.0318659    0.0737645     0.239835   -0.0600127     0.205954   0.00697544   -0.0670728     0.125641      0.17781  0.000713205 -0.000175582    -0.104609    0.0328403      0.12859     0.257188     0.160071   -0.0448778    0.0887386     0.158427     0.280016
   0.0172595    0.0256434   -0.0353553    0.0434228      0.10598   0.00613076    0.0934195   -0.0124968    0.0247623     0.115667     0.119567   -0.0861249    0.0817551    0.0525031      0.10309    0.0948417    0.0652335    0.0413288     0.140627     0.125214    0.0792274    0.0612528     0.123957  -0.00997345     0.146031    0.0465382    0.0622296     0.101547    0.0721327  -0.00869631     0.168468    0.0534069    0.0900554     0.178913    0.0881249    0.0394541     0.153068   -0.0209136     0.106947    0.0742576     0.105169    0.0331837       0.1639    -0.034266    0.0724568    0.0875971    0.0761331     0.106963
  -0.0438934   -0.0920192    0.0594352    -0.127148    -0.151392     -0.12083   -0.0326895     0.154588     0.195101  0.000322861    0.0538714    -0.119263    -0.038037   -0.0353765     0.160726    0.0494128  -0.00962188    0.0702314   -0.0833949 -0.000883897    0.0742071   -0.0409644   -0.0657387   -0.0362407   -0.0663354   -0.0296638     0.225228      0.02288    -0.109934    0.0319999   -0.0414801   -0.0146661     0.286491     0.108617   -0.0116688     -0.10021    -0.114725     0.114314     0.284304     0.120536     0.104574   -0.0356218   0.00108722     0.145784    0.0652106      0.15817   -0.0597099    0.0368473
  -0.0258289     0.115462    0.0538015      0.12926    0.0274432   0.00861028     0.062018    0.0350653    -0.027089    0.0749331   -0.0024457    0.0475281     0.117563    0.0834531    0.0317276     0.108877    -0.052952    0.0040938     0.135605    0.0358254    0.0988637    0.0257421      0.10403    0.0711338     0.191961   -0.0798029   -0.0607742   -0.0712403     0.106727      0.10598     0.155971   -0.0430007    0.0519328    0.0135237     0.101236     0.118145     0.197015    0.0258817   -0.0566563     0.065579     0.128174     0.105761     0.118321   -0.0200258    0.0496899     0.106598     0.171649       0.0989
  -0.0970861   -0.0183313    0.0934302   0.00212636   -0.0241796    0.0617603    -0.142164    0.0691401     0.103416    0.0142786     0.203092    0.0264448     -0.10936   -0.0807998     0.102034   -0.0238162     0.322831   0.00630842    -0.349521     0.253523   -0.0543726     0.155338     0.029601   -0.0106579    -0.259167     0.107455      0.27985     0.124395   -0.0341675    -0.140789    -0.254307     0.243342     0.272754      0.20699    0.0724762   -0.0967027    -0.299991     0.332381      0.21142     0.103373      0.24411    -0.118917    -0.116038    -0.146326    0.0122262   -0.0943301     -0.25393    0.0435883
   0.0816963     0.174093   -0.0237501     0.140153     0.111344    0.0240305    0.0932041   -0.0294432   -0.0823565    0.0957475    0.0693852    0.0933604      0.12551    0.0314705   -0.0585047    0.0707504     0.153369     0.132612    0.0425967     0.211122    0.0134917      0.20582    0.0760245     0.133334   -0.0198604    0.0699767    0.0605856    0.0895505    0.0704726    0.0576208    0.0255391     0.148203    0.0652635      0.17663    0.0147224     0.174324    0.0132349     0.100585   0.00985936     0.135281    0.0702032     0.126688   -0.0119288   -0.0736017    -0.056415    -0.175692    0.0479367   0.00109152
     0.12379      0.17283     0.134945    0.0883355   -0.0238445   -0.0853573     0.174097    0.0427323    0.0847504    0.0200548   -0.0645616    0.0827016    0.0922186   -0.0419554  -0.00522022   0.00908816    -0.102693    0.0714046     0.130862    0.0827757     0.132669    0.0803678   -0.0565552    0.0945658    0.0566491     0.103867    0.0556942    0.0180998   -0.0266839    0.0674703     0.114691   -0.0297474    0.0840419   -0.0598542    -0.105936    0.0105231     0.058377   -0.0062376     0.145789    0.0508934    -0.122036    0.0455353    0.0510277     0.154322     0.179256     0.109472       0.0721    0.0595595
   -0.026867    0.0106117    0.0705692     0.173504    0.0948891    0.0672978   -0.0200471    0.0014524    0.0101774     0.176443    0.0563824     0.118655  -0.00977357     0.064582    0.0141777    0.0367135     0.080837    0.0494966     0.104995    0.0556273    0.0427157    0.0392505    0.0668468    0.0695724    0.0935224  -0.00560916    0.0380025     0.080458    0.0718112    0.0645899    0.0661379    0.0448135     0.032683    0.0774481    0.0729522     0.112265    0.0414646    0.0920541   -0.0150769    0.0949278     0.162487    0.0546792    0.0310547     0.094074     0.104196     0.121975     0.187166    0.0978542
   0.0306314    0.0685396     0.144344    0.0304586      0.15643    0.0744717    0.0231498     0.143996     0.124955     0.125889   -0.0437454     0.058987    0.0590674    0.0278615    0.0482826    0.0694686    0.0213634  -0.00945701    -0.061002    0.0807819     0.169776     0.121277  -0.00963684    0.0595262   -0.0528911    0.0801247    0.0549766    0.0963252   0.00564155    0.0415762   -0.0818759    0.0701594    0.0426026    0.0305169   -0.0451873    0.0621262   -0.0837804    0.0208854    0.0916019    0.0525211   -0.0843326    0.0437506   -0.0263599     0.130079     0.252776     0.195449    0.0516792    -0.025716
    0.186835    0.0116412    -0.119424  -0.00920619   -0.0335622   -0.0243551     0.104856    -0.164513    -0.197122  -0.00367771     0.256406  -0.00873346     0.176741    0.0180701    -0.108049     0.107071      0.21035    0.0130534   -0.0241298     0.125616    -0.225721    0.0762686     0.133728    -0.036732   -0.0383431     0.134728    0.0798806     0.168845    0.0905198   -0.0657487 -0.000493816      0.13285  -0.00835394     0.230559    0.0188163   -0.0746054   -0.0231513     0.225349   -0.0126577    0.0853496     0.235166    -0.133061     0.282416    -0.276671    -0.159919    -0.234133   -0.0717519     0.273236
  -0.0668081     0.298151     0.368197     0.260878     0.225124  -0.00515941   -0.0386024     0.103213     0.129461    0.0683467    0.0128865    0.0627677    -0.167442   -0.0061259    0.0714308    0.0712349    0.0886262   -0.0127739   -0.0907862   -0.0503592     0.138594     0.212888   -0.0610765    0.0999895   -0.0671911     0.105273    0.0901653   -0.0494425    0.0188379    0.0582449    -0.101143     0.146141    0.0211041   -0.0700573    0.0884863   -0.0463889    -0.102866  0.000798722     0.190709     0.168614    0.0199064   -0.0477458    -0.234751     0.137217     0.121424    0.0182784   -0.0449821    -0.257632
   0.0133928    0.0928291     0.121568    0.0240225   -0.0583855     0.163944     -0.16725     0.141644     0.146166   -0.0327227    0.0611809     0.039347   -0.0370927     0.021629    0.0982549     0.011603     0.157419    0.0512453   -0.0998773    0.0584884     0.183248    0.0711307     0.215861    -0.112629    -0.128885   -0.0998518     0.246709   -0.0898414   0.00070098   -0.0540091    -0.126867     0.132368     0.132909    0.0248261     0.144788   -0.0850823   -0.0838925     0.279876     0.111536   -0.0387296     0.214602   -0.0402042    0.0161619     0.029893    -0.157793   -0.0287961    -0.173844     0.101188
   -0.010797     0.228147     0.292372     0.237471      0.26302   -0.0557299 -0.000178731    0.0617358    0.0454689  -0.00862225    0.0780145   0.00596775    -0.092651   0.00693625   0.00300489    -0.005798     0.143696    -0.125226   -0.0592299   -0.0673166     0.127799     0.165011  -0.00172452   -0.0705909   -0.0429085    0.0385029     0.171703    0.0625716    0.0641542   -0.0885726    -0.101162    0.0337431    0.0118971   0.00628435     0.123515    -0.121528    0.0834731     0.111298     0.142751    0.0706875    0.0605092   -0.0795392   -0.0375063    0.0889056    0.0163559     0.101868    0.0243483    -0.109961
    0.107084    -0.062031    -0.055413    -0.014998    0.0589003   -0.0772833     -0.11962    0.0147285   -0.0290467     0.190576     0.105729    -0.105019   -0.0374928   -0.0533408  -0.00894296    0.0939472      0.13937    -0.051315    -0.185682     0.132601    -0.150033    0.0870373   -0.0478054    -0.180542    -0.143499     0.104199     0.128258      0.27974    0.0207582    -0.212377    -0.124649     0.196291     0.135008     0.295268   -0.0338286    -0.168541    -0.159975     0.108023    0.0980276     0.125094     0.120567     -0.15406     0.096186   -0.0372483   0.00722963    0.0281799    0.0542999     0.038591
    0.138811    0.0316551       0.1218     0.167509    0.0800813     0.168908    0.0901697    0.0979045     0.087581   0.00983083    0.0585783      0.16327   -0.0364879     0.108739     0.103314     0.123165     0.126496   -0.0919876     0.148945    -0.135112    0.0391007     0.057291    -0.042929    0.0913009     0.126229    0.0431595    0.0391899    -0.107228    0.0399993    0.0833596    0.0854542    0.0820972    -0.048634   -0.0973297    0.0712699  0.000507481     0.140992    0.0586166     0.120133    0.0922026     0.010637    0.0233732   -0.0319133     0.139477     0.186632     0.197211     0.108852    0.0282396
    0.130813    -0.117426   -0.0294124    -0.102096    0.0431284   -0.0621273    0.0863954     0.090879     0.110103    0.0147825    0.0132105   -0.0011759    0.0189264    0.0995529     0.142862    0.0755788    0.0148483    -0.119693     0.110543     -0.10831 -0.000133835  -0.00855524    -0.236368     0.097718     0.032972     0.180836  -0.00687727    0.0123698    0.0523255    0.0767125    0.0842435    -0.014422    0.0556748   -0.0148982    0.0683538    0.0156794    0.0533462    -0.284445      0.12296   -0.0224057    -0.264963    0.0481635   -0.0150667     0.243427     0.380269     0.280008     0.134601   -0.0299078
   0.0332957    0.0629016    0.0644536    0.0152382   -0.0279488    0.0961013     0.107967    0.0321918    0.0707498   -0.0554817   0.00739508    0.0815805    0.0836618    0.0689309    0.0350226    0.0161607    0.0498078     0.074939  -0.00659911     0.109345    0.0886815    0.0965812   -0.0125921     0.101064    0.0551644     0.102333     0.115862   -0.0259661   -0.0742457     0.155241   -0.0160252     0.110017     0.158682   -1.728e-05   -0.0350129     0.105223     0.105809     0.033341     0.225638    0.0636251    0.0178956     0.108552   0.00931783     0.120047     0.089525      0.10186   0.00519192    0.0316236
    0.133842    0.0597842     0.126538     0.154425     0.225299    0.0391914     0.108013    0.0784277    0.0775565   -0.0123309     0.212291   -0.0344527   -0.0404461    0.0599493    0.0989541       0.0317     0.233411    -0.255639    0.0858436   -0.0286756   -0.0029512    0.0910965   -0.0718904     -0.12052  -0.00447331      0.13774   0.00966655    -0.048624     0.161777   -0.0707054  -0.00854878     0.166572   -0.0482578    -0.125549    0.0747463   -0.0928124     0.131314   -0.0490784     0.149512   -0.0296698    0.0246485    0.0161341   -0.0795763      0.17127      0.18923      0.11024    0.0531004   -0.0679613
    0.214269     0.218477    0.0735172     0.284029     0.216878     0.130541     0.192638    -0.129554     -0.15775    0.0862783    0.0273135     0.143866   -0.0433611    0.0582708    -0.063282     0.155133    0.0369644    -0.122707     0.268645    -0.184882    -0.103788      0.16345  -0.00420071    0.0962521     0.275213    0.0239016    -0.266053    -0.109023    0.0529647     0.111966     0.278741    0.0563265    -0.374834    -0.108858    0.0463014     0.180563     0.281901   -0.0794076    -0.123754      0.16539    -0.117602     0.127061   -0.0317643    0.0187847   -0.0560277    0.0358746     0.285452   -0.0397683
    0.244064    0.0436191    0.0399006   -0.0265775     0.113559     0.157774     0.172163      0.12007    0.0999589   -0.0398616     0.214115    0.0484303   -0.0658657    0.0932194      0.10544    0.0027067     0.252115     -0.15221    0.0300359    0.0533923     0.151484     0.139664    0.0609923    0.0260101    0.0225847     0.160637    0.0597461   -0.0437887    0.0586402    0.0564639   0.00493302     0.161839  -0.00141746   -0.0716294     0.124255    0.0552799    0.0328482    0.0406744     0.286814    0.0616531    0.0199269  -0.00432025   -0.0979633    0.0502647    0.0111618   -0.0728907    -0.146165   -0.0962978
    0.177195    0.0147542   -0.0708795   -0.0257543     0.132518    0.0275532     0.215814    0.0583986    0.0479378     0.115525    0.0122959   0.00743573    0.0813236    0.0925764       0.1178    0.0697134   -0.0708339   -0.0706169     0.255446   -0.0970558    0.0268873    -0.108119    -0.162362     0.157131      0.29971     0.152413    -0.191541   -0.0884313     0.146032    0.0861326     0.313027   -0.0727514    -0.108645   -0.0674566    0.0212426      0.16802     0.116242    -0.387882   -0.0129257   -0.0268995    -0.247537      0.16175  -0.00174197     0.175529      0.19471     0.170332     0.256159     0.014988
  -0.0686529    0.0676159     0.232296     0.170321     0.183486    0.0143799   -0.0444022    0.0652138     0.143999    0.0102406   -0.0270723   -0.0188783    -0.091142   -0.0247785    0.0530607    0.0713726    0.0973925    -0.104935    -0.129682    0.0908883      0.13915     0.204577   -0.0594548   -0.0612389    -0.102126     0.139456     0.109385    0.0510201   -0.0109947   -0.0158986    -0.118677     0.138437      0.16044    0.0164074   -0.0574112   -0.0556864     -0.10304       0.0562     0.182274      0.12625    -0.109625   -0.0215458    -0.179356     0.119693     0.217042     0.153136   -0.0510878    -0.123411
   0.0881085    0.0307401    -0.103738    -0.135336   -0.0937457    -0.130305     0.171405     0.124123    0.0722327   -0.0178192    0.0948999   -0.0242837     0.243697    0.0940225    0.0402285  -0.00288264   -0.0399417     0.127051    0.0454383     0.192114     0.147007    0.0711177    0.0338732    0.0662337    0.0697117     0.153401     0.125467     0.137508   -0.0621896       0.1086    0.0714804   -0.0329777     0.192727   -0.0239658   -0.0898221    0.0629324     0.132464    0.0352237     0.170126     0.016214   0.00351554    0.0940043     0.100214   0.00438654    0.0470726   -0.0463639    0.0214954     0.116508
  -0.0205149    0.0552975   -0.0560509   -0.0799894    0.0354971    -0.138298     0.199412     0.101938     0.124087    0.0102596    0.0686411   -0.0605563     0.189261    0.0720474       0.0855    0.0581649    0.0137221     0.093145     0.166652    0.0352752    0.0828549   -0.0260766  -0.00728139    0.0461987     0.151491    0.0917424   0.00885661    0.0636819    0.0125979    0.0607506      0.17948    0.0462175     0.132178    0.0241441    0.0917394    0.0333864     0.154079  -0.00875757    0.0959233    0.0940378    0.0965072     0.082513    0.0362387    0.0294786    0.0847577    0.0760909     0.128884     0.102997
    0.183926    0.0493052    -0.133128     0.096684    0.0256813    0.0946458     0.140501    -0.153585    -0.167842    0.0273929    0.0665723    0.0559388     0.187382   0.00922292    -0.166123     0.150805     0.104691     0.139451     0.158809     0.119645    -0.191251       0.1473    0.0223477    0.0189975     0.064492     0.113829   -0.0766488     0.212941   -0.0213388    0.0520708     0.113738      0.15626     -0.15286     0.128271    0.0250794    0.0388031     0.199898      0.20213   -0.0398783      0.11456    0.0657107    0.0797674     0.227267    -0.170305   -0.0959845    -0.119031     0.122114     0.264757
  -0.0749538    0.0834067     0.283297     0.166074    0.0275234       0.2397    -0.101521    0.0933759     0.155846    0.0559404   -0.0947958     0.200764    -0.213055    0.0215819      0.16092     0.183117    -0.135806    0.0367332    0.0827511    -0.189642    0.0826672   -0.0564066    0.0636705    0.0568974   -0.0103448    -0.171968    0.0962662    -0.121762    0.0188576     0.162921    0.0286236   -0.0319911   -0.0287782   -0.0388402      0.10378     0.207303     0.061817    0.0675496   -0.0417405     0.125039   -0.0372148       0.1898    0.0228924     0.134766    0.0642505     0.214322     0.119624    0.0806936
  -0.0796714      0.15898     0.306881     0.192415     0.168102    0.0314663   -0.0479269     0.165916     0.144359    0.0309718    0.0398549   0.00665202     -0.12674    0.0656924    0.0684264      0.12922     0.122182   -0.0590867   -0.0748456    -0.044251     0.159401     0.129915    0.0517618   -0.0962938     -0.15559    0.0964325     0.250973    0.0562135    0.0371194   -0.0713772   -0.0638604      0.02844      0.11284    0.0908887   0.00383553    -0.080065   -0.0964188     0.150129     0.190586      0.15369     0.105817   -0.0837298   -0.0234328    0.0225789   0.00613883   -0.0107759   -0.0916582  -0.00142332
   -0.130023     0.131721     0.327297     0.262283    0.0799646     0.127004   -0.0726361     0.183114     0.127783    0.0577749   -0.0107456     0.235386    -0.261849    0.0927426    0.0893578      0.01989    0.0534691    0.0400234   -0.0122746    -0.231948     0.184503    0.0167431   -0.0098263      0.11208    0.0415431   -0.0399068    0.0905474    -0.187553       0.1616     0.148685    0.0974479   -0.0103656     -0.11749    -0.132744     0.162355     0.112526    0.0023269     0.037012     0.115926     0.110956   -0.0111318    0.0815721     -0.17532      0.22554    0.0704923     0.207797    0.0312571    -0.223659
    0.255267     0.131956    0.0250777     0.113661    0.0142256     0.255339    0.0923455    -0.056373    0.0392789   -0.0197849  -0.00592522    0.0955245    0.0432554     0.123156   -0.0419269   -0.0036517    0.0765099    0.0486241      0.17882    0.0135047     -0.01452    0.0459094    0.0150389    0.0375405     0.191641    0.0168156    0.0359087    -0.106791   0.00661877     0.161191     0.193804    0.0399082    -0.132906    -0.112707    0.0753777     0.133138     0.152615     0.108838   -0.0461224   0.00250314   -0.0434159     0.129824    0.0924341     0.172622    -0.104976   -0.0441788     0.091225     0.068453
  -0.0450231    0.0196277     0.102131     0.148679     0.134698   -0.0106435    0.0407326    0.0943249    0.0880994     0.134867    0.0313656    0.0709529   -0.0558585    0.0259988     0.123095     0.120821     0.067555    0.0255845   -0.0404307    0.0530103    0.0138484    0.0756702    -0.050464 -0.000418119    0.0198979    0.0370952   -0.0522405    0.0522698   -0.0292946    0.0502948   -0.0149489    0.0897585     0.131947      0.11066     0.006156    0.0097269   -0.0524341    0.0494623     0.169035     0.130278   -0.0143508    0.0207249    -0.124556     0.111681     0.308277      0.17459    0.0932744    0.0235892
    0.117102    0.0556251    -0.155507   -0.0569866   -0.0106122   0.00763959     0.119278   0.00419546  -0.00796544    0.0052033  -0.00740911   -0.0177424     0.251728     0.107126   -0.0225914     0.039405    -0.115026      0.11173     0.305805    0.0938475    0.0958197    -0.180436     0.188208     0.154225     0.266874    0.0222969   -0.0503905    0.0257691     0.101032     0.142228     0.299113    -0.138049   -0.0648131   -0.0675082    0.0350278     0.088088     0.176985   -0.0255395    -0.132539   -0.0659504   0.00479579    0.0764966     0.253713    0.0313697    -0.162249    -0.097578    0.0617373     0.170318
   -0.180776    0.0669843     0.170583     0.209246    0.0965567    0.0571118   -0.0863486    -0.067534   -0.0183237     0.110459   -0.0526293      0.19141   -0.0160861  -0.00146078    0.0211568    0.0104372   -0.0462096     0.177801    -0.058435     0.168922    0.0565453    0.0788666     0.180547    0.0972716    0.0348922   0.00107045    0.0265046      0.14021      0.13244    0.0637681   -0.0296226    0.0375563    -0.051336     0.187441    0.0364331    0.0354507    0.0221508     0.207503    -0.146411    0.0693598     0.194459    0.0453614    0.0971924   -0.0415981   -0.0154726    0.0209211    0.0743928    0.0675011
   0.0024021    0.0490788     0.129184    0.0954471     0.197738    -0.089266    0.0928212     0.071186      0.12594     0.164676    0.0800596  -0.00554017   0.00812304   -0.0244961     0.122446     0.125394    0.0850867   -0.0756536    0.0139773   -0.0402739    0.0758843     0.132194    -0.183032    0.0626298    0.0958071      0.16456    -0.139157    0.0637635    0.0197385    0.0269703    0.0611487   0.00744792     0.027463    0.0499019    0.0203628     0.123601   -0.0112075    -0.202326     0.188196     0.169869    -0.047914    0.0921019    -0.202697     0.130492     0.255835     0.137366     0.216086    -0.146238
  -0.240099  -0.0985174   -0.158675  -0.0983743   -0.220297   -0.130331   -0.157815   -0.164544   -0.142579   -0.148022   -0.160452   -0.163894    -0.14624   -0.140013  -0.0753089  -0.0779804  -0.0899989  -0.0954813     -0.1762    -0.11209   -0.151044   -0.129322   -0.223196  -0.0767434  -0.0667245   -0.103467   -0.117219   -0.139003   -0.198817   -0.056506   -0.120911   -0.120537   -0.162181   -0.175536  -0.0872301   -0.146015  -0.0412081  -0.0858652   -0.112032   -0.131726   -0.103722  -0.0984548
  0.0399627   -0.359052    0.244686  -0.0560844  -0.0893239   -0.420974   0.0855953   -0.705748   -0.453135    0.122709   -0.181707     0.55169   -0.244552    0.227496     -0.4367   0.0455604   -0.192632    0.159566   -0.633129    0.186484     0.21482   0.0257364  -0.0431597  -0.0168465    0.275082    0.061344  -0.0220477   -0.758351   0.0264731   -0.135225    0.282366   0.0236635  -0.0475614   -0.806921    0.143328    0.220803    0.237193   -0.371929   0.0924413   -0.406194   -0.291545   0.0470206
   0.139409   -0.378409   -0.223413   -0.217292   -0.459181   -0.345526   0.0861085    -0.21848  0.00903499   -0.293745   -0.122631   0.0606892   -0.142713    0.327357 -0.00410802   -0.144389   -0.127815   -0.219735    0.140685    0.109551   0.0916328    0.111639   0.0498029  -0.0461835   -0.342964  -0.0197471   0.0275409    -0.13278   0.0538455   -0.533192  -0.0197806  -0.0650647  -0.0827476   0.0294121   -0.162538   0.0989932   -0.027134   -0.160967   -0.110767   -0.409047   -0.100328   -0.139464
  0.0675256  -0.0907165   -0.137962   -0.192073   -0.115778   -0.165002  -0.0984508   -0.175748  -0.0597815   -0.249753    -0.17255  -0.0436469   -0.158392   0.0205075   -0.116198   -0.149813   -0.128847   -0.159374  -0.0362819 0.000568404  -0.0563049   -0.149875  -0.0600761  -0.0969865   -0.271209   -0.140695   -0.191667  -0.0552428  -0.0186872   -0.276826   -0.101535   -0.172966   -0.225039   -0.134261   0.0139224  -0.0211173  -0.0237711  -0.0558182   -0.124179   -0.136294   -0.182013    -0.14548
  0.0937146   -0.133333   -0.125061   -0.227097   0.0427388   0.0255209   0.0679689   -0.140694  0.00222875   -0.071075 -0.00122383   -0.136775  -0.0964935    0.153308 -0.00675575   -0.330427 -0.00613771   -0.215931  -0.0159002    -0.15778  -0.0596531   -0.229325    0.112158   -0.241275   -0.175174   -0.207888   -0.135367   -0.204715   -0.123724  -0.0863301   -0.151702   -0.220106  -0.0873337   -0.199793   -0.206669   -0.206388   -0.190875    -0.24497  -0.0696402   -0.187355  -0.0394667  -0.0328034
  -0.205007  -0.0908971   -0.170964  -0.0772698   -0.146997   -0.167462   -0.156299   -0.092239   -0.180906   -0.111437   -0.137572   -0.203663    -0.10174   -0.196579  -0.0716641   -0.109447   -0.136298   -0.110042   -0.253763  -0.0870183   -0.116775  -0.0648392   -0.152184   -0.183722  -0.0912756   -0.113554  -0.0551021   -0.087177   -0.147398  -0.0887219   -0.108652   -0.162012   -0.167322   -0.136316  -0.0675399   -0.122158   -0.130696   -0.073367   -0.177709   -0.126388   -0.101379  -0.0936421
  -0.112855   -0.118434   -0.145489  -0.0809354   -0.118479   -0.123658  -0.0754422   -0.133977   -0.202855  -0.0967751   -0.131381   -0.203084   -0.168574   -0.271332    -0.14581   -0.168557   -0.119098   -0.103314   -0.310141   -0.160486   -0.208526   -0.143455   -0.114087   -0.126437  0.00903506   -0.140177  -0.0543557   -0.125007   -0.174096   0.0156502  -0.0712575   -0.142385   -0.116486   -0.172985  -0.0725571   -0.153326 -0.00956534  -0.0428157   -0.161883  -0.0734073   -0.141219  -0.0411232
   0.128648   -0.350344  -0.0940507   0.0605544   -0.272475   -0.349276   -0.110077   -0.314423    0.042154   -0.481884   -0.331115   -0.139586   -0.300902     0.25678  -0.0338274   -0.139194  -0.0957622  -0.0199467  -0.0421256    0.176552    0.235658    0.116101   0.0744388  -0.0313778   -0.221108   -0.105945   0.0358587  -0.0449709  0.00987482   -0.375814   0.0977146   -0.314668   -0.389652  -0.0910129   0.0133809    0.133142   0.0933011    0.107628   -0.139787   -0.377926  -0.0997667   -0.241076
  -0.123125   -0.106188   -0.105868  -0.0910821   -0.208286   -0.154494  -0.0893648   -0.124813  -0.0817247   -0.112649   -0.178918  -0.0656346  -0.0889801  -0.0729165  -0.0585977  -0.0704614   -0.157581   -0.133998   -0.120697  -0.0632171  -0.0714274    -0.12662   -0.131578   -0.188452   -0.323248   -0.126892   -0.238458    -0.16105   -0.135294   -0.270287  -0.0984488  -0.0818488  -0.0879627  -0.0994275   -0.178529  -0.0400574  -0.0234217     -0.1624   -0.127126   -0.167289  -0.0385626  -0.0708918
  -0.208364   -0.115651  -0.0525777   -0.044678   -0.243424   -0.162249    -0.13263   -0.015326   -0.156327   -0.290275   -0.226136   -0.125214   -0.156164   -0.102689  -0.0514912  -0.0630595   -0.160218  -0.0861444   -0.215675   0.0945522  -0.0529377   -0.122159   -0.213098   -0.121403   -0.118457   -0.083498   -0.182553   -0.188186   -0.107613   -0.167393  -0.0529407  -0.0968496   -0.136962   -0.207013   -0.110487    -0.12026   0.0179483   -0.195347  -0.0820385   -0.112152  -0.0341819  -0.0752836
  -0.161722   -0.104339   -0.136128   -0.165711   -0.106037  -0.0949562   -0.038134  -0.0946727  -0.0638312   -0.100991   -0.117854   -0.153975  -0.0661873   -0.128041  -0.0705914    -0.15663   -0.111546   -0.204092   -0.128015   -0.159789   -0.120664    -0.17336   -0.200874   -0.185171  -0.0914864  -0.0698499   -0.228513   -0.143121   -0.206006  -0.0968965   -0.185009   -0.163322  -0.0738267  -0.0477659    -0.02944   -0.182163   -0.175714   -0.113018   -0.119236  -0.0827764   -0.139044   -0.137774
  -0.188127  -0.0570764   -0.144498   -0.125054   -0.141212   -0.124465   -0.197273  -0.0948577   -0.164354   -0.124606   -0.174638   -0.168976   -0.127968   -0.229007   -0.158342   -0.117238   -0.121672  -0.0944539   -0.187925   -0.133249   -0.146286  -0.0889359   -0.241806   -0.166215  -0.0831522   -0.101459   -0.164439   -0.124182   -0.189973   -0.138405   -0.131256  -0.0749734  -0.0833177   -0.127994  -0.0723092   -0.110719  -0.0498216  -0.0973858   -0.124502  -0.0717586   -0.102327  -0.0827498
  -0.340846   -0.111149   -0.185077  -0.0239856   -0.137665    -0.12185   -0.146648   -0.206958   -0.322783  -0.0605744   -0.103435   -0.144952  -0.0108559    -0.34805   -0.176678  -0.0124355   -0.105221   -0.069852   -0.253888  -0.0354059   -0.267112  -0.0132368   -0.134739   -0.102115  -0.0307208   -0.185954  0.00141185   0.0546299   -0.249509   0.0472218  -0.0336571   -0.178473  -0.0178866   -0.173247   -0.161706   -0.163803  -0.0998956   -0.134171  -0.0275891  -0.0956402   -0.185816  -0.0252817
  -0.324678  -0.0125105  -0.0908127  -0.0862494   -0.153351  -0.0917104   -0.192712  -0.0954205   -0.186782   -0.102515   -0.167399   -0.115766   -0.130852   -0.261006   -0.110221   -0.061765  -0.0999368   -0.137391   -0.229647  -0.0685512   -0.248962   -0.116556   -0.181738   -0.145895  -0.0554291   -0.121656   -0.133616  -0.0089764   -0.215217  -0.0381368   -0.157794   -0.146124   -0.119171   -0.128784  -0.0356677   -0.215878  -0.0905541  -0.0610085   -0.126199  -0.0332806   -0.105534  -0.0732104
  -0.189654   -0.111218   -0.177652  -0.0731728  -0.0964913   -0.151516   -0.118164   -0.104956   -0.164074  -0.0962135  -0.0987558   -0.134523  -0.0713621   -0.185529   -0.209113   -0.080298   -0.160538   -0.106971    -0.15036   -0.137575   -0.131665   -0.114165   -0.190002    -0.14405   -0.116713   -0.169988  -0.0725914   -0.129111   -0.109307  -0.0976396   -0.131606   -0.189595   -0.163339   -0.173965  -0.0924096   -0.100587   -0.199566   -0.122664  -0.0959948  -0.0821935  -0.0979814   -0.116706
  -0.129201   -0.147577   -0.206089  -0.0481376   -0.100398    -0.12155   -0.121002  -0.0404521  -0.0446736  -0.0943741  -0.0874603   -0.261224  -0.0500197   -0.197136   -0.127525  -0.0822995   -0.194849   -0.176364   -0.135506  -0.0857223   -0.046847  -0.0613768   -0.139375   -0.147044   -0.274339   -0.149027   -0.122416 -0.00072117   -0.112326   -0.129337  -0.0680456   -0.119422   -0.183843  -0.0504737   -0.199984   -0.130871   -0.197837  -0.0488955   -0.217127   0.0398909   -0.120826     -0.2275
    -0.2622   -0.102382   -0.233312   -0.106186   -0.181329    -0.20231   -0.134013  -0.0492819   -0.187244   -0.049012   -0.155162   -0.155845   -0.116105    -0.30209   -0.133778  -0.0937109   -0.100956   -0.113899   -0.218312  -0.0494014   -0.139806   -0.129494   -0.248593   -0.150037   -0.101744   -0.116826  -0.0776127  -0.0451571  -0.0941432  -0.0744347  -0.0407388  -0.0847343   -0.131167   -0.177433  -0.0318117  -0.0903788  -0.0684529   -0.105488   -0.143279   -0.127815  -0.0765428  -0.0905006
    -0.2018  -0.0130198  -0.0690917   -0.109465  -0.0936803  -0.0829265   -0.257612   0.0707314   0.0242968   0.0362835    -0.11596   -0.238024  -0.0168134   -0.209639 -0.00154155  -0.0698955   -0.138767   -0.108316  -0.0397027   -0.290324   -0.113415   -0.340816   -0.287167   -0.112021   -0.180761  -0.0147158   -0.323253  -0.0748428   -0.076746  -0.0641727   -0.270374   0.0200056   -0.145852   0.0177772  -0.0538542    -0.30068   -0.170779   0.0117926   -0.248157   0.0359976  -0.0608935   -0.265271
  0.0657957   -0.177793  0.00446497  -0.0839506   -0.233003   -0.296079   0.0548833   -0.104103  -0.0979181    -0.40107   -0.111842  -0.0575725   -0.103798  -0.0323555   -0.120571   -0.168557  0.00836164   0.0607036   -0.148806    0.041722   -0.293222  -0.0307494     0.27932    -0.11861  -0.0102565   -0.241892    -0.18975  -0.0156445   -0.372856   -0.160684   0.0982455   -0.319453   -0.232103  -0.0556983   0.0590787   0.0502564  -0.0669742   -0.392562    0.116037   -0.472244   0.0189287    0.177115
   0.252385   -0.048208   -0.331989  -0.0606646   -0.014948   -0.189663    0.141337   -0.224048  -0.0310057   -0.464297   -0.181544   -0.155434    -0.11761    0.259198   -0.232638   -0.323055   0.0178633   -0.104385  -0.0120429  -0.0382489    0.132297   0.0448561  -0.0595615   0.0297248   -0.186494   -0.209693   0.0728301   -0.214907  -0.0438109   -0.354115  -0.0560304   -0.407555   -0.274079   -0.178492   0.0710243 -0.00981451    0.152569   -0.193262   -0.021263   -0.333449    0.108712   -0.212232
 -0.0869659   0.0070632  -0.0676529   -0.176299  -0.0158622   -0.104272   -0.201934  -0.0621077  -0.0649523   0.0617523  -0.0581941    -0.14959  -0.0589302   -0.300653   -0.167583    -0.22571   -0.193457    -0.23135   0.0767618   -0.397929  -0.0785868   -0.317657     -0.2417  -0.0794992  -0.0444014   -0.122257  -0.0939384   0.0249542  -0.0182654   0.0301104    -0.33598  -0.0457277  -0.0655054   0.0544753 -0.00585866   -0.198296   -0.250533  -0.0195155   -0.214801   0.0953439   -0.233637   -0.251188
  -0.329678  -0.0912777  -0.0954185   -0.141818   0.0280902  -0.0439445    -0.19001   -0.194709   -0.381482    0.231326  -0.0526719  -0.0192894  -0.0570414   -0.426874   -0.341617   0.0570795  -0.0840299   -0.196378   0.0201614   -0.450889   -0.264789   -0.233392   0.0214491   0.0251596     0.19704   -0.140423 -0.00535677   0.0234326   -0.252097    0.185334   -0.264002  -0.0545313   0.0171525   0.0704171   -0.200577    -0.32992   -0.354949  -0.0171584   -0.148091   0.0968556   -0.311542   -0.129733
 0.00656173   -0.152442   -0.193611   -0.193475   0.0228954  -0.0792667   0.0021485   -0.147529 -0.00846533   -0.101833    -0.10536   -0.123075  -0.0896857   -0.212329   -0.118898   -0.186834  -0.0783272   -0.145308  -0.0522764   -0.202482  -0.0856009   -0.124893  -0.0665314   -0.162278   -0.168284   -0.271685  -0.0633721   -0.113397  -0.0937758  -0.0790089   -0.290535  -0.0945522  -0.0656169  -0.0736853   -0.215443   -0.143648   -0.129239    -0.15147   -0.218831   0.0397454   -0.177056   -0.122286
   0.046159   -0.150109   -0.289217   -0.155464  0.00789381   0.0141925 -0.00365082  -0.0502141  -0.0552335  -0.0395395  -0.0449957   -0.197195  -0.0497879   -0.231952   -0.164009   -0.229118   -0.146618   -0.192811   0.0171478   -0.245183   -0.104198  -0.0463352   -0.126521   -0.130134   -0.146474   -0.207215  -0.0606124  -0.0557387   -0.033924  -0.0867101   -0.265704  -0.0555343  -0.0275674  -0.0972553   -0.272439   -0.157218   -0.183911  -0.0832922    -0.27246   0.0623821   -0.173732   -0.200007
  -0.400082    0.021606  -0.0922819  -0.0362174   -0.170433  -0.0814431   -0.212103  -0.0669804     -0.2875  -0.0509535   -0.182914   -0.134805    -0.10719   -0.297148    -0.13154  -0.0511878  -0.0796671  -0.0886054   -0.307733  -0.0245689   -0.300858   -0.143637   -0.304738   -0.136165 -0.00690354  -0.0545061   -0.131459  -0.0198062   -0.234372  -0.0552121   -0.157387  -0.0979415  -0.0776563     -0.1161  -0.0754055   -0.225488    0.017545   -0.135808  -0.0686457  -0.0505566  -0.0596512  -0.0223121
   -0.10001   -0.131657   -0.136921  -0.0460432  -0.0386723  -0.0764907   -0.147969   -0.157015   -0.139842   -0.163597   -0.168093   -0.230354   -0.152241    -0.21494  -0.0984755  -0.0190465   -0.184941   -0.146651  0.00896369   -0.118407   -0.245866  -0.0622315   -0.102884   -0.164858  -0.0986915   -0.206907   -0.177616  -0.0831833   -0.120311  -0.0138894   -0.199574   -0.102255   -0.129646  -0.0559277   -0.204394  -0.0611865   -0.120983   -0.114385   -0.251316   0.0148705   -0.043767   -0.197335
  -0.143441   -0.108406  -0.0333717   -0.137304   -0.203215   -0.100723    -0.10588   -0.168642    -0.18255   -0.140417   -0.158762   -0.121018  -0.0946171   -0.097063   -0.115525   -0.101539     -0.1656   -0.203258  -0.0634225   -0.102612  -0.0974985  -0.0997429   -0.181902   -0.132665   -0.172284    -0.12037   -0.203605  -0.0653965    -0.15537   -0.131258    -0.16034    -0.12826  -0.0747219   -0.105198   -0.153648  -0.0868931   -0.100542   -0.140618    -0.13213  -0.0825878   -0.105983   -0.160525
  -0.125907   -0.100836   -0.067478   -0.101747  -0.0921385  -0.0500679  -0.0416964   -0.142655  -0.0725132   -0.115201   -0.135608   -0.196721   -0.175701   -0.152206   -0.147884  -0.0783512   -0.179301   -0.205743 0.000590843   -0.103166   -0.188448   -0.117438   -0.141498   -0.161607   -0.129139   -0.158782   -0.147961   -0.106932   -0.181033  -0.0584145    -0.19733  -0.0840576    -0.11125   -0.116931    -0.15804   -0.116789   -0.142413   -0.186893   -0.201423   -0.108593  -0.0594877   -0.158867
  -0.297608  -0.0899414   -0.132936  -0.0365905   -0.272508   -0.157617   -0.170563  -0.0780633   -0.191726    -0.17851   -0.181792   -0.188931   -0.042095   -0.143568  -0.0749632   -0.029502   -0.131567 -0.00865908   -0.258188  -0.0739864   -0.111342  -0.0300629    -0.22513    -0.18932  -0.0914713  -0.0638994  -0.0669282   -0.063954   -0.175289   -0.150921  -0.0201212  -0.0517582   -0.166716   -0.219924   -0.091256    -0.14553  -0.0890629   -0.117827  -0.0868091    -0.18605  -0.0393394   -0.105982
  -0.459262   0.0552955  -0.0980619  -0.0121233  -0.0963929  -0.0704605   -0.334418  -0.0324715   -0.221543   0.0607027   -0.163221  -0.0882686    -0.08583   -0.312514   -0.124947  -0.0450302   -0.109289   -0.113989   -0.321482   -0.234157   -0.259818   -0.380481    -0.28698  -0.0138404   0.0272653 -0.00120423   -0.239558   0.0038497   -0.162786   0.0993327    -0.22607   -0.047964  -0.0477358  -0.0382222  -0.0048144    -0.40706  -0.0357513  -0.0124366  -0.0761182  -0.0646396   -0.170808  -0.0366162
  -0.345302   0.0330189   -0.123054  -0.0383739    -0.10257    -0.11779   -0.234159  -0.0947671   -0.186864   0.0827181   -0.186159   -0.101752   -0.070816   -0.278709   -0.136084  -0.0824339  -0.0440184   -0.101015   -0.108568   -0.287934   -0.260553   -0.320446   -0.206754   -0.067987   0.0579207  -0.0646039   -0.216104  -0.0824132    -0.18809    0.072992   -0.237522  -0.0364924  -0.0877399   0.0116824  -0.0379292   -0.351044    -0.10466   0.0168397  -0.0902643  -0.0589713    -0.15687    -0.10585
   0.108188   -0.376498   -0.132876   -0.276702  -0.0423634  -0.0185291   -0.331013   0.0434103  -0.0113428    -0.34151  -0.0542841  -0.0539275   -0.361309    0.272597 -0.00286383   -0.115927   -0.224756   0.0323001    0.187471  -0.0863601   -0.115579   -0.120518    0.270781   -0.207885   0.0749243  -0.0381055   0.0607786   -0.295151    0.130319   -0.188543   0.0634336  0.00449786  -0.0705154   0.0739397    -0.52272   -0.119389   -0.411097   -0.249981   0.0181864   -0.289017   -0.177749   0.0309821
 -0.0326126   -0.177469   -0.121535   -0.195815  -0.0348628   -0.133787   -0.112093   -0.197642   -0.131708  -0.0548678   -0.122255  -0.0176822  -0.0968808   -0.111679   -0.163463   -0.179688   -0.188423   -0.246092  -0.0371206   -0.132645  -0.0308083   -0.051833   -0.065323   -0.105544  -0.0531151  -0.0958064 -0.00890765   -0.171845  -0.0870114   -0.125221   -0.145112  -0.0975552  -0.0999106   -0.182853   -0.208801   -0.123094  -0.0938013   -0.108059   -0.188421  -0.0570749    -0.26956   -0.144234
   0.547533   -0.178426    0.499704   -0.459629    0.262024    0.220081    0.313409  0.00282461    0.195616     0.24578  -0.0363681    0.185813   -0.154976    0.446327  0.00822326   -0.199566  -0.0815036   -0.178882    0.409471   -0.452646    0.246255   -0.261688     0.31944   -0.487349   -0.502456   -0.123172   -0.537317   -0.852902   -0.434287   -0.768414   -0.225333     0.11943  -0.0994858    0.138383   -0.271127  -0.0542682   -0.601722   -0.297329   -0.212942  0.00903726    0.203852   -0.569697
  0.0986434   -0.254999  -0.0665719   -0.355114    0.109929  -0.0179018   -0.424354  -0.0131384  -0.0261672   -0.332062   -0.115868  0.00541359    -0.26595    0.280188  0.00816486  -0.0462013   -0.194098  -0.0369704   0.0967676  -0.0532576   -0.194544  -0.0699519    0.162008   -0.184827   0.0685302   -0.041152   0.0437344   -0.336806    0.115648   -0.111608   0.0963185    0.138521  -0.0871053  -0.0714435   -0.509512  -0.0709123   -0.406906   -0.258505  -0.0211271    -0.26664    -0.33041   0.0715485
 -0.0786099   -0.171437   -0.202539   -0.100402   -0.242425   -0.217438  -0.0542116   -0.173463   -0.100788   -0.184352   -0.160867   -0.156412   -0.150189  -0.0650362   -0.147911   -0.162891   -0.162584  -0.0705475  -0.0784471  -0.0853762  -0.0174563  -0.0642179  0.00476119  -0.0515791  -0.0310119   -0.121183  -0.0617076  -0.0534159  -0.0869446     -0.1535  -0.0275484   -0.221654   -0.236084     -0.0614  -0.0672458   -0.080734    -0.12889   -0.111797  -0.0887488   -0.251374   -0.129119    -0.15704
