no weights
   0.0755056   -0.0263829    0.0571272    0.0328925     0.118713    0.0657605    -0.056627    0.0955348    0.0257347    0.0943678    0.0932141  -0.00801741   -0.0308438    0.0668839    0.0744601    0.0566378     0.106256    0.0433667   -0.0641057    0.0675517  0.000489307    0.0549116     0.132349   -0.0723008   -0.0363944    0.0865819      0.11931     0.148105    0.0952038   -0.0523268    0.0110156     0.108395     0.104503    0.0754348    0.0433574   -0.0319175   -0.0143979     0.182642    0.0763237    0.0827313     0.153823   -0.0509356    0.0952167   -0.0845438   -0.0193473    0.0257923   -0.0545025    0.0467407
   0.0292796      0.07643    0.0556898    0.0448141     0.105082    0.0953627    0.0763782    0.0779799    0.0327766    0.0470265    0.0629919    0.0888871    0.0625284    0.0122809    0.0200333    0.0732616   -0.0189037     0.125534     0.106047    0.0796871    0.0476992  -0.00318539     0.120998    0.0989174    0.0546009    0.0730299   0.00226928    0.0667434    0.0221218     0.146742     0.118744   -0.0228365    0.0208843   0.00606044    0.0388319    0.0943192    0.0626661    0.0423515    0.0247956    0.0793868    0.0835383     0.126996    0.0569989    0.0646713    0.0892232     0.117874     0.133954    0.0914605
   0.0530697    0.0261555    0.0686196    0.0326667    0.0575865  -0.00790015  -0.00224921    0.0983831     0.052224     0.106877    0.0216711    0.0229091     0.108888    0.0585504      0.12201     0.107837    -0.031481     0.138517    0.0214347     0.127995      0.01082    0.0143156    0.0201439    0.0784428    0.0254585    0.0916488     0.143678    0.0759776   -0.0405011       0.0631    0.0421209    0.0337274     0.113601     0.156369   -0.0166985  -0.00456745  -0.00416422     0.123801    0.0664748    0.0720169    0.0934615    0.0756172     0.042882     0.119402    0.0460072    0.0512659   0.00560224    0.0953006
   0.0723078    0.0790592     0.161163    0.0878063     0.131436    0.0945271    0.0490084    0.0749411    0.0754942   0.00512163    0.0116446     0.146936    0.0197037    0.0108826    0.0271864    0.0827542    0.0334993    0.0838492    0.0706108    0.0609861     0.115657    0.0569723    0.0220231    0.0895465    0.0578167    0.0188143    0.0637108    0.0767909    0.0580602    0.0114458    0.0385796    0.0252544  -0.00977562    0.0313867   0.00723428    0.0583568    0.0749258     0.042634   0.00155931    0.0718141    0.0320546    0.0887872    0.0499508     0.144532     0.057333     0.126976     0.109708    0.0267204
    0.134747    0.0124967  0.000960223  -0.00268812     0.125865    0.0470865    0.0394474    0.0755974    0.0766359    0.0999332    0.0718091   -0.0195827    0.0995282    0.0700185    0.0960228    0.0567743    0.0811345    0.0154869     0.100669     0.125001    0.0185915   -0.0525483    0.0866626    0.0239099     0.069906    0.0999343    0.0294457     0.127322    0.0970163    0.0355654      0.10594  -0.00462218     0.153084    0.0384802    0.0917387    0.0231826   -0.0233745     0.102314    0.0221477  -0.00720881    0.0550444  -0.00319516     0.102388    0.0147688    0.0489499    0.0609627    0.0541204      0.11165
   0.0844458    0.0760513   0.00990234    0.0400224     0.119088   0.00699308    0.0626247 -0.000536488     0.080989    0.0452138    0.0852451    0.0592325     0.167628    0.0122105    0.0888138  0.000582113     0.083729     0.092599     0.037123     0.135213   -0.0016458   -0.0166243    0.0844312    0.0738926    0.0730698    0.0857047    0.0426953     0.133962    0.0322956   0.00287174     0.141452   0.00692549     0.124922     0.092504    0.0978916     0.092347    0.0494272    0.0496816    0.0810648  -0.00368847     0.107052    0.0767288     0.131501   0.00991447    0.0421721    0.0234619     0.130987    0.0475564
  -0.0271196    0.0880513     0.141434    0.0680325    0.0365714    0.0327139   -0.0122259    0.0537194    0.0909998    0.0973326    0.0477972  -0.00710593   0.00357955    0.0146188    0.0820749    0.0216409    0.0339874    -0.001851    0.0498084    0.0209906      0.10168    0.0148827    0.0908147    0.0538428  -0.00778323     0.019157     0.144383    0.0739569      0.12657   0.00159982  0.000594528     0.097657     0.064007     0.149679     0.144107    0.0153132    0.0463564     0.117165   0.00130623    0.0762733     0.192837    0.0172724      0.10618   -0.0138537    0.0290445    0.0802087     0.103763    0.0734551
   0.0691714    0.0907577  -0.00544331    0.0666576     0.100252    0.0701255     0.107678     0.047836   0.00682001    0.0196637    0.0690968    0.0270217     0.154746      0.10322   -0.0258075     0.066092    0.0573743     0.107728    0.0446586     0.134713    0.0485868     0.157691     0.134239     0.100844    0.0356054    0.0475257  -0.00724083    0.0961378    0.0610869     0.101492    0.0572281    0.0376689    0.0499422     0.108924    0.0634577    0.0634505    0.0620802   0.00716062    0.0529423    0.0998455   0.00838782     0.140179    0.0756014   -0.0163418    0.0961999    0.0424399    0.0580353    0.0779788
   0.0859207   0.00990619    0.0503445     0.095057     0.102613     0.121466    0.0722618    0.0792419   0.00565356     0.110686    0.0638274    0.0235285    0.0198902    0.0555427    0.0537749    0.0563949     0.144942    0.0469744   -0.0196795      0.10204    0.0723234     0.113973     0.122466    0.0419207    0.0141881    0.0854158    0.0656383     0.139088    0.0604103    0.0286197    0.0680402     0.134098        0.124    0.0831591    0.0485715    0.0755776     0.062464     0.122115    0.0195892    0.0561239     0.150982    0.0688298      0.06656   0.00553188   -0.0196948   -0.0327465   0.00123075    0.0845094
   0.0279039    0.0468263    0.0246963   -0.0261104   -0.0586046    0.0118139    0.0772647    0.0970282     0.074489    0.0639946     0.065647   -0.0296776       0.1477    0.0371987     0.081787    0.0700107   -0.0304101    0.0327706       0.1287    0.0921759    0.0411968   -0.0292879    0.0771376    0.0580367     0.166206  -0.00916157    0.0564697    0.0292262   0.00702396     0.052752     0.145302    0.0527985       0.1392    0.0249332   -0.0166845    0.0846833     0.109173    0.0809241    0.0564319   -0.0239573    0.0323512    0.0957965     0.134884     0.126453    0.0460423    0.0814731     0.130563     0.160772
   0.0352577    0.0549291    0.0236164    0.0773282      0.11757    0.0522999    0.0720771   0.00882608    0.0457394     0.100793    0.0999381   -0.0142635    0.0521375     0.041551     0.108922    0.0864521    0.0909949     0.053613     0.115293    0.0976983    0.0925247    0.0901044     0.096404    0.0102699     0.113178    0.0394253     0.111446    0.0793945    0.0599026   0.00567252     0.134298     0.072108    0.0931984     0.144606    0.0811194    0.0364242     0.125181    0.0210842     0.121124    0.0733724    0.0834817    0.0438419     0.130243    0.0309688    0.0973409     0.110471    0.0518507    0.0813908
   0.0443593   -0.0052335    0.0925438   0.00320097    0.0147599  -0.00729396    0.0545341    0.0697797     0.121381    0.0208553    0.0918192  -0.00613754     0.021108  -0.00318636    0.0964741    0.0607746    0.0582075    0.0780542    0.0115704     0.030801    0.0624008    0.0522363   0.00188963    0.0117235    0.0316939   0.00184922     0.143209    0.0334353   -0.0381358    0.0888828    0.0514216    0.0263309     0.166494     0.102065    0.0389513   -0.0246357    -0.015826     0.101353     0.177208     0.113133    0.0938532    0.0357084    0.0294844     0.128128    0.0632921     0.143123    0.0159793    0.0263458
   0.0268297     0.101335    0.0677479     0.106939    0.0514271     0.012828    0.0502101    0.0696754    0.0123453    0.0577656       0.0343    0.0516759      0.12258    0.0764888    0.0564543    0.0964067    0.0216316 -0.000118889    0.0710622    0.0777766    0.0944794    0.0831016    0.0576182    0.0560035     0.119094   -0.0116703    0.0209893  0.000294206    0.0849265    0.0711497    0.0809415    0.0247154     0.110265    0.0550094    0.0738808    0.0785288     0.120821     0.065403    0.0304294    0.0463755     0.109967    0.0837108    0.0889367    0.0153819     0.109469    0.0948352     0.114751    0.0823042
 -0.00926054    0.0234563    0.0837565    0.0435128    0.0167033    0.0987494   0.00935919    0.0430048    0.0796159    0.0313777     0.139986    0.0521459  -0.00349891   -0.0258664    0.0900393    0.0154708     0.206348    0.0117798    -0.118938     0.156989   -0.0100552     0.110476    0.0281207    0.0607646   -0.0352217     0.081647     0.144425    0.0571205   -0.0091499   -0.0351054   -0.0297285     0.150654     0.125732     0.118872    0.0767686   0.00409781   -0.0912603     0.173916     0.102057     0.104781      0.14962   -0.0146239   -0.0412095   -0.0515292    0.0646575   0.00920836   -0.0696443    0.0652908
   0.0867639     0.115718    0.0344079     0.105839    0.0597143    0.0283504     0.074609    0.0573579   0.00406873     0.084033    0.0603441     0.070401     0.101418    0.0425887    0.0260301    0.0789176     0.123457    0.0826341    0.0691512     0.131675     0.074812     0.128962    0.0516055     0.104424   -0.0019864    0.0425053     0.100237    0.0521345    0.0817657    0.0227838    0.0413805     0.101007     0.108386     0.138354    0.0222749     0.132078    0.0198549    0.0813865     0.058186     0.110809    0.0515293      0.10321   0.00707351    0.0297251     0.060349    -0.031395    0.0697177    0.0227164
    0.108265     0.135148     0.125308     0.104534    0.0129056   -0.0310727     0.128255    0.0227047    0.0657743    0.0548655    0.0237429    0.0914374    0.0699764  -0.00897185    0.0128409    0.0371698   -0.0225088       0.0695     0.102365     0.101866    0.0984955    0.0759605    0.0367596     0.066575    0.0441903    0.0890789    0.0723225    0.0582593    0.0373688    0.0545719    0.0989789   0.00848274     0.105326  0.000452591   -0.0373114    0.0253201    0.0321942    0.0674522     0.114169    0.0548735   -0.0263407    0.0523763    0.0702125    0.0923816      0.15035    0.0934398    0.0723049    0.0759442
   0.0165771   0.00713678    0.0620452     0.134365    0.0766403    0.0585958    0.0192006    0.0257968    0.0389162     0.141555    0.0803508    0.0958989    0.0232318    0.0787219    0.0381776    0.0290117    0.0920597    0.0432732    0.0972221    0.0877739    0.0755105    0.0676623    0.0514659    0.0647973    0.0755923    0.0354225    0.0740344      0.10648    0.0451584    0.0623568    0.0460728    0.0571467    0.0629305    0.0704035    0.0428415    0.0953101    0.0393253    0.0771302    0.0587321    0.0827913     0.137526    0.0516203    0.0303088      0.10023     0.112073    0.0921303     0.128542    0.0960691
   0.0513613    0.0822564     0.106283    0.0297119     0.126716     0.084061    0.0705882     0.103613    0.0850278     0.115583    0.0108554    0.0480513     0.104206    0.0473345    0.0330839     0.068311    0.0451365    0.0192889   -0.0173905    0.0860424     0.123934    0.0875257    0.0525337    0.0623153   0.00158646    0.0594412    0.0700471    0.0907285    0.0337469     0.052229   -0.0250725    0.0827041    0.0509775    0.0405304   -0.0148791     0.082536   -0.0194966    0.0816205    0.0750747    0.0675958    0.0093498    0.0497521    0.0386408     0.091556     0.179144     0.152203    0.0471645    0.0359288
    0.128583    0.0328369    0.0336322    0.0302902   -0.0102465  -0.00130446    0.0894059   -0.0376462   -0.0543122   0.00889777      0.16113    0.0382054     0.117518    0.0145557   0.00486678     0.100591     0.121688   0.00219505    0.0151732    0.0529608   -0.0686156    0.0487755    0.0627129    0.0183825 -0.000459078     0.102982    0.0997733    0.0773818    0.0781334   0.00235476    0.0337637    0.0750936     0.037503     0.148552    0.0138578  0.000671877  -0.00825143     0.113551    0.0469036    0.0771913     0.118764   -0.0553296     0.160242   -0.0736348    0.0199569   -0.0322179    0.0122043     0.148299
   0.0140717     0.174548     0.194458     0.132101     0.118199     0.023133      0.01682    0.0632888    0.0908032     0.059177    0.0285236    0.0356905  -0.00145995    0.0372319    0.0627679    0.0835078    0.0534721    0.0797636  -0.00159418     0.030582    0.0903078     0.140157    0.0491362     0.101543    0.0220937    0.0974153    0.0892175    0.0351953    0.0217008    0.0807865   -0.0201584     0.105868    0.0636195   0.00613529    0.0868815    -0.010703   -0.0310196    0.0404214     0.112965     0.116196    0.0866117   0.00354137   -0.0356109     0.113678     0.118008    0.0227503     0.012642   -0.0546273
   0.0882255    0.0833263    0.0950024    0.0511937    0.0258268     0.127533   -0.0308811    0.0929753     0.106223    0.0182607    0.0755736      0.04594    0.0551788    0.0246812    0.0471082    0.0573933     0.130221    0.0694095   0.00665825    0.0435698     0.121962     0.101255     0.121945   -0.0397905   -0.0166252   -0.0257904     0.110326   -0.0178904   0.00287894  -0.00642344   -0.0128257    0.0911081    0.0653318    0.0372139     0.117191   -0.0240823   0.00700712     0.156633    0.0984109  -0.00317332     0.134473    0.0189134   0.00961856    0.0411848   -0.0225069    0.0547049   -0.0151571    0.0817638
   0.0560913     0.131998     0.166954     0.124809     0.169653   0.00107009    0.0399818    0.0467138    0.0334822   -0.0018531    0.0744667    0.0218274    0.0148431    0.0193254     0.021933    0.0173497    0.0883348   -0.0146209  -0.00428078  0.000373514     0.100386      0.12449    0.0507217  -0.00492275    0.0300944     0.036352     0.148367    0.0977094    0.0328506  -0.00310636   -0.0235964    0.0133285    0.0518558    0.0672845      0.10395   -0.0248989     0.111193      0.10711     0.113184    0.0505471    0.0682113   0.00596029    0.0522376    0.0950649     0.042332     0.110813    0.0666921    0.0113443
    0.115004    0.0110596   0.00893865    0.0281006    0.0556181    0.0082803   -0.0110235    0.0349971  -0.00695737      0.13472    0.0915036    0.0176546   0.00898602   -0.0183172     0.023503    0.0752876    0.0826952   0.00518404   -0.0562362    0.0731475   -0.0454673    0.0486342  -0.00353309    -0.069591   -0.0208642    0.0625247    0.0703301     0.141223    0.0381166   -0.0513495 -0.000682076     0.139324    0.0701285     0.161562  -0.00258062   -0.0321077   -0.0284705    0.0473772    0.0794498     0.103226    0.0813937   -0.0167581    0.0880535    0.0440723    0.0270544    0.0815228    0.0720287    0.0156811
    0.105385    0.0113409     0.071075     0.128358    0.0764111     0.119514    0.0687528    0.0867882    0.0759494    0.0164791     0.047215     0.124824    0.0502826      0.10416    0.0938966     0.114159     0.111302  -0.00533316      0.10815  -0.00350818    0.0305041    0.0644866    0.0318124    0.0768829    0.0899877    0.0672077    0.0994828     0.016156    0.0203258    0.0708176    0.0431696    0.0829532    0.0512295    0.0214197    0.0513133  -0.00359114    0.0908238     0.115969     0.113187    0.0728926     0.073463    0.0220979    0.0317309    0.0889935     0.152077     0.136492    0.0881388    0.0877248
   0.0861714   -0.0213179    0.0140995  -0.00461062    0.0459359  -0.00632932    0.0603228    0.0368099    0.0466099    0.0107977    0.0319938    0.0333155    0.0534317    0.0946639    0.0824607    0.0733262    0.0484384   -0.0133331    0.0703747   -0.0118636  -0.00527247    0.0437812   -0.0621241    0.0841919   0.00583382     0.120158    0.0947222    0.0569862    0.0601576    0.0880273    0.0677874    0.0211983     0.071589    0.0509585     0.082122    0.0216052    0.0531476     -0.06288    0.0786495    0.0403333   -0.0710857     0.031517    0.0644358     0.141729     0.209478     0.155538    0.0691261    0.0264051
   0.0331591    0.0507438    0.0711374    0.0486829    0.0242448     0.101758    0.0808852     0.017405    0.0450301    -0.010623    0.0271699    0.0682237    0.0839149    0.0809538    0.0309294    0.0443792    0.0706559    0.0581415 -0.000592337     0.100736    0.0639591      0.08278    0.0308999    0.0692298    0.0697553    0.0934203      0.10148    0.0164408   -0.0262187      0.11372    -0.002321    0.0977391     0.142514    0.0350639 -0.000775746    0.0754373    0.0956932    0.0628818     0.166656    0.0718097    0.0635289    0.0750467    0.0444807    0.0854698    0.0822515     0.108815    0.0505819    0.0403489
    0.100733    0.0260903    0.0912253     0.117477     0.146251    0.0473357    0.0720716     0.071008    0.0708077   0.00283904      0.12325   0.00378403     0.049768    0.0458145    0.0830673    0.0550662     0.124132   -0.0599522    0.0883659    0.0688597   0.00632631    0.0655985    0.0225125   -0.0451531   0.00676723    0.0976194    0.0772109     0.043014     0.117832 -8.62094e-05   0.00922173     0.116871    0.0395234    -0.008426    0.0435615   -0.0338168     0.112906    0.0283797     0.104041   -0.0016749    0.0962457    0.0642801    0.0363998     0.139208     0.143135    0.0888626    0.0513663    0.0555153
     0.13698     0.107328    0.0914193     0.155561     0.110786    0.0628995     0.110233    0.0106872   -0.0150086     0.046439    0.0205234    0.0828733    0.0366817    0.0377772    0.0546698     0.106274    0.0264849  -0.00471422     0.158319   -0.0245513 -0.000503017     0.117582    0.0786425    0.0632119     0.153276    0.0552521   -0.0179664    0.0459096    0.0223395    0.0495612      0.14381    0.0307692    -0.069909    0.0201628    0.0255576     0.106429     0.148559     0.038827    0.0290398     0.109941   -0.0155979    0.0867908    0.0448267    0.0725558    0.0470736    0.0916673     0.170135    0.0608779
     0.17436     0.025739    0.0491083   0.00634791    0.0960181      0.11532     0.136539    0.0955416    0.0806464   0.00929924     0.103189    0.0543478     0.011372    0.0748065    0.0653369    0.0341343     0.152407   -0.0332369    0.0626706    0.0866332     0.104623     0.100599    0.0989999    0.0475368    0.0528943     0.107214     0.102921      0.04705    0.0351601    0.0584624    0.0253939     0.108671    0.0460132    0.0519449     0.102989    0.0595221    0.0478667    0.0952323     0.183303    0.0852583    0.0675533    0.0150554  -0.00409356    0.0857818    0.0548323    0.0217426   -0.0343957   0.00646521
    0.110803     0.063137    0.0186915    0.0486245    0.0969436    0.0540396     0.151472    0.0633051     0.051725    0.0892067    0.0481006    0.0260085     0.105652    0.0742981    0.0900933    0.0630878   0.00555669    0.0326524      0.13649   0.00733595    0.0163145   -0.0356324   -0.0382801     0.107677     0.161789     0.118081    0.0356851    0.0263366     0.116995     0.044637     0.175788  0.000934805   0.00342298    0.0513383   0.00785759     0.101601      0.05352    -0.106222    0.0391915    0.0294544   -0.0517041      0.12211    0.0650547     0.146253     0.148084     0.134973     0.154447    0.0977019
 0.000192614    0.0337568     0.134416     0.122754     0.128133     0.047396    0.0337499    0.0248004    0.0875457    0.0108358   0.00491361    0.0144822    0.0295797    0.0124535    0.0429721    0.0826178    0.0797406  -0.00446562   -0.0162719     0.103019     0.104729     0.126657     0.042672  -0.00565331    0.0149689     0.108068    0.0877062     0.063282    0.0293514    0.0484815 -0.000824591     0.110399     0.137672    0.0385868   -0.0210691     0.010758   0.00492714     0.093057    0.0971257     0.111695   -0.0217191    0.0416897   -0.0287925    0.0854552      0.15392     0.127274  0.000806531   0.00333804
   0.0825619    0.0677286    0.0111741  -0.00172668    0.0211031   -0.0399967     0.098192     0.104321    0.0549549    0.0366839     0.116017    0.0491957     0.145264    0.0905897    0.0340684    0.0381389    0.0294609    0.0706673    0.0268741     0.121715     0.102861    0.0974055    0.0427311    0.0475418    0.0619414     0.116091     0.111368     0.106392  -0.00201617    0.0801097    0.0645924    0.0191187     0.130161  -0.00663765   -0.0276406    0.0536132     0.104193    0.0928214     0.105866       0.0439    0.0224763    0.0728244    0.0538245     0.023823    0.0840557    0.0269287    0.0701651    0.0754722
   0.0122142    0.0829235    0.0123418  -0.00751085    0.0934435   -0.0448182     0.128836    0.0923492     0.116753    0.0214403     0.062035   0.00756036     0.135147    0.0623204    0.0671682    0.0809729      0.06618    0.0804397     0.115271    0.0326022    0.0708845    0.0435121    0.0117771    0.0345296    0.0882698    0.0806337    0.0539957      0.07531    0.0148136    0.0493734     0.120363     0.082023     0.121627     0.030035    0.0933451    0.0166073    0.0984979    0.0652057    0.0661753    0.0971676    0.0934015    0.0782095    0.0205307    0.0470899    0.0877076    0.0851858      0.10514    0.0922589
   0.0977336     0.025881    -0.010229    0.0688155    0.0214108    0.0646536    0.0572359  -0.00446752    -0.013791    0.0223812    0.0439713    0.0411424     0.084962   0.00413543   -0.0140874      0.12571    0.0813202     0.078515     0.107468    0.0723135   -0.0365104    0.0835522 -0.000848986   0.00294989    0.0264686    0.0962428    0.0032097     0.142057   0.00474568    0.0342502     0.076513     0.113271   -0.0250361    0.0616945    0.0536726    0.0313974     0.122538     0.142253    0.0737997    0.0786644    0.0269162    0.0614432      0.11706   -0.0412167   0.00840395  0.000924215    0.0911282     0.161039
   0.0142967    0.0545158     0.163986    0.0846139    0.0798031     0.137718     0.025847    0.0568911     0.112219    0.0385736    0.0152286     0.121248   -0.0520935    0.0173582     0.113551     0.130347   -0.0187838    0.0480947    0.0671241   -0.0265153    0.0419906    0.0199504    0.0645228    0.0209957   -0.0163564   -0.0480638    0.0967352    0.0377781     0.015407    0.0897023   0.00961377    0.0222884    0.0377266    0.0412891    0.0937067     0.136023    0.0555803     0.079464    0.0469588     0.101244   0.00914584     0.126346    0.0635317    0.0665749    0.0843969     0.111666      0.10181      0.10209
  0.00984568    0.0970714     0.183131     0.116288     0.136024    0.0693925    0.0577578      0.11847    0.0998553    0.0292208    0.0552347    0.0506204  -0.00445637    0.0727987    0.0384051     0.113045     0.112233    0.0124105    0.0267318  -0.00405123     0.113184    0.0921908    0.0649123   -0.0185544   -0.0412817      0.10349     0.156334    0.0547178    0.0385764  0.000949746    0.0455728    0.0178979    0.0859771     0.101508    0.0189303   0.00527269  -0.00644915     0.100755     0.132635     0.113934    0.0916302   0.00246247    0.0397397    0.0548855    0.0660307    0.0269246    0.0101406    0.0689519
  -0.0302414    0.0568515     0.170316     0.152656    0.0565226    0.0709661    0.0154116     0.123185    0.0662246     0.050158     0.043021     0.131527   -0.0476558    0.0996071    0.0418299    0.0237383    0.0790643     0.104266  -0.00513355   -0.0315815     0.108787    0.0667349    0.0585993    0.0667322    0.0399577    0.0385458      0.10364    0.0113455     0.103352     0.105141    0.0867994   0.00836017   -0.0119874    0.0246257     0.112743    0.0695851   0.00524817    0.0835045     0.122545    0.0745565    0.0370074    0.0613865  -0.00750728     0.151488    0.0932235     0.136261    0.0422917    -0.049051
    0.178635     0.063621    0.0818376    0.0945942    0.0231208     0.169832    0.0674505    0.0119454     0.100858    0.0319793    0.0318088     0.033827    0.0590015     0.107215    0.0275503    0.0261618    0.0864497    0.0687957     0.101546    0.0840773    0.0262361    0.0709683    0.0306823    0.0121562      0.12384     0.046623      0.10246    0.0136136   0.00457433     0.111094     0.114809    0.0272003   0.00298757   0.00349023    0.0827333    0.0799303    0.0751862      0.12496    0.0495925     0.043846   0.00640166    0.0850412    0.0825473     0.152681    0.0115614    0.0260372    0.0894756    0.0745443
   0.0178298    0.0351293     0.059425     0.134595     0.108701    0.0228204    0.0748391    0.0755804    0.0668864     0.110767    0.0361352    0.0794402   0.00700301    0.0583143     0.109281     0.108733    0.0742018    0.0681029    0.0166742    0.0756261    0.0297395    0.0688578    0.0238045   0.00699657    0.0665516    0.0292989  -0.00173662    0.0745525  -0.00600235     0.059638    0.0306427    0.0855319     0.129442      0.09918   0.00938113    0.0181225   0.00777092    0.0976206     0.128614     0.108689    0.0372092    0.0401636   -0.0241437    0.0917134     0.211661     0.106208    0.0724256    0.0847717
    0.104084    0.0679976    0.0128438    0.0311993    0.0605729     0.028898    0.0910569    0.0697969     0.058851    0.0548489    0.0724129   0.00808781      0.15801    0.0827116    0.0363058    0.0736537     0.021992    0.0480938       0.1888     0.087971     0.118197   -0.0320752     0.119928     0.115657     0.154643    0.0536399     0.060755    0.0827293    0.0929981    0.0869365     0.176227   -0.0309914   0.00434461   -0.0143218    0.0310337    0.0389463     0.103386    0.0508761   0.00906884   0.00626511    0.0186935    0.0415022     0.144011    0.0783504   -0.0203635 -0.000126121    0.0516242    0.0984785
  -0.0495683    0.0312642     0.148615     0.129865    0.0902045    0.0481221   0.00704134  -0.00827019    0.0369084    0.0930912    0.0247173     0.130531    0.0210633    0.0207864    0.0917726    0.0185872    0.0107437    0.0925594   -0.0169259     0.140324    0.0828785    0.0944501    0.0984958    0.0701534    0.0716632    0.0515782    0.0342527      0.13036     0.105998    0.0498529    0.0139614    0.0529832   0.00738733       0.1231    0.0167185    0.0216652    0.0590046     0.141392   -0.0127541    0.0525624     0.130694     0.036198    0.0832491    0.0454212    0.0745524    0.0631389    0.0831139     0.057387
   0.0277755    0.0568381     0.106758     0.087123     0.124984    -0.013028    0.0617953    0.0485316     0.101325     0.112975    0.0657944    0.0328406    0.0873456  -0.00446391     0.101285     0.109768    0.0870618    0.0250325    0.0247852    0.0228364    0.0650405     0.102059   -0.0397662    0.0561387     0.085109     0.117629  -0.00912682     0.109244    0.0206621    0.0231939    0.0480018    0.0112929    0.0778318    0.0962333    0.0190373     0.102375   0.00659712   -0.0351173     0.120112     0.129357     0.067852    0.0988146   -0.0428086     0.108366     0.148726    0.0753089     0.141466   0.00319001
   -0.15867   -0.102576   -0.142203    -0.11171   -0.167362   -0.115971   -0.132562   -0.161423   -0.119315   -0.142367   -0.147106   -0.147215   -0.145637   -0.100343  -0.0822387  -0.0830603  -0.0914987  -0.0979836   -0.124809   -0.135084    -0.11916   -0.130152    -0.17468  -0.0807928  -0.0822401   -0.110892   -0.115876   -0.153829   -0.184398  -0.0733875   -0.128866   -0.112254   -0.163776   -0.166877  -0.0993633   -0.131777  -0.0668379   -0.090178   -0.115945   -0.122762   -0.101414   -0.111295
 -0.0947259   -0.185132  -0.0195517  -0.0818052   -0.112305    -0.20541  -0.0769373   -0.281074   -0.207001  -0.0551827   -0.141564    0.109559   -0.150698  -0.0447617   -0.205595  -0.0552579    -0.13707   -0.019075   -0.264213  -0.0136294  -0.0141299  -0.0779402   -0.126451  -0.0788174   0.0106952  -0.0444682  -0.0995381   -0.298474  -0.0546418   -0.135771   0.0193891  -0.0590455  -0.0910955   -0.295164  -0.0294758  -0.0100725   0.0158813   -0.188495  -0.0569292   -0.198593   -0.160041  -0.0718929
 -0.0359868   -0.214724   -0.167141   -0.169427   -0.243046   -0.210737  -0.0280614   -0.146697  -0.0741527   -0.143308   -0.119638  -0.0407987   -0.108293   0.0597789  -0.0645034   -0.122345   -0.117188   -0.173634 -0.00105679  -0.0421724  -0.0531392  -0.0273397  -0.0633058  -0.0826009   -0.188382  -0.0699493  -0.0554192   -0.139353  -0.0518566   -0.280883   -0.105998  -0.0671568  -0.0795532  -0.0204381   -0.140927  -0.0496872   -0.100796   -0.148892   -0.120925   -0.229067   -0.100289   -0.127368
 -0.0225157   -0.102551    -0.12117   -0.175934  -0.0921053   -0.129877   -0.117524   -0.158341  -0.0954858   -0.175611   -0.146727  -0.0528603   -0.142259   -0.050002   -0.118905   -0.109852   -0.116233   -0.136731  -0.0711469  -0.0489401   -0.107903   -0.160061  -0.0725289   -0.093842   -0.167369   -0.123058   -0.171999  -0.0793254  -0.0492073    -0.19983   -0.107943   -0.122452   -0.171975   -0.132052    -0.03009  -0.0771888  -0.0628475  -0.0645834   -0.118358   -0.108944   -0.172821   -0.130079
 -0.0505105   -0.115826   -0.114763   -0.151223  -0.0383303  -0.0321744  -0.0289723   -0.129592  -0.0722779  -0.0836081  -0.0434081   -0.139595   -0.107341   0.0177837  -0.0373908   -0.204886  -0.0367511   -0.167682  -0.0694692   -0.134825  -0.0942267   -0.192427   0.0061896   -0.185023   -0.121995   -0.152667   -0.134412   -0.159123   -0.139082  -0.0788227   -0.121411   -0.171015  -0.0941308   -0.161855   -0.163168   -0.186757   -0.166011   -0.188241   -0.081783    -0.17247  -0.0686961   -0.056357
  -0.130387   -0.101346   -0.140417  -0.0923639   -0.113177   -0.141196   -0.124762   -0.101828   -0.161942  -0.0989934   -0.121217    -0.17091   -0.104712   -0.135097  -0.0727174   -0.118063   -0.130469   -0.129998   -0.180128    -0.10365   -0.107934  -0.0710942   -0.100279   -0.179014  -0.0922304   -0.118963   -0.064191   -0.103341    -0.14882  -0.0990145   -0.131821   -0.153569   -0.147657   -0.112602  -0.0862795   -0.112555   -0.139072  -0.0815262   -0.175358   -0.119648  -0.0943702   -0.101376
 -0.0922011   -0.120493   -0.124476  -0.0922168   -0.125459    -0.10616  -0.0784003  -0.0993244   -0.166372   -0.100717   -0.125964   -0.177112   -0.152579   -0.203688   -0.106396   -0.146174   -0.127665   -0.101558    -0.21566   -0.144105   -0.147412   -0.134181  -0.0972782   -0.132889  -0.0382772   -0.123151  -0.0763839   -0.135162   -0.152188  -0.0280024  -0.0865332   -0.114624   -0.109503   -0.138117  -0.0956499   -0.149056  -0.0413034  -0.0493104   -0.158134  -0.0722368    -0.12651  -0.0594858
 -0.0127315   -0.214589  -0.0707467  -0.0392256   -0.137618   -0.196397    -0.12616   -0.208321  -0.0510058   -0.242758   -0.216001   -0.118565   -0.193691   0.0298243  -0.0937268   -0.124262   -0.093611  -0.0721943  -0.0684864  0.00509635   0.0456505  -0.0183117  -0.0317155   -0.101767   -0.140962   -0.123924  -0.0487813   -0.102975  -0.0912305    -0.21556  -0.0320929   -0.185125   -0.220181  -0.0948491  -0.0675965 -0.00739466  -0.0347913 -0.00582393   -0.146775   -0.212115   -0.131542   -0.180705
  -0.135634   -0.111421   -0.108325  -0.0836848    -0.16933   -0.149885  -0.0839942   -0.134433   -0.100154   -0.079983   -0.162317  -0.0629076  -0.0899226   -0.109251  -0.0752095  -0.0715759   -0.149886   -0.127237   -0.116996  -0.0975762  -0.0941319   -0.126783  -0.0921353   -0.160398   -0.219757   -0.130572   -0.181949   -0.156754   -0.138627   -0.205355   -0.107185  -0.0862784  -0.0775591  -0.0885347   -0.168608   -0.061086  -0.0449602   -0.154244   -0.124577   -0.162881  -0.0639471  -0.0619374
  -0.168011     -0.1226  -0.0619139  -0.0591012   -0.183016   -0.134515   -0.122546  -0.0418778   -0.151659   -0.205269   -0.187635   -0.116592   -0.146499   -0.142172  -0.0734822   -0.077423   -0.149624   -0.111107   -0.167008    0.016998  -0.0679468   -0.138771   -0.161272   -0.096847  -0.0878397  -0.0856909   -0.141895   -0.168322   -0.107514   -0.120507   -0.092477  -0.0867017   -0.115016   -0.155128   -0.113315   -0.142779  -0.0234954   -0.169751  -0.0961666  -0.0866809  -0.0689111  -0.0810176
  -0.109191   -0.116003   -0.145079   -0.161983  -0.0962579   -0.109873  -0.0458096    -0.10647    -0.07064   -0.122021   -0.113417   -0.124669  -0.0758606  -0.0919329   -0.082275   -0.152278   -0.101999     -0.1701   -0.133306   -0.146566  -0.0951946   -0.144964   -0.147719    -0.16562  -0.0696275  -0.0676746   -0.179638   -0.152051   -0.170134   -0.107298   -0.142874   -0.155093  -0.0813272  -0.0638784  -0.0434087   -0.155259   -0.167399   -0.113196    -0.10342   -0.101482   -0.146243   -0.117925
  -0.107268  -0.0744474   -0.132984   -0.140075   -0.115251   -0.124481   -0.175597   -0.104967    -0.14116   -0.140262   -0.171059   -0.142024   -0.139142   -0.149811   -0.158106   -0.130638   -0.122416   -0.100154   -0.127083   -0.137382   -0.116802  -0.0839765   -0.179605   -0.156416  -0.0794248    -0.10421   -0.148696   -0.138011   -0.162127    -0.15308   -0.131978  -0.0783733  -0.0830012   -0.116885  -0.0869137   -0.090497  -0.0667415   -0.101238   -0.123674  -0.0857204   -0.117041  -0.0870771
  -0.212404   -0.122142    -0.13366  -0.0616672  -0.0988435  -0.0971566   -0.127757   -0.162178   -0.198068   -0.085955   -0.100521   -0.124249   -0.035827   -0.218585   -0.115551   -0.048847    -0.10075  -0.0700152   -0.154716  -0.0714121   -0.179153  -0.0629317  -0.0956155   -0.123925  -0.0831933   -0.158361  -0.0493027   -0.013199   -0.182911  -0.0313796  -0.0622091   -0.136282  -0.0439652   -0.129387   -0.163607   -0.157003   -0.130689   -0.133545  -0.0516513   -0.108956   -0.156835  -0.0763054
  -0.197565  -0.0475865   -0.083543   -0.120207    -0.13209   -0.104922   -0.146417   -0.105295   -0.132792   -0.132095   -0.154355   -0.084896   -0.148904   -0.139902   -0.108309  -0.0906434   -0.104608   -0.141533   -0.166846   -0.072903   -0.170183   -0.103253   -0.105216   -0.157754  -0.0933604   -0.129178   -0.123035  -0.0472632   -0.176884  -0.0880207   -0.129792   -0.145683   -0.127516   -0.131246   -0.069656   -0.165564   -0.123442  -0.0845669   -0.127831  -0.0646265   -0.105735  -0.0937372
  -0.142831   -0.111737    -0.15258  -0.0790323  -0.0937043   -0.141278   -0.102876   -0.103846   -0.145538   -0.108965  -0.0981919   -0.103576  -0.0751028   -0.120846   -0.189494  -0.0882174   -0.151832   -0.107349   -0.127782   -0.123595    -0.12239   -0.116651   -0.162721   -0.140503   -0.111667   -0.158777   -0.076393   -0.141347  -0.0958473   -0.109897   -0.130311   -0.180012   -0.153081   -0.170697  -0.0868275  -0.0902429   -0.180362    -0.12845  -0.0851644  -0.0954312  -0.0911718   -0.103643
  -0.117552   -0.142289   -0.156468  -0.0565253  -0.0996804   -0.120288  -0.0999444  -0.0613269  -0.0655418  -0.0942748  -0.0975629   -0.190165  -0.0613836   -0.136689   -0.128101  -0.0932667   -0.160719   -0.157826   -0.142585  -0.0840672     -0.0624  -0.0769874  -0.0954676   -0.127657   -0.204034   -0.128807   -0.120011  -0.0366973   -0.126202   -0.127991  -0.0591604   -0.114634   -0.161197  -0.0623248   -0.166587   -0.135664   -0.159872  -0.0738599   -0.162627 -0.00729861   -0.117626   -0.182738
  -0.155681   -0.127724    -0.18474   -0.130928   -0.136815   -0.177212   -0.109875  -0.0582492    -0.15332  -0.0641488    -0.15193   -0.120433   -0.135539   -0.199897   -0.123959   -0.105503   -0.104251   -0.129743   -0.113792  -0.0710444    -0.11032   -0.139032   -0.160772   -0.156194   -0.111445   -0.122689  -0.0844888  -0.0806845  -0.0834417   -0.109043  -0.0611824   -0.071434   -0.131271   -0.147212  -0.0658323  -0.0818206   -0.105201   -0.121582   -0.146416   -0.141214  -0.0743899   -0.113737
  -0.122858  -0.0823148  -0.0947045   -0.124188   -0.130366    -0.13476   -0.182331  -0.0116229  -0.0427596  -0.0593463   -0.133349   -0.175274  -0.0535577   -0.130202  -0.0505083  -0.0984098   -0.134644  -0.0832359  -0.0864098    -0.16794    -0.12481   -0.204192   -0.167875    -0.09601   -0.134967  -0.0534457   -0.209778   -0.114789   -0.100348   -0.106586   -0.163216  -0.0515948   -0.158296  -0.0587274  -0.0645466   -0.193504   -0.112479  -0.0536952   -0.171528  -0.0666926   -0.085706   -0.180154
 -0.0467856   -0.145654  -0.0504192   -0.108863   -0.168362   -0.197673  -0.0377398   -0.101766  -0.0839439   -0.227414   -0.120926  -0.0991403  -0.0902718   -0.110954   -0.116552   -0.143195  -0.0422335  -0.0253186   -0.121731  -0.0602686   -0.199142  -0.0974871   0.0625355   -0.109096  -0.0699391   -0.161564   -0.172881  -0.0609587   -0.242977   -0.150181  -0.0329418   -0.197989    -0.17418  -0.0489274  -0.0164607  -0.0459286   -0.101477   -0.233497 -0.00761282   -0.263221  -0.0608248   0.0356703
  0.0351894  -0.0686005   -0.210008  -0.0930403  -0.0496358   -0.148877 -0.00732625   -0.168627  -0.0938498   -0.248313   -0.153155   -0.137972   -0.116937   0.0405353   -0.188328    -0.19581  -0.0411881   -0.118572  -0.0596097   -0.118461  -0.0155811  -0.0443856   -0.110292  -0.0334039   -0.120494   -0.148289  -0.0156997   -0.184835  -0.0892455   -0.216711   -0.112779   -0.224719   -0.172713   -0.108998   -0.023623   -0.101492 0.000904001   -0.150417  -0.0623312   -0.202368  0.00650416    -0.17426
 -0.0813884  -0.0515292  -0.0770977   -0.128917   -0.100425   -0.143555   -0.147462     -0.1171    -0.11181  -0.0616403   -0.096595   -0.116542  -0.0992209   -0.193112   -0.155355   -0.184468   -0.167378   -0.154821  -0.0246764   -0.220028  -0.0752014   -0.171692   -0.166238  -0.0968351  -0.0578603   -0.125927  -0.0740779  -0.0389285  -0.0573966  -0.0509346   -0.193169  -0.0970239  -0.0947043  -0.0224185  -0.0485153   -0.117022   -0.158856  -0.0899284     -0.1471   -0.017901   -0.160238   -0.178785
  -0.195236   -0.118594  -0.0993346   -0.136356  -0.0575166   -0.076101   -0.130752   -0.163231   -0.224395   0.0529556  -0.0909527  -0.0631686  -0.0978927   -0.244054   -0.209141  -0.0121852  -0.0725589   -0.165391  -0.0245145   -0.248489    -0.15387   -0.165864  -0.0229837  -0.0217404   0.0384678   -0.118606  -0.0548445  -0.0499511   -0.173782   0.0321418   -0.174923  -0.0948562  -0.0562068  0.00499941   -0.151894   -0.192492   -0.215335  -0.0645349   -0.138347     -0.0113   -0.190198   -0.123539
 -0.0423585   -0.153043   -0.143414    -0.16813   -0.033057   -0.105163  -0.0381482   -0.138154  -0.0305217   -0.133536   -0.127565  -0.0996406   -0.105599   -0.164539   -0.102339    -0.14033  -0.0730222   -0.102713  -0.0834491   -0.147663  -0.0989133   -0.117322  -0.0735572   -0.155754   -0.156726   -0.212224  -0.0854408   -0.124007   -0.117306   -0.110813   -0.206586  -0.0939467  -0.0880343  -0.0665059   -0.169346    -0.12167   -0.104657   -0.143191   -0.175703 -0.00947046   -0.149145   -0.113205
 -0.0315384   -0.154822   -0.206046   -0.124411  -0.0713948  -0.0381449  -0.0460582  -0.0773107   -0.100293  -0.0651222    -0.08046   -0.145492  -0.0701784    -0.16886   -0.155671   -0.172786   -0.149105   -0.130969  -0.0643201   -0.161058    -0.10617  -0.0562642   -0.145662   -0.120152   -0.134557   -0.150196  -0.0915037  -0.0774031  -0.0687581    -0.11595   -0.167057  -0.0711403  -0.0629724    -0.12976   -0.185028   -0.131655   -0.129828  -0.0910486   -0.201417  -0.0111543   -0.153441   -0.172302
  -0.232638  -0.0276005  -0.0821213  -0.0834083    -0.10946  -0.0839168   -0.162303  -0.0746417   -0.202981  -0.0768511   -0.158023   -0.101464   -0.131765   -0.167653   -0.132254  -0.0843629  -0.0941949  -0.0983556   -0.181188  -0.0629012   -0.199025   -0.134224   -0.189466   -0.151027  -0.0486504  -0.0677782    -0.11561  -0.0693749   -0.171585   -0.117616   -0.151346  -0.0877439  -0.0959957  -0.0921392   -0.126101   -0.176514  -0.0493501   -0.151952   -0.091165  -0.0735005  -0.0741317  -0.0681931
 -0.0941448   -0.128055   -0.134433  -0.0571201  -0.0469554  -0.0943257   -0.141112   -0.153645   -0.140238   -0.148453   -0.156599   -0.173483   -0.136857   -0.159938   -0.100209  -0.0348009    -0.15799   -0.113357  -0.0260929   -0.120473   -0.194162  -0.0690472  -0.0829819   -0.148918   -0.088782   -0.178769   -0.159643    -0.10028  -0.0991681  -0.0364074   -0.160509   -0.104861   -0.123315  -0.0744656   -0.168195  -0.0600731   -0.111787    -0.11633   -0.196176  -0.0241843   -0.049989    -0.16959
  -0.116861    -0.11648  -0.0465634   -0.128961   -0.172737   -0.100336   -0.111273   -0.167296   -0.181034   -0.138692   -0.146106   -0.114223  -0.0957782  -0.0905191   -0.122033  -0.0961997   -0.160821   -0.169964  -0.0787426   -0.103467  -0.0804825  -0.0838545   -0.138501   -0.121676   -0.114572   -0.115939   -0.149732  -0.0739283   -0.134165   -0.114536   -0.125996   -0.118824  -0.0760872   -0.118928   -0.157088  -0.0879814   -0.104104   -0.134005   -0.125574  -0.0899273   -0.117118   -0.148645
  -0.143919   -0.095443  -0.0833739  -0.0964916   -0.103508  -0.0653856  -0.0630002   -0.140289  -0.0851917   -0.111398   -0.132728   -0.163814   -0.166692   -0.134602   -0.149594   -0.076709   -0.167269   -0.170575  -0.0480107  -0.0837583   -0.164357   -0.114324   -0.145764   -0.143072   -0.101324   -0.133407    -0.12401   -0.104994    -0.15485  -0.0599981   -0.150017  -0.0799058   -0.107366   -0.136533   -0.127022   -0.120091    -0.11206   -0.177816   -0.163463   -0.130389   -0.073191   -0.129412
  -0.208809   -0.105994   -0.108019  -0.0610125   -0.201578   -0.130435   -0.145809  -0.0921747   -0.164092    -0.15239   -0.154221   -0.158215  -0.0543978  -0.0989601  -0.0815553  -0.0456635   -0.131905  -0.0420019   -0.162364   -0.110963   -0.096008  -0.0509559   -0.166967   -0.176237  -0.0880625  -0.0777232  -0.0678845  -0.0772397   -0.156754   -0.150242  -0.0629034  -0.0515692   -0.147731   -0.170791   -0.118732   -0.145129   -0.121039   -0.104337   -0.101129   -0.155852  -0.0630716   -0.128046
    -0.2547  -0.0306711  -0.0999281  -0.0686239  -0.0912116  -0.0947067   -0.191475  -0.0637688   -0.128078  -0.0345068   -0.132661  -0.0773857   -0.108411   -0.154673   -0.115664  -0.0823016   -0.125797   -0.118783   -0.205085   -0.145013   -0.143775   -0.233874   -0.167242  -0.0602772  -0.0823836  -0.0484253   -0.193658  -0.0669192   -0.144579  -0.0162325   -0.140783  -0.0756435  -0.0775102  -0.0582682  -0.0636474   -0.230689  -0.0821271  -0.0815898  -0.0781224   -0.132361   -0.123311  -0.0709387
  -0.178862  -0.0446386   -0.149292  -0.0807786   -0.132822   -0.158428   -0.145853   -0.132849   -0.130375  -0.0261442   -0.184819  -0.0890726   -0.104679   -0.128368    -0.12026   -0.122401  -0.0654479  -0.0997968  -0.0783414   -0.155313   -0.170856   -0.185954   -0.111205   -0.105632  -0.0304037   -0.103316   -0.166565   -0.138713   -0.145861  -0.0240131    -0.13072  -0.0730256   -0.119188  -0.0452648  -0.0997266   -0.204583   -0.103588  -0.0472052   -0.081384   -0.137945   -0.136527   -0.100311
 -0.0540817   -0.231236   -0.143193    -0.15147  -0.0988917  -0.0741473   -0.186615  -0.0494691  -0.0968065    -0.16881  -0.0892886  -0.0859451    -0.22683   0.0173347  -0.0855299   -0.105851   -0.178856  -0.0390298  0.00547288   -0.122434  -0.0903207   -0.140021   0.0321794   -0.173935  -0.0211467  -0.0691538  -0.0450709     -0.2107  -0.0106339    -0.17575  -0.0530709  -0.0740625  -0.0860267  -0.0191915   -0.252555   -0.148464    -0.21906   -0.160965  -0.0516857   -0.167003    -0.11064   -0.071488
 -0.0695379   -0.158178  -0.0931736   -0.161514  -0.0740431   -0.148616   -0.116967   -0.172042   -0.129026  -0.0747849   -0.138325  -0.0504623  -0.0907496   -0.114264   -0.141277    -0.15333   -0.175739   -0.202719  -0.0611267   -0.102178  -0.0550246  -0.0641644  -0.0764047   -0.107522  -0.0677176  -0.0860422  -0.0400497    -0.15125   -0.120533   -0.135927   -0.117165  -0.0989578   -0.118688   -0.154988   -0.154775   -0.114881   -0.081731   -0.103748   -0.158701  -0.0802207     -0.2081   -0.126267
  0.0969233   -0.150479   0.0844312   -0.207344   0.0101734  0.00569464   0.0118314  -0.0716771  -0.0112723  -0.0237418  -0.0980135  -0.0389724   -0.129938   0.0455086  -0.0621689   -0.134338  -0.0943481   -0.124796   0.0658429   -0.190431 -0.00561233   -0.152919    0.016015   -0.215011   -0.206411   -0.127758   -0.210018   -0.302685   -0.210872   -0.308833   -0.134962  -0.0410839   -0.113048  -0.0125901   -0.160976    -0.10459   -0.241421   -0.161051    -0.13589  -0.0926628 -0.00735718   -0.216954
 -0.0642942   -0.138033  -0.0820105   -0.213325 -0.00471015  -0.0910515   -0.238157  -0.0869282   -0.096111     -0.2056   -0.132555  -0.0696454   -0.155561   0.0328972   -0.050835  -0.0770798   -0.138626   -0.102406   -0.048777  -0.0882597    -0.17246  -0.0966138  -0.0303084   -0.147412  -0.0387291  -0.0888354  -0.0570842   -0.195163  -0.0195507  -0.0944293  -0.0331444   0.0117676   -0.118625   -0.106497    -0.24447   -0.111141   -0.216992    -0.16577  -0.0871109   -0.177744   -0.212651  -0.0317205
 -0.0841394    -0.13834   -0.170266   -0.127207   -0.185782   -0.161943  -0.0654511   -0.133367  -0.0922984   -0.129326   -0.140588   -0.138866    -0.13188  -0.0894066    -0.12938   -0.160192   -0.164902  -0.0878551  -0.0685048   -0.113944  -0.0472662   -0.101972  -0.0335216  -0.0751831  -0.0515789   -0.123171  -0.0947359  -0.0699005   -0.080919   -0.141707  -0.0598762   -0.171466   -0.187844  -0.0607353   -0.102103   -0.108006   -0.149961   -0.124274  -0.0960513   -0.181818   -0.128258   -0.142705
