no weights
   0.0208291    -0.142847    0.0464936    0.0301049     0.178002    0.0824789    -0.241731     0.114775     0.037752     0.147904     0.306468    -0.128133    -0.135759     0.137884     0.124845     0.117754     0.297453   -0.0303472    -0.219228     0.110026    -0.045739     0.043346      0.29984    -0.238678    -0.201758     0.119511      0.26947     0.351959     0.236214    -0.232041    -0.150537     0.161614     0.234303     0.222041     0.150526    -0.167893    -0.185866     0.396161     0.117523    0.0952142     0.393313    -0.177501     0.143402    -0.329191    -0.165076    -0.112933    -0.214243    0.0424698
  -0.0676844   -0.0176175   -0.0509911    0.0197596    0.0853741     0.190148   -0.0303375  -0.00350663   -0.0441377    0.0408347   -0.0201783     0.190411     0.065755    0.0231182   -0.0339279     0.102529    -0.219428     0.221762     0.185818    0.0340906 -0.000393022    -0.256853     0.291725     0.179373     0.148918   -0.0189996    -0.242331   -0.0446554     0.113108     0.285359      0.23899    -0.286737   -0.0477983    -0.078132     0.131216     0.235918    0.0623516   -0.0382769     -0.22139   0.00776685     0.106906     0.219216     0.117147   -0.0250897    0.0607305     0.183248     0.195105     0.157769
  -0.0107377   -0.0577635    0.0083285      -0.1246    -0.151478    -0.126494    -0.191075     0.178038     0.141225      0.11767    -0.296066   -0.0322017      0.12774    0.0102024     0.186646     0.176551     -0.35226     0.315751   -0.0619591     0.193498     0.019764   -0.0558991   -0.0656797     0.127208   -0.0790175    0.0539086     0.297749     0.158718    -0.253907     0.100166   -0.0558211    -0.104598     0.312356     0.279312     -0.21838   -0.0111643    -0.181415    0.0941801    0.0608898    0.0752805   -0.0511853    0.0741118     0.115493      0.19655   -0.0115548    0.0206676   -0.0947417     0.254226
   0.0340968     0.167536     0.288272      0.20161     0.173616     0.211122   -0.0877094    0.0873249    0.0972614   -0.0108058    -0.235848     0.330702    -0.133855   -0.0235111  -0.00603295    0.0490917   -0.0971473    0.0723624       0.1109    -0.119445     0.168681  -0.00923543   -0.0730245     0.164102    0.0872716   -0.0755766    0.0144936    -0.115664    0.0727409    0.0443046    0.0607518   -0.0211459    -0.191357   -0.0939455   0.00506994    0.0701048    0.0489258   -0.0349033    -0.174899    0.0132643    -0.137945     0.111225   -0.0498511     0.300654    0.0412025     0.220876      0.14128   -0.0863527
    0.232139    -0.286613    -0.276857    -0.286068     0.118564    0.0785569   -0.0810379     0.093473    0.0862047    0.0547962     0.137569     -0.10078     0.221741    0.0947345     0.144733    0.0126972    0.0466234    0.0155853     0.129871      0.23906   -0.0143437    -0.352946      0.26615   -0.0472041     0.105464     0.181316   -0.0989165     0.224332     0.241797   -0.0578418     0.158174    -0.230255      0.34497    0.0444755     0.207627   -0.0327125     -0.18535    0.0431919   -0.0599336    -0.262061      0.10105    -0.076765     0.258098   -0.0864814    0.0852675    0.0525455   -0.0168158     0.230296
     0.12836   -0.0411854    -0.293878    -0.152202     0.122749   -0.0514971     0.084604    -0.103155   -0.0178269   -0.0182394    0.0851453    0.0372178     0.368105    0.0234731  -0.00124278   -0.0765797   0.00667537     0.211704     0.103954     0.302461   -0.0848996     -0.21189     0.213511      0.11407     0.160637     0.158721    -0.144905     0.207104    0.0882569    0.0395694     0.245172     -0.11433     0.143825     0.141649     0.146191     0.149193    0.0295938   -0.0424391   -0.0482873    -0.164105     0.143492    0.0895834     0.265126     -0.12252    -0.025311    -0.106569     0.136279     0.156023
    -0.43001    0.0904013     0.302095     0.200741   -0.0372548    -0.107322    -0.279577      0.11632     0.143824     0.194418  -0.00174971    -0.142917    -0.228068    0.0316676     0.140945    0.0359549    -0.045846   -0.0252564    -0.028021    -0.131821     0.148583    -0.208724     0.253434   -0.0690081   -0.0650599    -0.182371     0.306872     0.055152     0.296706    -0.171203   -0.0666181    0.0491735     0.115231     0.270048     0.304761    -0.114681    0.0292446     0.265449    -0.119893     0.179368     0.507578    -0.130959      0.19148    -0.152701    -0.143289      0.14252     0.132869     0.103185
   0.0815149     0.054627    -0.236071    0.0315666     0.152487    0.0593125     0.180277    -0.144873    -0.175279     0.033549    0.0785909    0.0100377      0.29291     0.121196    -0.221136      0.10252   -0.0125176     0.214392    0.0567788     0.305546   -0.0511407     0.236056     0.228754     0.165593    0.0387038     0.117468    -0.260066     0.233144    0.0263646     0.212361    0.0688764   -0.0193884   -0.0917496     0.207631    0.0463227     0.155519    0.0721145   -0.0924995   -0.0947337     0.124376   -0.0143857     0.227221     0.124988     -0.27018  -0.00471732     -0.14975    0.0878459     0.107622
    0.108669    0.0448698   -0.0523654      0.12931     0.167998      0.23785  -0.00927358   -0.0418829     -0.13313     0.126279     0.169524    0.0784653   -0.0224262     0.084498   -0.0364951    0.0717592      0.28495     0.104365     -0.13081     0.253232    0.0257163     0.266145     0.317094     0.032433   -0.0885348     0.105524    0.0686379     0.215564     0.107859    0.0453726   -0.0309172     0.244568    0.0682818     0.162861    0.0990756     0.104187   -0.0280353     0.256701   -0.0803679    0.0635508     0.278362    0.0863341     0.128465    -0.319127    -0.371547    -0.397805    -0.202322    0.0926573
  -0.0492196   -0.0543148    -0.196496    -0.343407    -0.451377   -0.0900562    0.0344437     0.193371     0.174615    -0.030748    -0.144202    -0.205604     0.232297    0.0568796     0.209784   -0.0187244    -0.341454     0.148292     0.262473    0.0831542     0.154587    -0.368767     0.141934     0.060944     0.328943    -0.150417     0.157888    -0.117498   -0.0707662     0.099899     0.319073     -0.10043     0.300137   -0.0352088    -0.108582     0.171721     0.239477   -0.0306484    0.0298102     -0.15544    0.0604568     0.138308     0.355022     0.231219    -0.107641    0.0931832     0.161507     0.389494
  -0.0374112   -0.0241814   -0.0888554   -0.0103138    0.0543066   -0.0812267     0.117643   -0.0102612    0.0284737     0.128031     0.166592    -0.210657    0.0971278    0.0655601     0.121591     0.110545     0.027854    0.0129813     0.145496     0.151929    0.0829128    0.0194768     0.150737   -0.0501668     0.156767    0.0560117     0.025983     0.129944     0.077773   -0.0350639     0.184417    0.0300708     0.107182     0.222343    0.0900094    0.0288615     0.186951   -0.0764902     0.143879    0.0977939     0.147668    0.0087985     0.205169    -0.120662    0.0726265    0.0846514    0.0925842     0.141859
  -0.0976968    -0.115823     0.033113    -0.202024    -0.307849    -0.256302  -0.00494434     0.196053     0.228616   -0.0184656     0.046949    -0.252914   -0.0372421   -0.0694854     0.177605     0.047635    -0.071705    0.0696875    -0.115419    -0.033179    0.0448252   -0.0889252    -0.154584    -0.069863     -0.11009   -0.0412727      0.29399    0.0208465    -0.192884  -0.00477047   -0.0771529   -0.0480263     0.376172     0.100666   -0.0814659    -0.158069    -0.101368     0.125675      0.40753     0.185393     0.135111   -0.0892666   0.00698186     0.159078    0.0781041     0.179949   -0.0817598    0.0744869
   -0.123158    0.0995793    0.0544949     0.133257    -0.040257   -0.0140366    0.0517718    0.0304495   -0.0352776    0.0863801   -0.0133471    0.0168125     0.107401    0.0879006    0.0352277     0.121332    -0.130408    0.0274898     0.166903     0.011075     0.119477   -0.0589604     0.183056    0.0738575     0.230555    -0.154219   -0.0914433     -0.11882     0.134053     0.127806     0.199917    -0.135384    0.0640096   -0.0155385     0.135504     0.142976      0.26059    0.0196436    -0.100674    0.0974467     0.204399     0.115591     0.169727   -0.0663324    0.0215193     0.151049     0.211625     0.144664
   -0.143837    -0.027262     0.108952  -0.00310214   -0.0293914    0.0548231    -0.167753    0.0797978     0.116672  -0.00763022     0.270332    0.0445919    -0.148803    -0.116037     0.114371   -0.0809838     0.422834   0.00228208    -0.436113      0.30557   -0.0867507     0.180088    0.0150258   -0.0242862    -0.338788     0.144549     0.335331     0.127816   -0.0193368    -0.188369    -0.349226     0.316213       0.3465     0.232949    0.0929873    -0.126689     -0.38016     0.416925     0.278643    0.0762313     0.289524    -0.143745    -0.183701     -0.18143   0.00959584    -0.137355     -0.35885   0.00786796
   0.0693195     0.246774   -0.0643585     0.146042     0.118873    0.0213866    0.0854466   -0.0719963    -0.123561    0.0977602    0.0429013     0.117353     0.108416     0.014155    -0.101802    0.0536039     0.163814     0.198891    -0.016331     0.293808   0.00192115     0.309465    0.0581854     0.185723   -0.0723467    0.0979011     0.080347     0.110079    0.0143922       0.1123   -0.0250631     0.221249     0.054432     0.203866   -0.0389692     0.236526    -0.019384    0.0993271    0.0116887     0.155797    0.0447734     0.175158   -0.0640722    -0.152264    -0.203694     -0.35203   -0.0211019   -0.0521654
    0.161182     0.251932     0.134831    0.0594778    -0.105235    -0.164116     0.206948    0.0620568     0.104641   -0.0436468    -0.227776     0.064831     0.138594    -0.118464   -0.0663669   -0.0459346    -0.208008     0.124328     0.120447     0.111558     0.150583     0.135831     -0.20143     0.126582    0.0132492     0.131879     0.126637    0.0118027    -0.176086    0.0657478    0.0809328   -0.0474007     0.114989    -0.103282    -0.256135   -0.0376586    0.0603588    -0.035723     0.210375    0.0534132    -0.237342    0.0179025    0.0519412     0.254222     0.182442    0.0836726    0.0345159    0.0851155
  -0.0997409   -0.0148918    0.0815589     0.195679    0.0988426    0.0660183    -0.100016  -0.00455925   0.00048592     0.212622   0.00873664      0.14295   -0.0571265    0.0379308  -0.00399063    0.0342664    0.0525054     0.072023     0.089456    0.0231138    0.0155718   -0.0183582     0.077638    0.0756149    0.0866219   -0.0500691    0.0201342    0.0693668     0.103645    0.0501105    0.0583078    0.0125896    0.0326357     0.102514     0.106174     0.112173   0.00816616     0.111064    -0.088266    0.0945669     0.194349    0.0467444    0.0288606    0.0961267     0.118029     0.179152     0.241353    0.0996507
    0.031408    0.0399026     0.152341    0.0178817     0.201236    0.0802628   -0.0684327     0.166559     0.147422     0.129499    -0.184995     0.106999    0.0495695   -0.0257407    0.0103492    0.0584384   -0.0476518    0.0213736    -0.117447     0.111368     0.187032     0.156407   -0.0898588    0.0794097    -0.135465     0.115218    0.0361765     0.147951   -0.0571764    0.0333236    -0.166998    0.0340945    0.0420498    0.0666359    -0.109156    0.0295158     -0.20744   -0.0317893    0.0598558   0.00135367     -0.21972    0.0408354   -0.0752448     0.191127     0.341692     0.240507    0.0536901   -0.0620287
    0.245702  -0.00531269    -0.200764   -0.0559538   -0.0941438   -0.0465736     0.162775    -0.208625    -0.247382   -0.0422174     0.376732    -0.077262     0.203231     0.051428    -0.123793     0.109359     0.291577   -0.0370466   -0.0293549     0.150452    -0.279954    0.0975839     0.174454   -0.0968744   -0.0501211     0.165307    0.0919306     0.189289     0.101246    -0.117942   -0.0120194     0.194039   -0.0375873     0.237428    0.0210149    -0.131442    0.0153078     0.279434    0.0188738    0.0883904     0.304003      -0.1824     0.392097    -0.404123    -0.266701    -0.362567    -0.167161     0.380239
   -0.151793     0.450134     0.535836     0.411915      0.34257   -0.0548102   -0.0552079     0.120554     0.144323    0.0747405   -0.0320739    0.0951827    -0.222222   -0.0557131    0.0488067    0.0531915    0.0905405  -0.00441288    -0.133509    -0.073645     0.151168     0.272327    -0.134036     0.124332    -0.120868     0.122418     0.135758   -0.0580624   0.00163388    0.0534491    -0.154117     0.171672    0.0281472   -0.0719126    0.0694208   -0.0652747    -0.135571   0.00971111     0.234898     0.208712   -0.0028201   -0.0641302    -0.351835     0.166822     0.126952    0.0211111    -0.072717    -0.394225
 -0.00979238     0.155934     0.155831    0.0223909    -0.123282     0.260413    -0.219763      0.18089     0.178136    -0.126629    0.0763219    0.0940361   -0.0786631    0.0367874     0.153156   -0.0703944      0.21143    0.0499172    -0.123639    0.0728674     0.267676    0.0400013     0.342823    -0.146439    -0.164132     -0.16445     0.373184    -0.224524    0.0272614    -0.046917    -0.169263     0.189455     0.162675   -0.0546218     0.191493   -0.0876085   -0.0876034     0.398848     0.111808    -0.119356     0.288071   -0.0325818    0.0476298    0.0548179     -0.30493    -0.118219     -0.33943     0.125694
  -0.0837915     0.352376     0.434804     0.375573     0.381768    -0.153294   -0.0062352    0.0736856    0.0530228   -0.0272081    0.0607805    -0.017338    -0.121857  -0.00249502   -0.0442856   -0.0466609      0.18709    -0.183814   -0.0737296    -0.117502     0.155663     0.188894   -0.0384465    -0.131003   -0.0932988    0.0453203     0.230689    0.0878032    0.0967426    -0.182914    -0.162967    0.0325967    0.0076989   -0.0221732     0.144752     -0.23848    0.0906479     0.141562     0.156553    0.0793905    0.0869332    -0.160412   -0.0641851     0.108783    0.0154878      0.12026    0.0194172    -0.201522
    0.135765    -0.106761   -0.0857505    -0.029466    0.0868798    -0.181968    -0.146187   0.00264389    -0.043008     0.277815    0.0846672    -0.220736   -0.0494466   -0.0814338   -0.0271386     0.133609     0.159472     -0.11408    -0.222836     0.149603     -0.22772     0.151015    -0.149519    -0.254055    -0.172345     0.142732     0.144805     0.397545   -0.0104222     -0.33548    -0.162166       0.2594     0.155652     0.427103   -0.0796844    -0.261678    -0.205433     0.088492     0.105218     0.166824     0.090494    -0.245327      0.11507   -0.0463483    0.0504373    0.0459603     0.138816    0.0599219
    0.148877    0.0350311     0.142161     0.175675    0.0341407     0.205488    0.0804176     0.107917    0.0994068    -0.031286    0.0488199     0.184918   -0.0741496     0.107543    0.0959248     0.107933     0.127804    -0.121463     0.162556    -0.222639    0.0177881    0.0125912   -0.0860537    0.0860532     0.117036     0.021011    0.0575028    -0.171412     0.039702    0.0689452    0.0767135     0.067926    -0.081417    -0.170528    0.0684103   -0.0330884     0.161412    0.0789288     0.119094    0.0780915  -0.00142497    0.0127874   -0.0428958     0.189021     0.206597     0.243218    0.0899486    0.0291232
    0.170042    -0.237416     -0.10795    -0.213808     0.043336    -0.142935    0.0475589     0.117873     0.147506    0.0242557   -0.0417634   -0.0712633    0.0290652    0.0854273     0.159912    0.0984023   -0.0421556    -0.180693    0.0855615    -0.153992   -0.0800896   -0.0774655    -0.405474    0.0674523  -0.00749083     0.255611   -0.0646132    0.0769763   0.00322377    0.0231079    0.0396678   -0.0624506    0.0974284    0.0189321    0.0144314   -0.0426469   -0.0299998    -0.433088     0.149231   -0.0818256    -0.421346    0.0128019   -0.0576002     0.334477     0.568313     0.401759     0.205525   -0.0300577
   0.0498677     0.113035    0.0216406   -0.0527299    -0.158882    0.0966127      0.14218    0.0414096    0.0958592    -0.159753   -0.0512347    0.0990189     0.100783    0.0366371    0.0164718   -0.0522576   0.00845947     0.138098   -0.0356645     0.151123    0.0976969     0.126576   -0.0880245     0.150133   0.00325519      0.12475     0.197988   -0.0845209     -0.18932     0.213911   -0.0640686     0.147552      0.19563   -0.0594566    -0.139477     0.138232     0.116744    0.0351483     0.315816    0.0356793   -0.0464536      0.15769   -0.0163017     0.170749    0.0369473    0.0239738    -0.114784    0.0535353
    0.136951    0.0839915     0.134362     0.161284     0.270216    -0.021916     0.125389    0.0883257    0.0870695   -0.0590461     0.299867    -0.127718   -0.0724088    0.0841547     0.116281   -0.0204482     0.340497    -0.427636    0.0738586   -0.0977116   -0.0466958    0.0469243    -0.133686    -0.247434   -0.0357542     0.178875    0.0163368   -0.0819456     0.206248    -0.197628   -0.0550008     0.211265   -0.0626108    -0.193524     0.103731    -0.208708     0.137422   -0.0603874     0.181839    -0.102329    0.0172658    -0.067992    -0.124264     0.211043     0.227967     0.126088    0.0433883    -0.132726
    0.246186     0.287949    0.0857777     0.351968     0.235186     0.156752     0.193429    -0.185553    -0.213826     0.118886    -0.017239     0.152141   -0.0804418    0.0714209     -0.10831     0.201882    0.0158269    -0.151173      0.30637    -0.257306    -0.156436     0.197549   -0.0421121    0.0958213     0.314572   -0.0191492    -0.296582    -0.144297    0.0298999     0.126511     0.325188     0.107557    -0.502272    -0.101011    0.0163325       0.2005     0.338174   -0.0865954    -0.206278     0.211268    -0.149709      0.13678   -0.0276565    0.0210014    -0.134327   0.00687858     0.350499   -0.0426504
    0.312004     0.071202   -0.0214856    -0.107539    0.0703528     0.234521     0.207232     0.143306     0.122373    -0.154399     0.334772    0.0526279   -0.0932457     0.132463     0.155049    -0.080056     0.362603    -0.213759  -0.00260798    0.0816674     0.213993     0.146483     0.100379   0.00465657   -0.0162077     0.209738    0.0879533    -0.140013    0.0772266    0.0771325   -0.0290492     0.228126  7.68259e-05    -0.207168     0.141214    0.0742311    0.0254302    0.0492162     0.382719   -0.0264253    0.0214854    0.0129356    -0.144264    0.0104064    -0.109463     -0.24201    -0.332104    -0.156588
    0.256965   -0.0485041    -0.149156     -0.12366      0.17644   0.00216873     0.208738    0.0807675    0.0714017     0.145257   -0.0220057   -0.0350709     0.123657    0.0999153     0.170346    0.0924091    -0.125822   -0.0931585     0.291658   -0.0741718    0.0349113    -0.157481    -0.200519     0.165921      0.35808     0.201236    -0.265735   -0.0626779     0.140462     0.098103      0.38383    -0.121561   -0.0569872   -0.0550146   0.00645649     0.205234    0.0941916    -0.546428   -0.0168381   -0.0870803    -0.351314     0.163684    0.0151853     0.221598      0.26693     0.203247     0.332438     0.032833
   -0.115614     0.142141      0.33199     0.254651     0.267977   -0.0253362   -0.0748414    0.0759921     0.169584   0.00909178   -0.0947737   -0.0397301    -0.121505    -0.067079    0.0215719     0.063443    0.0868189    -0.141438    -0.192457     0.113768     0.144949     0.302601    -0.150862   -0.0951817    -0.184731      0.18493     0.144191    0.0923687   -0.0731924   -0.0594188    -0.207813     0.156625     0.188328    0.0372791    -0.120422    -0.110386    -0.170768    0.0405128     0.228839      0.13746     -0.19717   -0.0540642     -0.27216     0.170142       0.2872     0.182668   -0.0687877    -0.205209
    0.123908    0.0509322    -0.201977    -0.267951    -0.263146    -0.218016     0.296834     0.157527     0.105253    -0.120922     0.100265    -0.110298     0.336763    0.0978199    0.0479936   -0.0620149    -0.092034     0.175843    0.0556007     0.256694     0.214426    0.0825464  -0.00342231    0.0878319    0.0561409     0.197333     0.190995     0.128955     -0.16621      0.15986     0.069876   -0.0526986     0.257017    -0.106273     -0.19042    0.0776466     0.213129  -0.00769686      0.31654    0.0186742   -0.0109155     0.120564     0.152325   0.00450892  -0.00797318    -0.151031   -0.0668472     0.169329
  -0.0691909    0.0422624    -0.128801    -0.175966   -0.0807203    -0.274426     0.300743     0.127602     0.148248   -0.0240063     0.115596    -0.184356     0.249886    0.0804072     0.117889    0.0242753   -0.0297102     0.108327     0.194183    0.0554916     0.100586   -0.0950577   -0.0323076    0.0441047     0.189483     0.110657    0.0138291    0.0582369   -0.0150468    0.0663814     0.222287    0.0317248     0.181681    0.0152135     0.068355    0.0407854     0.238867   -0.0686131     0.202011     0.120052     0.142847    0.0731782    0.0677472  0.000706821    0.0804318    0.0521563     0.134899     0.133616
    0.250483     0.065169    -0.195564    0.0830404    -0.052903    0.0853563     0.184619    -0.206514    -0.221413    0.0138712    0.0434846    0.0191078      0.21329    0.0131897    -0.237723     0.178989    0.0884769     0.155392     0.163508     0.115848    -0.262085     0.220044   -0.0471725    0.0160398    0.0402199     0.126062   -0.0621164     0.257735    -0.109158    0.0453352    0.0902908     0.216819    -0.238688     0.169092   -0.0661062   0.00702826       0.2443     0.224197   -0.0455556     0.163834    0.0368259    0.0760174       0.2979    -0.226498     -0.16662    -0.204694     0.104442      0.34108
   -0.148385    0.0773286     0.372602      0.23054  -0.00597924      0.37682    -0.260629     0.113204     0.183966    0.0705709    -0.202544      0.30288    -0.309999    0.0149931     0.195365     0.251125    -0.246612    0.0945482    0.0550837    -0.263955    0.0704602    -0.113142     0.105274    0.0942737   -0.0550547    -0.256782     0.135822    -0.186058  0.000426261     0.239881   -0.0079405   -0.0910721   -0.0289056   -0.0326004      0.08848     0.275796  -0.00516277     0.119812    -0.135282     0.120996   -0.0666308     0.265624   0.00711733     0.176515    0.0607253     0.296876    0.0867896     0.110482
   -0.152469      0.26736     0.449831     0.317871     0.235088  -0.00389718    -0.087839     0.191019     0.167908     0.027209    0.0083742   -0.0202255    -0.168234    0.0637075     0.065768     0.147032     0.110795   -0.0804855     -0.10669   -0.0765166     0.189809     0.174831     0.047098     -0.14566    -0.218198    0.0973002     0.344629    0.0861496    0.0287652    -0.109662    -0.126603    0.0213687     0.135275    0.0932446   -0.0204403    -0.138981    -0.119386     0.205354     0.219616     0.193014     0.122125    -0.123383   -0.0405417    0.0185431   -0.0271694   -0.0185835    -0.145392   -0.0482858
   -0.259529     0.196236     0.439308     0.353573    0.0892421     0.176692    -0.182085     0.217295     0.159142    0.0525939   -0.0776646      0.35224    -0.391968    0.0593732    0.0908288   -0.0184608    0.0329278    0.0952435   -0.0483031    -0.343994     0.199312   -0.0611266   -0.0255332     0.174361   0.00634171    -0.106164     0.152138     -0.28774     0.214598     0.181009    0.0631949   -0.0303489    -0.136359    -0.192637     0.206114     0.142316   -0.0354142    0.0905406    0.0839693     0.118893    0.0309784     0.107363    -0.294981     0.275022    0.0256678     0.250901   0.00183268     -0.34776
    0.350144     0.206531   -0.0516152    0.0632151    -0.069435     0.346085    0.0751155   -0.0805223     0.024409    -0.139208   -0.0885799     0.155681    0.0497364     0.134638   -0.0793653   -0.0860187    0.0602015    0.0685632     0.216564   -0.0173497   -0.0260969  -0.00594746 -0.000239302    0.0493803     0.208262   -0.0099187    0.0983209    -0.222288   -0.0384453     0.193162     0.220603    0.0754431    -0.179981    -0.233473    0.0222902     0.155212     0.183497     0.150179     -0.10052    -0.103728   -0.0925826     0.160446     0.133869     0.257385     -0.25935    -0.159929   0.00408243     0.107522
   -0.141123   -0.0128261     0.129817     0.158427     0.153489   -0.0720854   -0.0179343     0.102582    0.0995252      0.16416  -0.00728543    0.0546282   -0.0981444   -0.0332592     0.112324     0.126913    0.0245435    0.0217127     -0.11224    0.0403329   -0.0547377    0.0417556    -0.145234  -0.00398757   -0.0451497    0.0545935     -0.10187    0.0661528   -0.0625109    0.0277363   -0.0809242     0.073838     0.157832     0.173341   -0.0104004   -0.0116994      -0.1419    0.0137233     0.190262     0.144121   -0.0572857  -0.00678915     -0.21961      0.13561     0.439696     0.274002     0.133463   -0.0220265
    0.169713    0.0670355    -0.253376    -0.146058   -0.0689913    0.0238477     0.118093   0.00392168  -0.00784396   -0.0754155   -0.0605027   -0.0231361      0.33092     0.124899   -0.0223163  -0.00688932    -0.201038     0.170113     0.366936     0.122794     0.126994    -0.306612     0.265294     0.173089     0.325168   0.00458384   -0.0524135   -0.0289667    0.0940783     0.192912     0.384293    -0.210246   -0.0396985    -0.136961    0.0317398     0.125894     0.209953   -0.0499959    -0.170694    -0.146449    0.0116059    0.0874523     0.357768    0.0654391    -0.243278    -0.159848    0.0304363     0.252767
   -0.338079    0.0901137     0.234746     0.303397     0.119505    0.0846942    -0.213616   -0.0987056   -0.0447736     0.139574    -0.153144      0.29315   -0.0973761   -0.0449814   -0.0402924  -0.00476481    -0.110576     0.274958    -0.115724     0.189041    0.0699788     0.075011     0.248357     0.156379   -0.0192767   -0.0528395    0.0145618     0.135693     0.168409    0.0879959   -0.0927329    0.0294017    -0.122623     0.265417    0.0660253    0.0610301   -0.0446963     0.253786    -0.268453      0.08295     0.234693    0.0721711     0.076918    -0.118792    -0.073625    0.0169089    0.0556468    0.0417626
  -0.0834715    0.0115031     0.101807    0.0575074     0.220659    -0.248734    0.0818184    0.0889459     0.141835     0.229001     0.051943    -0.111193   -0.0279159   -0.0730813     0.123697     0.134655    0.0279739    -0.108197   -0.0378591   -0.0544999    0.0317134       0.1047    -0.328757    0.0548575    0.0671994     0.212453    -0.224489     0.104481   -0.0141476  -0.00328406    0.0372778   -0.0194616    0.0595145     0.102093      -0.0104      0.11418   -0.0732843    -0.333621     0.249762     0.214714    -0.109848    0.0528911     -0.32764     0.132165     0.360208      0.19364     0.312008    -0.254792
   -0.307458   -0.0989432    -0.182245   -0.0811669    -0.298557    -0.151545    -0.189122    -0.168475    -0.164943    -0.165857    -0.177927    -0.191901    -0.148239    -0.177839    -0.058397   -0.0680601   -0.0854448   -0.0868166    -0.234022   -0.0713039    -0.185867    -0.116327    -0.269429   -0.0691485   -0.0545497   -0.0895021    -0.112352    -0.126764    -0.210768    -0.043779    -0.102038     -0.13232    -0.162149    -0.179044   -0.0712232    -0.153913  -0.00446629   -0.0764431   -0.0989954    -0.146107   -0.0972336   -0.0768329
   0.0285918    -0.460739     0.393385   -0.0708863   -0.0678241    -0.550741     0.138397    -0.954727    -0.654003     0.270987    -0.230907     0.754898    -0.313997     0.288241    -0.628962    0.0842662    -0.264252     0.205629    -0.843923     0.213981     0.301498    0.0169943   -0.0653274   -0.0267188     0.397566    0.0932617   -0.0322432       -1.039    0.0341875    -0.128682      0.34488    0.0813693   -0.0252363      -1.0871     0.196333     0.270138     0.298259    -0.502711     0.124295     -0.49293    -0.417887    0.0770516
    0.234065    -0.654879    -0.366967    -0.364651    -0.824291    -0.579813     0.236982    -0.325637    0.0615107    -0.422327    -0.103585     0.227572    -0.160766     0.492424    0.0540799    -0.163405    -0.198777    -0.414707     0.317776     0.222531     0.205955      0.22241     0.112155   -0.0345335    -0.607274     0.041166     0.103153    -0.102006     0.153056    -0.858479    0.0137504     0.018348  -0.00232252      0.10846    -0.294317      0.20964    0.0237548    -0.198768    -0.167197    -0.618459    -0.153848    -0.171232
    0.132129   -0.0572823    -0.164348    -0.200603    -0.146654     -0.19796   -0.0710811    -0.178187   -0.0179028    -0.318498    -0.193773   -0.0471949    -0.154774    0.0511873    -0.104743    -0.203341    -0.138764    -0.199394  -0.00316196    0.0449514  -0.00859707    -0.144523   -0.0850851    -0.097129    -0.381582    -0.162632    -0.214551   -0.0159747    0.0174944    -0.342409    -0.106334    -0.229857     -0.27579    -0.133887    0.0689647    0.0281928    0.0266935   -0.0374199    -0.136623    -0.143905    -0.176429     -0.16529
    0.229856    -0.103528    -0.189276    -0.305403     0.154472     0.102858     0.212823    -0.140494    0.0856393   -0.0448426    0.0585073    -0.162422   -0.0541451     0.274714    0.0334094    -0.540514    0.0498805    -0.289911    0.0250423    -0.178326   -0.0210041    -0.275713     0.219128    -0.306592    -0.225845    -0.314988    -0.108402    -0.209717    -0.089328   -0.0269767    -0.205772    -0.328216   -0.0650286    -0.283069     -0.24438    -0.247565    -0.178339    -0.323843   -0.0329378    -0.187028     0.015458    0.0450879
   -0.261642   -0.0858833     -0.19988   -0.0651998    -0.185167    -0.193111    -0.197968   -0.0848326    -0.195122    -0.135193    -0.154197    -0.240389     -0.10361    -0.243574   -0.0677476    -0.101499    -0.144437   -0.0853347    -0.321055   -0.0621111    -0.126356   -0.0539203      -0.1959    -0.187952   -0.0920937    -0.107746    -0.043473   -0.0801489    -0.139385   -0.0813553    -0.075731    -0.170944    -0.190636    -0.157657   -0.0518094    -0.123583     -0.12208   -0.0688975    -0.175075    -0.135879    -0.106366   -0.0833508
   -0.116879    -0.115379    -0.156814    -0.068092   -0.0983972    -0.140133   -0.0522676    -0.172022    -0.244812   -0.0917961    -0.135571     -0.21699    -0.182642    -0.316033    -0.191538    -0.195237    -0.111571   -0.0941887    -0.390469    -0.163507    -0.254651    -0.140235    -0.117293    -0.120727    0.0613417    -0.163254   -0.0222778    -0.123612    -0.192776    0.0437126   -0.0455395    -0.181008    -0.126577    -0.218708   -0.0472684    -0.145931    0.0278672   -0.0442778    -0.152423   -0.0804512    -0.152915   -0.0137917
    0.151688    -0.541719    -0.103142     0.209131    -0.464548    -0.548682    -0.226318    -0.464305     0.122844    -0.694253    -0.578995      -0.2778    -0.505721     0.377314    0.0414212    -0.115631     -0.13928    0.0527849   -0.0773897     0.285208     0.397338     0.190178     0.113872   0.00787103    -0.329987    -0.083766    0.0806286    0.0472734    0.0945743      -0.5324     0.203789     -0.50948    -0.684424   -0.0824201    0.0991842     0.211376     0.197172     0.308428    -0.199777    -0.516451    -0.084246    -0.388547
   -0.120479   -0.0943964    -0.103487   -0.0954519    -0.256034    -0.152936   -0.0869029    -0.107929   -0.0503329    -0.141619    -0.190201   -0.0766063   -0.0806061   -0.0518502   -0.0324693    -0.065822    -0.163646    -0.143681    -0.119766   -0.0241508   -0.0414231    -0.119374    -0.182136    -0.216302    -0.428326    -0.117872    -0.303039    -0.157998    -0.125142     -0.33421   -0.0892166   -0.0684303   -0.0918233    -0.103322    -0.182519   -0.0117262   0.00367468    -0.164157     -0.13336    -0.158999  -0.00349904    -0.083492
   -0.248366    -0.102131   -0.0309058   -0.0273882     -0.29958    -0.176521    -0.142693    0.0173552     -0.13814    -0.375451    -0.261347    -0.140378    -0.161251   -0.0736539   -0.0174607   -0.0428451    -0.167387   -0.0522561    -0.262349     0.163623    -0.029645   -0.0961073    -0.264201    -0.146393    -0.163742   -0.0732828    -0.231254    -0.203558    -0.103189    -0.208734  -0.00400978   -0.0979053     -0.15856    -0.246431    -0.105043   -0.0863402    0.0578042    -0.219651   -0.0617161    -0.127184    0.0157407   -0.0662634
   -0.204789   -0.0956719    -0.122086    -0.166348    -0.126224   -0.0844351    -0.023425   -0.0872155   -0.0451778   -0.0853258    -0.124272    -0.183757   -0.0612477    -0.160108   -0.0520226    -0.162186    -0.117334    -0.237964    -0.120827    -0.162574    -0.135449    -0.197306    -0.247718    -0.206501    -0.134039   -0.0692868    -0.288516    -0.138656    -0.242591   -0.0970329    -0.226455    -0.171064     -0.07168   -0.0382757   -0.0141355    -0.201514    -0.173954    -0.110339    -0.135714   -0.0679243    -0.116196    -0.164046
   -0.250975   -0.0450553    -0.154777    -0.113433     -0.17451    -0.124388     -0.21699   -0.0879801    -0.185485     -0.11228    -0.179106    -0.204742    -0.121359    -0.285116    -0.155467    -0.107004      -0.1214   -0.0850316    -0.251733    -0.121761    -0.175224   -0.0896996    -0.295545    -0.178551    -0.100457    -0.100328    -0.191173    -0.121776    -0.226161    -0.132532    -0.129719   -0.0730873   -0.0865835    -0.141656   -0.0583857    -0.126217   -0.0319708   -0.0982416    -0.124614   -0.0607909   -0.0793914     -0.07984
   -0.427252    -0.115977    -0.245986     0.012092    -0.189562    -0.160773    -0.126261    -0.272033    -0.463979   -0.0567221     -0.10268    -0.144877   0.00966948    -0.429599    -0.262582      0.02159    -0.106097   -0.0695683    -0.340604    0.0399486    -0.350934    0.0851458    -0.141399   -0.0757468    0.0329408    -0.235189    0.0950233     0.107287    -0.324233     0.104152    0.0275294    -0.244245   0.00646094    -0.223201    -0.172843    -0.135646   -0.0589611    -0.147317    0.0169516   -0.0971389    -0.227731    0.0495541
   -0.417409    0.0110052    -0.100286   -0.0561833    -0.193765    -0.082828    -0.247959   -0.0927311    -0.253762   -0.0853014    -0.190499    -0.160214     -0.12208    -0.336427    -0.112431   -0.0372935   -0.0954755    -0.130336    -0.308972   -0.0473363    -0.331888    -0.126682    -0.250577    -0.136753   -0.0222427    -0.117506     -0.15425   0.00786321    -0.271662   -0.0115076     -0.19155    -0.157714    -0.120281    -0.129257  -0.00183277    -0.269541   -0.0455276   -0.0437911    -0.121113   -0.0107931   -0.0993231   -0.0489688
   -0.228191    -0.112322     -0.20002   -0.0673476   -0.0975845    -0.159042    -0.132765    -0.107746     -0.18304   -0.0859249   -0.0986203    -0.165043   -0.0694389     -0.23448    -0.230051   -0.0712895      -0.1678    -0.103028    -0.167769    -0.149557     -0.14209    -0.105624    -0.209689    -0.146727    -0.122735    -0.182161   -0.0649612    -0.123913    -0.125202    -0.089657    -0.129541    -0.198762    -0.173634    -0.175633   -0.0981744    -0.105057    -0.224576    -0.118568    -0.106979   -0.0710721    -0.106485     -0.13171
   -0.143218    -0.157184    -0.254672    -0.039575    -0.108276     -0.12223    -0.144624   -0.0229913  -0.00924458    -0.104941   -0.0820028    -0.323147   -0.0432788    -0.252383    -0.116168   -0.0694549    -0.229454     -0.19411    -0.112439   -0.0746232    -0.023341   -0.0309114    -0.175833    -0.163977    -0.356774    -0.167615      -0.1166    0.0261723   -0.0859963    -0.130696   -0.0689969    -0.121279    -0.207821   -0.0362408    -0.236961    -0.109695    -0.237723   -0.0242735    -0.280001    0.0779671    -0.121835    -0.280022
   -0.343959   -0.0824908     -0.29087   -0.0833378    -0.241362    -0.235251    -0.156905    -0.046124    -0.228078   -0.0424172    -0.160309    -0.203204    -0.100728    -0.377891    -0.146893   -0.0879128   -0.0989843   -0.0967889    -0.321955   -0.0132712    -0.171668    -0.110822    -0.322819    -0.143217    -0.100269    -0.116941   -0.0635793   -0.0253235    -0.101787    -0.049531   -0.0130619    -0.109521    -0.137138    -0.215038   0.00288754   -0.0906314   -0.0247392   -0.0945303    -0.137305    -0.119349    -0.075958   -0.0624869
   -0.310092    0.0577095   0.00526796    -0.101051   -0.0397856   -0.0121552     -0.41777     0.169675     0.202448     0.138544     -0.10602    -0.339125    0.0136367    -0.281927     0.123347   -0.0217245     -0.16838    -0.143714     0.061649    -0.484179    -0.040458    -0.580962    -0.434967    -0.175652    -0.358386    0.0698856    -0.589825   -0.0542665  0.000845654   -0.0437882    -0.430152     0.137261    -0.146946     0.103142   -0.0522774    -0.463911      -0.3001    0.0912691    -0.422395      0.12726    0.0236478    -0.477033
     0.14827    -0.178967     0.138691   -0.0555976    -0.329087    -0.423443     0.208588   -0.0441046    -0.160304    -0.625563   -0.0718399  0.000990987   -0.0940305   -0.0596636    -0.140769     -0.20471    0.0862777     0.191467    -0.241985     0.138514    -0.591529     0.031455     0.596345    -0.174136     0.150869    -0.439182    -0.256223     0.083203    -0.718225    -0.101404     0.256272    -0.547297    -0.315502   -0.0413352     0.151909     0.148665   -0.0692883    -0.721989     0.293609    -0.740665     0.152335     0.409622
    0.448591     0.117758    -0.570866    -0.012332     0.162332    -0.176789     0.345715    -0.285852    0.0158239    -0.695652    -0.219547    -0.274717   -0.0646967     0.414854    -0.375691    -0.620384      0.10975    -0.126641  -0.00128891   -0.0135442     0.269834     0.108978    -0.123511    0.0948858    -0.276358      -0.3981     0.168107     -0.27093   -0.0270099    -0.497749   -0.0723768    -0.729535    -0.436636    -0.349186     0.202544    0.0257972     0.325156    -0.294212    0.0239418    -0.453647     0.258259    -0.299315
  -0.0670779    0.0668369   -0.0570536    -0.280853    0.0960946   -0.0682091    -0.279444  -0.00835927    0.0377203     0.179056   -0.0091985     -0.17075   -0.0208932    -0.394571    -0.180784    -0.336342    -0.257177    -0.386109     0.249243    -0.622226   -0.0434701     -0.53983    -0.342547   -0.0672902      -0.0613    -0.119506    -0.125456    0.0798171    0.0917293    0.0959674    -0.511622    0.0215259   -0.0359281     0.122209    0.0632796    -0.302428    -0.401665    0.0534744    -0.345484     0.180502    -0.368838    -0.393109
   -0.435991    -0.106861   -0.0521263    -0.174583     0.139268   -0.0223105    -0.217253    -0.276901    -0.630232     0.383696  -0.00280697     0.131093   -0.0378943    -0.515769    -0.578077     0.152338    -0.110625    -0.217104    0.0799469    -0.649181    -0.384195    -0.270053     0.158362    0.0615865     0.408755    -0.191007     0.109946    0.0485101    -0.394271      0.28838    -0.314364  -0.00517853    0.0936396     0.113634     -0.32496    -0.440035    -0.582139   -0.0126168    -0.128703     0.168576    -0.514538   -0.0966849
    0.079171    -0.133651     -0.27816    -0.218031     0.104591   -0.0414216    0.0811624    -0.153242    0.0265134   -0.0530085   -0.0661116    -0.146035   -0.0556154     -0.27403    -0.145092    -0.261447   -0.0709071    -0.205954  -0.00253062    -0.263764   -0.0590236    -0.112203   -0.0643967    -0.151264    -0.174359    -0.355267 -0.000394699   -0.0863446   -0.0373162   -0.0236824    -0.385459   -0.0915601   -0.0257303   -0.0902072    -0.277924    -0.164834    -0.143845    -0.154416    -0.269887    0.0980817    -0.219024    -0.112992
    0.189413    -0.123677    -0.456939    -0.218102     0.135677    0.0919514    0.0897546   0.00294334    0.0309466   -0.0172436    0.0175381    -0.278495  -0.00700798    -0.326174    -0.171307    -0.354682    -0.132688    -0.305493     0.156375    -0.370851    -0.112881   0.00459537   -0.0953684    -0.134613    -0.173997     -0.32769    0.0373517  -0.00424837    0.0432508   -0.0305602    -0.403909   -0.0379221    0.0307644   -0.0514179    -0.447501    -0.195344    -0.280312   -0.0674727    -0.387363      0.15462     -0.21114     -0.23053
   -0.508718    0.0532659    -0.108118   0.00138111    -0.270125   -0.0907782    -0.254213   -0.0720249    -0.388729   -0.0486955    -0.224047    -0.179003   -0.0948601    -0.374252    -0.129087   -0.0303702   -0.0664836   -0.0776337    -0.444551    0.0541222    -0.401476    -0.136421    -0.396577    -0.127646    0.0222471   -0.0495256    -0.157594   0.00117782    -0.320763   -0.0259781    -0.156393    -0.133529   -0.0730105    -0.155561   -0.0271332    -0.267994     0.104689    -0.132657   -0.0303675   -0.0425027   -0.0249139    0.0364443
   -0.107509    -0.142442    -0.139918   -0.0382649   -0.0414536   -0.0681873    -0.153259    -0.162618    -0.129854    -0.188002    -0.185476    -0.273485    -0.170733    -0.255425   -0.0906482  -0.00644392    -0.209425    -0.173429    0.0406258    -0.102976    -0.284702   -0.0417087    -0.119206    -0.181915    -0.124754    -0.229631    -0.194997   -0.0765533     -0.13879   -0.0096801     -0.22695    -0.104136    -0.141955   -0.0448749     -0.24111   -0.0498754    -0.124753    -0.110862    -0.302456    0.0371503   -0.0332399    -0.229188
   -0.168017     -0.10027   -0.0197627    -0.142681    -0.245095     -0.10055   -0.0889641    -0.166496    -0.172818     -0.14034    -0.167923    -0.125644   -0.0905278    -0.111239    -0.102158    -0.104131    -0.167947    -0.239217   -0.0456282   -0.0922703     -0.10839    -0.109032    -0.220932    -0.143615    -0.241086    -0.120735     -0.26175   -0.0581886    -0.179126    -0.156116    -0.193178    -0.132408   -0.0718898   -0.0934206    -0.146522   -0.0801219   -0.0877289    -0.142247    -0.138856   -0.0725665   -0.0837889    -0.175604
   -0.109653    -0.105107   -0.0497823    -0.105966   -0.0835455   -0.0369012   -0.0135802    -0.142107   -0.0522384    -0.118367    -0.138629    -0.225597    -0.182901    -0.173596     -0.13947   -0.0766993    -0.187805     -0.23879    0.0479064    -0.116968    -0.208501    -0.111227    -0.135747    -0.181517    -0.171409    -0.180264     -0.17878    -0.107548    -0.214307   -0.0658031    -0.240687   -0.0865102    -0.115249    -0.100977     -0.18859    -0.106147    -0.171778    -0.189671    -0.240952   -0.0895494   -0.0372602     -0.19843
   -0.367015   -0.0760387    -0.152285    -0.016535    -0.346474    -0.184422    -0.196259   -0.0624305     -0.21073    -0.218929    -0.207511    -0.222659   -0.0334223    -0.180531   -0.0606653   -0.0146954     -0.13162      0.03177    -0.347241   -0.0251515    -0.121302  0.000747344    -0.276743    -0.202591   -0.0997295   -0.0493629   -0.0648065   -0.0576717    -0.188841     -0.15208     0.038046   -0.0531113    -0.188333    -0.268324   -0.0666544    -0.130614   -0.0568649    -0.136135    -0.062016    -0.218931  -0.00569047   -0.0779494
   -0.584687     0.109071   -0.0909264    0.0383414   -0.0996792   -0.0536993    -0.501302    -0.021303     -0.34975     0.124643    -0.227147   -0.0959482   -0.0919302    -0.382668    -0.148844    -0.024656    -0.105589    -0.098331    -0.484873    -0.336542    -0.376369    -0.577385    -0.380596    0.0231731     0.151316    0.0460565    -0.319334    0.0314745    -0.175515      0.15911    -0.324751   -0.0296557   -0.0403346   -0.0494751    0.0513048    -0.594141    0.0408218    0.0317995   -0.0616847   -0.0283913    -0.244253    0.0183189
   -0.484422     0.098062   -0.0498177   0.00999855   -0.0441718   -0.0697284    -0.360727   -0.0648319    -0.290243     0.184727     -0.20337    -0.109159   -0.0490989    -0.368544    -0.180073   -0.0394813   -0.0182067   -0.0958792    -0.172646    -0.489863    -0.370012    -0.539765    -0.300107   -0.0321596     0.177067   -0.0134386    -0.345198   -0.0605132    -0.282398      0.13143    -0.392159   0.00871621   -0.0662422     0.064398    0.0461534    -0.540297    -0.118177    0.0704988    -0.104615   0.00128914    -0.188601    -0.140086
    0.168482    -0.570782    -0.189729    -0.427339   -0.0387072    0.0221995    -0.565011     0.136032    0.0421132    -0.567307   -0.0359243    -0.101869     -0.56259     0.407639    0.0653341    -0.145533    -0.317018    0.0932527     0.316237   -0.0801147    -0.245344    -0.143604     0.452348    -0.277383     0.193668   -0.0364478     0.144594    -0.323725     0.230445     -0.16302     0.148278    0.0431046   -0.0779344     0.170903    -0.806429    -0.162089    -0.652706    -0.359664    0.0714203    -0.445799    -0.281252     0.136532
   0.0140546    -0.186763    -0.169378    -0.230433    0.0237432    -0.108779   -0.0913984    -0.229337    -0.136136   -0.0178018   -0.0975209    0.0266673   -0.0895637     -0.11222    -0.194647    -0.209141    -0.194443     -0.30081  -0.00407564    -0.159774   0.00890105   -0.0249643   -0.0628794   -0.0889996   -0.0318122    -0.101158    0.0460111     -0.18806   -0.0333346    -0.101234    -0.178631   -0.0835501   -0.0675005    -0.217107    -0.270584    -0.126975   -0.0949885    -0.100963    -0.215928   -0.0214748    -0.347208     -0.15365
    0.611251      -0.1934     0.641418    -0.564269     0.305761     0.243761     0.400063   -0.0124206     0.206803     0.344644   -0.0574979     0.268323     -0.17952     0.514649   -0.0140215    -0.231724    -0.106491     -0.22211     0.449627    -0.588586     0.317439    -0.344927     0.373988    -0.628098    -0.627455    -0.145983    -0.718675     -1.06194    -0.584869    -0.951233    -0.296139     0.148812    -0.128467     0.146591    -0.304848   -0.0610244    -0.731647     -0.36628    -0.280282    0.0447622     0.260276    -0.742648
    0.149623     -0.36888   -0.0795026     -0.52684     0.237344     0.040903    -0.689236    0.0282373   -0.0262965    -0.462819    -0.134226    0.0733206     -0.40143     0.403927    0.0182662   0.00710071    -0.307452    0.0122635     0.154015   -0.0459678    -0.298539   -0.0749546     0.258925    -0.247267     0.210283  -0.00560079     0.119036     -0.52051     0.217481   -0.0720668      0.20169     0.261163   -0.0628431     -0.10232    -0.767655   -0.0835814    -0.615209    -0.376674     0.018021    -0.342655    -0.545497     0.173139
  -0.0896145    -0.208725    -0.230896   -0.0517213    -0.315409    -0.289903   -0.0429716     -0.22495     -0.11308      -0.2447    -0.191249     -0.18636    -0.167468   -0.0592837    -0.168711    -0.145221    -0.148911   -0.0357151    -0.090007   -0.0488568    0.0201038   -0.0170963     0.049633   -0.0150886   0.00615054    -0.111219   -0.0139584   -0.0174848   -0.0960984    -0.156877    0.0201826    -0.292544    -0.304023   -0.0452662   -0.0144324   -0.0443841   -0.0952695   -0.0740138   -0.0720851    -0.324273    -0.123735     -0.17663
