no weights
    0.108498     -0.38316   -0.0707085   0.00643499     0.243731     0.208661    -0.358034     0.130916     0.166754     0.232552     0.634167    -0.336329    -0.255103      0.43978       0.2739     0.369647     0.397105    -0.167931    -0.171544   -0.0300515    -0.143374   -0.0967329     0.439147    -0.426378    -0.118139     0.253184     0.419236     0.642287     0.499493    -0.273372   -0.0121462     0.128807     0.270733     0.281254     0.198938   -0.0229994    -0.259574      0.53731     0.211473     0.155728     0.604185   -0.0771138     0.112974    -0.451348    -0.252225    -0.114841    -0.210025   -0.0604079
   -0.209117    -0.233892    -0.142641   -0.0647253    0.0417401     0.299099    -0.207847     0.017044   -0.0435554    0.0751226     0.122545     0.224987   -0.0290687    0.0659436    0.0115107      0.22512    -0.338482     0.253574 -0.000211098    0.0612202    0.0216649    -0.437091     0.476447     0.167447   -0.0247066   -0.0561407    -0.589812   -0.0360576     0.109324     0.502595     0.147794    -0.622323    0.0147053    -0.187836     0.200829     0.439401     -0.22755    0.0887718    -0.238953    0.0752506      0.20966     0.324246   -0.0126868     -0.19052     0.186638     0.179168     0.196566     0.121916
    0.226735    -0.172602   0.00474163    -0.207769    -0.263296    -0.169567    -0.229738     0.239391     0.169504     0.245159    -0.395806     0.286641     0.175982   -0.0150537      0.32854     0.397275    -0.479098     0.711276    -0.133218     0.209376     -0.14052   -0.0280866     -0.24856     0.499863    -0.154107     0.111438     0.394215     0.289111    -0.400468     0.336551    -0.111875    -0.164992     0.469791     0.444253    -0.280875     0.087026    -0.468726     0.234917    0.0954533     0.297328    -0.154886     0.129443     0.253386     0.280816    0.0153912    -0.131387    -0.273346       0.5793
    0.063438     0.083989     0.311686      0.20605     0.173129     0.357293    -0.198364     0.166116     0.123642   -0.0257805    -0.580123     0.624324    -0.132276     -0.13397    -0.123577    -0.190305    -0.106831     0.196459     0.124834    -0.075227     0.359191     0.079887    -0.190832     0.327967   -0.0193046   -0.0476195    0.0217037   -0.0568363     0.115795    -0.137455    -0.159314   -0.0661223    -0.384466    -0.160869    0.0175052    -0.213959   -0.0233116    -0.136398    -0.550685    -0.256135    -0.414439     0.109789    0.0518538     0.435667     0.228366     0.306502     0.196602    -0.165604
    0.415509    -0.688727    -0.526586    -0.481011   0.00933087     0.341435     -0.24992     0.122707     0.189744    0.0558318     0.291152    -0.138707       0.1314     0.216469     0.228175    0.0212942     0.106904   -0.0633462     0.236522     0.156182    -0.105539    -0.650111     0.391897    -0.123705     0.170694     0.277816   -0.0396663     0.324705     0.564523     -0.22171     0.223656    -0.580695     0.617314    -0.231923     0.369378   -0.0733657    -0.255867    0.0910665    -0.194069    -0.459686      0.17904   -0.0478975      0.42652   -0.0424259     0.193773     0.222196  -0.00380597     0.320146
    0.117882    -0.292389    -0.504623    -0.349913    0.0778002    -0.191679    0.0652607     -0.13125   -0.0247999   -0.0398803     0.139088     0.207279     0.418107    0.0386652    -0.010195    -0.188599    0.0591969     0.412449     0.109846      0.35599    -0.205807    -0.454318     0.165776     0.261654     0.238382      0.23854      -0.2455     0.288168     0.253066   -0.0111961      0.26608    -0.192638     0.227701     0.176159     0.299764     0.125864    -0.136681   -0.0315058    -0.105332    -0.288591     0.203616    0.0698272     0.290477    -0.221689   -0.0301928    -0.172547    0.0369208     0.139243
    -0.81208   -0.0168287     0.323096     0.262327   -0.0385498    -0.408576    -0.308971      0.19844     0.234635     0.330967     0.104178    -0.310597    -0.341208     0.112959     0.204625  -0.00244214   0.00512005   -0.0487696    0.0531176    -0.364928    0.0766963    -0.486745     0.133251    -0.112053    0.0532526    -0.190183     0.344693     0.181243     0.527547    -0.373006   0.00721569     0.123663      0.14701     0.548641     0.520901    -0.197956     0.199796     0.269057    -0.107191     0.298533     0.835808    -0.230123     0.296757    -0.315799   -0.0845135     0.268123     0.360013     0.261056
  0.00467699    -0.101515    -0.319198   -0.0894801    0.0321376     0.158281     0.129596     -0.29601    -0.247668  -0.00676803    0.0904224   -0.0221926     0.273989     0.276774    -0.351134     0.215787    -0.173328     0.274878     -0.16402     0.562541     0.232126      0.43529     0.465367     0.196729    -0.178082   0.00923824     -0.69671     0.425453    -0.167098      0.46197    -0.125777   -0.0856372    -0.246761     0.324934    0.0632556     0.301384    -0.224422    -0.113145     -0.22894     0.242563   -0.0998138     0.370877    0.0971442    -0.545828   0.00533772    -0.373052    0.0855792   -0.0261172
    0.138762    0.0037732   -0.0709115    0.0871472     0.121312     0.345981   -0.0663121  -0.00913899     -0.17636        0.217     0.230287    0.0879461   -0.0826451     0.128455    0.0557126     0.152535     0.319104     0.163095     -0.23166     0.444079     0.271299     0.498946     0.548636    0.0473818    -0.168447    0.0570857   -0.0619599     0.233781    0.0624072     0.163503   -0.0966903      0.37244   -0.0494055      0.25204     0.147191     0.189938     -0.24414     0.313454     -0.20655    0.0965414      0.27826      0.16947     0.245268    -0.668641    -0.651174    -0.800053    -0.395282   0.00733214
   -0.180393    -0.245786    -0.405279    -0.590296     -0.69733   -0.0789388   -0.0276062     0.288254     0.242073    0.0382068    -0.140318    -0.410568     0.173118  -0.00915171      0.38831   -0.0969122    -0.327927    0.0704657     0.315851    0.0672717    0.0989614     -0.46695     0.109033    -0.102312       0.4722    -0.248601      0.21059    -0.314322    -0.136524    0.0451317     0.406609   -0.0616936      0.55642    -0.018023    -0.162725     0.290265     0.274167   -0.0223004     0.111897    -0.284125     0.104007     0.223259     0.328426      0.32602     -0.13197     0.213184     0.230713     0.521663
   -0.178033    -0.173659    -0.167933   -0.0901802   -0.0941806    -0.158156     0.130122  -0.00681807    0.0412465     0.202642     0.343251    -0.660164    0.0166223     0.132474      0.20409      0.17727    0.0654839     -0.30849     0.182322     0.149011    0.0880602    0.0321192     0.226348    -0.403726     0.211291   -0.0247342   -0.0533947     0.118709    0.0591634    -0.247268     0.214134     0.130053    0.0816194      0.37507    0.0668427   -0.0555224     0.302524    -0.104371     0.197548     0.110744     0.268259   -0.0624721     0.335935    -0.298572    0.0714215     0.172266      0.20412     0.254692
  -0.0144576    -0.202066   0.00307973    -0.339091    -0.606114    -0.433553     0.237829     0.254028     0.169325    0.0426479     0.257992    -0.480391      0.12402    -0.207944     0.273494     0.254382   -0.0996335    0.0691865     -0.03932    -0.209143     -0.22979    -0.200594     -0.20551    -0.132259   -0.0565721    -0.218133     0.380285    -0.168381    -0.397694    0.0789666     0.034675     -0.30247     0.728352   -0.0424819    -0.154519    -0.195101    0.0280035     0.343597     0.803328     0.505169     0.366799    -0.204358   -0.0304315     0.310992     0.165902     0.422995     -0.10271     0.310261
   -0.339372    0.0188622    0.0647846    0.0672301    -0.188497    -0.115749     0.124895    0.0374762    -0.118611     0.137734     0.137328    -0.153997     0.108149    0.0294199    0.0629145     0.148641    -0.135867    -0.101289     0.108082    0.0432485     0.190421   -0.0911901     0.346255   -0.0925936     0.215704    -0.384218    -0.355568    -0.297115    0.0427684     0.138728     0.178445    -0.330453     0.192518    -0.134097     0.189933     0.142141     0.314086     0.076834   -0.0340288     0.178756     0.386831     0.074999     0.168617    -0.246624    0.0323087     0.248607     0.286954     0.179822
   -0.286933   -0.0951583     0.128471   -0.0572332    -0.018671   -0.0354273    -0.175359    0.0449567     0.124935    0.0266148      0.41782     0.112756     -0.16832    -0.195516     0.176999   -0.0863653     0.555513     0.129139    -0.627878     0.518509    -0.112525     0.267977     0.168903    0.0426801    -0.377483     0.103059     0.392591    0.0673288   0.00861118   -0.0988357    -0.393424     0.431028     0.594179     0.338324     0.271666   -0.0472184    -0.691847     0.586302     0.474832     0.214233     0.441031    -0.191433    -0.476814    -0.125486    0.0065499    -0.179476    -0.568017    -0.112318
   -0.017835     0.301654    -0.111878    0.0573835    0.0470223    -0.122655    0.0713508    -0.108473     -0.18775     0.221839   -0.0599466     0.264122    0.0638848   -0.0689315   -0.0868493    0.0578758     0.110533     0.486914     -0.17915     0.548493      0.10419     0.513029    0.0261277     0.477883    -0.140136     0.053486   -0.0340051      0.12733    -0.144194     0.388418   -0.0738758     0.435159    0.0317663     0.398028    -0.102261     0.539691    -0.288378      0.12972   -0.0148911     0.276693   -0.0291926     0.344084    -0.341621    -0.353334    -0.522079    -0.788496    -0.126937    -0.360812
    0.255067     0.421823     0.276972    0.0222026    -0.272343    -0.417929     0.393129     0.110907   -0.0221246   -0.0878142    -0.599494     0.283748     0.349378     -0.48189    -0.247302    -0.307722    -0.227012     0.356526    0.0393085     0.324593     0.314077     0.452566    -0.416177     0.280912    -0.106833    0.0499081     0.198307   -0.0566794    -0.462288   -0.0914013    -0.136122    -0.134947     0.207912    -0.245001     -0.44934    -0.433058    0.0341989    0.0121148     0.191193    0.0303895    -0.378433    -0.234047     0.198801     0.355136       0.2088    0.0293722   -0.0499085     0.179983
   -0.332383    -0.259634   -0.0662048    0.0579088  -0.00143689   -0.0259433     -0.28226     0.078034    0.0133715     0.377992   -0.0346182     0.290197    -0.220501   -0.0191461    0.0336625   -0.0840894      0.20434     0.166257  -0.00987871   -0.0797327   -0.0334069    -0.114306   -0.0777944     0.170474    0.0156504    -0.137861   -0.0503809     0.068652     0.169262    0.0126037   -0.0750027     0.144401  -0.00372228     0.235077     0.237473     0.147303   -0.0822007     0.120781    -0.289391    0.0228392     0.243605      0.13654     0.043021     0.144682     0.301461      0.31771     0.555496     0.187111
    0.178567    -0.251881   -0.0138238    -0.165433    0.0844334      0.31885    -0.215454     0.244008     0.183784     0.158577    -0.440449     0.382873    0.0751588    -0.117914   -0.0725855   -0.0830771   0.00237741     0.152436    -0.248616     0.359261     0.415311     0.445916   -0.0895604     0.192457    -0.400214     0.134121    0.0189277     0.277016    -0.154392  0.000853109    -0.514932    0.0193915   -0.0682399    0.0362181    -0.155173    -0.107871    -0.385819     -0.10144    -0.240523     -0.21432    -0.543928     0.174426    0.0543158     0.420028     0.722734      0.40847     0.211355    0.0145283
    0.528182    0.0125944    -0.163085    -0.098989    -0.203739   -0.0954363     0.298034    -0.260854    -0.361687   -0.0823673     0.560234    -0.101934     0.286826    0.0483387    -0.121279     0.223093     0.398805   -0.0559793    0.0706738    0.0326411    -0.435595    0.0547527     0.180453    -0.124986    0.0511327     0.119989     0.142773     0.184058    0.0870607    -0.176663     0.129686     0.321416    -0.109035      0.33265   -0.0247446    -0.230895     0.185998     0.392134     0.133378     0.148954     0.468378    -0.335491     0.887293    -0.581824    -0.384183    -0.391155    -0.242487     0.827481
   -0.263684     0.755489     0.849806     0.604655     0.538424    -0.270601    0.0558758     0.167018    0.0449439     0.125868   -0.0388046     0.138422    -0.132436    -0.262396    0.0646662    0.0498609     0.067921    0.0735279    -0.162958   -0.0561765     0.165108     0.298452    -0.140066     0.224839    -0.136109    0.0382906    0.0493268    -0.204401   -0.0978652     0.108577    -0.149243     0.142069    0.0946602   -0.0798186    0.0851569    -0.131952    -0.202507    0.0354678     0.317765     0.273552    0.0110459    -0.163502    -0.550465     0.114106     0.038092   -0.0633479    -0.203377    -0.675461
   0.0937826     0.172952     0.171308   -0.0639258    -0.244172     0.597545     -0.21293     0.325302     0.160949     -0.11867     0.170635    0.0899967    -0.056465    -0.112862      0.35683   -0.0856669     0.339394   -0.0784118    -0.228973     0.369766     0.625311     0.391387     0.874344    -0.350067    -0.282982    -0.431194     0.427134    -0.709719    -0.125309     0.122951    -0.288304     0.274213     0.263258    -0.251473     0.288908   -0.0281501    -0.111138     0.483216     0.178293    -0.180706     0.299509    0.0646533     0.100179     0.179172    -0.402271    -0.115687    -0.578318     0.186359
  -0.0865508     0.519564     0.638813     0.512291     0.514612    -0.527756     0.192158    0.0529566    -0.024129    -0.203373   -0.0529052   -0.0475733    0.0876984    0.0117961    -0.300561    -0.224779     0.260759    -0.259055     0.035494    -0.217415     0.332157     0.241242   -0.0877922    -0.230814    -0.167683   -0.0126534     0.281875     0.219946     0.117251     -0.47802    -0.348256     -0.19587   -0.0659087    -0.248596     0.185842    -0.774032     0.242363    0.0937506    0.0630154   -0.0371845    0.0617701    -0.389921     0.136011      0.17315    0.0480248     0.212076   0.00646556    -0.332496
    0.309848    -0.198637    -0.200071    -0.123973   0.00918701    -0.358549    -0.190807   -0.0163025   -0.0391977     0.449195    0.0230831    -0.371022    -0.114046   -0.0749035    0.0247966      0.11915     0.299887    -0.236877    -0.184386     0.103957    -0.402817     0.174066    -0.397265    -0.377475   -0.0583181     0.164208     0.328926     0.553354    0.0351353    -0.662214   -0.0969551      0.57377     0.144683      0.69134    -0.130869    -0.430956   -0.0649044   0.00557898   -0.0274002     0.145663    0.0991273    -0.418036     0.407458     0.120076     0.188637     0.200062     0.563549     0.338262
    0.300825    -0.159847    0.0141341    0.0373279    -0.201558     0.371638    0.0217107     0.149184     0.108407    -0.159568     0.205766    0.0858983    -0.161356     0.179948    0.0836693     0.165308     0.286725    -0.282581     0.241242    -0.671081    -0.278255    -0.218969    -0.291581    0.0191033   -0.0173697   -0.0168187     0.216258    -0.230088    0.0294669   -0.0613998   -0.0488616   -0.0118169    -0.156357    -0.411362    0.0327398    -0.276462     0.252254     0.161344     0.142728  -0.00282125   -0.0189713   -0.0252615   -0.0574923     0.338041     0.350304     0.450788    0.0516839    0.0852555
    0.334019    -0.432974    -0.204042    -0.304193    0.0334124    -0.105826    0.0206517    0.0734051     0.181427   -0.0191335     0.063432   -0.0273211    0.0585432     0.203817       0.2045     0.202757     0.111872    -0.261657    0.0817057     -0.37088    -0.481203    -0.225067    -0.657694   0.00572129   -0.0726554     0.357866     0.135165     0.221367    0.0368406   -0.0697887   -0.0820828   0.00725358     0.220626     0.030657   0.00752845    -0.129776    0.0344781    -0.528958     0.162252     -0.20094     -0.56253    0.0634123    -0.024767     0.647321     0.978006     0.821045     0.391851       0.1516
    0.114471    0.0213044    -0.142317    -0.312368    -0.482238     0.136278       0.2083   0.00160536     0.068557     -0.34413    -0.050056     0.301989     0.150563   -0.0383848   -0.0371041    -0.121962     0.121523     0.313711    -0.197132     0.244137    0.0487439     0.312385    -0.110625     0.275361    -0.207982    0.0172419     0.401764    -0.260106    -0.439115     0.461102    -0.317416     0.255211     0.418605    -0.165966    -0.203863     0.255704    0.0738589     0.114889     0.543436    0.0219504    -0.107454      0.35342    -0.150754     0.350531   -0.0155844    0.0238373    -0.393782     0.179622
    0.202367    0.0183792    0.0463113      0.11205     0.235713     0.021193     0.267648    0.0937032     0.104124     -0.16992      0.48361    -0.492928    0.0123195     0.282771     0.214489    -0.117355     0.602751     -1.00523     0.234935    -0.180089   -0.0344346    0.0765643   -0.0676581      -0.7439    -0.017059     0.157665    0.0912407     -0.15897     0.269728    -0.552288    -0.177696     0.295244    -0.112911    -0.389691      0.11477    -0.492999     0.458176    -0.150158    0.0409519    -0.452307   -0.0975219   -0.0814785   -0.0333117     0.370575     0.361765     0.334896     0.180423    -0.147737
    0.414706     0.333427    0.0666615     0.341761     0.181373     0.229017     0.127704    -0.175737    -0.267722     0.180099   -0.0130207   -0.0505926    -0.179093     0.137831    -0.087902     0.341058   -0.0155605    -0.381974     0.332607    -0.432607     -0.25491     0.186881    -0.272764    -0.073133     0.286229   -0.0141746    -0.449368   -0.0609928    -0.145759    0.0428463     0.361365     0.430776    -0.977556     0.180753    -0.285661      0.21855     0.410689   -0.0711425    -0.283131      0.16772    -0.258624     0.129149    0.0709222    -0.185887    -0.243519    -0.136942     0.532257   -0.0499862
    0.567617   -0.0933075    -0.218858    -0.352282   -0.0874409     0.678474     0.275081     0.193929     0.150041    -0.227388     0.589954   -0.0945219   -0.0831408     0.224995     0.283461   -0.0459261      0.51324     -0.39139   -0.0336388     0.253793     0.552273     0.398187     0.523531    -0.151167   -0.0584366     0.144938    0.0453194    -0.306052    0.0528354     0.268373    -0.032551     0.213856   -0.0137447    -0.513017     0.173302     0.238811   -0.0698741    0.0922596     0.500969   -0.0859395   0.00769802     0.187601    -0.459421    0.0126531    -0.229316    -0.384259    -0.523499    -0.570333
    0.378297    -0.183042      -0.2935    -0.265518     0.211352    0.0176465     0.106774     0.109364    0.0855192     0.280867   -0.0088467    -0.118415    0.0456352     0.113821      0.31906    0.0808401    0.0173374    -0.245998     0.342585    -0.144585    -0.139655    -0.219729     -0.39771     0.125341     0.411059     0.300276     -0.20846   0.00914105     0.229348   -0.0974741     0.380489    0.0247923    0.0826678  -0.00814865    0.0180372     0.160111     0.150756    -0.820052    -0.217125    -0.353333     -0.56712     0.211913     0.108317      0.31574     0.394521     0.306627     0.581537    0.0747719
   -0.241623     0.221589     0.442513     0.374553     0.341051     0.039585   -0.0664461    0.0501699     0.201532    -0.025493    -0.217996     -0.21229   -0.0735346   -0.0753073   -0.0403109    0.0107187    0.0777569    -0.346422    -0.283236     0.358747     0.323704     0.625001   -0.0594542     -0.34237    -0.300582     0.157986     0.148071     0.115618    -0.233886    -0.209965    -0.383124     0.144332     0.232367   -0.0479761     -0.19702    -0.296958    -0.216795  -0.00496422      0.14935    0.0815874     -0.40219    -0.104487    -0.366364     0.344338     0.509886     0.308131  -0.00377373    -0.326712
    0.149948   -0.0630221    -0.343028    -0.534804    -0.697444    -0.434964     0.603535     0.215238    0.0784195     -0.26726     0.106333    -0.112164     0.533712    0.0913214   0.00157558    -0.171074   -0.0954834     0.282969   0.00673504     0.337774     0.494005     0.269743     0.054785    0.0789511   -0.0478647     0.119413      0.27336     0.101283    -0.311847     0.225056    -0.115704    -0.271418     0.288128    -0.415518    -0.296405   -0.0691549     0.294958    0.0615224     0.494791     0.106349    0.0494312     0.123421     0.234846   -0.0332773    -0.110692    -0.254886    -0.252172     0.155597
   -0.427329   -0.0826605    -0.259871    -0.381743    -0.359325    -0.767358     0.548112     0.165945     0.128269   0.00200913     0.253835    -0.315539      0.34297    0.0827843     0.212605   -0.0818949    0.0624617     0.204615      0.24494   -0.0887189   -0.0465656    -0.281676    -0.272052    0.0434731     0.368622    0.0567295    0.0095331    0.0185495   -0.0291152   -0.0124226     0.284383    0.0866274      0.29834    0.0643361     0.100619   -0.0168015     0.324232   -0.0171317     0.393533     0.208234     0.342026   0.00375834   -0.0691933    -0.099983    0.0307582    0.0340488     0.164706     0.125427
    0.515043    0.0668448    -0.175035    0.0340946    -0.378208     0.104402     0.115145    -0.313064    -0.323914     -0.10343   -0.0793447  -0.00876631     0.105678     0.141804    -0.411549     0.305942    0.0499115     0.184505     0.186707    -0.149932    -0.378535     0.260484    -0.337036    0.0209515   -0.0732376   0.00707684   -0.0243227     0.428748    -0.358128   -0.0585431   -0.0120353     0.551378    -0.714579     0.439591    -0.329346    -0.198639     0.347674     0.316256    -0.161452     0.237304   -0.0275897   -0.0358811     0.874873    -0.527358    -0.377491    -0.395101    0.0811927     0.723643
   -0.141854    -0.138132     0.301185     0.168726    -0.153264     0.872393    -0.684269      0.17486     0.274572     0.104231    -0.119607     0.387997    -0.599492     0.164393     0.402057      0.57249    -0.357464    0.0684892    -0.105137    -0.498882      -0.1364    -0.273933     0.155715     0.122006    -0.370548    -0.316804     0.140522    -0.225484    -0.128368     0.599374    -0.230467   -0.0876727    0.0238985      0.03658    0.0271754     0.673668    -0.193919     0.183147    -0.268848    0.0415037    -0.233401     0.722333   0.00127003     0.214532     0.173601     0.404517     0.052519     0.307318
   -0.133838     0.483209     0.714166     0.539316     0.350624   -0.0320754  -0.00970424     0.226277     0.156868   -0.0491342   -0.0201881    -0.135973   -0.0632396    0.0782993   0.00733458     0.224345    0.0350273    -0.156755   -0.0675535    -0.130583     0.321979     0.283829     0.147534     -0.30179    -0.284587     0.098761     0.445722     0.165315   -0.0248645    -0.186621    -0.172737    -0.205744     0.109349   -0.0580358    -0.125069    -0.369701   -0.0891334      0.32611     0.296559     0.287944     0.163008    -0.283426    0.0451059  -0.00701608   -0.0656862   -0.0289538    -0.283026   -0.0967879
   -0.480774    0.0841865      0.34882       0.2917     0.110938     0.133386    -0.258978     0.376431     0.222497     0.152062    0.0183314     0.536043    -0.483179   -0.0471036     0.176432   -0.0773175     0.122261     0.306246   -0.0866631    -0.577255     0.108515    -0.315088   -0.0600261     0.366328    0.0272664    -0.112743     0.260291    -0.423235     0.408226      0.33137      0.11033    -0.124817   -0.0713013    -0.317419      0.37986      0.29305    -0.175264     0.240059     0.243437     0.206179     0.222031     0.196134     -0.81161     0.377451   -0.0468594     0.285169   -0.0778779    -0.779493
    0.742736     0.143814    -0.239054     -0.07292    -0.214284     0.722296    -0.132736    -0.200866    0.0565857    -0.416904    -0.147209    0.0382545   -0.0705837     0.284647    -0.274328   -0.0553148    0.0801441   -0.0800112      0.31285     -0.20993      -0.1715   -0.0659595   -0.0872296   -0.0920222     0.145706   0.00715551     0.310807    -0.157904    -0.130772     0.132876     0.243379     0.118181    -0.233469    -0.425091    -0.210976     0.157451     0.200672     0.220362    -0.106751    -0.337986     -0.24959     0.246501     0.250539     0.348949    -0.457136    -0.196385    -0.144405     0.128846
   -0.410456    -0.137767     0.100868     0.078935     0.088673    -0.196597   -0.0536443     0.123493    0.0749584     0.299543    0.0246644     0.155616    -0.113535    -0.143324     0.231302     0.107325    0.0927689    0.0867974     -0.25715    0.0736833    -0.283151    -0.071492    -0.309127     0.100691    -0.128338   -0.0526491    -0.266233   -0.0571601    -0.174644    0.0761257    -0.213902     0.260883     0.251084      0.41388     0.121262    0.0312901      -0.2301   -0.0279692     0.110277     0.157723    -0.111073    0.0269672    -0.386872     0.339395     0.857495     0.535523     0.412483    0.0925222
    0.359586    0.0409867    -0.341614    -0.233197    -0.106105    0.0886852     0.160494    0.0213633  -0.00832895    -0.182525   -0.0533154    -0.149787     0.450346        0.143   -0.0738286   0.00601105    -0.329888     0.235943     0.545973    0.0430817     0.111621    -0.503667     0.280576     0.191822     0.441085    0.0361462    -0.117781   -0.0085578    0.0725039     0.173208     0.561546    -0.510712    0.0552516    -0.344374   0.00272214    0.0280833     0.135239    0.0403968     -0.10634    -0.169557     0.024794   -0.0108333     0.438789   0.00477782    -0.410178    -0.335501    -0.195346     0.217271
   -0.605402    -0.030176     0.236844     0.261929     0.149104     -0.13181    -0.275529    -0.102741   -0.0729782     0.239666    -0.328102     0.718474    -0.124456    -0.144913    -0.137772    -0.245033   -0.0290873     0.663108    -0.279017     0.465104     0.324082     0.259598     0.256178     0.499907   -0.0753186   -0.0267852   -0.0944446     0.325128     0.286884     0.112956    -0.278938     0.304774    -0.371592     0.678824     0.192725     0.096557    -0.246867     0.238096    -0.471948    0.0248707     0.263954      0.15424     0.186268     -0.35594    -0.093639    -0.141751    0.0726251    0.0697116
   -0.387048    -0.136292   -0.0635466   -0.0879376     0.186684    -0.580011     0.145696     0.267812     0.174937     0.563567     0.125711    -0.301514    -0.030537    -0.193232     0.379822     0.115896    0.0293217    -0.131306   -0.0928858   -0.0273238   -0.0159419   -0.0113544    -0.489138    0.0568819     0.136751     0.212574    -0.444818    0.0239838   -0.0193823    0.0123953     0.083325    0.0163576     0.123658     0.215841    0.0595851      0.24123    -0.160091    -0.444104     0.247617       0.3076    -0.097341    0.0945795    -0.787804      0.20759     0.568839     0.250258     0.686076    -0.623687
   -0.548776    -0.334101    -0.222078     -0.01047     -0.66573    -0.297674    -0.338681    -0.345175     -0.29535    -0.265418    -0.361066     -0.29311    -0.239866    -0.288332     0.211659   0.00401221    0.0279913   -0.0486559    -0.442817     0.102886    -0.363697    -0.064373    -0.381804    0.0441871    0.0973316     0.133114    -0.110434     -0.04237    -0.307935    0.0692832   -0.0202036    -0.192209   -0.0297809    -0.152052   -0.0491073    -0.217702     0.218239    0.0209162     0.039832    -0.346211    0.0344023     0.103536
  -0.0350552    -0.611099     0.518423    -0.140211   -0.0668159    -0.726897     0.136094     -1.18431    -0.876258     0.385489    -0.328854     0.898196    -0.464007     0.337501    -0.826454     0.077744    -0.383701     0.217672     -1.06637     0.144084     0.348958    -0.103772    -0.126959    -0.095631      0.42891     0.122347    -0.120837     -1.37393   0.00590231    -0.205752       0.3317     0.127414   -0.0508453     -1.31394     0.228995     0.226185     0.276356     -0.67185     0.103139    -0.638566    -0.600041    0.0664383
    0.250735     -1.08868    -0.669723     -0.77756     -1.24464    -0.945173     0.511746    -0.577913    -0.025794    -0.512141    0.0332329     0.579648    -0.149684     0.548061    0.0168179    -0.199262     -0.38121      -0.8831     0.477916     0.208804     0.192825     0.250068     0.180861   -0.0520735    -0.901489    0.0852478     0.200382    -0.167426     0.132937     -1.21414    -0.023368     0.258147     0.279574      0.21503    -0.716108     0.198016   -0.0366256    -0.417066    -0.308142    -0.931743    -0.367416    -0.196593
    0.568471     0.323618    -0.138528    -0.642674    -0.279929    -0.457207   -0.0820411    0.0107043     0.173554    -0.596007    -0.211504     0.126479   -0.0673663     0.123893     0.085828    -0.809177    -0.387337    -0.708341      0.20101     0.230954     0.144485    -0.425589    -0.463187    -0.096676    -0.825997    -0.285676    -0.658539     0.300685     0.307388    -0.698193    -0.288617    -0.569155    -0.639589    -0.079149     0.657751     0.239723     0.258507     0.184605    -0.344908   0.00139841    -0.469095    -0.282974
      0.3303     -0.10652    -0.374796    -0.691612     0.271441      0.24052     0.419747    -0.158073     0.203974    0.0513155     0.175277    -0.363256    -0.048371     0.730691     0.373854     -1.10502     0.223336    -0.608772   -0.0499169    -0.226008   -0.0333714    -0.826086     0.555743    -0.843829    -0.441704    -0.679443    -0.234754    -0.388766   -0.0925993     0.199304    -0.429855    -0.934824   -0.0129231    -0.807133    -0.394369    -0.646268    -0.123389    -0.808426     0.248232    -0.433529     0.258909     0.509445
   -0.456006   -0.0184705    -0.352144  -0.00364225    -0.303262    -0.380382    -0.491886     0.104458    -0.158741    -0.263091    -0.190255    -0.395111   -0.0827065    -0.459503   -0.0119351   -0.0552772     -0.25256     0.130817    -0.609843    0.0141273    0.0589462   -0.0216283    -0.383237    -0.201217   -0.0669803   0.00344656     0.141845   -0.0205282     0.148044   0.00433215     0.167231     -0.12363    -0.459719    -0.313873     0.106149   -0.0647239    -0.227145    0.0453616    -0.196103    -0.160344    -0.191747    -0.082947
    0.319113   -0.0193632    -0.299346    0.0492358     0.442064    -0.102369     0.265045    -0.464741      -0.5173    0.0666483  -0.00439222    -0.501575    -0.396385    -0.596315    -0.564752    -0.841757     0.061696    0.0131221    -0.859743    -0.460938    -0.701329    -0.289883    0.0185658    0.0462628     0.426311    -0.453092     0.319103   -0.0830182    -0.243422     0.247078    0.0746161    -0.644959    -0.249535    -0.539712     0.372594    -0.184355     0.303073     0.192234    -0.130106   -0.0877641    -0.311949     0.189322
    0.141308    -0.917436    -0.038442     0.389421    -0.707106    -0.805545    -0.676264    -0.721137     0.238514    -0.906225     -1.08865    -0.578941     -1.05774     0.565932     0.247675   -0.0585727    -0.332525     0.191747    -0.250291     0.276823     0.485543     0.128134    0.0786907   -0.0381614    -0.574312   -0.0147155     0.029072    0.0553563      0.24718    -0.822472     0.254283    -0.808582     -1.13946    -0.110519     0.156859     0.178947      0.25503     0.596664    -0.432805    -0.680971    -0.112978    -0.689976
  -0.0698603    0.0271774   -0.0774006    -0.357956    -0.648541   -0.0976486    -0.173125     0.137958     0.221024    -0.346295    -0.259931    -0.141565    0.0684945      0.23319     0.219561    0.0499351    -0.364814    -0.458438    -0.115006     0.184234     0.245244    -0.132988    -0.613316    -0.770534    -0.976441   0.00902277    -0.922446    -0.278601     0.163082     -0.94364   -0.0470074     0.248911    0.0407284    -0.333688    -0.509717     0.159796     0.196778    -0.370934    -0.416149  -0.00499074     0.246439    -0.209376
   -0.668846   -0.0366844      0.30248      0.21756    -0.529777    -0.220493    -0.357177     0.325928     0.044471    -0.939949     -0.69722    -0.318178     -0.31604     0.204978     0.245429     0.171644    -0.238977     0.375613    -0.707447     0.334263     0.134389     0.050792    -0.569776    -0.468533    -0.552035    0.0353382    -0.805619    -0.720166    -0.113099    -0.638371     0.290635   -0.0132946    -0.428746    -0.656231    -0.237315     0.048655     0.209422    -0.688529     0.141766    -0.281798     0.288697   -0.0331841
   -0.454501   -0.0737663    0.0744282    -0.141991    -0.386013    0.0725625     0.211312   0.00545402     0.145328    0.0768933     -0.12105    -0.373645   -0.0136433    -0.271931     0.216904    -0.170503   -0.0261533    -0.514398    0.0261612    0.0181515     -0.21449    -0.330411    -0.412919    -0.447173     -0.34932    0.0327179    -0.633771   -0.0808092    -0.612518    0.0164171    -0.472684    -0.307277    0.0752973      0.13575     0.169286    -0.311498    -0.112937    -0.111099   -0.0604139    0.0206312     0.136924    -0.285658
   -0.441761    0.0449859     -0.18711   -0.0390191    -0.331132   -0.0845445    -0.297816    0.0407066    -0.207613   -0.0117999    -0.135712    -0.358496   -0.0475099    -0.471544    -0.092089   -0.0311882   -0.0868911    0.0339245    -0.486783    -0.041765    -0.148673   -0.0192366    -0.455455    -0.371176    -0.272307   -0.0914296    -0.340036     -0.11813    -0.373938   -0.0842652   -0.0335669    0.0152993   -0.0901524    -0.276827   -0.0475569    -0.105119   -0.0250177    -0.145905    -0.127296    0.0230772     0.100797   -0.0919999
   -0.785716     -0.34656    -0.760527    0.0686771    -0.500238     -0.40303     0.108664    -0.786611    -0.995851    -0.117404   0.00389358   -0.0149016     0.109672     -0.68342    -0.808908     0.210163    -0.209554    -0.336717    -0.581463     0.411491    -0.769378     0.548982    -0.087116     0.036918     0.245718    -0.725998     0.628158     0.282436    -0.764528     0.239017     0.330363    -0.587708     0.234217    -0.500625    -0.737775     0.110413   -0.0135069    -0.373101     0.191279   -0.0916039    -0.686143     0.395883
   -0.623115     0.100492   0.00905709    0.0421517     -0.40279    0.0144353    -0.462712    -0.129384    -0.513035   -0.0813947    -0.399249    -0.314639     -0.11957    -0.498661    -0.146335    0.0715463   -0.0894789    -0.105059    -0.474252      0.15595    -0.666542   -0.0129273    -0.427131   -0.0819541      0.12944    -0.136272    -0.324081    0.0683864    -0.607593    0.0739733    -0.399706    -0.237447    -0.180765   -0.0231597     0.108964    -0.392796    0.0957745    0.0829387    -0.119658     0.126102   -0.0517451   -0.0300115
   -0.422644    -0.151595    -0.301282    0.0610799   -0.0368647    -0.232253    -0.235455   -0.0960094    -0.271512    0.0223054    0.0438288     -0.26639    0.0157014    -0.415798     -0.48701     0.105863    -0.228862    0.0769117   -0.0989371    -0.170271    0.0112618    0.0627395    -0.136823    -0.122839   -0.0948156    -0.282962     0.138929   -0.0497269    -0.174909   0.00860248    0.0795204    -0.191833     -0.30998   -0.0812324    -0.249603    0.0387671    -0.576449    -0.023714    -0.182069    0.0523363      -0.1783    -0.339042
   -0.326356    -0.417974    -0.685373    0.0951555     -0.27871    -0.243954    -0.481042     0.154099     0.300943    -0.258024    0.0720312    -0.674307     0.027963    -0.614055   -0.0244928     0.193323    -0.720892    -0.291383    0.0726089     0.165046     0.336588     0.312805    -0.418708    -0.395816    -0.941497    -0.373229     0.133957     0.238515     0.252979    -0.192904     0.182403   -0.0518447    -0.534715     0.150236     -0.71132     0.224166    -0.771485     0.235603    -0.810438     0.356069    -0.214198    -0.711199
   -0.561863    0.0662201    -0.692735   -0.0308315    -0.456861    -0.504098    -0.260099    0.0399914    -0.339491    0.0782448   -0.0385602    -0.388627    0.0379033    -0.629014    -0.289074    -0.196905    -0.145472   -0.0935521    -0.667475      0.10702   -0.0802577    -0.064059    -0.625258     -0.10108    -0.203963    -0.200984     0.133674     0.107938      0.11537    0.0908512     0.167453    -0.242311    -0.202403    -0.515567      0.22928   0.00830936     0.133985    0.0166504    -0.210901    -0.015413    -0.190491    0.0491187
   -0.724554    0.0718678     0.162111    0.0427626    -0.107573    0.0126297    -0.849351     0.309057      0.51448     0.177787    -0.309244    -0.682126   -0.0781591    -0.414079     0.484817     0.236895    -0.328956    0.0224516     0.102759    -0.822233     0.220911     -1.00579     -0.70051    -0.533674    -0.942453     0.283881     -1.18065    -0.177197     0.223358     -0.15123    -0.654908     0.276725    -0.348693     0.175872    -0.149098    -0.816773    -0.571646     0.160534    -0.835547      0.11427     0.412653    -0.900587
    0.264583    -0.249885     0.300915    -0.146262    -0.539792    -0.674608     0.398602    0.0844759    -0.275754    -0.932811   -0.0145107    0.0544383    -0.166408    -0.128439    -0.166743    -0.363142       0.1223     0.270698    -0.410266     0.119778     -1.07121   -0.0271931     0.914982    -0.392566     0.259106    -0.824558    -0.506416     0.113304     -1.22004    -0.142475     0.322251    -0.876951    -0.506602 -0.000578467     0.190694     0.168961    -0.220481     -1.21842     0.398785     -1.11382      0.27258     0.634087
    0.539196     0.355458    -0.950234     0.111129     0.479628    -0.159948     0.546274    -0.466939   -0.0687477     -1.01349    -0.363877    -0.499725    -0.022583     0.515886    -0.849713     -1.04084     0.211365    -0.124092    -0.128424   -0.0381471     0.344844      0.20135    -0.429018      0.22649    -0.356937    -0.740355     0.289943    -0.590543   -0.0832147    -0.790865    -0.116118     -1.08184    -0.743539    -0.746259     0.348712    0.0256063     0.469888     -0.57151    0.0893145    -0.689255     0.386819    -0.536736
    0.150606     0.119665   0.00481381    -0.829946      0.23577    -0.176583    -0.575444    0.0311653     0.144182     0.300504     0.134542    -0.050832   -0.0552319    -0.547735    -0.351537    -0.950919    -0.610108    -0.920036     0.485489    -0.971026    0.0312679     -1.14991    -0.644882    0.0725729    0.0130748   -0.0735756   -0.0818986     0.162239      0.31186     0.144045    -0.733078    0.0581532   -0.0336311     0.263538     0.527907    -0.497244    -0.746413     0.188938    -0.580012      0.15152     -1.03624    -0.702502
   -0.708973    -0.329725   -0.0459145    -0.317461     0.274986   -0.0862566    -0.276214     -0.62016     -1.12313      0.51761     0.117237     0.510453    -0.125943    -0.642875       -1.076      0.33778    -0.239467    -0.279422     0.259657     -1.05871    -0.711671    -0.285672     0.609528    0.0686453     0.674892     -0.39057     0.407322   -0.0145786    -0.829609     0.286607    -0.417559    0.0486595     0.149898     0.265979    -0.784322    -0.680153     -1.18638   -0.0679682    -0.123205     0.157881    -0.972575   -0.0626067
    0.236026   -0.0978009    -0.633531    -0.297972     0.244119   -0.0293313     0.442546    -0.487166      0.13364     0.179613    0.0270668    -0.225967    0.0442968    -0.693343    -0.428231    -0.596242    0.0192298    -0.434854    0.0316211    -0.435138     0.186655   -0.0621095   -0.0835284    -0.149526    -0.409216    -0.921312     0.215687    0.0463285      0.11946      0.15018    -0.761992    -0.138503    0.0790875    -0.482931    -0.620641    -0.276584    -0.108626     -0.49632    -0.518914       0.2465    -0.444961     0.175221
    0.483378    -0.147845     -0.99276     -0.45964     0.283029      0.18958     0.333549     0.353802      0.14486    -0.280131    0.0774363    -0.715526   -0.0179419    -0.645231     -0.35107    -0.767347    -0.178139    -0.574774     0.323058    -0.785319    -0.516927     0.354903   -0.0263936    -0.245491    -0.328372    -0.799295     0.274916    0.0754099    0.0739307   -0.0690768    -0.665497   -0.0214537     0.074806     0.268674     -1.00197    -0.287245    -0.739598  -0.00396758      -0.7946     0.238231    -0.297767       -0.559
   -0.736551     0.258178    -0.103699    0.0854016    -0.695786    -0.065699    -0.333041    -0.160532    -0.824514   -0.0819826    -0.543518    -0.311242   -0.0498623    -0.549618    -0.070864  -0.00632477    0.0400547    -0.158192    -0.861698     0.415331    -0.889893    -0.112139    -0.717126    -0.132588     0.119561   -0.0683885    -0.516658    0.0326319    -0.825321    0.0560435    -0.251784    -0.402286    0.0417188    -0.543197     0.176834    -0.453862     0.449178    -0.256398      0.20285    0.0199014     0.214363     0.375976
   -0.133476    -0.349738   -0.0220338     0.200924   -0.0137026     0.113583    -0.196549     -0.32268    -0.114713    -0.478504    -0.424213    -0.502298    -0.424516    -0.466998    0.0221195     0.238771    -0.410966    -0.270527     0.284574     0.158315    -0.721004     0.264957    -0.178747    -0.147205    -0.116644     -0.34623    -0.274746  -0.00198229     -0.37363     0.129446    -0.379763      -0.0222    -0.145464     0.192632    -0.601402     0.172629  -0.00247186    0.0654183    -0.672188     0.247047     0.103812    -0.464535
   -0.359464   0.00164646     0.232072    -0.340624    -0.682813   -0.0635033     0.217646    -0.158424    -0.158672    -0.116776    -0.187273       0.1879    0.0278446    -0.155964      0.11213    -0.037963    -0.122035    -0.706503     0.197726     0.129365    -0.336887    -0.191741     -0.48521    -0.210246    -0.678702  -0.00685407    -0.733059    0.0892211    -0.559535     -0.57184    -0.551382   -0.0715272     0.216348     0.191693    -0.117851    0.0605901     0.192771    -0.250136   -0.0541677     0.051288     0.114806    -0.166222
   0.0598289    -0.289412     0.239388    0.0208963   -0.0299059      0.12692     0.326302    -0.258594    0.0379785    -0.241107    -0.124253    -0.387282    -0.305883    -0.348921   -0.0772326     0.118212    -0.192904    -0.432168     0.329004   -0.0593335     -0.57522     0.126116     0.129434    -0.253358    -0.287501    -0.362418    -0.431153   -0.0454017    -0.689559   -0.0472256    -0.510158     -0.12416     -0.05985     0.198462    -0.505034     0.101962    -0.374877    -0.140035     -0.50356    0.0479876     0.237094    -0.507246
    -0.63946    0.0189109    -0.363523     0.031279     -0.61396    -0.403422    -0.393906     0.134438     -0.28679      -0.4588    -0.313814    -0.407228    0.0529823    -0.419916    0.0541479    0.0305142    -0.111202       0.2822    -0.728552    0.0665858    0.0115093    0.0946019     -0.49596     -0.42755    -0.147601    0.0821736    0.0347544   -0.0876537    -0.164272    -0.176571     0.348301    0.0291084    -0.397282    -0.658946    0.0998985   -0.0636184   -0.0347987    -0.425789     0.105895    -0.598973     0.202902     0.115115
   -0.734168     0.187633    -0.112911     0.122652   -0.0569503   0.00439973     -0.84463   0.00926763    -0.617736     0.246298    -0.548959    -0.119098    -0.227651    -0.423016   -0.0983821    -0.107295    -0.114085   0.00780356      -1.0484    -0.616845    -0.616921     -1.19151    -0.589472     0.140688      0.40992     0.216087    -0.542959   0.00644152    0.0970056     0.216274    -0.581406     0.016386   -0.0683061    -0.299991     0.169695     -1.07777      0.46079      0.13394    0.0466095  -0.00291262    -0.520996     0.360209
   -0.733128     0.166159     0.240311     0.124998     0.181521    -0.010336    -0.574756   -0.0421244    -0.619764      0.29175    -0.304871   -0.0743637   -0.0943527    -0.457453    -0.506746    0.0267945       0.1163    0.0333246    -0.155947     -1.05395    -0.645291     -1.05074    -0.448522    0.0688726     0.479156     0.106207    -0.771818    -0.152591    -0.766823      0.11427    -0.743589    0.0603093    -0.119034     0.348073     0.321775    -0.909942    -0.310435     0.103224   -0.0920224   -0.0165277    -0.213183    -0.502856
    0.163877    -0.891497    -0.299322    -0.539804    -0.363677    0.0116529    -0.759719     0.298499     0.132696    -0.842953     0.021312    -0.462839    -0.933524     0.456463     0.221744    -0.329858    -0.371456     0.181413     0.425607    -0.155374    -0.484356    -0.308335     0.647848    -0.464942     0.266027     -0.13197     0.141079   -0.0339467      0.21819    -0.160869     0.136733    -0.108528    -0.169019     0.576724     -1.01222    -0.355327    -0.933717    -0.497042     0.160179    -0.782866   -0.0886526     0.220961
    0.240483    -0.439574    -0.542926    -0.626519     0.307029    0.0324526   -0.0461956    -0.907632    -0.518383     0.205284    -0.044111     0.622634   -0.0967236    0.0867083    -0.639261    -0.403346    -0.389528    -0.795782     0.116004    -0.167384     0.305172     0.184869    -0.170663     0.145359     0.260167    0.0612505     0.298456     -0.76054     0.260212   -0.0771179    -0.387007    0.0139866    0.0944997     -0.88435    -0.744955    -0.102054     0.177757    0.0214816    -0.391322     0.174807     -1.01455    -0.282205
    0.619297     -0.27293     0.767833    -0.676407     0.309093     0.193166     0.430967   -0.0682553      0.13578     0.388735    -0.127298     0.379949    -0.288803     0.578147    -0.091796    -0.234393     -0.16842     -0.21321     0.412031    -0.775601     0.329009    -0.450587     0.428091    -0.780617    -0.736027     -0.14412    -0.933198     -1.35094    -0.824109     -1.21782    -0.346618     0.172103    -0.219187     0.161808     -0.34705   -0.0747044    -0.918142     -0.46657    -0.358255    0.0116366     0.267926     -0.94297
   0.0990116    -0.331405   -0.0219782    -0.710772     0.597683     0.106947     -1.05121   0.00599672    -0.150461    -0.557384    -0.295547      0.33026    -0.452932     0.437742   -0.0959662      0.18806    -0.542807    0.0548676    0.0440045   -0.0674938    -0.423227   -0.0687647     0.146406    -0.307698     0.326642    0.0897371     0.103521     -1.09637     0.271812   -0.0527851     0.305208     0.466356   -0.0681904    -0.526952    -0.942407   -0.0659116    -0.803261    -0.506737   -0.0478671    -0.253723     -1.03305       0.2151
   -0.405143    -0.605668    -0.317538     0.137116    -0.559483    -0.671461   -0.0803045    -0.704486    -0.411746    -0.452393    -0.341893    -0.353112    -0.357053    -0.386121    -0.709333     0.027694   0.00403849     0.223531    0.0652456     -0.16085      0.20436    0.0335818     0.569125     0.253788     0.553142   -0.0101979     0.277046    0.0947516    -0.452397    0.0855341     0.119024    -0.664256    -0.792504     0.345217     0.228648    -0.034788    -0.334856     0.199409    0.0576854    -0.742061    -0.217575    -0.604936
