no weights
    0.022542    -0.102027    0.0362881    0.0126823     0.124462    0.0653045    -0.223227     0.106802    0.0322665     0.117867     0.195549    -0.091458    -0.118387    0.0875977    0.0920504    0.0819726     0.217034   0.00874263    -0.214257     0.119907   -0.0400041    0.0543419      0.23403    -0.191657    -0.192777     0.101858     0.249612      0.28198     0.156069    -0.188993    -0.139076     0.150808      0.20985     0.182565    0.0878412    -0.147531    -0.169998     0.346727     0.105891    0.0891409     0.309803    -0.162933     0.125445    -0.248023    -0.141952   -0.0944718    -0.196038    0.0622776
   -0.020845    0.0477082   -0.0222607    0.0400856     0.088933     0.134694    0.0444934   0.00725719   -0.0357106    0.0506903  0.000253482     0.139942    0.0640502    0.0222569   -0.0316542    0.0912709    -0.146137     0.173715     0.181231    0.0323317    0.0051976    -0.138316     0.192389     0.155803     0.139959    0.0127363    -0.166149   -0.0184077    0.0655553     0.236163     0.216394    -0.159955   -0.0684996   -0.0527719    0.0806914     0.188786    0.0995872   -0.0295013    -0.142098    0.0515454    0.0762576     0.191364    0.0868815   0.00671642     0.033954     0.128513     0.192328     0.117359
  -0.0394244   -0.0503761   0.00631419   -0.0927868    -0.104668    -0.110212    -0.141111     0.150912     0.109867     0.100949    -0.164268   -0.0389222     0.110642    0.0326946     0.165225     0.124775    -0.227867     0.243376   -0.0469312     0.170001    0.0169839   -0.0761438   -0.0112887    0.0882875   -0.0547099    0.0559211     0.243994      0.12437    -0.152958    0.0580538   -0.0404719   -0.0623692     0.249279     0.233637    -0.121626   -0.0323986    -0.125504     0.116817    0.0532544    0.0534262    0.0403432    0.0570705    0.0847552     0.141033    -0.010756    0.0209792   -0.0720396     0.185532
   0.0523903     0.149181     0.251509     0.173412     0.164664     0.159638    0.0082893    0.0807115    0.0867493   0.00580429   -0.0968003     0.244667   -0.0884656   0.00623832    0.0245617    0.0751621   -0.0291758    0.0401566      0.11803   -0.0743504     0.157368    0.0273316   -0.0411544     0.133826     0.107729   -0.0404921   0.00275877   -0.0735212    0.0818291     0.044684    0.0854206   0.00622581    -0.148165   -0.0779322    0.0206517     0.086624     0.103845   -0.0340123   -0.0878745    0.0621592   -0.0716556     0.111371   -0.0259734     0.228113      0.04648     0.185316     0.148367   -0.0641553
    0.171021    -0.149335    -0.180632    -0.173687    0.0994719    0.0276705   -0.0240205    0.0723904    0.0667721    0.0841222    0.0743727   -0.0916957     0.186417    0.0782882     0.105875    0.0336807    0.0280015    0.0416303     0.125001      0.20063   -0.0142226    -0.219961     0.173327  -0.00767102    0.0954733     0.141235   -0.0375272     0.203975     0.154032   -0.0187495     0.137142    -0.129151     0.256363     0.074371     0.130294    -0.010097    -0.106495    0.0590341   -0.0434495    -0.142847     0.074201   -0.0408353     0.200035   -0.0592107    0.0305852    0.0259058     0.022896     0.184479
   0.0945749    0.0172304    -0.186341   -0.0595308     0.117062   -0.0481056    0.0859412   -0.0904562  -0.00705953    0.0232687    0.0690088    0.0307993     0.301319    0.0189977   0.00563809   -0.0351831    0.0232622     0.177915    0.0880201      0.23912   -0.0786282    -0.119084     0.160651    0.0985552     0.134237     0.121483   -0.0752649     0.199259    0.0564392     0.020751     0.207134    -0.063999     0.116256     0.147789     0.115034     0.122844    0.0537173   0.00386283   -0.0296378    -0.079258     0.137399    0.0866068     0.221732   -0.0949863   -0.0329017    -0.077721     0.151592     0.120745
   -0.260981    0.0943912      0.22563     0.133427   -0.0313467   -0.0264876    -0.212506    0.0898609     0.122977     0.141262   -0.0239041   -0.0718492    -0.147129    0.0171411     0.114022    0.0252501   -0.0337306   -0.0028405   -0.0185063   -0.0604098     0.127612    -0.118313     0.190595   -0.0202001   -0.0648389    -0.114004     0.265974    0.0482375     0.202592   -0.0977435   -0.0590708    0.0690743     0.101399     0.214052     0.216466   -0.0635896   0.00432652     0.225799   -0.0898585     0.121438     0.362807   -0.0742897     0.157445   -0.0826135    -0.110103    0.0883979    0.0882999     0.107641
   0.0917421    0.0877639    -0.169047    0.0642274     0.153107    0.0680902     0.180718    -0.108049    -0.143436    0.0303832    0.0818582    0.0270252     0.266235     0.114858    -0.180053    0.0807632    0.0300795     0.178113    0.0811026     0.244517   -0.0467247     0.210129     0.204604     0.143339    0.0698334    0.0895343    -0.187284     0.176822    0.0534627     0.169418    0.0934854    0.0106136   -0.0669646     0.168244    0.0651437     0.124562    0.0977109   -0.0416026   -0.0774291     0.112527   0.00841003     0.196625     0.120451    -0.183008   0.00837229   -0.0956532     0.096866     0.106113
    0.094432    0.0296238   -0.0282729     0.121609     0.145546     0.172326     0.020054   -0.0181381     -0.10381     0.129015     0.115679    0.0473841   0.00610284    0.0609779   -0.0333922     0.068297     0.221665    0.0877987   -0.0888931     0.190819   0.00325207     0.194668     0.230526    0.0297465    -0.048331    0.0940845    0.0530514      0.20234     0.086002    0.0224196   0.00938872      0.19322    0.0821606     0.150846     0.077558    0.0744359   0.00700868     0.213706   -0.0645468    0.0715863     0.241283    0.0585282     0.110464    -0.197899    -0.229937    -0.247897   -0.0956391     0.101403
  -0.0512103   -0.0426461    -0.134869    -0.234689    -0.318726   -0.0736443    0.0446254     0.147901     0.127268    0.0148231   -0.0973512     -0.14794     0.210166    0.0514352     0.147793    0.0174182    -0.265164     0.119153     0.230886    0.0776326     0.106697    -0.266834     0.115751    0.0689101     0.280005    -0.106512     0.089509   -0.0508385   -0.0379832    0.0797436     0.256137   -0.0775482     0.222084   0.00181451   -0.0738986     0.134189     0.188719  -0.00928112  -0.00365291    -0.114471    0.0366782     0.132337     0.277737     0.172041    -0.058273    0.0935467     0.161926      0.30063
   0.0100124    0.0188317   -0.0451945    0.0354049       0.1003  -0.00601889    0.0967895   -0.0137631    0.0237343     0.117528     0.123218    -0.102377    0.0870222    0.0542594     0.103986    0.0966395    0.0574396    0.0401098     0.143093     0.131063    0.0794884    0.0542576     0.129648   -0.0141564     0.149532    0.0478588    0.0553163      0.10655    0.0731257   -0.0109495     0.172652    0.0478865    0.0924234     0.185932    0.0885914    0.0393441     0.157528    -0.029638      0.10849    0.0760642     0.110448    0.0307331     0.170754   -0.0463877    0.0706647    0.0856714    0.0793623      0.11265
  -0.0582436    -0.102914    0.0518214    -0.147715    -0.181152    -0.143683    -0.039561     0.165906     0.205023  -0.00427439    0.0469807    -0.141569   -0.0433196   -0.0406235     0.167893     0.046606   -0.0242774    0.0701375   -0.0939774  -0.00593089    0.0746626   -0.0561576   -0.0792368    -0.042762    -0.078428   -0.0333463     0.236681     0.021413    -0.123222    0.0237214   -0.0528108   -0.0232042     0.304145      0.10796   -0.0225613    -0.111727     -0.12333     0.113342     0.301977     0.123767     0.106048   -0.0459087 -0.000675399      0.14693    0.0638576     0.158984   -0.0696906    0.0398867
   -0.043068     0.115646    0.0529417     0.131801    0.0158796   0.00619843    0.0567706    0.0318627   -0.0307642     0.077793   -0.0116272    0.0447182     0.114129    0.0844859    0.0302432     0.111451   -0.0710421    0.0096884     0.143414    0.0284002     0.101097   0.00890633     0.117655    0.0730189     0.201441   -0.0962532   -0.0669462   -0.0827594     0.111231     0.111231     0.166402   -0.0591938    0.0490913   0.00826251     0.106633      0.12416     0.208255    0.0242389   -0.0724249    0.0703412     0.138925     0.108471      0.12772   -0.0261507    0.0378077     0.111576     0.180341     0.106767
   -0.102522   -0.0201502    0.0979939  0.000340149   -0.0249084     0.060074    -0.149204    0.0732446     0.107792   0.00923472     0.215456    0.0269081    -0.116954   -0.0867683     0.104088   -0.0323162     0.342638   0.00386358    -0.370043     0.264079   -0.0586553     0.164332    0.0248025     -0.01648    -0.280444      0.11584     0.294703       0.1307   -0.0357804    -0.152091    -0.277414     0.257662      0.28856      0.21291    0.0722785    -0.106963    -0.318389     0.349837     0.228594    0.0997695     0.251002    -0.126616    -0.127618    -0.152098    0.0139532     -0.10286    -0.275267    0.0373993
   0.0809918     0.185854   -0.0322923       0.1454     0.118429    0.0237718    0.0950281   -0.0424054    -0.094939    0.0965343    0.0694413    0.0970371     0.127143    0.0296761   -0.0717169    0.0689931       0.1584      0.14141    0.0357372     0.224537   0.00508274     0.221746    0.0771313     0.138875   -0.0259534    0.0753169    0.0580027     0.096038    0.0655354    0.0639856    0.0197496     0.158339    0.0591639      0.18234    0.0101434     0.181574    0.0107145     0.103308   0.00478082     0.139359    0.0707482     0.131878   -0.0172728   -0.0898667   -0.0782535    -0.202669    0.0410506   -0.0047541
    0.125712     0.179297     0.133111    0.0809488   -0.0357514   -0.0983988      0.17854    0.0470597    0.0892315    0.0124919   -0.0853755    0.0774132     0.098465   -0.0494696  -0.00932094   0.00276273    -0.120213    0.0769029     0.131966    0.0847477     0.138111    0.0815801   -0.0736365    0.0986232    0.0544177     0.106639    0.0608093    0.0160668   -0.0435749    0.0681884     0.113408   -0.0362471    0.0882379    -0.066193     -0.12315   0.00593346    0.0594222   -0.0159404     0.153342    0.0497638    -0.137719    0.0428038    0.0512444       0.1663     0.180685     0.108208    0.0691958    0.0616387
  -0.0385298    0.0104237    0.0732654     0.179898    0.0950243    0.0685242   -0.0316761  -0.00138012   0.00696228     0.181718    0.0479252     0.123026   -0.0168101    0.0618301    0.0104664     0.037389    0.0747687    0.0536856     0.105003    0.0494489    0.0385597    0.0301393    0.0717752    0.0706252     0.095007   -0.0153442    0.0358471    0.0762279    0.0768946    0.0642799    0.0678641    0.0394539    0.0303352     0.079576    0.0783456     0.113978    0.0399959    0.0966393   -0.0296481    0.0964156     0.169192      0.05448    0.0328956    0.0941251     0.101334     0.128837     0.196034    0.0998333
   0.0275832    0.0638262      0.14668    0.0271506      0.16169    0.0719082    0.0111212      0.14978      0.13088     0.126666   -0.0590279     0.061428    0.0552962    0.0223317    0.0477399    0.0681389    0.0132428  -0.00898713   -0.0700218     0.084583     0.175603     0.125028    -0.019977    0.0601044   -0.0643533    0.0851369    0.0528784     0.102228  -0.00144001    0.0392938   -0.0937488    0.0657214    0.0447241    0.0341632   -0.0524495    0.0575498      -0.1005    0.0111903    0.0916473    0.0462517    -0.101654    0.0421702    -0.035294     0.136914     0.265012     0.201275    0.0508481   -0.0334173
    0.198436    0.0113542    -0.134666   -0.0120357   -0.0354787   -0.0266961     0.113557    -0.178239    -0.212118  -0.00771434      0.27594   -0.0170012     0.183573    0.0211052      -0.1192     0.108111      0.22761   0.00741511   -0.0281585     0.133826    -0.242198    0.0857555     0.140438   -0.0464645   -0.0434734     0.142285    0.0793717     0.178795    0.0920025   -0.0755567  -0.00539135     0.144881   -0.0156105     0.236686    0.0192927    -0.085836   -0.0205824     0.238447    -0.011919    0.0879541     0.247985    -0.143133     0.298239    -0.301087      -0.1787    -0.259119   -0.0855691     0.289194
  -0.0824753     0.320892     0.396143      0.28339     0.242597   -0.0129722   -0.0462993     0.108228     0.134407    0.0693929   0.00756366    0.0666622     -0.18566   -0.0134065    0.0708579    0.0677525     0.092127   -0.0186891    -0.102833   -0.0574271     0.143921     0.223012   -0.0746253     0.100728   -0.0797911     0.106946    0.0972137   -0.0554578    0.0176507    0.0544064    -0.113354     0.152405    0.0207557    -0.074702    0.0870932   -0.0516679    -0.112449  0.000614659      0.20037     0.175363     0.014973   -0.0540472    -0.259297     0.140922     0.120032    0.0166504    -0.052893    -0.284353
  0.00255042     0.101359     0.130132    0.0241249   -0.0725479      0.17495    -0.185445     0.150074     0.153355   -0.0450192    0.0572144    0.0442008   -0.0513737    0.0227356     0.107478  0.000700073     0.161174    0.0498482    -0.109338    0.0559571     0.196302    0.0629115     0.232738    -0.121027    -0.140186    -0.114438      0.27103    -0.109887   0.00310202   -0.0578925     -0.13893     0.139646     0.139461    0.0152166     0.150509   -0.0908743   -0.0904813     0.300897     0.110168   -0.0482796     0.227294   -0.0445124    0.0195231     0.033554    -0.183522   -0.0415384    -0.199952     0.103971
  -0.0258976     0.246968     0.315019     0.258344     0.279263   -0.0694663  -0.00771388    0.0642814    0.0476765   -0.0104894    0.0757519   0.00165687     -0.10675   0.00444734  -0.00169202   -0.0116388     0.151295    -0.139074   -0.0678531   -0.0763393     0.132031     0.169548  -0.00843068   -0.0821481   -0.0552138    0.0383441     0.180979     0.061254    0.0692811    -0.104735    -0.114693    0.0362496    0.0101421 -5.80503e-05     0.126627    -0.139641    0.0790452     0.115999     0.145977    0.0730509    0.0634689   -0.0944566   -0.0482451    0.0893159    0.0114664     0.100847    0.0185815    -0.127846
    0.110486   -0.0702017   -0.0610617    -0.018269    0.0645695   -0.0921389      -0.1272    0.0126541   -0.0311153      0.20036     0.106963    -0.122903   -0.0403987   -0.0582659   -0.0136616    0.0979813     0.148006   -0.0618346    -0.199287     0.139825    -0.163547    0.0993205   -0.0620643    -0.194833    -0.157248     0.113985     0.133573     0.301891    0.0154655    -0.234364    -0.139553     0.207003     0.141528     0.315443   -0.0410556    -0.187374    -0.174374     0.110046     0.103493     0.129503     0.117937    -0.171078    0.0956561    -0.043014    0.0137412    0.0261828    0.0583764    0.0395886
    0.139201     0.034034     0.128296     0.171563    0.0752781     0.175326     0.088287     0.100137     0.090021   0.00702932    0.0567625     0.168116   -0.0468781     0.108883     0.104793     0.122361     0.126127   -0.0986544     0.152803    -0.151394    0.0391771    0.0509833   -0.0488018    0.0919974     0.129045    0.0369045    0.0391206    -0.122154    0.0425799    0.0830951    0.0887354    0.0805779   -0.0563365    -0.110527    0.0735356 -0.000891951     0.146265    0.0582846      0.11863    0.0927378    0.0083657     0.022549   -0.0358022     0.147672     0.188088     0.205566      0.10962    0.0254762
    0.136662    -0.140738   -0.0453479    -0.127043    0.0406768   -0.0773228    0.0839852    0.0991715     0.119823    0.0154817   0.00671185   -0.0139052    0.0211402    0.0984217     0.151024    0.0764554   0.00430743    -0.130497     0.109788    -0.112949  -0.00369107   -0.0214191    -0.261306    0.0958599    0.0308711     0.194196   -0.0209213    0.0187347    0.0468484     0.070903    0.0811131   -0.0246913    0.0639244   -0.0135217    0.0621071     0.010326    0.0416499    -0.316995     0.130772   -0.0354406    -0.292893    0.0456113   -0.0232344     0.255995     0.409637     0.297359     0.143338   -0.0328899
   0.0332803    0.0665065    0.0598351   0.00560404   -0.0430669    0.0935731     0.112245    0.0351393    0.0756205   -0.0666031   0.00109862     0.081882    0.0860706    0.0658689    0.0352029   0.00847794    0.0438387    0.0820808  -0.00940575     0.114431    0.0925489     0.098166   -0.0206376     0.106844    0.0503379      0.10467     0.124332    -0.031993   -0.0865077     0.162204   -0.0205634     0.112865     0.165178  -0.00567255   -0.0455365     0.109644     0.106916    0.0309472     0.237628     0.060506    0.0108901     0.114251    0.0059444     0.126089    0.0857701    0.0951393  -0.00713631    0.0332427
    0.135076     0.063789     0.129465     0.156901     0.235289    0.0315226     0.109849    0.0800246     0.079198   -0.0171471     0.226862   -0.0464576   -0.0510561    0.0618983     0.101429    0.0251427     0.251646    -0.284386    0.0805275   -0.0390178  -0.00796681    0.0905978   -0.0846019    -0.137787   -0.0114721     0.145786   0.00677411    -0.055668     0.168099   -0.0884478   -0.0171042     0.175259   -0.0534207    -0.137566    0.0787916    -0.108498     0.128889   -0.0543009     0.157861   -0.0374187    0.0196975   0.00335962   -0.0937526     0.174893     0.195091     0.110545    0.0496683   -0.0836375
    0.219079     0.234021    0.0742307     0.301987     0.225825     0.138838     0.194979     -0.14631     -0.17451    0.0935539    0.0230979     0.150912   -0.0517961    0.0605754   -0.0764961     0.162736     0.036394    -0.128553     0.278463      -0.1998    -0.117528     0.168476   -0.0061673    0.0984695     0.287532    0.0142977    -0.280798    -0.121555    0.0555769     0.117398     0.292577    0.0631047    -0.403868    -0.113515    0.0479496     0.188249     0.296127   -0.0809377    -0.146077     0.175053    -0.119356     0.130158   -0.0327942    0.0146125   -0.0745284    0.0287218     0.300362   -0.0425679
    0.254015    0.0461543    0.0320389   -0.0380448       0.1104     0.164367     0.177332     0.123881     0.103328   -0.0535652     0.232624    0.0461821   -0.0737934    0.0969935      0.11216  -0.00787242     0.269235     -0.16659    0.0227515    0.0550833     0.159152     0.143211    0.0594946    0.0216226     0.015115     0.170492    0.0591024   -0.0569189     0.060984     0.055926  -0.00169962     0.172055  -0.00305582   -0.0907389     0.126244    0.0546611    0.0285933    0.0370851     0.304196    0.0516238    0.0161542  -0.00596784    -0.109868    0.0426774  -0.00292472   -0.0964971    -0.172171    -0.109566
    0.185933   0.00167497   -0.0874132   -0.0446175     0.136945    0.0197681     0.217293    0.0614938    0.0511916     0.120547   0.00467585 -0.000522448    0.0880334    0.0942199     0.126322    0.0723617   -0.0861219   -0.0745886     0.265819   -0.0961564    0.0305752    -0.121951    -0.168627     0.161363     0.314621     0.159017    -0.212611   -0.0895353     0.147547    0.0907771     0.329392   -0.0869238    -0.104549   -0.0693552    0.0212188      0.17686     0.115447    -0.421767   -0.0165561   -0.0372046    -0.266761     0.163992 -0.000816737     0.180161     0.204628       0.1759     0.269804    0.0151959
  -0.0787248    0.0756152     0.247364     0.179383     0.195221   0.00623677   -0.0539655    0.0700193     0.151182   0.00964463   -0.0341448   -0.0247178    -0.103479   -0.0314013     0.051701    0.0686861    0.0994242    -0.116536    -0.146157      0.09342     0.142601     0.219131   -0.0759795   -0.0695129    -0.120533     0.147499     0.114618    0.0554126   -0.0194108   -0.0263473    -0.137896     0.143004     0.166388    0.0173467   -0.0657048   -0.0670493    -0.119989    0.0519961      0.19463     0.127126    -0.123819   -0.0305647    -0.200148     0.125152      0.22755     0.155432   -0.0587128    -0.141587
   0.0904069    0.0259551    -0.124949     -0.16226    -0.118895    -0.148985     0.187642     0.129778    0.0777227    -0.030411    0.0920645   -0.0415341     0.261097    0.0945406    0.0430267   -0.0111389   -0.0537303     0.135901    0.0477227     0.205299     0.157301    0.0675612    0.0286658    0.0694835    0.0695631     0.161596     0.129712     0.141107   -0.0772005     0.114976    0.0721633   -0.0414464     0.205993   -0.0305741    -0.104567    0.0651093     0.139614     0.021798     0.188793    0.0126729  -0.00198991    0.0977695     0.108231   0.00188509    0.0407007   -0.0613576    0.0104623     0.124221
   -0.029183    0.0494322   -0.0693111   -0.0967168     0.019292    -0.159341     0.211962     0.105998     0.127962   0.00675221    0.0709003   -0.0788008     0.200067    0.0732637    0.0906646    0.0539448   0.00162477    0.0971998     0.172582    0.0394296    0.0870722   -0.0397046  -0.00923344    0.0470532     0.159249    0.0941991   0.00544171    0.0641434    0.0093444    0.0625513     0.187565    0.0388207     0.139974    0.0248536    0.0889109    0.0356443     0.164003   -0.0218564     0.107272     0.095358     0.100399    0.0821605    0.0415137    0.0249776    0.0849319    0.0741712     0.131268      0.10775
       0.197    0.0548717    -0.144685     0.101528    0.0246153    0.0974304     0.152641    -0.169968    -0.184193    0.0273893    0.0693367    0.0557218     0.198822    0.0101171     -0.18403     0.155301     0.108795     0.145386     0.163043     0.124996    -0.208683     0.161511    0.0204252     0.020052    0.0658085     0.117449    -0.080388      0.22366   -0.0288737    0.0534893       0.1152     0.166409    -0.168845     0.137674    0.0172975    0.0376358     0.210558     0.210133   -0.0475035     0.122948    0.0683862    0.0811628     0.240364    -0.182883    -0.106539    -0.133245     0.124983     0.278174
  -0.0922796     0.087592      0.30394     0.180096    0.0182832     0.259046    -0.128009    0.0996338     0.163122    0.0596127    -0.116317       0.2168    -0.234128    0.0218571     0.169797     0.192105    -0.157086     0.044864    0.0839476     -0.20998    0.0883458    -0.072255    0.0733946    0.0632791  -0.00991005    -0.195042     0.106345    -0.141549    0.0207406     0.174708    0.0306734   -0.0425215   -0.0308155   -0.0434143     0.106162     0.219131    0.0597543     0.075808   -0.0603959     0.127412   -0.0359129     0.200278    0.0237047     0.146656    0.0579011     0.231642     0.121076    0.0852064
   -0.095005     0.174194     0.329915     0.209464     0.175439    0.0250579   -0.0611772     0.172518     0.150777    0.0304791    0.0345652   0.00108468     -0.14094    0.0649028    0.0713602     0.130741     0.121618   -0.0658284   -0.0857656   -0.0501343     0.166886     0.135599    0.0511689    -0.106615    -0.169827    0.0945802     0.268763    0.0578939    0.0367367   -0.0809034   -0.0779446    0.0292388     0.118179    0.0902436  0.000989727   -0.0918113     -0.10545     0.159801     0.196803     0.159381     0.109466   -0.0939452   -0.0295452    0.0207286  -0.00309867   -0.0146966    -0.104522   -0.0109301
   -0.155016     0.144519      0.35137     0.279897    0.0778727     0.135579   -0.0955028     0.191297     0.135887    0.0587524   -0.0257353     0.253315    -0.292352     0.089709    0.0948487    0.0161999    0.0453595    0.0432532   -0.0161392    -0.258144     0.193179  0.000774336   -0.0103816     0.120079    0.0394505   -0.0584647     0.101189    -0.213446     0.172151     0.153645    0.0960726   -0.0147818    -0.124328    -0.147893     0.171225     0.118321 -0.000803717    0.0434075       0.1069     0.114559  -0.00486982    0.0843198    -0.193435     0.235605    0.0574881     0.216679    0.0281122    -0.243252
    0.264797     0.144563    0.0141824     0.112565   0.00473792     0.269499    0.0889538   -0.0654205    0.0313363   -0.0321833   -0.0185377     0.106248    0.0408933     0.125176   -0.0512265   -0.0126161    0.0722178    0.0514672     0.187488   0.00476999   -0.0202223    0.0365671    0.0165099    0.0405626     0.199113   0.00787297    0.0375717    -0.127153   0.00452124     0.167567     0.202861    0.0431621    -0.147414    -0.130132    0.0722061     0.139529     0.161172     0.114549   -0.0638234  -0.00843002   -0.0468151     0.135231      0.09886     0.180077    -0.132377   -0.0605557    0.0854487    0.0735927
  -0.0588714    0.0147025      0.10694     0.148777     0.137796   -0.0202627    0.0321486    0.0975114    0.0919077     0.138552    0.0276932    0.0670421   -0.0641081    0.0188854     0.123869     0.121509    0.0631236    0.0219753   -0.0521577    0.0517659    0.0087143    0.0729566   -0.0634365  -0.00219957   0.00939374    0.0400238   -0.0589797    0.0535562   -0.0337856    0.0465494   -0.0254599    0.0880218     0.136356     0.117364    0.0042833   0.00615321    -0.066275    0.0423781     0.175372     0.132302   -0.0214312    0.0159525    -0.140272     0.114234     0.325958     0.186781    0.0965414    0.0144413
    0.117156    0.0546076     -0.17792   -0.0722538   -0.0241905   0.00594029      0.11688  -0.00114776   -0.0131757  -0.00427463   -0.0230294   -0.0210552     0.265287     0.110321   -0.0267765    0.0336303     -0.13929     0.125151     0.319793    0.0972235    0.0973946    -0.207472     0.204343       0.1591     0.281278    0.0142959   -0.0584787    0.0159949     0.101272     0.152156     0.316927    -0.156266   -0.0663077   -0.0753559    0.0356327    0.0968082     0.184911   -0.0335145    -0.151207   -0.0778462   0.00695088    0.0804742     0.273616    0.0304659     -0.18277    -0.109092     0.061991     0.186063
   -0.207817    0.0746857     0.179735      0.22681    0.0977049    0.0613112    -0.107865   -0.0758191   -0.0257946     0.114283   -0.0698316     0.204744   -0.0293729  -0.00571689   0.00974698   0.00952261   -0.0588341     0.191919   -0.0652425      0.16762    0.0548145    0.0733186     0.194897     0.103196    0.0284813   -0.0124064    0.0261235     0.136484     0.138798    0.0670437   -0.0368333    0.0343047   -0.0647744     0.196788    0.0417837    0.0387888    0.0158399     0.218512    -0.172063    0.0728956     0.205256    0.0481168    0.0974624   -0.0541501   -0.0325116    0.0177157    0.0734622    0.0663431
 -0.00758809    0.0429921     0.126662    0.0896122     0.204652    -0.111085    0.0934113    0.0753568     0.130307     0.173072    0.0793818   -0.0198144    0.0010861   -0.0301358     0.124792     0.126547    0.0798248   -0.0850476   0.00652621   -0.0421451    0.0743204     0.131844    -0.204725    0.0614624    0.0918835     0.174248    -0.154868    0.0676504    0.0163795    0.0233042    0.0577599   0.00376522    0.0304813     0.053235    0.0172933     0.122852   -0.0207493    -0.226325     0.201013     0.175284   -0.0610194    0.0869046    -0.224507     0.130273     0.273154     0.145135     0.227102    -0.165811
  -0.251543  -0.0982226   -0.162682  -0.0961575    -0.23113   -0.133261   -0.162766   -0.165186   -0.146309     -0.1505   -0.162926   -0.168429   -0.146566    -0.14678  -0.0738271  -0.0771259  -0.0897171  -0.0947285   -0.185139   -0.106889   -0.157005    -0.12825   -0.231205  -0.0759284  -0.0645952   -0.102198   -0.116766   -0.137032   -0.200761  -0.0543641   -0.118965   -0.122572   -0.162394   -0.176571  -0.0849786    -0.14816  -0.0363236   -0.084921   -0.110773    -0.13377   -0.103557  -0.0958556
  0.0438798   -0.386485    0.285804  -0.0570245  -0.0846231   -0.456342    0.103607   -0.772901   -0.503011    0.159396   -0.192878    0.609406    -0.26192    0.250085   -0.484053   0.0575833   -0.208251     0.17636   -0.690063    0.201536     0.24105   0.0296992  -0.0430961  -0.0153724    0.310282   0.0715023  -0.0204349   -0.831559   0.0308198   -0.133149    0.306956   0.0377393  -0.0416537   -0.882668    0.162096    0.241274    0.258932   -0.406062    0.105214   -0.432653   -0.320875   0.0577943
   0.162943   -0.418119   -0.244329   -0.229955   -0.515812   -0.380739    0.109051   -0.234645   0.0225167   -0.324054   -0.124364   0.0806331   -0.148517    0.365137  0.00706318   -0.148874   -0.134365   -0.238818    0.169334    0.136497    0.116263    0.136666   0.0647242  -0.0398947   -0.382839  -0.0112118    0.044072   -0.124061   0.0737544   -0.586428 -0.00704907  -0.0628276  -0.0806896   0.0411404   -0.172765    0.124189  -0.0123362   -0.162315   -0.114472   -0.446417   -0.103834    -0.14363
  0.0781032  -0.0874693   -0.142393   -0.193201   -0.120945   -0.170543  -0.0946373   -0.177172  -0.0539654   -0.261709   -0.176493  -0.0440305   -0.159247   0.0271449   -0.115239   -0.156958   -0.130517   -0.164151    -0.03127  0.00791137  -0.0489663   -0.148131  -0.0613733  -0.0970276   -0.287741    -0.14413    -0.19404  -0.0494499  -0.0139492   -0.287029   -0.101129   -0.182041   -0.233219   -0.134397   0.0212494  -0.0132255  -0.0165337  -0.0535435   -0.125702   -0.139164   -0.181878   -0.148043
   0.112944   -0.132745   -0.131155   -0.237907   0.0558355   0.0340562   0.0846682   -0.141823   0.0126604  -0.0692475   0.0048042   -0.138274  -0.0934738    0.169818 -0.00286721   -0.354488 -0.00121342    -0.22489 -0.00955824   -0.160981  -0.0548046   -0.234985    0.126629   -0.249732   -0.182537   -0.219469   -0.133545   -0.207071   -0.120533  -0.0823724   -0.157588   -0.231313  -0.0860383   -0.208195   -0.213054   -0.210594   -0.192029   -0.254012  -0.0672146   -0.188402  -0.0348372  -0.0264697
  -0.215003  -0.0901413    -0.17629  -0.0755418   -0.153198   -0.171826   -0.162567   -0.091483   -0.183841   -0.115062   -0.140365   -0.209818   -0.102053   -0.204966  -0.0717231    -0.10865   -0.137666   -0.107013   -0.264921  -0.0836276   -0.118825  -0.0635503    -0.15987   -0.184478  -0.0912582   -0.113144   -0.053543  -0.0857806   -0.146793  -0.0876001   -0.104345   -0.163867    -0.17088   -0.139857  -0.0651772    -0.12321   -0.129261  -0.0727924   -0.177703   -0.128121   -0.102601  -0.0922661
  -0.115065   -0.118686   -0.147827  -0.0796595   -0.116955    -0.12697  -0.0734505   -0.140179   -0.209583  -0.0964423   -0.132803   -0.205598   -0.171324   -0.279392   -0.152794   -0.172438   -0.118738   -0.102962   -0.323722   -0.161524   -0.216295   -0.143827   -0.115632   -0.126057   0.0158942   -0.143495  -0.0507704   -0.124954   -0.177165   0.0200736   -0.067901   -0.147771   -0.118293   -0.180021  -0.0692249   -0.153003 -0.00451443  -0.0432469   -0.161669  -0.0748326   -0.143819  -0.0381502
   0.142709   -0.379004   -0.101696   0.0831163   -0.305457   -0.383504   -0.116065   -0.336738   0.0588834   -0.526544   -0.363117   -0.156109   -0.326652    0.285973  -0.0220984   -0.141155  -0.0992067  -0.0118004  -0.0408004       0.203    0.267911     0.13623   0.0861208  -0.0206182   -0.241029   -0.104691   0.0488975  -0.0267205   0.0262103   -0.405968    0.118823   -0.347603   -0.432969  -0.0885309   0.0292619    0.153418     0.11637    0.136424   -0.145078   -0.407377  -0.0946128   -0.259633
  -0.122647   -0.105006    -0.10602  -0.0919991    -0.21503   -0.154842  -0.0894518   -0.122988  -0.0779414   -0.117795   -0.181219  -0.0674313  -0.0884836  -0.0694572  -0.0556986  -0.0705976   -0.158805   -0.135587   -0.120581  -0.0578879  -0.0677474   -0.126057   -0.138498   -0.192609   -0.339445   -0.126567   -0.247187   -0.160739   -0.134728   -0.279843  -0.0974436  -0.0811181  -0.0894475   -0.100253   -0.179632  -0.0364679  -0.0200844   -0.163089   -0.128094   -0.166999    -0.03428  -0.0727507
  -0.214119    -0.11461  -0.0505422  -0.0428393     -0.2524   -0.165538    -0.13398  -0.0115619   -0.155086   -0.303511   -0.231676   -0.127295   -0.157561  -0.0979601  -0.0477875  -0.0612502   -0.161829  -0.0824691    -0.22233    0.105252  -0.0500407   -0.118875   -0.220392    -0.12518   -0.124606  -0.0831045   -0.188861   -0.190524   -0.107626   -0.174114  -0.0463321  -0.0981786   -0.140597   -0.213137   -0.110207   -0.115874   0.0234437   -0.199037  -0.0798755   -0.115484  -0.0282066  -0.0745587
  -0.169256   -0.102802   -0.134567   -0.166278   -0.108277  -0.0931482  -0.0365456   -0.093438  -0.0617355  -0.0982961   -0.118961   -0.159239  -0.0653509   -0.134046  -0.0685921   -0.157882   -0.112837    -0.20966   -0.126859   -0.161768   -0.124172   -0.177901   -0.208984   -0.188524  -0.0969721  -0.0704643   -0.237372   -0.142171   -0.211988  -0.0964359   -0.192297    -0.16475  -0.0735296  -0.0461923  -0.0274631   -0.186341   -0.176536   -0.112872   -0.122146  -0.0801476   -0.136736   -0.141726
   -0.19931  -0.0550971   -0.146767   -0.123397    -0.14613   -0.124656    -0.20096  -0.0939368   -0.168069   -0.122637   -0.175599   -0.174951   -0.126953   -0.239523    -0.15845   -0.115911   -0.121899   -0.093624   -0.198082   -0.132428    -0.15163  -0.0898146   -0.251444   -0.168054  -0.0848638   -0.101532   -0.167882   -0.123337   -0.195243   -0.137109   -0.131693  -0.0749108  -0.0839014   -0.129957  -0.0702129   -0.114196  -0.0472971  -0.0974137   -0.124798  -0.0699918  -0.0997005  -0.0823833
  -0.355979    -0.11131     -0.1941   -0.018773   -0.145497   -0.127596   -0.147059   -0.215612   -0.343519  -0.0597922   -0.104571   -0.147036 -0.00835585   -0.362609   -0.187879 -0.00807072   -0.106119   -0.069912   -0.268837  -0.0262619   -0.280235 -0.00198061   -0.138411  -0.0987746  -0.0224924   -0.191868   0.0117493   0.0625454   -0.259414   0.0562533  -0.0266094   -0.187578  -0.0152723   -0.181035   -0.161906    -0.16225    -0.09391   -0.135491  -0.0228929  -0.0959174    -0.19166   -0.016348
  -0.341496 -0.00824558  -0.0932201  -0.0816636   -0.158684   -0.090321   -0.201766  -0.0947087   -0.196813  -0.0991459   -0.170399   -0.123192   -0.129058   -0.275877   -0.110899   -0.058159   -0.099477   -0.136932   -0.241798  -0.0671077   -0.262959   -0.119172    -0.19429   -0.144391  -0.0500663   -0.121112   -0.136057 -0.00529898   -0.222784  -0.0326922   -0.163655   -0.147548   -0.118916   -0.128786  -0.0303195   -0.225404  -0.0844201  -0.0581716   -0.125951  -0.0292995   -0.105401  -0.0698723
  -0.196507   -0.111455   -0.181863  -0.0725987  -0.0970609   -0.153003   -0.120782   -0.105489   -0.167102  -0.0947696  -0.0991168   -0.139942  -0.0712206   -0.194384   -0.212262  -0.0794705    -0.16195   -0.106952   -0.153524   -0.139932   -0.133735   -0.113565   -0.193992   -0.144727   -0.117691   -0.172022  -0.0719472    -0.12814   -0.111661  -0.0963719   -0.131969   -0.191316   -0.165117   -0.174523  -0.0933936   -0.102105   -0.202959   -0.122234  -0.0978165  -0.0805859  -0.0993678   -0.118847
  -0.131868   -0.148767   -0.214295  -0.0472963   -0.101517   -0.121957   -0.124625  -0.0380671  -0.0405516  -0.0960985   -0.087015   -0.271952  -0.0491216   -0.206341   -0.126891   -0.081484   -0.199967   -0.179617   -0.132913   -0.085384  -0.0446854  -0.0582209   -0.145585   -0.149855   -0.286045   -0.152568   -0.122331  0.00354571    -0.10972   -0.129671  -0.0694801   -0.120637   -0.187688  -0.0488011   -0.205407   -0.129293   -0.203549  -0.0457991   -0.226083   0.0455637   -0.121451    -0.23461
  -0.276671  -0.0992643   -0.242606   -0.102726    -0.19034   -0.207264   -0.138402  -0.0488646   -0.193794  -0.0480019   -0.156284   -0.163599   -0.113858   -0.315846    -0.13591  -0.0926961   -0.100864    -0.11158   -0.235382  -0.0446469   -0.145643   -0.127389   -0.261688    -0.14905   -0.100595   -0.116725  -0.0758324  -0.0414615  -0.0955272  -0.0701243  -0.0372045  -0.0883279   -0.132028   -0.182768  -0.0264594  -0.0916263  -0.0619864   -0.103708   -0.142584   -0.126547  -0.0770585  -0.0865819
   -0.21582  -0.0005139  -0.0605373   -0.108127  -0.0839837  -0.0711419   -0.275758   0.0858971   0.0441278   0.0546321   -0.112447   -0.251107   -0.010196   -0.222666   0.0115627    -0.06479   -0.140404   -0.114417  -0.0254979   -0.319004   -0.108161   -0.373439   -0.308778   -0.117506     -0.1966 -0.00574129   -0.354113  -0.0690668    -0.07036  -0.0582593   -0.295078    0.036308    -0.14366   0.0317722  -0.0527594   -0.324028   -0.187048   0.0239994   -0.268063   0.0535115   -0.052798   -0.288794
  0.0809093   -0.179595   0.0195672   -0.078784   -0.244427   -0.312751   0.0748672  -0.0997994   -0.102579   -0.432721   -0.108632  -0.0487253   -0.103826  -0.0272499   -0.122003   -0.172568   0.0184473   0.0779767   -0.157103     0.05951   -0.321609  -0.0188919     0.32233   -0.122248  0.00720377    -0.26154   -0.193918 -0.00271202   -0.407064   -0.155491    0.123507   -0.346313   -0.242667  -0.0553073   0.0731246   0.0671136  -0.0627002   -0.428617    0.139957   -0.509759   0.0356671    0.206035
   0.287381  -0.0339741   -0.364928  -0.0525938 -0.00141292   -0.194566    0.172175   -0.233505  -0.0203503   -0.505361   -0.188136   -0.167835   -0.113781    0.289562   -0.245635   -0.357705   0.0304589   -0.105431 -0.00602894  -0.0276656    0.157175   0.0591625   -0.059409    0.041248   -0.201186   -0.229254   0.0891371   -0.216651  -0.0379253   -0.377672  -0.0512926   -0.453537   -0.297228   -0.195279   0.0914745  0.00200563    0.182033   -0.201967   -0.014669   -0.355505    0.130537   -0.222189
 -0.0864219   0.0168778  -0.0656765   -0.187013 0.000768307  -0.0972079    -0.21214  -0.0533465  -0.0529525   0.0817667  -0.0514757   -0.153803  -0.0525159   -0.316809   -0.169272   -0.236634   -0.199666   -0.249188   0.0989657   -0.432103  -0.0766053   -0.347896   -0.255495  -0.0774511  -0.0444015   -0.122392  -0.0987505   0.0342647 -0.00759043   0.0418242   -0.363655  -0.0359779  -0.0607191   0.0656085  0.00178967   -0.214145   -0.269942 -0.00851014   -0.230932    0.111649   -0.248822   -0.268077
  -0.346765   -0.091008  -0.0900811   -0.145652   0.0446336   -0.039846   -0.197194   -0.204152   -0.414747    0.257717  -0.0466711 -0.00229945  -0.0532203   -0.444965   -0.371376   0.0686574  -0.0876964   -0.201162   0.0277235   -0.484079   -0.282267   -0.243478   0.0360625   0.0310158    0.225463   -0.146373  0.00562208   0.0291472   -0.269408    0.204007   -0.275606  -0.0473266   0.0283978    0.077212   -0.214006   -0.350127   -0.384849  -0.0142751   -0.148416    0.110087    -0.33856   -0.129022
  0.0136372   -0.151345   -0.204085   -0.196727   0.0321423  -0.0754573  0.00953324   -0.148918 -0.00509471  -0.0965382   -0.101895   -0.126853   -0.086782   -0.221458   -0.122167   -0.195014  -0.0788163   -0.152567  -0.0471577   -0.211043   -0.083684   -0.125017  -0.0666821   -0.162144   -0.169056   -0.281523  -0.0578596   -0.110591  -0.0884625  -0.0726885   -0.303678  -0.0949075  -0.0619038   -0.075794   -0.223009   -0.147157   -0.131898   -0.152281   -0.225674   0.0468523   -0.182565   -0.122307
  0.0611029   -0.147454   -0.307676   -0.161512   0.0234409   0.0239343  0.00509665  -0.0442005  -0.0452133  -0.0355366  -0.0380717   -0.207178  -0.0452082   -0.244024   -0.164216   -0.241001   -0.145553   -0.205102   0.0341447   -0.261111   -0.104812  -0.0428687   -0.122692   -0.131034   -0.148903   -0.218881   -0.052033  -0.0496709  -0.0257467  -0.0798235    -0.28378  -0.0528716  -0.0208798  -0.0914355   -0.291136   -0.162202   -0.195077  -0.0810225   -0.285821   0.0747444   -0.177626   -0.203938
  -0.420265    0.027041  -0.0955318  -0.0302622   -0.184138  -0.0827832   -0.220311  -0.0674527   -0.303041  -0.0497574   -0.188573   -0.142425   -0.105041   -0.312556   -0.131991  -0.0478092  -0.0781174  -0.0874308   -0.330122  -0.0151758   -0.317946   -0.144236   -0.321525   -0.134645 -0.00169634  -0.0537337   -0.134571  -0.0153745   -0.246227  -0.0491647   -0.158299   -0.102485  -0.0766922   -0.121352  -0.0677131   -0.233741   0.0296715   -0.134823  -0.0643587  -0.0489181  -0.0564822  -0.0146736
  -0.101628   -0.132927   -0.137893  -0.0452866   -0.038522  -0.0749176   -0.149137   -0.157739   -0.138781   -0.167097   -0.170656   -0.238394    -0.15499   -0.222383   -0.097973  -0.0178252   -0.188993   -0.151649   0.0141527    -0.11752   -0.252899  -0.0603974   -0.105888   -0.167788   -0.102274   -0.211212    -0.18076  -0.0817706   -0.123616  -0.0126335    -0.20514   -0.102759   -0.131554  -0.0541681   -0.210268  -0.0607511   -0.122446   -0.114261    -0.25973   0.0188863  -0.0427329    -0.20231
  -0.147678   -0.107216  -0.0317017   -0.138455   -0.208682   -0.100707   -0.104204    -0.16852   -0.181651   -0.140688    -0.16061   -0.122578  -0.0943693  -0.0995346   -0.114239   -0.102579   -0.166361   -0.208714  -0.0607824   -0.102197  -0.0998481   -0.101888    -0.18833   -0.134621   -0.182435   -0.121212   -0.212189  -0.0642383   -0.159127   -0.134573   -0.165933   -0.129579  -0.0748347   -0.103584      -0.153  -0.0867499  -0.0995766   -0.141175   -0.133605  -0.0811592   -0.103505   -0.163042
  -0.123482   -0.101376  -0.0649383   -0.102878    -0.09032  -0.0477835  -0.0377804   -0.142478  -0.0695251   -0.115577   -0.136115   -0.201801   -0.176863   -0.155588   -0.147005   -0.078781   -0.180855   -0.211222  0.00826562   -0.106494   -0.191828     -0.1175   -0.140715   -0.164883   -0.135282   -0.162498   -0.152691   -0.107105   -0.185879  -0.0593259   -0.204864  -0.0845381   -0.111954   -0.114393   -0.163045   -0.116003   -0.147647   -0.187709   -0.207637   -0.105383  -0.0566836   -0.164718
  -0.309285  -0.0881828   -0.136751  -0.0336528   -0.284182    -0.16219   -0.174672   -0.076431   -0.195591   -0.184499   -0.186069   -0.194398  -0.0410643    -0.14984  -0.0738491  -0.0277223   -0.131911 -0.00354909   -0.272603  -0.0670251   -0.113561  -0.0260607   -0.233685   -0.191294   -0.092385  -0.0623045  -0.0666352  -0.0627266   -0.177749   -0.151279  -0.0122702   -0.052562   -0.170145    -0.22718  -0.0875706   -0.144383  -0.0842329   -0.120272   -0.083996   -0.191307   -0.035406   -0.102447
  -0.483677   0.0653298  -0.0976107 -0.00465584  -0.0973259  -0.0679013   -0.361744  -0.0300971   -0.241145   0.0732533   -0.171267  -0.0899357  -0.0853335   -0.329112   -0.129038  -0.0413551   -0.108648    -0.11364   -0.345474   -0.251446   -0.280219    -0.41093   -0.304823 -0.00780996   0.0454418  0.00534561   -0.250322   0.0101406   -0.166399    0.111726   -0.242805   -0.044816  -0.0454422  -0.0381937  0.00399153   -0.438817  -0.0267335  -0.0045878  -0.0757872  -0.0571191   -0.182021  -0.0302677
  -0.369453   0.0446773   -0.114886  -0.0317992  -0.0947634   -0.110087   -0.253252  -0.0892587   -0.200068    0.101333   -0.187447   -0.103608  -0.0662238   -0.297807    -0.14099  -0.0762018  -0.0406102    -0.10189   -0.116121   -0.318199   -0.278136   -0.352603   -0.223363  -0.0623187    0.074238  -0.0577412   -0.231341   -0.076566   -0.199735   0.0853308   -0.261654  -0.0293524  -0.0831999   0.0204628  -0.0262576   -0.381437   -0.106704   0.0261931  -0.0929726  -0.0469789   -0.161663   -0.109328
   0.129269   -0.411995   -0.139597   -0.306693  -0.0331911 -0.00687012   -0.377139   0.0643473  0.00302916   -0.385959  -0.0481577  -0.0541906   -0.396454    0.311352    0.013353   -0.117302    -0.23998   0.0468178    0.220044  -0.0804193   -0.134281    -0.11937    0.314759    -0.21758    0.101499  -0.0333788   0.0835747   -0.305203    0.157613   -0.182793   0.0870784   0.0195656  -0.0677735   0.0935417    -0.58547   -0.120818   -0.459877   -0.270135   0.0320536   -0.317458   -0.199545   0.0558012
 -0.0273494   -0.179679   -0.127511    -0.20054  -0.0280272   -0.131298    -0.11079   -0.201709   -0.132489  -0.0510159   -0.119754  -0.0123233  -0.0970612   -0.112483   -0.167324   -0.183664   -0.190013   -0.252957  -0.0333227   -0.137038  -0.0267355  -0.0493181  -0.0645583   -0.104413  -0.0504337  -0.0971549 -0.00305557    -0.17416  -0.0810517   -0.122553   -0.149717  -0.0967304  -0.0965824   -0.187229   -0.217212   -0.124194  -0.0949526   -0.108061    -0.19255  -0.0531222   -0.279811   -0.146028
   0.570296   -0.181693    0.535712   -0.487114    0.277678    0.230941    0.337759  0.00277277    0.203402      0.2727  -0.0380321    0.206224   -0.159842    0.467557  0.00627116   -0.208549  -0.0857085   -0.189655    0.425471   -0.485808    0.265859   -0.280541    0.336826   -0.521342   -0.534302   -0.128352     -0.5803    -0.90493   -0.468407   -0.812713    -0.24182    0.129193   -0.103763    0.143957   -0.280903  -0.0549456   -0.636018   -0.314175   -0.228269   0.0195322    0.219243   -0.612282
   0.119827    -0.28145  -0.0677784    -0.38835     0.13451 -0.00368518   -0.475092  0.00115644  -0.0176582   -0.362296    -0.11426   0.0199141    -0.29349    0.317989   0.0174019   -0.037142   -0.211779  -0.0236885    0.119745   -0.047073   -0.209474  -0.0664343    0.195036   -0.194577   0.0976664  -0.0320734   0.0648119    -0.36589    0.142195   -0.105948    0.123129    0.165043  -0.0802953  -0.0678014   -0.567987  -0.0679749   -0.451497   -0.280339 -0.00862321    -0.28554   -0.365727   0.0955068
 -0.0790605   -0.176637   -0.207762   -0.094651   -0.252989   -0.227628  -0.0519953   -0.180284   -0.102135   -0.194413   -0.164636   -0.160138   -0.152711  -0.0626614   -0.150701   -0.162065   -0.161334  -0.0667377  -0.0800798   -0.079603  -0.0121673   -0.057266   0.0107906  -0.0469897  -0.0269673    -0.12053  -0.0554644   -0.049016  -0.0875101   -0.154978   -0.020852   -0.231491   -0.244883  -0.0605197  -0.0603169  -0.0753775   -0.123943   -0.108094  -0.0867097    -0.26295   -0.128626   -0.158883
