no weights
     1.36883      -0.3218    -0.817455    -0.112305      0.71004     0.253792    0.0906026    -0.137688    -0.630823   -0.0389079     0.457602    -0.486556     0.227295    -0.507954    -0.429199    -0.607422  -0.00307834      1.04815        1.283    -0.781198     0.485975     0.956185    -0.586643     0.380385     0.729978     0.740676     0.976958    -0.364642    -0.442315    0.0548338    -0.544741    -0.467063     0.561115     0.402994    -0.259126     -0.17443    -0.181896     0.734355     0.250938   -0.0350504    -0.443515      1.31689      1.06036    -0.418506    -0.901397    -0.233762   -0.0548015      1.02311
   -0.421801      1.06414    -0.813754     0.251843   -0.0131758      1.49835    0.0047452    -0.827866     0.159611    0.0983913     0.905275    -0.231622    -0.567878     0.219144     -0.89539    -0.813137    -0.208004      1.06203    -0.840618   -0.0212678     0.208986    -0.808725      1.09756     0.181156     0.580347     0.583441    -0.154816    -0.744498     0.879662     0.617989    -0.609379     0.392522     0.301491    -0.513561     0.403486    -0.525514    -0.374136      0.55333    -0.729659     0.889363     0.464973     0.184509    -0.714442     0.766908    -0.506369     0.224534   -0.0148521      1.13714
     1.01287     0.752318    -0.363424   -0.0525538    -0.286414     0.348345     0.692432     0.574543     0.350858    0.0239289    -0.313455      1.20686    0.0467483     0.933636    -0.245508     0.835268    -0.654292     0.255946     0.303399     0.966721     0.996279      0.64402    -0.253628      1.09711      0.22972    -0.118188    -0.653736    -0.806557     0.920716     0.492561     0.170458     0.161582     0.947548    -0.988902     0.551118    -0.410568     0.325321     0.742939     0.948145    -0.633214     -0.29851    -0.901635       1.6155      -1.0299     -1.52004     -1.11626      -1.4649     -0.14875
      1.2431     0.399182     0.265743    -0.363297    -0.793123      1.42694      -0.2784     -0.40281     0.158838    -0.597244    -0.256975    -0.797945   -0.0485249    -0.802204    -0.531718    -0.574773    -0.801002    -0.482267     0.676891     0.658895     0.634841     0.102459     0.445641   -0.0916469    -0.310194    -0.733446    -0.915589    -0.755005    -0.748484     0.630478     0.448047      1.24327   -0.0846692     0.987616     0.111142    -0.121712    -0.973861    -0.560308     0.488457   0.00881147    -0.422396    -0.787145     -1.03377      1.28264  -0.00901178    -0.803536   -0.0358356     -1.29476
    0.585755    -0.691244      1.02491     0.252985     0.112706    -0.435326    -0.246431    -0.284594      -0.7196  0.000488181   -0.0699811    -0.834955     0.849086    -0.599701    -0.384717   -0.0810926     0.339656     -0.54962     0.190117    -0.144486     0.385667     0.879611     -1.21058    -0.141505     0.286822      1.00176     0.505805       1.1778     0.138619    -0.996488    -0.812192      0.40957     0.512582    -0.565892    -0.108437    -0.134333    -0.476251     0.404377      1.03904    -0.551525    0.0541852   -0.0537348      0.83612     -1.16066    -0.450996    -0.564978     0.193517     -1.07031
    -1.17424      0.24698      1.08142    -0.614879    -0.437764    -0.440333    -0.506012     0.487736     -1.00772     -1.08744    -0.062641    -0.743326     0.710554    -0.459971      -0.4644    -0.608259     0.373107    -0.553664     -1.10384    0.0535883     0.841446      1.22079     0.729452     0.121651     0.660403    -0.787762      1.00158    -0.722396    -0.755655     -0.87883     0.677899      1.69025    0.0473025     0.381838    0.0795264     0.326927    -0.510608     0.898228       1.0826    -0.720114     0.835269     0.344659     0.793167    -0.626284     -0.89345     0.892042     0.864271      0.30684
   -0.372889    -0.469992     0.166118   0.00849419     0.451044    -0.778195     0.550639     -0.30063    -0.481253     0.622645     0.365233      0.36597     0.232082     0.428254    -0.994975    -0.536846     0.238265     0.221417    -0.504104    -0.233143     0.179972   -0.0629523     -0.13758     0.454314     0.110138    -0.388686    -0.572071     0.501556      1.10357     0.384376   -0.0799557    -0.865851     0.748072     0.498394      0.77882      1.09105     0.206549     0.192217      0.57828    -0.569209    -0.359724     0.925881     -1.16574     0.482908      1.06244    -0.365435     0.576482     -1.46351
    0.279139     0.285378    -0.427558     0.254403     -1.08454    -0.806814     0.328214     0.686401    -0.403861  0.000847847    -0.445528   -0.0154018     0.101382      0.26458     0.370814    -0.528251    -0.461683     0.500228    -0.614471    -0.293984    -0.358359     0.362636      -1.0887    -0.543335     0.959028     0.587553     0.625004     0.411308    -0.150151     0.205098    -0.571543     -1.03997     0.104168     0.922458     0.184999   0.00325376    -0.818372     0.830742     0.659353     0.164339      1.34264     -0.62078    -0.504594     -1.26199     0.200897    -0.918519     -1.02184     0.275468
   -0.259034    -0.354321     0.318826    -0.606348    -0.170406      1.59118     0.898098     0.747699      0.34659       1.0815   -0.0414616     0.599125     0.674041     -1.18661    -0.441962      0.14508     0.949131  -0.00885132     0.220856    0.0815943     0.198546     0.721932     -0.56264    -0.824758     -1.13925   -0.0204718     0.590099    -0.379029    -0.826267     0.502904     -1.03907   -0.0980611    0.0107648     0.158328    -0.255981     -1.19755     0.135332     0.156033    -0.118445      -1.0217   -0.0653918    -0.798375     0.580928    -0.252654     0.735546    -0.120372     0.995584     0.361189
    0.390515     0.473703    -0.334948      0.85544     0.466742    -0.329844     0.233185     -1.03401     0.727168    -0.374878     0.108617     -1.20844    0.0139631      1.33583    0.0581733     0.859639    -0.752672     0.237501     0.235352      0.55454    -0.344906     -1.12394     -0.16514    0.0445796    -0.562052    -0.151975    -0.813026      1.10823   -0.0366172     0.560258      1.06634    -0.698143     0.154509     -1.47341     -1.06225     -0.62252     0.732769      -1.1032      0.16955    -0.684639     -1.03241     0.305632    -0.603675     0.351269    -0.422227     -1.25866     0.614336     -1.74619
   -0.182086     -0.15099    -0.257303     0.403482     0.594566   -0.0987727     0.715112    -0.623525    -0.648076    -0.702313      0.76264     0.402483    -0.313749      1.14589    -0.774608     0.179462    -0.121469    -0.244564     0.478892     -1.35251    -0.488305     -1.25448    -0.787268    -0.131604    -0.116324     0.212724     0.686531   -0.0607659     0.687123    -0.343174     0.030922     0.252561     0.494527       1.1284     0.291383     0.259089    -0.499034     0.449212     0.377023     0.203957    -0.204201       0.1216    -0.405234     0.396194    -0.619532     0.136723     0.120562      1.46018
    0.384471    -0.545645   -0.0811734      1.23698      0.88454     0.924822    -0.409168     0.643098    -0.305217     0.164854     0.929068    -0.978863     0.359196    -0.856238     0.444375    -0.100927    -0.176629      -1.2085      -1.1141     0.272517     0.954568    0.0140627   -0.0605557   -0.0328248    -0.364137      0.86786    -0.644538     0.650721     0.931667     0.967513     0.053406      1.09949    0.0537382    -0.514687     0.881345     0.134853    -0.744654     0.559398    -0.494702   -0.0036341     0.886289     0.873207     -1.05064      0.28844    -0.912477    -0.173796    -0.826288    -0.684695
      0.5885    -0.253387   -0.0737147      0.26636   -0.0758657     0.305041   -0.0603491     0.327579     0.320964     0.111763    -0.205087    -0.448636     0.235486    0.0231633     0.643454     0.713934     -0.96378    -0.391943     0.747255    0.0976116     0.759154    -0.730952    -0.519732     -1.19705      1.25958     0.678684     0.278468      1.04529     -0.48086     0.630143     0.669946     -1.01435     0.147095    -0.568845    -0.444389    -0.764186    -0.261956      0.27054      1.02977    -0.381854    0.0538909    0.0437484      1.32545    -0.804996     0.469775     0.954245      0.72179     0.268911
  -0.0479882      1.05906     -0.12627     0.596302    -0.513227    -0.186126     -0.72671     0.712809     0.751325    -0.788215     0.292667    -0.303977     -0.73081     0.555991      0.46089     0.968115     0.740269     -1.00663    -0.159175      0.42608     0.246152    -0.825135    -0.266327      0.39372     0.410469      0.43664    -0.113419     0.761244     0.919753    0.0861717     0.291918     0.219303    -0.887765   -0.0843336     0.672095     -0.42072     0.832633    -0.199566    -0.254601   -0.0237974     0.956672   -0.0984218      0.78795       -1.169    -0.814777     0.825137    -0.233354    -0.866012
     1.58917     0.648213    -0.993129     -1.05915   -0.0485899    -0.324458     0.819639    -0.481603     0.279052     0.638226     0.897887    -0.512456      1.02558     0.622845     0.763313    -0.810093    -0.226322     0.152931     0.866288     0.131261    -0.057319    -0.518841     0.744339   -0.0104669     0.299805    -0.441669    -0.680415     0.949729     0.373936     -1.08819     0.652004      1.01171     0.271619    -0.387574     0.568046     -1.31348      0.78021    -0.546815     0.107041     0.914265    -0.291582     0.205158     0.336714     0.318601    0.0325871    -0.942324    -0.969554    -0.166105
    0.998502      0.81192     0.766926     0.734137     0.544131     0.522751     0.545039    -0.109558    -0.409642     0.111156    -0.491894    -0.579492    -0.379438     -1.38366      1.36018    -0.325395      0.71044     0.705202    -0.634319       1.0797    -0.833031    -0.804622      0.90505    -0.193771     0.223022     0.704817      0.58409    -0.879038    -0.118846     0.531659    -0.959401    -0.246869     0.942382    -0.622666     0.249591     0.503674     -0.55405    -0.696306     0.487894     0.298322     0.608268   -0.0904885    -0.129251    -0.774697    -0.328285     0.591691    -0.294817    -0.476452
    0.285515    -0.519719     -1.00057     0.410918      0.14162     0.571059    -0.519997    -0.640449     0.767202      0.29091    -0.491214    -0.485325    -0.657043     0.219318     -0.75047    0.0443233     0.159748    -0.155707      0.40896    -0.810749      0.64412   -0.0853202    0.0412543    -0.402843      1.60045    -0.193805    0.0123373    -0.238343     0.993149      1.10978     0.834161    -0.167097    -0.518525    -0.548962     -1.03077   -0.0862903    -0.671255    -0.643857    -0.542632     0.606065    -0.501072      1.23315    -0.650368      1.07273     0.594516    -0.713176     0.264771    -0.108884
   -0.225727     0.334963      0.55374     0.946239   -0.0875261    -0.947819    -0.950301     0.211825    -0.491974    0.0799301    -0.589532     0.390618   -0.0811058     0.522176    -0.942249     0.430388     0.717965     0.737348     0.378707     0.652859      -0.1789      0.70232     0.199255     -1.50049     0.245042   -0.0923116      1.48413      1.17569     0.679341   -0.0348009      1.14522    -0.725135    -0.487376    -0.619138     0.558534     -1.05906     -0.43629     0.285595    -0.793779     0.735431    -0.118791    0.0907178     -0.90483    -0.317552    -0.262586    -0.105101    -0.792796    -0.240626
    -1.39582     0.288442    -0.579832     0.739959     0.173706     0.290032     0.033281    -0.767957     -0.52862    -0.653744   -0.0706858   -0.0971772    -0.777199     0.403761     0.280156     0.802898    -0.796199    -0.816275     0.787624     0.428117     0.138866     0.333208   -0.0232509     0.394774   -0.0358166      0.21807     0.492903     -1.09093    -0.207584     0.315883    0.0653523    -0.525966      1.14055     0.369533     0.548449     0.137963   -0.0519577     0.803469   -0.0426849    -0.242206      0.18419     0.342855     0.240187     0.324736      0.40435     0.547552    -0.574365      1.40105
  -0.0738444    -0.247398     0.546743     0.646639    -0.472093      -0.1489     0.197875     0.177257    0.0590619    -0.287698      0.14129     -1.12812    -0.494292     0.862274    -0.694282    -0.584622     -1.32938     0.670617      0.31194   -0.0846299    -0.985848    -0.338386     0.223542     0.575852     0.447531      0.39734     0.357211    -0.778422      1.05599      0.12353      0.61597    -0.614531    -0.048514     0.905022     0.599237     -0.41508       -1.502    -0.560371     0.582918    -0.263151     0.318729    -0.342433     0.132359      1.08054      1.31273     0.109613     0.875361    -0.743605
    -1.37932     0.447906    -0.763172      1.03667     0.833689     0.692561    -0.599646     0.637681     0.660669    -0.554482    0.0831816    -0.573892      0.79039      -1.1626     0.760131     0.158346     0.973302   -0.0391222     0.677426     0.650522     0.607684    -0.188587     0.638335    -0.628446    -0.395368       1.1629     0.736327    -0.350793     -0.66823     0.245981     0.903115     0.653331     0.315212    -0.561746    -0.293519      -1.2288     0.429199      1.03862     0.199884    -0.103948     -0.78895     -1.24836    -0.152209    0.0567568  -0.00348457    -0.254685    0.0290935      1.58609
   -0.571807    -0.393557      1.01219      0.72875     0.749344     0.090198     0.206678     0.134799     0.149166    -0.294945     0.249826    -0.383402     0.539383     0.587802     -1.20578     0.166376     0.524074   -0.0228599   -0.0421612     -1.04957    -0.261296     -0.22578    -0.602807     0.645348    -0.419417    -0.363532   -0.0653043     0.972853     -0.68156     0.537852     0.719971      0.11583     -1.22774    -0.691515    -0.124044    -0.832795    -0.759382     0.598551     0.990207      1.17805    -0.673948     0.257633    -0.339702    -0.295969    -0.354066    -0.111248     0.176946      -1.4491
   -0.904697     0.119002    -0.599218      1.13109     0.650658     -1.00882      1.37558    -0.656359     0.798041     -1.01673    -0.799344     0.621008     0.185228     0.928025    -0.311024     0.536482    -0.737945    -0.116346    -0.858777     0.351367       1.0657    -0.251882     0.586505    -0.637525    -0.875987    -0.939765    -0.972263    -0.480019    -0.428159  -0.00548755    -0.669296     0.272536   -0.0746886    -0.420922    -0.259866    -0.991492     0.749827     0.807795    -0.301011    -0.153735    -0.440075    -0.539388     0.543248     -1.08811    0.0403239    -0.557848    0.0675805     -1.55066
    0.708435     0.803164     0.182743      1.22688   -0.0464089    -0.339553     0.454812    -0.155873    -0.457672     0.606562     0.345974     0.634619    -0.391929    -0.630768     0.352703     0.638991     0.995045     0.130948      1.16883    -0.158484   -0.0430418     0.215988     0.388568    -0.102831    -0.132393       0.3665      0.22383    0.0699242    -0.182458      0.98256    -0.182067    -0.540222     0.504249    -0.763543     -0.49439    0.0227973      0.48525    0.0964895     0.553219      0.99495     0.577752     0.526495     -0.12276    -0.281856    -0.499712     0.543273      1.15906     0.852151
   -0.873907      1.46172     0.172345      1.06048     0.933213    -0.190096    -0.422714     -0.56399    -0.427388     0.133386     0.133249    -0.154614     0.543651    -0.803919    0.0253553     0.347377    -0.588408     0.441761    -0.287565     0.425462     0.438535     -0.83299     0.390709    -0.879904    -0.937653     0.512289     -1.45163     0.150649    -0.368163     0.806687    -0.141183     -1.12859      1.14847    -0.443227     0.149965     0.807764    -0.851412     -0.26455    -0.555796     0.615189     0.509181     0.845281      0.10175    -0.736607     0.847915    -0.790676    -0.572246     -1.34724
   -0.290141    -0.366231   -0.0562065     0.297728    -0.754858    -0.922443    -0.194017     0.259047     0.689979      1.02613    -0.869661      1.59024     -0.30826    -0.471389     0.834084      -0.6667     0.692139     0.840169     0.658285      -0.7732    -0.479425    -0.101196    -0.181958    -0.150615     -1.09385     0.220637    -0.763497      1.06855     0.846535      0.50206     0.475735    -0.244853     0.242835      0.87786     0.797853     0.953897      -1.0173  -0.00448925    -0.561124    -0.340785     0.663563     0.620521     0.880367      1.13764     0.348513    0.0552891    -0.299733    -0.263195
   -0.800527    -0.367623     0.789067    -0.517858    -0.265431    -0.637727      1.10385    -0.510617     0.745765     0.280151    -0.411687      -1.1904    -0.461915     0.596437     0.207286     0.190469     0.260036     0.738403    -0.880577   -0.0960129     0.455573     0.458018    -0.146801    0.0355954    -0.140559   -0.0692926    -0.667587     0.493472    -0.849198       0.1226   0.00198264      1.07874     0.934264     0.972358    -0.424817    -0.586616     0.310924    -0.757012    -0.113883     0.532889    -0.710131     -1.08675     -0.84528     0.280273      1.14445     0.587908    -0.484313    -0.937672
   -0.983688     0.696805     0.464488      0.80596      1.03427   -0.0343438    -0.882704    -0.579015     0.177015    -0.340714    -0.210156    -0.211118     0.464502    -0.540202    -0.574594     0.246992     0.309285    -0.860008    -0.301416    -0.884589    -0.441028     0.921834     0.405768     0.643502     0.268603    0.0254239    -0.792396      0.53008      0.35146     0.176666      1.29179    -0.357108    -0.327714     -1.01494     0.323142    -0.488223     0.504665     0.617869     0.547999    -0.630197   -0.0648255     -1.27448   -0.0367715     0.353494    -0.361588    -0.698693    -0.801116    -0.734968
     1.94386    0.0794996     0.647171       1.0804     0.593783    -0.695902     -0.96684    0.0919652     0.493014     0.088078      -1.0295    -0.952948    -0.600983     0.503695      1.07447     0.666423    -0.282172      -1.2701     0.735327    -0.115344    -0.266106    -0.687018     0.337038     0.258671   -0.0656146     0.453472    -0.807221      0.34663    -0.859801     0.244938    -0.956607      1.06863     0.344714    -0.738087    -0.123883     0.529613    -0.123066    -0.604871    -0.101946    -0.318723     -1.15007     -1.21035      1.41959     0.783408    -0.509781    -0.204357     0.165289    0.0613904
   -0.497292     0.664541      1.05182     -0.61228    -0.571311      1.10541    -0.132671    -0.874212     0.925013     0.916948     0.614803     0.458761     0.512132    -0.122847   -0.0313725       0.5763     0.584039     -1.16879    -0.882425   -0.0928313    -0.764659      1.25586    -0.898963    -0.391247      0.54753     0.047213    -0.298804      1.21945    -0.422233     0.591091     0.692859     0.659191    -0.113543      0.91596    -0.537284     0.566697      1.07514      0.16643     0.225189    -0.593636      0.26805     0.370128     -1.13905    -0.479677    -0.707146     -1.19744     0.152272    -0.283901
     1.20202     0.952859     0.381631     0.311287    -0.921978     0.654658    -0.152831     0.155613    -0.474509     -1.00505   -0.0210404       1.1034    -0.890141    -0.716239     0.720486    -0.618694     0.889386     0.961603    -0.883947    -0.300359     0.582449    -0.471736   -0.0839951      1.16616    -0.591115   -0.0739701     0.627235   0.00865967    -0.189412    -0.434338     -1.50734    -0.864593    -0.681228   -0.0588776     0.195042     0.731367    -0.125459     0.610252   -0.0270456    -0.953039     0.201565     0.369191    -0.619213      1.15373    0.0025713    -0.512443   -0.0636769   0.00535212
     1.37169    0.0984304     0.507608    -0.651888    -0.497058     0.181642     0.436769     -1.24325     0.777306     -1.14971     0.913379    -0.496284      0.65449      1.11358    -0.668664    -0.640872     0.607525     0.507189    0.0874182    -0.505527    -0.711536    -0.770636     -1.15105    -0.333505    -0.598137     0.237431    -0.833679    -0.456984    -0.224046    -0.785676    -0.650368     0.972471      0.42416     0.774012     -1.10116     -1.20074     0.397632    -0.858675    -0.391769     -0.78399    0.0847888     -1.26417      1.30783      1.06902    -0.373686     0.503764     0.717152     0.796605
  -0.0875865     0.450454    -0.359207     0.672871    0.0475052     0.959221     0.618824   -0.0454842     0.147957     0.305951     0.587295     0.960909      0.94003     0.254397     0.628307     0.781806    -0.430743    -0.549168    -0.238463     0.840474    0.0970822    -0.643961    -0.768025     0.401278    -0.279218    -0.610748     0.921114     0.745803    -0.775003     0.283564     0.631919     0.184319    -0.520417     -0.74164    -0.985149     0.726999    -0.708104   -0.0213888     0.462544      1.07218    -0.706055    -0.292689     0.641402    -0.211152     0.877257      1.05262     -1.00858   -0.0323212
   -0.292022      1.02989    -0.596036    -0.361865     0.244544     0.524493    -0.725722   -0.0488036     0.956335     0.387838     0.966992     0.248892     0.180827    -0.818207     0.143001    -0.392784    -0.695912   -0.0742592     -1.15396      -0.4674     0.691581    -0.610934    -0.677201     0.352371    -0.507797      1.08321      1.05235     0.274442    -0.145702     0.943998     0.799425      1.15292     -1.04428     0.635894    -0.282927    -0.508977     0.840284     0.602743    -0.168423    -0.496156      1.04256    0.0618116     -1.00051     -0.98366   -0.0600268    -0.621535    -0.111736     0.787053
   0.0138919   -0.0365298     0.224525      0.46006     0.765365    -0.356047     -1.05679    -0.528736   -0.0141482    -0.602278    -0.521873    -0.203112    -0.400645      1.07452    -0.248857    -0.484913     0.455858     -0.74948     0.334676    -0.846313    -0.913416    -0.417378     0.554422     0.860669     0.625639     0.174164     -1.30673    -0.656801     0.300898     -1.03834    -0.681951     0.160078    -0.299318      1.35591      0.16728    0.0438372     0.992355    -0.743964    -0.534649     0.210347      1.69115      -1.1637      -1.2054     0.882685     0.074533     0.784282    -0.456834      1.10417
    0.360102     0.794109    -0.964786    -0.514016     -0.48734    -0.405787    -0.350713     0.362779   -0.0490633    -0.642656     0.196115    -0.905967     0.806741      0.68994    -0.842277    -0.268428    -0.412999    -0.607297     0.979629    -0.658115    -0.855239     -0.71811    -0.913762    -0.886593    -0.638385    -0.466049    0.0905923     0.746303     0.647845     0.271611    -0.720916    -0.180306      0.89562    -0.505168     0.133615    -0.347853     0.181425     0.892885     0.630237    -0.656904     0.549591     0.494026     0.646103     0.084495    -0.471814    -0.319235     0.972292     0.643289
    0.171461    -0.603271     -1.31214    -0.503775    0.0387967   -0.0471719    0.0749367    -0.596456     0.918629     0.271485    -0.410079      0.99067     0.214943   -0.0803998     0.573318    -0.207352     0.383896     0.921373    -0.774119     0.831267     0.726437    -0.352104     0.984547    -0.233908     0.891604    -0.463485     0.655304     0.781238     0.255795    -0.548766   -0.0990444      1.00222    -0.150459    -0.531181     0.923377     0.936208    -0.759047     0.255766     -1.13893    -0.661916     0.493605     0.343606      1.58148    -0.571502     0.311559    -0.929893    -0.347503     0.282103
    0.944931     0.820857    -0.388454    -0.477511     -0.35715      0.28969     0.788808     0.438308     0.737284     0.819377     0.784999     0.577922     0.667302     0.386201    0.0158144    -0.347714    -0.209475     0.145063     0.892879     0.054418      1.06251    -0.719142    -0.381316    0.0684109    -0.106098     0.858716    -0.439372     0.373999     0.256862     0.163965     0.360165     0.688294    -0.539352   -0.0308043    -0.166606    -0.102585     0.186271     0.272841     0.951698     0.410433      -0.1817     0.893656     -1.10309     0.405393   -0.0395544    -0.981842     0.675067    -0.248609
 0.000442349    0.0600179    -0.541196      -1.3304    -0.578871    0.0287924     0.550514    0.0957473     0.599846     0.314053     0.124666     0.806355    -0.146635   -0.0941983     0.435787     0.237234    -0.634384    -0.682025    -0.794295     0.448709     0.262121     0.351006    -0.572821     0.226515     -1.11352      0.95604    -0.710064   -0.0910896     -0.52446      0.10439    -0.509063    -0.825626   -0.0513895     -1.10454    -0.397034      1.00929     0.196365     0.157069    -0.550981      0.25423     0.147469    -0.631583      -1.1399      0.11018     0.768737    -0.346964      1.01117     -1.00093
    0.273076     0.791263     0.678472     0.285378    -0.942746    -0.319893  -0.00335547     0.777639    0.0300536    0.0124808     0.705557     0.421886    -0.445637    -0.325786     0.735171    -0.696389    -0.490407    -0.350182   -0.0077647    -0.489257   -0.0182508      1.34362    -0.618546    -0.343388      0.42659      0.52301    -0.431025    -0.499112   -0.0710442    -0.485592    -0.279774    -0.386177     -1.40766        1.112    -0.971033    -0.763359      0.60204     -1.01065     0.407861    -0.474165    -0.570266     0.946087      1.72791     -0.18071   -0.0879535     0.127903    -0.462951     0.283245
    0.215972   -0.0725233     0.301138    -0.393431      1.18844    -0.807684    -0.852192     0.366599     0.359028     0.255439    -0.563453     0.590452     -0.85239     0.295158     0.820906    0.0257319    -0.279085    0.0662067    -0.613305    -0.439073    -0.671656    -0.595029     0.354037    -0.252279    -0.117795    -0.311801   -0.0301934       1.1749    -0.724887    -0.198651     0.157187    -0.794421     0.435609      1.09072     -0.22686      0.37034    -0.666863    0.0720201    -0.220208    -0.522583     0.588045     0.133133    -0.185853    -0.401119    -0.892792    -0.627907      1.16614     0.370679
  -0.0329392    -0.768062     0.275247   -0.0208609     -1.32046     -1.67813    0.0543835     0.575884     0.920846     0.767563    -0.890055    0.0622344     0.118887    -0.627259     0.423698     0.481135     0.102394     0.727821     0.576117     0.314624    -0.581858     0.522616    -0.627388      1.20187    0.0221257     -0.10539      1.02621     0.528641     -1.03666     0.491451     0.453717     0.997512    -0.698433    -0.330908     0.840393    0.0806491      0.17729    -0.188692     0.909856    -0.435449      1.20461     0.219798    -0.203307    -0.329708     0.665771     0.414116     0.133927    -0.398271
   -0.274951     0.620765     -1.03264   -0.0703333     0.833215     -1.13651    -0.180126     0.352456     0.871424      1.02247      1.10909     0.554894     0.442814     0.502444     0.420557     0.532501      0.78362    0.0421262     0.196268     0.787014     -1.24181    -0.917195    -0.458125     -1.19063    -0.799223     0.399103  0.000624122    -0.521482   -0.0456202     -1.07544    -0.920098    -0.313404   -0.0653062    -0.952512     0.872297     0.126562     0.753038     0.163295     0.722452    0.0456283     -1.12068     0.511232      0.51328    -0.485722     0.825129      1.72222     0.790824      1.28676
     0.41075     0.833994    -0.684856      0.94443    -0.250733     0.753067     0.270205     -0.54368    -0.410635     0.623033      0.13757    -0.435796      0.50329    -0.713913      0.11481    -0.840457    0.0187859     0.683708     0.853461     0.423617     -1.15677    -0.303377     0.577348    -0.240652    -0.265814    -0.904655    -0.962923     0.573549    -0.718683    -0.206222    -0.832555     -0.60835       1.2812     0.789262     0.331016     0.590644     -0.39652    0.0884758      -0.1928    -0.146948      1.14641    -0.553596     -2.24318     0.252493      0.80321    -0.799633     0.125865      -1.4264
    -1.07389    -0.678136     0.957712    -0.348849    -0.494601    -0.244605     0.293636     0.179157     0.743326     0.758228     0.778994     0.879647    0.0917918    -0.575927   -0.0728295     0.575468     0.126304    -0.176082    -0.935638     -1.24114     0.330687     0.584408    -0.399077      0.75157      1.14248    -0.248398    -0.464763     0.320133     0.932633     0.048983    -0.483814     0.623922      -1.5176      1.00251     0.316821     -0.73798  -0.00857256     0.240316    -0.565353     0.115645      1.13306   -0.0536379     -1.45829    -0.225898      1.22031     0.197485      1.12399     -0.25097
   -0.383918      1.09333     -0.30178     0.418657   -0.0129902     -1.29346     0.125611    -0.933161     0.124376     0.569476     0.434223    -0.168206     0.766893    -0.407514    0.0433583     0.303084     -1.39323   -0.0653478     0.133392    0.0743387     0.532281    -0.314295    -0.621789     0.247841     0.696575    -0.769723   -0.0929549     -0.70998     -0.71835    -0.727979     0.831917     -1.12097     -1.14087    -0.194656     0.161779    -0.133418     0.668275     0.741567     0.104653     0.290873    -0.196314    -0.295311      1.57673     0.289218    -0.859026     -1.14943    -0.253987    -0.423571
     1.03492     0.162104     0.710969     0.361106     0.620509     0.042621    -0.433286     0.572965     0.421129      0.06099     0.283125    0.0598057     0.711186    -0.896184     0.562003    -0.114616    -0.785338      0.65082    -0.356018    -0.108131    -0.951159     -1.07393    0.0931578      1.21455     -1.02916     0.490702     0.687608     -1.27645     0.595517    -0.765944    -0.700809    -0.579199     0.944104     -0.81634    -0.216498  0.000390363     0.720515     0.399781    -0.834655   -0.0804313      1.32769   -0.0873475    -0.123078     0.428928    -0.793407     0.803292     -0.62136     0.235995
    0.277099      -0.2477    -0.680378      -0.7237      0.80059    -0.798414      0.47257     0.713975     0.534949     0.011397    -0.700854    -0.805876     0.233356    0.0409191    -0.142443    -0.661355    -0.387433     0.615749     0.586937    -0.208015     0.460133    0.0549664    -0.666777     0.550022     0.997268      0.22265     0.899044     0.727932     0.982115    -0.496341     0.609588     0.990166     -0.43677    -0.914499     0.738759    -0.879475     0.197617      1.07158     0.288409    -0.042739    -0.205793    -0.677784     -0.24736    0.0857114     0.969289     0.866683    -0.234893     0.584838
    -1.26622   -0.0939659     0.796465    -0.199128     0.307897     0.232504   -0.0422269       0.1064     0.707399    -0.815328     0.951844    -0.985232     -0.17019    -0.557269    0.0922965    -0.222303   -0.0225332    -0.752957    -0.567237   0.00157192      1.42232       1.1275     0.956257    -0.233509    -0.761625    -0.236996    -0.357873      1.31771     0.236341      1.21339     0.299996     -0.79814    -0.658282     0.581501    -0.711963      1.04552     -0.64691     0.567817     0.544303    -0.306519     0.385929    -0.200656     0.784183     -1.10014     0.141399   -0.0449193   -0.0327256     0.539869
    0.987441    -0.104742     -0.64348     0.477842     0.775749     0.943265    -0.728612     0.538628     0.688361      0.18011     -0.60409    -0.696129    -0.384101     0.711635    -0.592825    -0.487426     0.106752     0.801954    -0.754773    -0.109392     0.792847    -0.368348    -0.647889   0.00229715     0.472772     0.277583      0.13859    -0.625727       1.3647     0.586681     0.749019     0.321603     0.710542    -0.445515     0.861471    -0.641155    -0.540407     0.332485     0.432066     0.335046    -0.540519    -0.486173    -0.332555     -0.56143     -1.42926    0.0907206    -0.161188    -0.938697
    0.855427     0.425307     0.679921     0.655322      -1.0143     0.513265     0.157206     0.102595     -0.52883     0.911062     0.756992     -1.15743    -0.989825    0.0716168     0.570291     0.224592    -0.414387     -0.47556    -0.219605     0.811061     0.830661    -0.443415      0.78925     0.104638    -0.106787    -0.518316     0.276819     0.722891     0.587602    -0.928996    -0.283557     -0.87721     0.907207    0.0409992     0.106281   -0.0428376     0.188124    -0.626618   -0.0832133     0.813139      0.70746     0.393763      1.30661    -0.526798     0.578548    -0.840695    -0.861399     0.856462
   -0.226856    -0.368355    -0.614228   -0.0115029     0.112665    -0.435432      0.29864    -0.355011      0.30551    -0.275017    0.0930511    -0.981412    -0.940003    -0.300927    0.0955625    -0.864005     0.358344    -0.548786      1.03817     0.794208      0.91337    -0.202593     0.275237    -0.297665  -0.00665917    -0.704481    -0.341898     -0.54395     0.741922    0.0953224     0.210981    -0.833962     0.484937   0.00237945     0.247374     0.486374     0.722002   -0.0151463    -0.908616      0.29999     0.358676    -0.375678    -0.742533     0.507164      0.82174      1.04571    -0.444051     -1.31688
    -0.70613    0.0198141    -0.617275    0.0815747    0.0244333     0.180623      0.19341    -0.324182    0.0277712      1.11225     0.863859     0.319526     -1.44188     0.492981    -0.472537      1.26753    -0.173511    -0.287835     0.188579    -0.129158    -0.792782     0.707096    -0.324389    -0.445517     0.495146     0.892537 -0.000419604    -0.569852   -0.0767565    0.0167782    -0.127961    -0.702932      1.39146     0.529085   -0.0802729    -0.566535     0.322825    -0.852273    0.0894836     0.375338     0.432256      1.35702     0.201606     0.640392    -0.361931    -0.143262     -0.76331    -0.183339
    0.360343    -0.497416     0.959571      0.80344     0.600274     0.564762     0.273988     0.446475    -0.611785     0.894839     0.882351    -0.881317     0.221888     0.147486    -0.739797   -0.0986618    -0.275693      1.03378    0.0233513    -0.339523     0.359361     -0.26944     0.197486     0.841132       0.1187    -0.387051     0.914629    -0.409636    -0.678766     0.530983     0.222412     0.365958    -0.319956     -0.77671     0.509074      0.62738     0.284351    -0.247497     0.851953    -0.147319    -0.319584    -0.734694     0.619716     0.243582     0.040075     0.363385     0.923531      1.08774
    0.300854    -0.392898     0.662951     0.235471      1.26567     0.569118    -0.679591     0.520464     0.671849    -0.928996    -0.636919      1.00209    -0.306645    -0.206676    -0.583704     0.709175     0.110002     0.997249     0.738476    -0.839001     -0.69581     0.356282    -0.531898     0.963044     0.516184     0.752987     0.563524     0.370125    -0.708655     0.401275     0.728397    -0.777499    0.0700464     0.260775      0.68314    -0.538384    -0.572064    -0.639626     0.743061     0.143606   -0.0820846      1.02972    -0.096022     0.736703    -0.950487  -0.00780867     -1.28755     -0.81307
    -0.10355  0.000780324    -0.509969    -0.701555      1.06319    -0.688232     0.912438     0.202432     0.567729    0.0195414    -0.550176      1.17471     0.828252     0.886737     0.470591     0.337427    0.0413853    -0.392527     0.836477   -0.0304069    -0.829575      1.13301     -0.49645    -0.447011     0.510306     0.407059    -0.113852     0.873637     0.255831     -0.16657     0.626584    -0.293602     0.831341    -0.523043     0.869559     0.990918     0.592623     0.123416     0.211477   -0.0187753    -0.102231      0.94379     0.143635     0.926852    -0.674521      -0.4385     -0.17269     0.392925
   -0.336137    -0.179701     -1.14775    -0.809306      0.43491     0.427577    -0.723429    -0.910287     0.782906     0.281567    -0.589158    -0.749798     0.806349     0.715013     0.490165    0.0159614    -0.418326      1.18321    -0.211847    -0.140892     0.332299     0.486632     0.638213    0.0392769     0.192625      1.04971     0.674229    -0.545556     -1.07642     0.460405   -0.0126354    -0.404674     0.612745      1.47519     0.244695      0.96179   -0.0366281     0.213142     0.145952     0.609641    -0.315458     0.861729     0.192111   -0.0774699     0.870316     0.818898     -1.04387     0.107944
    -1.56459     0.368766     0.194827     0.625243    -0.252666    -0.201271    -0.935855     -1.03585      0.35527     0.394034    -0.745622     0.892843   -0.0522411    -0.702756     0.376327   -0.0897003     -1.05202     0.971022     0.725882    0.0476363     0.670721    -0.207652    -0.139034     0.165851    -0.851213    -0.578777      0.80184    -0.379404     -1.01283    -0.320055    -0.403966    -0.653155    -0.453241    -0.138998     0.866876  -0.00890954     0.609689    -0.834137    -0.879687    -0.421312    -0.699101    -0.794322      1.24946     0.413675      1.11087    -0.375059    -0.269992    -0.584161
    0.821332    -0.266951      1.16014      1.11028     0.575692    -0.563135      0.99207    -0.678841    -0.241385     0.865407     0.275172   -0.0162477    -0.222075    -0.865205    -0.456588    -0.101441    -0.697919    -0.964312    -0.550472    -0.779231    -0.553796     0.488878    0.0675287     -1.20457     -0.92302     -1.01195    -0.419774    -0.988802    -0.810813    -0.782826     0.358398     0.518007     0.271577    -0.707883    -0.118095    -0.543158    0.0341703    -0.302504    -0.359733     0.301961     0.945661     0.743507      1.56976     0.028718    -0.282791    -0.253944    -0.233629      0.36399
   -0.848237     0.841995      0.51396     -0.48836    0.0806979     -0.43732      -0.8428     0.206941    0.0648096    -0.483432    -0.644419    -0.543704    -0.812626    0.0308893     0.176082    -0.426516     0.491587     0.951521     -0.66477     0.247963    -0.421226    -0.852373     0.832728    -0.629571    -0.798459      0.29723    -0.856525     0.930387    -0.460713    -0.351908     0.135943    -0.960007   0.00388792    -0.802552     -0.44469     0.158586    -0.944841     0.817635     0.610318    -0.537416    0.0719785     0.597667    -0.174217    -0.851183      -1.1017    -0.557097   -0.0363409     0.772622
   0.734705   -0.829968    -1.43089   -0.511347   -0.471363     1.52912    0.506938    0.325246  -0.0509819   -0.556585      0.5566   -0.170119    -1.64245    -1.12637   -0.247843   -0.601941     1.01019     1.11971    0.774851   -0.204398    0.752646    0.825905   0.0353673   -0.711449    -1.02957    -0.50397   -0.335888   -0.206083     -1.2213   -0.405546    0.125687   -0.856837    0.762998    0.145351   -0.880081    -1.29853   -0.253874   0.0774405    -1.00576   -0.954475   -0.351561    0.803167    0.688388   -0.767995  -0.0182985    -1.40035    -1.07943    0.998467    -1.33714  -0.0588197    -1.82664   -0.161983    0.188264   -0.161815   -0.700673   -0.492128    0.246358    0.249808   -0.151858   0.0831935
   -1.25145    -1.37412   -0.458649    0.225218     0.43861    0.609934    -1.01502    0.865868    0.213645    0.018283    -1.08245   -0.681202   -0.869674   -0.271748    -0.71004    0.242922  -0.0185363   0.0751103    0.283221    0.919194  -0.0490112    -1.08261   -0.862765   -0.843811   -0.972796    0.429846     1.26228   -0.710742    0.543302    -0.71387    0.814912    0.139453    0.275402   0.0361212    0.138838   -0.744434   -0.997375     0.39126     0.41166    -1.03281  -0.0246067    0.608427    0.165463    -1.25898   -0.953503   -0.792865    0.739521    0.611384    0.547629   -0.107124    0.584835     1.26385  -0.0681422   -0.614415    0.408424    -1.16124    0.247176    0.160226    -1.26886   -0.883322
  -0.733623    0.358223    0.517425   -0.967682    0.719553      0.2506   -0.707743     1.17572   -0.843565    -1.22292   -0.475258      0.2369    -1.14332    0.455612   0.0766114  -0.0891396    -1.28341    0.297621   -0.886821   -0.949985   -0.522148     1.07162   0.0649189    -0.75988   -0.797331     -1.7845     1.21909     0.32022    -1.44839   -0.477242    0.532037    0.318829 -0.00253332    0.211634    -1.04244    0.771242    -0.95111    0.319496   -0.702333    0.899541   0.0312356   -0.737962   -0.523959   -0.625097   -0.104902    0.915427    0.669086      0.1028    0.535875  0.00520016     -0.4774    0.564227     1.06307   0.0590675    -1.21616   -0.299188   -0.703412    0.295112    0.993327   -0.814093
  -0.832865    0.236945   0.0864268     1.07941    -1.27089   -0.357947   -0.956854   -0.790209    -1.11498     0.31868    0.863521   -0.194031    0.807441   -0.623539     -0.8739    0.336137   -0.287531    0.329928    0.577399   -0.090614     -0.9819    0.455583   -0.586163    0.643197    0.561728    -1.17048    -0.62074  -0.0443203   0.0630398  -0.0644893   -0.641983    0.437276   -0.861442     1.09014    0.348367   -0.778534    -1.39224  -0.0852404    0.381784   -0.825135    0.770082    -1.23635  0.00246888    0.372695   -0.588575   0.0122646    0.665957    -1.54131    0.602342    0.650767    0.311156    -1.34423   -0.180955   -0.177084   -0.754811    -1.12206    0.178818   -0.614631    0.846946     1.17937
   -1.27352   -0.360887   -0.755787    0.419271   -0.441283      1.1125   -0.762092  -0.0145823   -0.154007   -0.495537   -0.313039     0.15679   -0.702753    0.112524    0.964641  -0.0571824    0.269376    0.155288   0.0162793    0.394071   -0.729696    -0.47876    0.406239    0.483871    0.594245   -0.781201    0.608392    0.079728    0.370779    0.748395   -0.967949   -0.461059    -1.56105   0.0471525    0.535465   -0.902614     1.04633    0.231381   -0.433369    -1.44546     1.37925   -0.358311 0.000375344   -0.272568    0.254121    -1.05592    0.160321   -0.371931   -0.348006    0.766715   -0.616924    0.231773    0.717452    -1.06447    -1.35683     0.61862   -0.340886   -0.297032    -1.31411      0.1341
   0.904035    0.123606    -1.22611     1.13221   -0.393351    -1.41135   0.0413529  0.00190368    0.323769    0.784108   -0.980087    0.937504   0.0281439     -1.0513   -0.151835    0.459132     0.77605    -1.20837    0.439442   -0.710841   -0.960078   -0.542594    0.338136    0.367547    0.928213    -1.20771  0.00212145    -1.65425     1.45003    -1.28703     1.09598   -0.613671    0.213637   0.0694669   -0.404474   -0.710215   -0.686748    -1.02183    0.185017   -0.222621    0.561537    -1.14353   -0.375628    0.988359    -1.94923   -0.914065  -0.0574908   -0.439736    0.334593   -0.291047  -0.0571086    0.666128   -0.606643   -0.297819   -0.514807    0.224369   -0.325041   -0.682919   -0.191303 -0.00688894
   0.481932    0.324508   -0.296408   -0.112544   0.0684704    -1.59597    0.619576     0.20524   -0.904669    0.717744    0.614719 0.000811977    -0.86874   -0.542565   -0.354019    -1.57599  -0.0128049    0.990651    0.663012   -0.144393    0.196644   -0.153001  0.00356885   0.0397682     -1.3322    0.225441   -0.309692    0.538659   -0.145213  -0.0100366   -0.879546   -0.988775   -0.287786    0.141836   -0.442712   0.0326829   0.0892036   -0.570622   -0.320252   -0.869651   -0.029223   -0.565145    0.570042   -0.421417     0.37867  -0.0744275     0.14176   -0.297127  -0.0980383    0.594579   -0.991662  -0.0170501     1.17148   -0.858457    0.192153   -0.454135     0.76118   0.0316517 -0.00680089    0.677011
    0.20887    0.108721    0.720179     1.07317     0.58374    0.120167 -0.00563128    -0.17652     0.33207   -0.690553   -0.480945     1.24667    -1.83549    -1.09833    -0.94079   -0.402041   -0.195989    0.312596   -0.703322    -1.39428   -0.783593    0.179548   -0.844299    0.286131    0.238171    0.376914    -0.88471    0.425179    0.413731    0.550939     1.30359     0.53857    -1.12311    0.275632   -0.450251    0.261777   0.0589409    0.260821    -1.03269   -0.363409   -0.637301   -0.612567   -0.740052   -0.345392   -0.642196   -0.575794   -0.652469   0.0112849    -1.05725     1.10069    -1.27797   -0.259652    0.591174   -0.838661    0.701087  -0.0762079   -0.636654   -0.196435    0.590793   -0.306022
  -0.156943  -0.0890143   -0.346052  -0.0813669   -0.311818    0.732433   0.0445518     1.48705    -1.42547    -1.00867   -0.563038     1.18138   -0.565922   -0.427184   -0.492572    0.082245     0.48761     1.46922   -0.885703   -0.712652   -0.888394    0.526339     1.36219   -0.506737   -0.107701   -0.844538   -0.827475   0.0253015   -0.705104    0.736754   -0.211937   -0.950286   -0.380982    0.175414    -1.26981   -0.185571     1.17687   -0.086737   -0.262796   -0.767126   -0.501158    0.619431   -0.810336   -0.302224  -0.0669768      1.2008    -1.16015    0.084399    -0.55364    0.723481   -0.672955   0.0244692    -1.07465   -0.956865    0.566339   -0.637159    0.728707   -0.993485  -0.0134235    0.158048
   -1.10026    0.716401   -0.481782    0.497788   -0.981025    -1.52551    0.182437    -1.02118    0.132866   -0.638259    -1.00032  -0.0679271    -1.77405    -0.57723    0.634339    -1.13935    -1.01179    0.959143    0.399964    0.493677   0.0177901    0.513506    0.530099  -0.0177024  -0.0997632    -0.96935    0.445732    0.901794   -0.665745    -1.21687    0.339964   -0.841484     0.42885    0.290685    -1.38765    0.585377    0.744227     0.11162    0.787345    -0.78133   -0.150692    0.418471    -1.29012    0.142294    0.577838     0.57172  -0.0603016    0.108191   -0.483915   -0.298794   -0.136122   -0.557916     0.31909   -0.710814    0.365427   0.0693869    -1.00203     1.32167   -0.103093   -0.980018
   0.834857   -0.973133   0.0277463   0.0350312  -0.0666662    -0.61954    0.130917   0.0778444    0.398285    0.568246   -0.955491   -0.298173   -0.254635    0.424959   -0.660563    0.378472   -0.360838    0.336163    -1.11726    0.289683  -0.0338931   -0.345419    0.224217    0.168772   -0.650651    0.386652   -0.122554    0.527109    0.587994   -0.793521    -0.30136   -0.560462   -0.811472   -0.488119   -0.593087    -1.01283   -0.376023  -0.0531291    0.221058   -0.703473    0.880751    -1.01547   0.0546117   0.0705929   -0.344086   -0.194265    0.355042   -0.880145    0.164538   -0.679755    0.329245   -0.318857    0.687665   -0.643602   -0.942707    -1.01161  -0.0469309    0.186359   -0.349063    0.437071
  -0.685444   -0.742908     0.33464   -0.616957   -0.350119    0.152078    0.608537     0.49413    -1.09841    0.563857    -1.33023    -1.96767    0.834873   -0.904605   -0.853558    0.477759   -0.264954     1.14209    0.274889      0.2127    0.318178   -0.997179    0.565899   -0.632178    0.494222   0.0634172   -0.166583    0.242361  -0.0377382    -1.58873    -1.38738    -1.48709    -0.23477   -0.924813    -1.11634   0.0837476    0.985848  -0.0797363  -0.0507791    0.360128   -0.715248    0.999539    0.689932    -1.01229    -1.00085    0.950974    -1.43402    0.416013    0.968457   -0.682584    -1.14671     0.28879    0.195458   -0.527818   -0.316927    -1.00664   -0.645121     1.25592    0.368485   -0.503759
   -1.62162   -0.266201     -1.5839   -0.614199 -0.00429512   0.0453587    0.887906    0.192888     0.24443    0.985326   0.0974138   -0.306336   -0.054155   0.0808146    0.951661   0.0339209   -0.246746    0.489019   -0.810535     0.63655    0.696238   -0.171428    0.918261     -1.1179    0.447916    -1.42535    0.772309     1.13488    0.749765   -0.136808   -0.976049     1.34016    0.528867   -0.291886    0.462345    0.451595    -1.54466  -0.0395644   -0.601412    -0.90618   -0.937917   0.0845879   -0.918547    0.557527   -0.318012   -0.190815   -0.530065    0.436362    -1.38545   -0.983677    -1.49636   -0.508561   -0.938399  -0.0778337    0.392282   -0.832108    -1.49024    0.460309    0.639941   -0.574113
   0.604714   -0.975874    0.755514     -1.2965   -0.736794   -0.228481   -0.210108   -0.604423   -0.968705    0.230937    -0.88103   -0.832098   -0.337886   -0.909786    0.473437     1.07201    0.661119    -1.43697    -1.09178     1.16258    -2.27393    0.992964     -0.3803   -0.999832     1.31948    0.128941    -1.07348    -0.26337     1.66666   -0.879946     1.14774    0.663734   -0.982157   -0.374694   -0.755793   -0.392187   -0.639602    0.235254     0.27848    0.293842    0.335507   -0.788546     -0.1841    -0.84794   -0.428046     1.02494   -0.124658   -0.758986    -1.15754    0.170467   -0.099082   -0.105875   -0.285047   -0.724009  -0.0277705   -0.622904    0.660399    0.804309     1.43049    0.622853
  -0.655439    0.419907     1.27831    0.679858    -1.47435    0.994681   -0.924195   -0.231753    0.564243   -0.374133    -1.54562    -1.41983   -0.276989    -1.01116    0.941799    0.865373     1.09565    0.398704    -0.15523    0.902931   -0.284432    0.159954    -1.29661   -0.622074   -0.846488    -1.78171    0.502888    0.526438    0.950502   -0.752276    -0.83093    0.571743   -0.624174    0.433111   -0.132619     -1.1826   -0.651726   0.0126804   -0.581126    -1.01818  -0.0251476   -0.809831     1.09574   -0.827101    -1.12421    0.292221   -0.663118    0.487053    0.538723   -0.735182     1.14478    0.517554    -1.00627     -1.1101    -1.04491    -1.04191   -0.342847    0.673788   -0.426057    0.382388
  0.0386516    -0.42528    0.562484   -0.241914      0.9151    0.472077     -1.7705   -0.687003    0.121529     1.27653   -0.802099     0.02308    0.249839    0.392685   0.0559551     0.81829   -0.558025    0.363217 -0.00150404   -0.901017   -0.931914  -0.0670092     1.40252   -0.764847     0.86156    -1.21004   -0.593727    0.202763    0.226189    0.153685   -0.617782   -0.915423    0.235035    -1.27373   -0.684237  -0.0333913    0.433445  -0.0248196    0.497831     1.04354  -0.0348682    -1.35095    -1.69077   -0.620642   0.0462234    0.798483    -0.51226   -0.224826   -0.464544    0.220043    0.752808    0.585341   -0.964931   -0.823398   0.0303839     -1.1467    -1.17306    0.307076    -0.12058    0.774234
   0.466475  -0.0444534    -1.60923   0.0400044    -1.54393    0.264359   -0.757597    -1.15446   0.0981568   0.0961269    -1.06059    0.979725     0.27834   -0.272171   -0.442339    -0.43621     1.30535   -0.291838   -0.552079    0.538982    0.784721    0.840713    -1.21087   -0.478401     1.14002    -0.95144  -0.0858383    0.830823    -1.26033    0.264166    -1.35235   -0.979235   -0.449124    -1.00174   -0.943386    0.569711    -1.57255   -0.381911   -0.953838    0.891236    -1.04647   -0.445604    -1.88179    0.714579     1.01249    -0.51078    -1.78684    0.754374    0.751296    0.588456    0.162179    0.364575   -0.479658      -0.692    0.534865   -0.155411   -0.086109   -0.243623   -0.963055    0.176294
   0.582031    0.737182    0.302847   -0.210548  -0.0702805   -0.196995    -0.13265   -0.973336   0.0740196    -1.01552    -1.48314   -0.187166   -0.673954    -1.13398    0.415074   -0.482902    0.832676    -0.46697   -0.677288    -1.58371    -0.39358    -1.07675   -0.405472   0.0307287    -0.94335   -0.393389    0.402011   0.0232568    -1.15869    0.278444    0.498747    -1.43312    0.253794   -0.216115    0.565357   -0.522418     1.29497   -0.266222     0.22721     0.42152    0.568016     0.82758    -1.76546    -0.56185    -1.03163    0.709657   -0.991364    0.362198    0.336557    0.141074     1.01151   -0.497876   -0.290295   -0.614981    0.429897   -0.778592    0.809969   -0.502551    -1.18498   -0.164049
  -0.857632    -1.14818   -0.609103    0.286688    0.334908   -0.342105    0.586154  -0.0406613    0.109095    -0.72225    0.563762    0.430371  -0.0113151   -0.115658    -1.27331   -0.497549  -0.0610802     1.31525   -0.752636  0.00537087   -0.595506    0.704598  -0.0621273    0.358552    0.512146    0.235717    0.867098    0.549335  -0.0213351    0.235238   -0.920205    0.325996   -0.210757    -1.22758   -0.180059    -1.05132    -1.15935    -1.09262   -0.461083    0.365502     1.45893     0.30142    0.201042   -0.684664   -0.225599   -0.409982    -1.29794   -0.269141    0.446489   -0.945884  -0.0554256  0.00466545     1.32932   -0.446444   -0.430313   -0.824125   -0.458322   -0.139859   -0.486557   -0.281384
   -1.22543   -0.490576    -1.44762   -0.594522   -0.661894  -0.0817623  -0.0235124  -0.0535507    0.539691    0.462044    0.953591   0.0415995    -1.09694    0.569391   0.0707624  -0.0788863    -1.18567    0.375864   -0.312602  -0.0223732  -0.0174277  -0.0163055    0.646359    0.567376    0.859139   -0.315225      -1.129    0.937575   -0.678337    -1.29736  -0.0556904   0.0836063    0.142429   -0.709628     0.29049    0.202244    0.833534   -0.692565   -0.331434    -0.57833   -0.346404    -1.34501    0.467202    0.453996    0.589755     -1.1834    0.954628   0.0344125     1.00515    0.214327    -0.76608    0.178507   0.0141869   -0.850856    0.666131    -1.55338     -1.3915   -0.683262   -0.126307    0.259261
  -0.785973  -0.0647661     1.15729    0.374245    0.363329     -1.4102   -0.695899    0.265933    -1.18908     1.29964    0.879123    -0.61089   -0.709735  -0.0923285   -0.364736    0.184029    0.718664   -0.826254    0.190451    -1.16705   -0.816596    -1.31417   -0.911607    -1.08964   -0.848027   -0.615335  0.00155963   -0.678054     1.07146   -0.296965    -1.23328    0.297517    0.200869    0.409185     -0.1563    0.459195     1.05852  0.00170188    0.287638  -0.0126904   -0.272431    -1.12996    0.173796    -0.44678   -0.792682   -0.555913   -0.383137    -1.32436  -0.0602603   -0.120773    0.699127   0.0245696    0.803021   -0.262106   0.0379623    0.622866    0.848097   -0.373243    0.398767    0.348648
     -0.475    -1.01556    -1.12645   0.0545076  -0.0233914    0.366652   -0.589829   -0.454059   -0.107816     0.33265    0.268835   -0.922784  0.00235454   -0.182633    0.242689    -1.94367   0.0454978    -1.00371    0.404068    0.469501    0.809411   -0.481183   -0.784734    -1.03603    0.186646   -0.273892   -0.883218   -0.979387     1.06692    -1.61665   -0.104536    0.400022   -0.258672    0.426744    0.153295     1.08904    0.305382   -0.415116    0.192118   -0.124894    -0.29729     1.01981     0.29878    -1.10287   -0.427389     1.21344   -0.137598   -0.181899    -1.64493    -1.21675    0.189354    0.724797    -1.04377  -0.0110109    -1.38067    0.262267   -0.109484   -0.774295     0.57527    0.886902
 -0.0580334   -0.382255    0.556732   0.0170481   -0.235082   -0.510453    0.164791     0.14308    0.615739    -1.45455   -0.830856    0.885392    0.673069    0.580285  -0.0303536    0.960994   -0.256475   -0.232483    -1.66273   -0.988649    0.110809   -0.855619   -0.794202    0.598734   -0.955426    0.815006    0.486167   -0.671253   -0.419356   -0.718088   -0.273505    -1.03582   -0.580409   -0.183848    -1.01272    -0.26647    0.498716   -0.353952    0.193883  -0.0510903    -0.22591   -0.680133    0.104913   -0.825536   -0.314825    0.914663    0.842739    0.888349   -0.574445    0.830402    0.158657   -0.162754   -0.897578   -0.927058    -1.80994   0.0524533    -1.15857    -1.30786    0.658497   -0.292446
  0.0820212      0.2808     0.54197    0.561918    0.889852    0.170617   -0.417861    0.611739    -1.43587    0.435997    0.315101    0.198146    0.468294    0.816174  -0.0332817    -1.84486     0.11566    0.191204    -1.40488   -0.313178    -1.18713    0.452518  -0.0588503    0.318648   -0.677958    -0.40107  -0.0871732    0.746068   -0.868851    0.262656    0.123297     1.07521    -1.41474    -1.31108   0.0903771    0.297587    0.171059   -0.609256    0.539581   -0.926892   -0.288513   -0.774803    0.482035    -0.64955    0.329708    0.303622    -1.58423   -0.361952    0.393575    0.277159    0.185499    0.809572    -1.10006    0.383779   -0.692381   -0.671502   -0.147198    0.378244   -0.686139    -0.51049
   0.602189    0.820089    -1.59216    -1.11346   -0.851983   -0.876763  0.00693777    -1.09061     -1.0096     1.55454    0.294633   -0.610774   -0.932751   -0.267475    -1.39909   -0.872149    0.669427   -0.827069    0.575817    0.696924   -0.684184    0.616743    0.128367    -1.13904     1.85873    0.277305   -0.316805  -0.0205294    -1.05809   -0.507995     0.09924    -1.45124    -1.18231   -0.629289    0.516425    0.431924    -1.70969   -0.767171   -0.360165   -0.408975    0.180673   0.0194246    0.999901     1.31027     1.31436     1.09612    0.869544    -0.54002   -0.299252    -0.75862    -1.73913   -0.411433    0.704571    -1.21284    0.320953   -0.118785    0.169608    0.437191    -1.70828   -0.694118
   0.339663   -0.685748   0.0699089   -0.750841     1.21226     -1.5638    0.164208    0.191933   -0.151466     1.48226   -0.237531    -1.26683   -0.623413    0.684921    0.229763    0.735228    0.483438    0.432616    -1.38495    0.115454    0.328856    0.894052  -0.0378633    0.294832   -0.408838    0.349742    0.205466    0.922142    0.525712   -0.778044 -0.00363746    0.508771   -0.200926    0.391481    -1.63379    0.767586   -0.500473    -1.25652    0.597099   0.0601641   -0.666503   -0.335266   -0.987839    -1.33154    -1.35948    0.233214   0.0980283   0.0892212    -1.23253     1.38698    -0.17175    -1.00372    -0.63476   -0.736661    0.496106     -1.0909   -0.862488    0.427011    -1.02607   0.0384289
  -0.781142    0.247729    0.844915    -1.26527     -1.1372   -0.161742    0.376261     1.62679   0.0104596   -0.297828    0.751595    -1.44383   -0.724436   -0.674056   -0.172358     -1.1403    -1.15032  -0.0150001   -0.695867   -0.338844     0.59749    0.793203   -0.799231   -0.777438    0.175071 0.000863336   -0.428515    0.357349   -0.582779  -0.0523869   -0.365588    -1.43954    0.321966   0.0478987     1.39998  -0.0982473     -1.8419   -0.242779   0.0217364   -0.584803   -0.153457     0.64217   -0.812231    -0.50435  -0.0899319    0.767626    0.607714   -0.138305     0.82793   -0.281554    -1.16346    -1.30487   -0.667725    0.531913    -0.28113  -0.0694624     0.62238   -0.376529   -0.549295   -0.117299
   -0.75484    0.227411   -0.378025   -0.858491    0.311413    -1.80496    -1.18545     1.70941    -1.08953   -0.837803   -0.285062   0.0453093    0.558907    0.355813   -0.190223   -0.404541    -1.26256    0.512323    0.134501    0.559403   0.0438631    -1.21974    0.429663    -0.88711   -0.753076    0.578482   -0.535228    0.350314   -0.827404   -0.329718    0.328453      1.2792     -0.5708    0.958116     1.72519    0.157759    0.585247    -0.48747    0.790746     1.28469    0.858904   0.0969587    -1.20066     -1.0198    0.513353     0.78292   -0.639962   -0.718512    -1.03216    -0.62464    0.295203   -0.400627     0.60929    -1.25567    0.270619   -0.540577   0.0669439    -0.86049    0.352564   -0.467895
   -1.64815    0.320607    0.203296    0.164964    -0.38468    0.402758   -0.373173     0.58876    0.360556    0.324623   -0.262467    0.213993   -0.205274    -1.06669    -1.28553    0.112146   -0.915748   -0.524005   -0.777192    -1.30548   -0.404391   -0.886941     1.44756   -0.639265    0.996422     0.66128    0.125568   -0.657344   -0.414345    0.528375    0.920117     -0.5966   -0.731625  -0.0593779     0.23764   0.0435718  -0.0157016   -0.666444     1.72419    0.924875   -0.848207   -0.238878    0.960193   -0.540926    0.613797   -0.128307    -0.92646    -1.33839    0.681611    0.208592    -1.49918    0.172739   -0.417238   -0.167789    -1.17328    0.771044   -0.470996     0.67105    0.270229  -0.0154809
  0.0286417    0.709133   -0.652488     1.20752   -0.303271  -0.0541695    0.723206      0.7142    0.189233   -0.137803    -1.13511   -0.159863    0.478725    0.182307    0.801478   -0.374142    0.953752    -1.09719    -1.31394    0.196023    -1.86236   -0.504264    -1.10245    -1.17302   -0.819258   -0.704144    0.443543   -0.207008    -1.16904    0.374302    0.877366   -0.205321   -0.227417     -0.4575    -0.94845   -0.231453   -0.187844     0.12144     1.54294    -1.34512   0.0972202   -0.513178   -0.643379    0.835117     1.26435    -1.12492    0.471121   -0.231655    -1.16942   -0.508337    -1.28488     1.23434   -0.219106   -0.470152     0.84518     0.68449   -0.866803   -0.875123    -1.27832    0.446524
   0.879924    0.827746    0.575021    -1.00351  -0.0441919    -1.44984    0.495996    0.709485    0.863929    -1.98511   0.0154149    -0.58173   -0.734904    -1.17137    0.539658   -0.371242    0.510292    -1.31739   -0.172001  -0.0577437    -1.01963    -1.14797    0.658693   -0.813654    0.244996    0.900763   -0.519399   -0.827837    -1.39362    -1.29914    0.386556     1.42125   -0.594698    -1.00901   -0.642349  -0.0284103    0.872164   -0.707437   -0.917491    0.859235   -0.479263    0.103508     1.28992    -2.11466   -0.137182   -0.206069    0.059784     0.63345    -1.31588    0.394769    -1.19449    -1.61529   -0.635196    0.350443    0.227967   -0.982062    0.166809    0.136089    -1.37902    0.605167
    1.04954    -1.37822   -0.795541    0.530804   -0.369059    0.346892    0.850965    0.613595   -0.605255    -1.24298  -0.0813422    0.260997   -0.415292   -0.725617   -0.471419     0.47542    -1.16832   -0.996897    -1.33879    0.113839    -0.26716     1.03078   -0.204684   -0.537402    -1.23824   -0.930575     0.68997   -0.647531    0.289655    0.667705   -0.664694      1.1043   -0.759128    0.327189    -1.01257   0.0788324   -0.204493     0.70251   -0.979774     1.19507   0.0214612   -0.313042    0.591956    0.575812     1.22404  -0.0358493    -1.35141   -0.299677     1.09835  -0.0392343    -1.21645   -0.945665   -0.977806    -1.14969    -0.49381   -0.641559    0.790156   -0.787941   -0.844718   -0.825857
   0.579591    -0.77878    0.940584   -0.626961   0.0452192    0.485331    0.661569    0.549844   -0.515173   -0.289919   -0.240807    0.695102    0.487105   -0.494054   -0.221986    -0.66044   -0.231736    0.424517    0.618672   -0.044435   0.0815327   -0.768291    -1.08586   -0.407729    -1.11149    -1.18047  -0.0349736    0.658142    -1.33694    -1.24116   -0.164516   -0.179061    -1.00459    -1.31012     1.27178    0.324733    -0.94757  -0.0670669  -0.0899987    -1.09035    -1.07831   -0.540367   -0.355651    0.272675    -1.30406   -0.682671     1.03052   -0.253119    -1.66433    0.772609    -0.59446      1.1233     1.26471    0.384687    0.500233    -1.04192    0.395561   0.0451989   -0.299744    0.388462
  -0.366904  -0.0374095   -0.235519    0.146303    0.141887    0.620007   -0.824096     1.14008    0.728451    -1.12768    -0.04431   -0.693329   -0.248563   -0.049806    0.220276   -0.828999    0.430364    0.636439   0.0380393   0.0318303    0.404264    -1.02954   -0.180694   -0.573946   -0.302866    0.763803   -0.116474    0.332502    -1.03459   -0.818094   -0.322886    0.315891    0.122371    0.151894   -0.385928     0.52291   -0.490834    -1.64828   -0.371796   -0.274771     1.51205    0.183185    -0.69692    0.246104    -1.39357   -0.193555     0.30116    0.039704     0.91999   0.0484843    -0.30092   -0.891313   -0.587721    -0.44535   -0.244346     0.16713   -0.680762   -0.138295    -1.14265     1.66172
   -0.28162    -0.16952    0.761655   -0.869825    -0.23061    -1.51825   -0.518476     1.01468   0.0674932     0.58659   -0.332053    0.478485    0.279997   -0.733884   -0.083275    0.436317   -0.479361    0.427014    -1.08486   -0.816659  -0.0669377    0.145055    0.136344  -0.0958809     0.87062    -0.86385    0.927032    0.508681   -0.558715   -0.208202   -0.191668    0.705758   -0.523386   -0.898324    -1.29797    0.662732    -0.55517   -0.275054     1.08483   -0.816268   -0.261569   -0.469369    0.233011    0.229999    -1.03691    -1.17379   -0.695061 -0.00626745    0.386855   -0.304429    0.848353   -0.360571    0.470082  -0.0953651  0.00462406   -0.260718    0.128499   -0.345131   -0.649956    -0.68759
     0.6224   -0.105048   -0.956882     -1.3117   -0.945539    0.321268    -1.57465   -0.340133   0.0628809    -1.06705   0.0472736   -0.932503    0.035369     0.21415    -1.42202    0.313848   -0.542061   0.0373539    0.214462    -1.07283    0.772713    -1.29485    -1.07194   -0.293143    -1.01197    -1.26828    -0.27839   -0.034466    0.772985    0.959418     1.15979     1.10234   -0.388699   0.0723633    0.894453    0.456184    -1.03915    -1.03968    0.718097   -0.350945    -1.09518   0.0591685    0.918215    -1.40671    0.154326   -0.757719    0.489653    0.630441   -0.352465   -0.548828   0.0392592   -0.651334    0.365896    -1.20383    0.685845    0.142611   -0.750748  -0.0643731   -0.142977   -0.268319
