no weights
   0.0457578   -0.0696125    0.0344834    0.0125658     0.113206    0.0590898    -0.150814     0.098112    0.0252164     0.108246     0.140719   -0.0559649   -0.0865689    0.0733928    0.0814258    0.0694717     0.157555    0.0212826    -0.149661    0.0939559   -0.0241101     0.052006     0.179841    -0.135406    -0.120687    0.0925332     0.178242     0.209091     0.123428    -0.124958   -0.0680346     0.130092     0.154232      0.12896    0.0641115   -0.0929074    -0.102361     0.259675    0.0904582    0.0890347     0.230932     -0.11696     0.106511    -0.178452   -0.0966506   -0.0491927    -0.133287     0.055129
   0.0163699    0.0683499    0.0291719    0.0421637    0.0976385     0.110198    0.0752683    0.0549451    0.0104303    0.0463714     0.040378     0.110083    0.0630123    0.0164523   0.00477831    0.0789185   -0.0665105     0.139159     0.141773    0.0554953    0.0350232   -0.0508804     0.135123     0.125132    0.0927187    0.0536995   -0.0664939    0.0264866    0.0346739     0.185575     0.160713    -0.071591   -0.0189043   -0.0247434    0.0498868     0.135185    0.0841117    0.0053315    -0.031266    0.0675991    0.0681957     0.157603    0.0622448    0.0493645     0.075093     0.125306     0.157549    0.0948067
   0.0195439  -0.00220822    0.0432192   -0.0108945   0.00399143   -0.0472861   -0.0506467     0.112323    0.0676575     0.108273   -0.0362419    0.0027121      0.11448    0.0478398     0.135678     0.114643    -0.092226     0.181051  -0.00798655     0.153116   0.00387586   -0.0138627    0.0149791    0.0817377  -0.00550901    0.0816516     0.182969     0.101108   -0.0779209    0.0594059   0.00971367   0.00532522     0.167288     0.195169   -0.0509588   -0.0147889   -0.0512112     0.132379    0.0632191    0.0692589    0.0859207    0.0656629    0.0577706     0.120434    0.0231885    0.0344085   -0.0245871     0.131923
   0.0684652     0.109931     0.199957     0.125113     0.148111     0.120412    0.0446681    0.0767935    0.0802019    0.0033625   -0.0286788     0.186388   -0.0191605    0.0101732     0.025319    0.0793418     0.010187    0.0619783    0.0942184   0.00769684     0.134829      0.05309  -0.00941545     0.108887     0.080305  0.000771382    0.0327818    0.0157616    0.0651996    0.0266818     0.058454    0.0177918   -0.0717562    -0.018606   0.00963727     0.069704    0.0933819   0.00408309   -0.0299757    0.0688665   -0.0189584     0.100437    0.0163467     0.179362    0.0625132     0.153217     0.126878   -0.0141249
    0.151155    -0.047004   -0.0700197   -0.0681559     0.113738    0.0379843    0.0173661    0.0732565    0.0700291    0.0963284    0.0762374   -0.0499372     0.131904     0.071752    0.0996132    0.0465585    0.0665843    0.0256328     0.113366     0.151374  0.000285813    -0.117142     0.116529    0.0121019    0.0833566     0.115458    0.0089232     0.157091     0.120965   0.00958282     0.121118   -0.0451233     0.192497    0.0546076     0.105983   0.00831246   -0.0510001    0.0902121  -0.00355283   -0.0593176    0.0668714   -0.0194528     0.140848   -0.0170666    0.0324428    0.0414671    0.0420686     0.137686
   0.0866678    0.0525557   -0.0633332  -0.00143787     0.113555   -0.0196391    0.0719346   -0.0296117    0.0518346    0.0379441    0.0792669    0.0456133     0.218378    0.0146482    0.0634044   -0.0159599    0.0626498     0.126028    0.0586099     0.173421   -0.0291701   -0.0600721      0.11027    0.0834175    0.0994855    0.0987473   0.00633545     0.159575    0.0434573   0.00429812     0.168254   -0.0167118     0.128071     0.116624     0.104325     0.101226    0.0526897    0.0351926    0.0425392   -0.0340217     0.122529    0.0775007     0.167644   -0.0284132    0.0106664   -0.0158875     0.137811    0.0758908
    -0.10997    0.0853024     0.164254    0.0879765     0.015254    0.0111134   -0.0905076    0.0636351    0.0987609      0.11673    0.0267443   -0.0332205   -0.0551393     0.014566    0.0917298    0.0230924    0.0174366  -0.00647201    0.0171744  -0.00416553     0.104797   -0.0300591      0.12668    0.0226623   -0.0336066   -0.0256932     0.185633    0.0691333     0.156111   -0.0408808   -0.0260066    0.0936042    0.0773838     0.179741     0.172672   -0.0172871    0.0227498     0.158897   -0.0319784    0.0930674     0.257694   -0.0230166     0.122693   -0.0493003   -0.0274979    0.0730624    0.0943258    0.0865245
    0.076101     0.087171   -0.0672248    0.0608199     0.114316    0.0681782     0.137416   -0.0060084   -0.0454267    0.0229545    0.0698389     0.026407      0.19647     0.107759   -0.0787926     0.068282    0.0429527     0.133846    0.0623566     0.175544    0.0216589     0.175893      0.15924     0.119358    0.0521041    0.0613391   -0.0768704     0.120843    0.0572102     0.128268    0.0727761     0.025259   0.00650439     0.126874    0.0642125    0.0874276    0.0775986   -0.0175656   0.00369399     0.101282   0.00250774     0.164063    0.0924793   -0.0760586      0.06389  -0.00866643    0.0719607    0.0859936
   0.0887142   0.00814885    0.0202565     0.095712     0.111809     0.136861    0.0449876    0.0508828   -0.0301507     0.121596    0.0841239    0.0279724   0.00942617    0.0544216    0.0294694    0.0617677      0.17424    0.0616337   -0.0518989     0.134853    0.0497012     0.139467     0.161791    0.0351532   -0.0131113    0.0868395    0.0663071     0.164008    0.0704712     0.019974    0.0428246     0.156206     0.118494     0.113206    0.0605062    0.0697824     0.033923     0.157249  -0.00543633    0.0621396     0.189016     0.057588    0.0849283   -0.0744783   -0.0993001    -0.113071   -0.0391806    0.0918166
  0.00445198   0.00791256   -0.0502605    -0.111666    -0.158635   -0.0225044    0.0774731     0.108687    0.0869692     0.044767   0.00759596   -0.0773661     0.178137    0.0437266     0.100226    0.0459729    -0.115307    0.0613743     0.178324    0.0854677    0.0578436      -0.1187    0.0840754    0.0629829     0.220175   -0.0413931    0.0550493  -0.00224326  -0.00888064    0.0614163     0.195004   0.00581556     0.160018    0.0140073   -0.0400087     0.105451     0.148845    0.0381784    0.0283574   -0.0645501    0.0277237     0.114119     0.189165     0.138081   0.00458661    0.0824097     0.148074      0.21266
   0.0305512    0.0402601  -0.00176888    0.0608476     0.113402    0.0335974    0.0816364   0.00161101    0.0382387      0.10895     0.110563   -0.0472266    0.0631335    0.0467603     0.110076    0.0900611     0.083143    0.0434706     0.128411     0.107764    0.0872745    0.0773551     0.105802 -0.000154284     0.130127    0.0428107    0.0895823    0.0873096    0.0666988  -0.00365038     0.151301    0.0664847    0.0925634     0.159149    0.0847411    0.0370875     0.138278  0.000865227     0.116259    0.0716077    0.0911234    0.0379483     0.143688   0.00349296    0.0874613     0.101874    0.0637682    0.0910158
   0.0131445   -0.0397464    0.0839664   -0.0470723   -0.0462237   -0.0507992    0.0200293     0.105787     0.150992    0.0152889    0.0853955   -0.0482347  -0.00506185   -0.0183523     0.124968    0.0590855     0.041072    0.0720988   -0.0312218    0.0163863    0.0649333    0.0191225   -0.0254707  -0.00891573  -0.00996878    -0.011692     0.176566    0.0265652   -0.0669509    0.0677531    0.0136241    0.0157105     0.216486     0.105274    0.0220231   -0.0539172   -0.0594051     0.112361     0.229247     0.121416     0.102501   0.00413848    0.0120061     0.139231    0.0706298      0.15389   -0.0132499     0.028539
  0.00751508      0.10808    0.0649527     0.116351    0.0433358    0.0112073     0.061601    0.0579395  -0.00257437     0.065624    0.0182007     0.049881     0.122416    0.0792964    0.0489063     0.101252   -0.0101737  -0.00303875     0.104468    0.0581421      0.10207    0.0610987    0.0741013    0.0627148     0.155514   -0.0411983   -0.0187212   -0.0351517    0.0930962    0.0868669     0.117325  -0.00465953    0.0835594    0.0331615    0.0851605    0.0963586     0.158667    0.0420303  -0.00398499     0.053099     0.111179    0.0943415    0.0997898   0.00377211    0.0882541     0.104319     0.141835    0.0865776
  -0.0584108  -0.00055923    0.0811273    0.0202916  -0.00242988    0.0767888   -0.0810678    0.0492143    0.0827732    0.0282411     0.176738    0.0384286    -0.072777   -0.0571152    0.0909538  -0.00114612     0.270682   0.00374489    -0.251771     0.206587   -0.0409977     0.134461    0.0311914    0.0210966    -0.160002    0.0917076     0.204082    0.0879044   -0.0191731   -0.0918348    -0.152097      0.20161     0.194808     0.166837    0.0794289   -0.0488751    -0.210436     0.255592     0.154813     0.110708     0.204409   -0.0773174   -0.0872979     -0.11926    0.0197388   -0.0599266    -0.170633    0.0491413
   0.0813041     0.138201    0.0133805     0.117153    0.0802836     0.022639    0.0812567    0.0276682   -0.0262548     0.090709    0.0642253    0.0792723     0.109669    0.0359404  -0.00181818    0.0739565     0.136066     0.103469    0.0554315     0.167346    0.0553833     0.160437    0.0609689     0.117319   -0.0104975    0.0545308    0.0867965    0.0659316    0.0775536    0.0374014    0.0335995      0.12132    0.0978674     0.154666    0.0203794     0.150992    0.0141464    0.0872468      0.04476     0.121283    0.0588516     0.111746  -0.00420187   -0.0115914     0.015051   -0.0897072    0.0587967    0.0110229
    0.116787     0.155113      0.13323     0.101981 -0.000493095   -0.0537526     0.154111    0.0303785    0.0723783    0.0383319   -0.0158742    0.0922717    0.0819057   -0.0248148   0.00262281    0.0237651   -0.0583241    0.0691896     0.119843    0.0906032     0.113835    0.0784918  -0.00619695    0.0814263    0.0535769    0.0959237      0.05946    0.0359069    0.0102601    0.0621389     0.109574   -0.0100352    0.0885247   -0.0311233   -0.0673075    0.0191879    0.0486655    0.0329768     0.126091    0.0529569    -0.071994    0.0501429    0.0604561     0.121789     0.167475     0.104536     0.074593    0.0665636
 -0.00212929   0.00622832    0.0681672     0.150959    0.0856519    0.0618091   0.00190034    0.0185359    0.0286129     0.160112    0.0724638     0.104904   0.00571672    0.0710533    0.0318684    0.0332656    0.0907397    0.0416239     0.100285    0.0713673    0.0615569    0.0564194    0.0542194    0.0656664    0.0837125    0.0174528    0.0567441    0.0929041    0.0568388    0.0619935    0.0551814     0.054291    0.0508932    0.0730356    0.0566531     0.103084    0.0394841    0.0821025    0.0292989    0.0883604      0.14608    0.0525279    0.0277891     0.100212     0.115342     0.110459     0.158087    0.0947078
   0.0416817    0.0783032      0.12687    0.0352653     0.142659    0.0819438    0.0511313     0.120807     0.101627     0.122307   -0.0111278    0.0548959    0.0820573     0.039405    0.0393574    0.0709529    0.0381608   0.00350277   -0.0368167    0.0821183     0.144228     0.107988    0.0244195    0.0601632   -0.0232678    0.0680169    0.0620319    0.0923472    0.0214956    0.0479046   -0.0511194    0.0795162    0.0416435    0.0338124   -0.0284848    0.0738077    -0.044777    0.0549922     0.081011    0.0638542   -0.0336759    0.0481835   0.00812061     0.108985     0.215492     0.174391    0.0536815    0.0064888
    0.154576    0.0123061   -0.0442789  -0.00252532   -0.0311429   -0.0177663    0.0877982   -0.0911048    -0.118655    0.0051095     0.206461    0.0122774     0.139948    0.0130771   -0.0401176     0.102729     0.162749   0.00741879  -0.00861346    0.0841905    -0.142579    0.0504279    0.0947293  -0.00858887   -0.0202481     0.115666    0.0936582     0.118932    0.0861123   -0.0356473    0.0161112     0.100728    0.0247733     0.190391    0.0172325   -0.0391819   -0.0239891     0.165994    0.0229018    0.0773176     0.177895    -0.099636     0.218689    -0.174799   -0.0718583    -0.131133   -0.0340411     0.208602
  -0.0239807     0.232693     0.275239     0.193703     0.167041    0.0134539   -0.0125218    0.0793222     0.106102     0.062925    0.0187003    0.0503029   -0.0809733    0.0149417    0.0623567    0.0790697    0.0685706    0.0372553   -0.0469006   -0.0066508     0.111036     0.176623 -0.000824857     0.100971   -0.0246133    0.0985462    0.0879074  -0.00589675    0.0174089    0.0716302   -0.0617278      0.12322    0.0399885   -0.0308016    0.0866491   -0.0289091   -0.0677218    0.0248394     0.146915     0.143803    0.0549633   -0.0223505    -0.130664     0.124158     0.119106    0.0198151   -0.0156867    -0.149331
   0.0584543    0.0851712     0.102828    0.0377208  -0.00620796     0.145126    -0.092085     0.111409     0.119705  -0.00159398    0.0776223    0.0424472    0.0117941    0.0221748    0.0684064    0.0383139      0.15241    0.0557553   -0.0477602    0.0553515     0.146089    0.0954288      0.16638   -0.0761215     -0.07139   -0.0573817     0.165678   -0.0498005   0.00254293   -0.0290817   -0.0677791     0.116111    0.0941211     0.035362     0.133772   -0.0525502   -0.0386197     0.212988     0.107702   -0.0154915     0.173037   -0.0124387    0.0078909    0.0295998   -0.0841192    0.0116623   -0.0881308    0.0887537
   0.0285053      0.17518     0.224251     0.176716     0.212034   -0.0213242    0.0227371    0.0526613    0.0375446  -0.00538658    0.0769158    0.0172471   -0.0340056    0.0135267     0.012112    0.0074043     0.115518    -0.066307   -0.0288269   -0.0309201     0.112298     0.145306    0.0271967   -0.0350055  -0.00413264    0.0368702     0.158293    0.0805096    0.0471065   -0.0419546   -0.0602365    0.0224227    0.0305278    0.0374316     0.112292   -0.0698363     0.100389     0.110031     0.126273    0.0599635    0.0637718   -0.0332214    0.0113064    0.0915655    0.0308723     0.107648    0.0465965   -0.0435223
    0.111839   -0.0281118   -0.0251737   0.00497516    0.0569451   -0.0312832   -0.0707201    0.0248738   -0.0190939     0.165196     0.103838   -0.0434378   -0.0238105    -0.036465   0.00987193    0.0853411     0.114829   -0.0287031    -0.123874    0.0981412    -0.099876    0.0629137    -0.024034    -0.126723   -0.0818196    0.0809964    0.0955877     0.203039    0.0355741    -0.134139   -0.0607738     0.168342    0.0996387     0.224024   -0.0133372   -0.0998587    -0.096563     0.077769    0.0890256     0.115576     0.105508   -0.0901338    0.0885687  -0.00292332   0.00981954    0.0512513    0.0604138    0.0233276
    0.123176      0.01867    0.0941495     0.146181    0.0758025     0.144533    0.0792931    0.0915428    0.0809415    0.0127114    0.0513195     0.143137    0.0114262      0.10609    0.0964017     0.120252      0.11713   -0.0448184     0.128667   -0.0658151    0.0334195    0.0623117  -0.00358421    0.0844169     0.106221    0.0551356    0.0710564   -0.0406635    0.0269822    0.0772309    0.0626838     0.080714   0.00278449   -0.0345375    0.0589662  -0.00339662     0.115579    0.0897757     0.115955    0.0833998    0.0423294    0.0224449   0.00475447     0.113421     0.171822     0.167835    0.0984058     0.063566
    0.107465   -0.0604185  -0.00378308   -0.0417444    0.0441978   -0.0262893    0.0768145    0.0568786    0.0721277    0.0110181    0.0212159    0.0253517    0.0364891    0.0982722     0.105067    0.0735102    0.0348975   -0.0625424    0.0973267   -0.0641459  -0.00750599    0.0217887    -0.145059    0.0948201    0.0225372      0.14475    0.0473794    0.0293578    0.0578148     0.086247    0.0779994   0.00765488    0.0540614    0.0141428    0.0770868    0.0214907    0.0656511    -0.165377    0.0896052    0.0107914    -0.164833    0.0464898    0.0301097     0.194342      0.28913     0.218071     0.104966   0.00355303
   0.0338673    0.0558336    0.0700858    0.0364543   0.00436646     0.101434    0.0952304    0.0225126    0.0555432   -0.0300364    0.0205689    0.0781054    0.0825219    0.0753776    0.0314182    0.0326885    0.0641126    0.0633448  -0.00190417     0.102836    0.0744358    0.0917629    0.0105699    0.0849594    0.0642603    0.0968527     0.102665   -0.0058297   -0.0468295     0.135016  -0.00751132     0.104516     0.146061    0.0178516   -0.0133543    0.0912229      0.10197     0.047623     0.192968    0.0694306    0.0407031    0.0922011    0.0251679     0.102159    0.0903893     0.110002     0.032508    0.0344477
    0.116741    0.0401506     0.105765     0.134017     0.179434    0.0482716    0.0888743    0.0738267    0.0732081  -0.00533085     0.161294    -0.012169    0.0108002    0.0526546    0.0889504    0.0438013     0.172922    -0.148754    0.0910748    0.0238579   0.00261652    0.0771513   -0.0177016   -0.0794226   0.00254181     0.112989    0.0474345   -0.0010654     0.137292   -0.0313043   0.00119732     0.137215   -0.0027123   -0.0646253    0.0570248   -0.0605806     0.126054  -0.00646744     0.120163    -0.017036    0.0622657    0.0454981   -0.0135236     0.157492     0.165714      0.10304    0.0546124   0.00283685
    0.170367     0.154953    0.0871413     0.208081     0.148234    0.0925443      0.14664   -0.0435085   -0.0708882    0.0598407    0.0109671     0.106586  -0.00723471    0.0476996   0.00763458     0.128551    0.0148177   -0.0680588     0.216539    -0.114882   -0.0375177     0.127845    0.0258203    0.0794731     0.211372    0.0371168    -0.139209   -0.0394153    0.0295029    0.0801119      0.20794    0.0295449    -0.215783   -0.0557303    0.0268063     0.139493      0.21414    -0.033474   -0.0394859     0.129078   -0.0828088     0.108407   0.00515479    0.0573812   0.00766727    0.0776422     0.223658   0.00798117
    0.208608     0.033024    0.0463605  -0.00766138     0.104293     0.137052      0.15158     0.106829    0.0888582   -0.0123728     0.154948    0.0514594   -0.0234351    0.0827608    0.0829408     0.022612      0.19812   -0.0873955    0.0470099    0.0710339     0.125508     0.119185    0.0841229    0.0368983    0.0372702     0.130761    0.0841742   0.00762787     0.045602    0.0572461    0.0155967     0.131387    0.0241415   -0.0037795     0.112598    0.0556353    0.0407319    0.0732636     0.231274     0.077348    0.0478268    0.0037191   -0.0439539    0.0690222    0.0371406    -0.019253   -0.0847118   -0.0373998
    0.139506    0.0394906   -0.0265207    0.0122333     0.102169    0.0431684     0.183433    0.0604476    0.0498861    0.0972357    0.0206972    0.0187671    0.0869492    0.0839178     0.100214    0.0621739    -0.038231   -0.0223631     0.202586   -0.0594953    0.0193885   -0.0767499    -0.111509     0.134532     0.231129     0.130067   -0.0783139   -0.0420669     0.128651    0.0632672      0.24179    -0.038466   -0.0644167   -0.0204564    0.0103879     0.130234    0.0926038    -0.249762   0.00361238  -0.00320067    -0.160028     0.145955    0.0303187     0.165614     0.168539     0.155561     0.204272    0.0539686
  -0.0312729    0.0502105     0.180606      0.14828      0.15555    0.0377766  -0.00389214    0.0403308     0.111442    0.0115234  -0.00967994   0.00185533   -0.0278793  -0.00534299    0.0447515    0.0789057    0.0895972   -0.0516391   -0.0696383     0.098294     0.118557     0.165978  -0.00166349    -0.031801   -0.0394571     0.120092     0.096272    0.0557249    0.0105606    0.0200502   -0.0549257     0.124515     0.145284    0.0279999   -0.0370799   -0.0182677   -0.0438422    0.0784392     0.134128     0.121025   -0.0612949     0.012582   -0.0993564      0.10204     0.184793     0.142068   -0.0202662   -0.0543115
   0.0876246    0.0517275   -0.0390443   -0.0587636   -0.0250562   -0.0775576     0.134101     0.112133     0.060879    0.0134531     0.110176    0.0219986     0.190269    0.0921946    0.0362664     0.018963   0.00405059    0.0951974    0.0379004     0.152176      0.12254    0.0875096    0.0405041    0.0574314    0.0689107     0.133485     0.115193     0.118766   -0.0242528    0.0937691    0.0705942  -0.00298834     0.154765   -0.0162742   -0.0516897    0.0592772     0.118861    0.0683338     0.132993    0.0307938    0.0153124    0.0834002    0.0727259    0.0153518    0.0682361  -0.00510422    0.0497293    0.0908631
-0.000710279    0.0711365   -0.0175022     -0.03834    0.0706457   -0.0854334     0.163689    0.0963985     0.119234    0.0169141    0.0655399   -0.0183729     0.159729    0.0673227    0.0758178    0.0691454    0.0460642    0.0845354     0.143157    0.0293453    0.0750862    0.0113972 -3.28589e-05    0.0411646     0.121993    0.0854541     0.030487    0.0662367    0.0166118    0.0543791     0.150773    0.0677847     0.121995    0.0248863    0.0951924    0.0247206     0.126105    0.0315503    0.0772015    0.0939037    0.0925435     0.080815    0.0252963    0.0418212    0.0871799    0.0824273     0.117752    0.0946674
     0.13668    0.0260437   -0.0708475    0.0699675    0.0119271    0.0760884    0.0918133   -0.0658355   -0.0796429    0.0251348    0.0525091    0.0444493     0.128139   0.00554473   -0.0755603     0.136256    0.0876788     0.104383     0.132396    0.0884993    -0.105181     0.102751   0.00460089   0.00998978    0.0456105     0.102319   -0.0350027     0.169623  -0.00747838    0.0387261    0.0941616     0.129166   -0.0800404    0.0899712    0.0396289    0.0321661     0.156017     0.164641    0.0234378    0.0898652    0.0408644    0.0679307     0.170551    -0.103052   -0.0398698   -0.0523675     0.101531     0.210162
  -0.0244049    0.0678768     0.217948     0.124247    0.0567579     0.186908     -0.03089    0.0705014     0.129751    0.0461882   -0.0335175      0.15725    -0.129568    0.0190865     0.130904     0.157365   -0.0718279    0.0374829    0.0742533    -0.104978     0.057343  -0.00993722    0.0585914     0.037343   -0.0165331    -0.103494     0.088212   -0.0379577    0.0133633     0.126137    0.0166635  -0.00127965 -0.000932176   0.00086934    0.0961515     0.170434    0.0595634    0.0697658   0.00604991     0.114479   -0.0194462     0.158253    0.0406794    0.0962983    0.0794596     0.159919     0.111782    0.0895316
  -0.0281658     0.124534     0.239346     0.152424     0.153538    0.0543012   0.00729492     0.137931     0.117241    0.0320755    0.0524031    0.0310951   -0.0654808    0.0689214    0.0505152     0.123706     0.121496   -0.0252773   -0.0243492   -0.0238154     0.131179     0.114386    0.0580473    -0.056705   -0.0974147     0.101451     0.196167    0.0550308    0.0385464   -0.0333962  -0.00724634     0.024971    0.0931509    0.0957594    0.0120337   -0.0353272    -0.051311     0.124651     0.160913     0.136144    0.0980676   -0.0410624   0.00666875    0.0345413    0.0365753   0.00627122   -0.0387718    0.0343503
  -0.0733588    0.0911134     0.241972     0.205445    0.0700299    0.0987588   -0.0224197     0.148809    0.0934959    0.0518267    0.0184655     0.181499    -0.147281    0.0969823    0.0593352    0.0241347    0.0672258    0.0709079  -0.00812364    -0.126697     0.142707    0.0491423    0.0224969     0.087944    0.0383774   0.00521121    0.0905646   -0.0821222     0.127271     0.128621    0.0903426  -0.00223089   -0.0698554   -0.0543584     0.133192    0.0897135   0.00366023    0.0584067     0.120816    0.0940215   0.00657505    0.0721115   -0.0902109     0.186787    0.0886629     0.170899     0.036848    -0.133424
    0.217177    0.0915653    0.0601991     0.100941    0.0172602     0.210894     0.081496   -0.0120302    0.0804502   0.00659577    0.0142755    0.0604164    0.0527324     0.115225   0.00154742      0.01306    0.0794205    0.0568259     0.141739    0.0491256    0.0150439    0.0583567    0.0202664    0.0241815     0.156799     0.034467    0.0737603   -0.0427804   0.00428511     0.135381     0.153385     0.029723    -0.056009   -0.0537108    0.0768581     0.105783     0.114209     0.112576    0.0132817    0.0226793   -0.0222676     0.108569    0.0878941     0.168485   -0.0310922   0.00416778    0.0914859    0.0709326
  -0.0109014      0.02926     0.080862     0.144422     0.122126    0.0108634     0.060022     0.081852     0.074023     0.123405    0.0354698    0.0785404    -0.022573    0.0430128     0.114322     0.116632    0.0737044    0.0479216  -0.00992237    0.0654264    0.0200354    0.0763742   -0.0095295   0.00394459    0.0451341    0.0305193   -0.0277476     0.061988    -0.018589    0.0574593   0.00986063    0.0901251     0.127363     0.104624   0.00826805    0.0158859   -0.0185673    0.0773824     0.145394     0.121299    0.0129076     0.032323   -0.0711931     0.101021     0.258249     0.139418    0.0845451     0.058201
    0.114554    0.0590934   -0.0646242   -0.0150579    0.0238917    0.0168411     0.111153    0.0464013    0.0339968    0.0296624     0.036802  -0.00668481      0.20098    0.0956233    0.0159151    0.0551404   -0.0419527    0.0711636     0.251261    0.0834998     0.114467    -0.104401     0.142932      0.13529     0.212558    0.0417168   0.00664121    0.0501184    0.0978016     0.110645     0.237591   -0.0820768   -0.0299865   -0.0472701    0.0323507    0.0596294     0.142801   0.00583549   -0.0509563   -0.0319476   0.00284611    0.0587392     0.193327    0.0600803   -0.0827986   -0.0429835    0.0534681     0.126045
   -0.107393    0.0444111     0.161575     0.162151    0.0929684    0.0490322   -0.0316116   -0.0292636    0.0171851     0.101743  -0.00647765     0.157757   0.00537681    0.0096771     0.067211    0.0135881   -0.0115252     0.129544   -0.0382854     0.157381    0.0763114    0.0908938     0.132426    0.0827503    0.0539513     0.033724    0.0327427     0.136706     0.118051    0.0547654  -0.00798432    0.0480792   -0.0134451     0.153102    0.0249189    0.0270458    0.0399982     0.168351   -0.0640813    0.0597856     0.157064     0.038606    0.0870132   0.00764326    0.0426964    0.0468165    0.0774699    0.0601634
     0.01414    0.0538488     0.118388    0.0950196      0.15787   -0.0440376    0.0744083    0.0570055     0.111261     0.137838    0.0678764    0.0190327     0.049801   -0.0136167     0.108482     0.118537    0.0840961   -0.0196515    0.0216619  -0.00793164    0.0688005     0.118387    -0.104977    0.0600172     0.090566     0.135617    -0.069654    0.0859635    0.0185955    0.0274758    0.0539797   0.00854399    0.0503216     0.073251    0.0188482      0.11402  0.000137093    -0.110154     0.145356     0.149455    0.0120756    0.0991165    -0.116012     0.121736     0.199777     0.107947     0.179495   -0.0636708
   -0.200567   -0.0998559    -0.148026    -0.104716    -0.190797    -0.122013    -0.142989    -0.162495    -0.130335    -0.142754    -0.153129    -0.152658     -0.14518    -0.117696   -0.0784532   -0.0800844   -0.0903238   -0.0968757    -0.148432    -0.125221    -0.132891    -0.130623    -0.197102   -0.0787784   -0.0739233    -0.106713    -0.117382    -0.145956    -0.192214   -0.0641431    -0.125499    -0.115145    -0.161868     -0.17114   -0.0935014    -0.138618   -0.0545726   -0.0879946    -0.114535    -0.126212    -0.102614    -0.105346
  -0.0277961    -0.250772    0.0721023   -0.0699712    -0.108813    -0.283404   -0.0122871    -0.433393     -0.28401  -0.00559224    -0.152998     0.284692    -0.184176    0.0765939    -0.277624   -0.0169498    -0.152181    0.0585807     -0.40376    0.0773005    0.0771525   -0.0281034   -0.0864932    -0.048746     0.113055 -9.44357e-05   -0.0607656    -0.464348   -0.0167988    -0.141929     0.132591   -0.0332143   -0.0765543    -0.489151     0.041684    0.0902602     0.112311    -0.251044   0.00900481    -0.283524    -0.200238   -0.0208363
    0.052516    -0.283432    -0.182939    -0.193181    -0.327162    -0.262566    0.0232547    -0.177098   -0.0339673    -0.205831    -0.118303   0.00589605    -0.124825     0.193768    -0.036256    -0.133776    -0.118672    -0.189132    0.0624207    0.0244766    0.0141921    0.0347963  -0.00728658   -0.0678807    -0.253175   -0.0454452   -0.0216778    -0.148559  -0.00468205    -0.394814   -0.0676351   -0.0649855    -0.081197   0.00125808    -0.148918    0.0183185   -0.0723791    -0.157473    -0.113232    -0.306805   -0.0978698    -0.134207
   0.0290044   -0.0966673    -0.126473    -0.186158    -0.101156    -0.146697     -0.10853    -0.168361   -0.0765094    -0.211546     -0.15929   -0.0452659    -0.151911  -0.00849625     -0.11747    -0.129183    -0.122484    -0.146727   -0.0523351   -0.0230739   -0.0798307    -0.155313   -0.0624851   -0.0957283    -0.221504    -0.130711    -0.183819   -0.0699892   -0.0325503    -0.242589     -0.10458    -0.146439    -0.199202    -0.132785  -0.00691584   -0.0467251   -0.0439943   -0.0601962     -0.12026    -0.123453    -0.179193       -0.138
   0.0257324    -0.128004    -0.115345    -0.190417   0.00314405  -0.00125114    0.0189286    -0.136228   -0.0326519   -0.0765818   -0.0201568    -0.136659     -0.10219    0.0914098   -0.0201441    -0.263679    -0.020303    -0.190496   -0.0412719    -0.146814   -0.0770193    -0.211597    0.0613124    -0.213472    -0.149246    -0.177259     -0.13652    -0.187517    -0.131333    -0.087858    -0.135935    -0.192228    -0.090334    -0.178613    -0.184528    -0.196423    -0.180606    -0.216552   -0.0753919    -0.181229   -0.0529212   -0.0463383
   -0.169586   -0.0940946    -0.154226   -0.0833164    -0.128272    -0.153548    -0.137936   -0.0951151     -0.17071    -0.102313    -0.128791    -0.185452     -0.10145    -0.167012   -0.0710216    -0.112196    -0.132313    -0.118807    -0.216965   -0.0962107    -0.110578   -0.0679298    -0.126015    -0.181386   -0.0917083    -0.114984   -0.0594218   -0.0934901    -0.148233   -0.0930372    -0.120474    -0.156482    -0.156763    -0.124302   -0.0755703    -0.117688    -0.135193   -0.0758337    -0.176852    -0.121517   -0.0971098   -0.0975301
   -0.102984    -0.117597    -0.135516    -0.084853    -0.121125      -0.1133   -0.0777827    -0.115263    -0.182569   -0.0973242    -0.126825    -0.192187    -0.159538    -0.241337    -0.124873    -0.156633    -0.120563    -0.102668    -0.264978    -0.154792    -0.180553    -0.139892     -0.10696    -0.127919   -0.0119491    -0.130415   -0.0641789    -0.127192    -0.163641  -0.00115843   -0.0796222    -0.126762    -0.111211    -0.152526   -0.0826783    -0.151978   -0.0244056   -0.0428457    -0.160446   -0.0699085    -0.132371   -0.0494432
   0.0638153    -0.276015   -0.0758824   0.00105197    -0.189471    -0.259367    -0.113239    -0.255566  -0.00756608    -0.347068    -0.260739    -0.117503    -0.240329     0.145622   -0.0660657    -0.133073   -0.0928984     -0.04712     -0.05409    0.0849395     0.135473    0.0452542    0.0241403   -0.0693125    -0.175758    -0.114161   -0.0108639   -0.0892629   -0.0435406    -0.291957      0.02719    -0.235249    -0.288354   -0.0949325   -0.0339041     0.060024    0.0206038      0.03923    -0.139549    -0.287235    -0.116709    -0.205922
   -0.126747    -0.108285    -0.106023   -0.0872582    -0.188282    -0.152004   -0.0876329    -0.129402   -0.0914916    -0.095939    -0.170577   -0.0619739   -0.0889629   -0.0876165   -0.0663962   -0.0696673    -0.153102    -0.129385    -0.120047   -0.0792716   -0.0822611     -0.12712    -0.111625    -0.174804    -0.272975    -0.127408    -0.211568    -0.159946    -0.136138    -0.239179    -0.101863   -0.0831432   -0.0822995   -0.0952704    -0.173838   -0.0503393   -0.0328311    -0.158564    -0.124485    -0.165625   -0.0503614   -0.0654045
   -0.189973    -0.117441   -0.0571913   -0.0500606    -0.213952    -0.149151    -0.127752   -0.0260869    -0.156276    -0.248076    -0.207483    -0.119749    -0.150555    -0.120468   -0.0612753   -0.0680915    -0.154237   -0.0966382    -0.193179    0.0597963   -0.0610207    -0.130783    -0.189535    -0.109212    -0.101234   -0.0838074    -0.163177    -0.179116    -0.106819    -0.144834   -0.0722909   -0.0913699    -0.125075    -0.184282    -0.111003    -0.132306  0.000383934     -0.18272   -0.0879332   -0.0993588   -0.0505191   -0.0770853
   -0.136021    -0.109326     -0.14024    -0.163342    -0.100272    -0.101161   -0.0413555   -0.0995416   -0.0681528    -0.109991     -0.11465    -0.137691   -0.0692528    -0.108503   -0.0759491    -0.153145    -0.106842    -0.186918    -0.130993    -0.152445    -0.107814    -0.158653     -0.17416    -0.174907   -0.0778989   -0.0678809    -0.202785    -0.146909    -0.187715    -0.100123    -0.162634    -0.158891   -0.0756721   -0.0544294     -0.03521    -0.168076     -0.17136    -0.112938    -0.110524   -0.0912739     -0.14347    -0.126733
   -0.148668    -0.064149    -0.137448    -0.131053    -0.126819    -0.123761    -0.184953   -0.0986922    -0.152211     -0.13113     -0.17186    -0.152337    -0.131871    -0.190983    -0.157678    -0.122184    -0.121162   -0.0967127    -0.155965    -0.135091    -0.129457   -0.0858767    -0.209301    -0.161001   -0.0799725    -0.101762    -0.155492     -0.12928    -0.175174    -0.144272    -0.130483   -0.0755515   -0.0820802    -0.122007   -0.0789624   -0.0995209   -0.0575499   -0.0981898    -0.123592   -0.0776508    -0.109168   -0.0843383
   -0.283983    -0.112861    -0.156177   -0.0408009    -0.114577     -0.10558    -0.138295    -0.181895    -0.258664   -0.0664476   -0.0995686    -0.134583   -0.0194805    -0.292051    -0.143928   -0.0269617    -0.101769   -0.0691864    -0.203556   -0.0576462    -0.222721   -0.0406375    -0.117338    -0.112212   -0.0558879    -0.169931   -0.0254354    0.0259955    -0.218475    0.0143332     -0.05033    -0.153329   -0.0269077    -0.148759    -0.162017    -0.162763    -0.116786    -0.131598   -0.0393993   -0.0972851    -0.168063   -0.0507057
   -0.263954   -0.0279311   -0.0842249    -0.101692     -0.13971   -0.0968038    -0.165282   -0.0991839    -0.157237    -0.115076    -0.159626   -0.0955844    -0.138013    -0.204483    -0.108252   -0.0742242      -0.1016    -0.138813    -0.193695   -0.0711429    -0.204987    -0.108685    -0.139767    -0.151434   -0.0733097    -0.124335    -0.127643   -0.0252392    -0.194832   -0.0597979    -0.141488    -0.143851    -0.121767    -0.129402    -0.052439    -0.187293    -0.107835   -0.0713765    -0.126785   -0.0473149    -0.104792   -0.0834917
   -0.165911    -0.110569    -0.164203   -0.0750688   -0.0942674    -0.146207    -0.109524    -0.103536    -0.154317     -0.10102   -0.0974868    -0.117824   -0.0719496    -0.154163    -0.199116   -0.0828965      -0.1558    -0.106589    -0.139006      -0.1302    -0.125396    -0.115167    -0.176062    -0.141899    -0.113913    -0.163777   -0.0741038     -0.13362    -0.102289    -0.102484    -0.130352    -0.184186    -0.157738    -0.171945   -0.0892283   -0.0951259    -0.189701    -0.124307   -0.0902698   -0.0873822   -0.0935941    -0.110201
   -0.120841    -0.144034    -0.180136   -0.0508926   -0.0976305    -0.119719    -0.109442   -0.0486205   -0.0549068    -0.090936   -0.0894626    -0.225416   -0.0533824    -0.166741    -0.127702   -0.0851348    -0.178345     -0.16626    -0.140489   -0.0851294   -0.0525688   -0.0689486    -0.118403    -0.137802     -0.23987    -0.137964    -0.121367   -0.0161173    -0.118657    -0.128531   -0.0627275    -0.115464    -0.172003   -0.0556801    -0.183405    -0.133494    -0.180028    -0.058767    -0.190114     0.020874    -0.117988    -0.206056
   -0.211046    -0.113165    -0.205611    -0.117699    -0.155866    -0.188046    -0.119519   -0.0519234    -0.167807   -0.0537431    -0.152225    -0.134192    -0.123915    -0.252884    -0.127707   -0.0980558    -0.101614    -0.121079    -0.164041    -0.061936     -0.12192      -0.1346    -0.204073    -0.153366     -0.10668    -0.118348   -0.0821571   -0.0603489   -0.0895341   -0.0902153   -0.0509829   -0.0757927    -0.129695    -0.161173   -0.0485747   -0.0855445   -0.0875321    -0.112168    -0.145043    -0.132712   -0.0742828    -0.102339
   -0.160597   -0.0491734   -0.0867944      -0.1153    -0.116913    -0.113632    -0.213663    0.0270746   -0.0183419   -0.0154861    -0.125836    -0.202261    -0.036163    -0.167553   -0.0309457   -0.0839868    -0.136083   -0.0932467   -0.0716163    -0.217196    -0.121142    -0.260358    -0.224345    -0.101557    -0.149952   -0.0362402    -0.254148   -0.0944995   -0.0898086   -0.0846682    -0.206083   -0.0206154    -0.152992   -0.0238178   -0.0584245    -0.238916    -0.133826   -0.0224372    -0.202892   -0.0168158   -0.0772126    -0.213668
   0.0121903    -0.164056   -0.0282865   -0.0972646    -0.199641    -0.246092   0.00375234    -0.105662   -0.0888411    -0.311025    -0.115857   -0.0816691   -0.0978664   -0.0677618    -0.117022    -0.156819   -0.0167809    0.0157233    -0.132246   -0.0122399    -0.238545   -0.0658875     0.163635    -0.112439   -0.0473123    -0.197681    -0.182696   -0.0435274    -0.299774     -0.16249    0.0276973    -0.252818    -0.201796    -0.052184    0.0206402 -0.000144762   -0.0842191    -0.306163    0.0529985    -0.365049   -0.0219278     0.103553
    0.141536   -0.0673335    -0.256093   -0.0815367    -0.036618    -0.167873    0.0589156    -0.194892   -0.0639857    -0.344487    -0.164698    -0.138927    -0.120285     0.151768    -0.206062    -0.247162   -0.0147011    -0.109292   -0.0351707   -0.0807969    0.0550636  -0.00296582   -0.0802638  -0.00471408    -0.149921    -0.171089    0.0240137    -0.207029   -0.0672471    -0.284322   -0.0840197    -0.298213    -0.216289    -0.138579    0.0168535   -0.0561524    0.0688676    -0.172039   -0.0429783    -0.263896    0.0527365    -0.191834
  -0.0849739   -0.0225687   -0.0725314    -0.150327   -0.0610071    -0.125454    -0.172942   -0.0897697   -0.0928802  0.000577868   -0.0773658    -0.133277   -0.0785555    -0.246944    -0.162067    -0.201109     -0.17884    -0.187771    0.0190636    -0.300981   -0.0785493    -0.236887    -0.202076   -0.0869155   -0.0482279    -0.122835   -0.0815331  -0.00596407   -0.0411094  -0.00853748    -0.256731   -0.0725324   -0.0800529    0.0168054   -0.0268034    -0.153089    -0.200127   -0.0533605    -0.175461    0.0415146    -0.194322     -0.21018
   -0.268536   -0.0991144    -0.101661    -0.134595   -0.0170446   -0.0582176    -0.160918    -0.173478    -0.293557     0.146411   -0.0700346   -0.0513039   -0.0726522    -0.350726    -0.265724    0.0244048   -0.0753424    -0.179657  -0.00206854    -0.345997    -0.207696    -0.197417  -0.00881591   0.00490433      0.11734    -0.125849   -0.0306251  -0.00419248    -0.207154     0.118364    -0.219733   -0.0742556   -0.0170827    0.0431773    -0.169494    -0.260339    -0.276104   -0.0339763    -0.142686    0.0493037    -0.241029    -0.127015
  -0.0148637    -0.153376    -0.164797    -0.181831  -0.00350923   -0.0904704   -0.0172391     -0.14273   -0.0182534    -0.116716    -0.114903    -0.110677   -0.0968481     -0.18523    -0.109454    -0.163042   -0.0754417    -0.123733   -0.0672025    -0.175412   -0.0906971     -0.12181   -0.0677703    -0.160146     -0.16355    -0.242159   -0.0756888    -0.120285    -0.106255   -0.0961404     -0.24915   -0.0929931   -0.0756068     -0.06837    -0.192202    -0.132337    -0.118532    -0.147734    -0.197461    0.0177796    -0.161213    -0.119265
   0.0063999    -0.154209    -0.242546    -0.138955   -0.0329452   -0.0120821   -0.0256249   -0.0651903   -0.0799263   -0.0519444   -0.0625849    -0.169256   -0.0604223    -0.198053    -0.161061    -0.198805    -0.147885    -0.160182   -0.0276743    -0.200539    -0.103711   -0.0522198     -0.13701     -0.12562    -0.139291    -0.176784     -0.07842   -0.0695347   -0.0526372    -0.103311    -0.214059    -0.062686   -0.0448587    -0.113831    -0.224389    -0.143307     -0.15428   -0.0878539    -0.235634    0.0270409    -0.162656     -0.18673
   -0.323489   0.00112239   -0.0830367   -0.0570834    -0.133661   -0.0792872    -0.183673   -0.0679853    -0.240806   -0.0589206     -0.16774     -0.11301    -0.116156    -0.236728    -0.130057   -0.0643483   -0.0850679   -0.0923023    -0.238373   -0.0472628    -0.245033    -0.139016    -0.245258    -0.142396    -0.025865   -0.0588288    -0.122937   -0.0400447    -0.201063   -0.0809881    -0.153728   -0.0883334   -0.0834507     -0.10141    -0.100097    -0.198387   -0.0172128    -0.141436   -0.0799992   -0.0585259   -0.0661521   -0.0451282
  -0.0948532    -0.128506    -0.134103   -0.0490591   -0.0406335   -0.0827417    -0.143631    -0.155072     -0.14106    -0.154428    -0.160819    -0.202561    -0.143884    -0.188864   -0.0989815   -0.0237724     -0.17168    -0.130347  -0.00750474    -0.119239    -0.221332    -0.065686    -0.092742    -0.155985    -0.090455    -0.192958    -0.167665   -0.0894959    -0.109535   -0.0209552    -0.180518    -0.101566    -0.124766   -0.0633004    -0.186028   -0.0605842    -0.115654    -0.114542    -0.224573 -0.000153662   -0.0459166    -0.182572
   -0.129663    -0.111492   -0.0386791    -0.132759    -0.187503    -0.100181    -0.108809    -0.168282    -0.183088    -0.138966    -0.152107    -0.116222   -0.0943784   -0.0910615    -0.118382   -0.0979359    -0.162483    -0.186466   -0.0711614    -0.102652   -0.0889913   -0.0918804    -0.160969    -0.126249    -0.142739    -0.117251    -0.177123     -0.06894     -0.14388    -0.121697    -0.142908    -0.123453   -0.0740633     -0.11098    -0.154675   -0.0865282    -0.101811    -0.137508    -0.127577   -0.0859701    -0.111575    -0.153223
   -0.133995    -0.098359   -0.0753097   -0.0979395   -0.0978507   -0.0572282   -0.0524881    -0.142547   -0.0801589    -0.113778    -0.133784    -0.180479    -0.171295    -0.142585    -0.149349   -0.0767089    -0.173625    -0.188597   -0.0237251   -0.0924597    -0.177193    -0.115914    -0.143956    -0.151563    -0.112701    -0.146681    -0.134358     -0.10566    -0.167037   -0.0567935    -0.173691   -0.0822738    -0.108954     -0.12612    -0.142119    -0.118281    -0.125977    -0.182998    -0.182497     -0.11851   -0.0665221    -0.142391
    -0.25645   -0.0956259    -0.119842   -0.0465192    -0.235962    -0.142741    -0.156996   -0.0829975    -0.177723    -0.161986    -0.167766    -0.172363   -0.0456339    -0.122098   -0.0772326   -0.0353404    -0.130355   -0.0236356    -0.210647   -0.0936032    -0.103383   -0.0406086    -0.196163    -0.182957   -0.0893507   -0.0689615   -0.0673738   -0.0689993    -0.166709    -0.149988   -0.0420269   -0.0494742    -0.156147    -0.195589    -0.103293    -0.146586    -0.104094    -0.110528   -0.0939482     -0.16971   -0.0499064    -0.116303
   -0.365419    0.0173827   -0.0970703   -0.0377591   -0.0925891   -0.0803264    -0.252417   -0.0446907    -0.167269    0.0163051    -0.143922   -0.0805387   -0.0929026    -0.240783    -0.115909   -0.0600292     -0.11434    -0.114462    -0.254518    -0.183693      -0.1941    -0.295642    -0.223479   -0.0352478   -0.0274995   -0.0227527    -0.212259   -0.0256702    -0.151776    0.0491505    -0.176553   -0.0594251   -0.0592068    -0.044613   -0.0335809     -0.30871   -0.0601366   -0.0426323   -0.0761258   -0.0944513    -0.141076    -0.054284
   -0.263051  -0.00526956    -0.139594   -0.0590636    -0.120959    -0.140102    -0.181485    -0.114001    -0.153836    0.0258974    -0.184793   -0.0940922   -0.0870833    -0.206048     -0.12569    -0.101982   -0.0546199   -0.0990062   -0.0900355    -0.208701    -0.208401    -0.238923    -0.153511   -0.0866666    0.0119684   -0.0845351     -0.18366    -0.107859    -0.161772    0.0275642    -0.173151   -0.0564216    -0.103343   -0.0176326   -0.0708357    -0.265305    -0.101618   -0.0144549    -0.084198   -0.0987989    -0.144452    -0.100638
   0.0261458    -0.291539    -0.132173    -0.205094   -0.0737973    -0.050167    -0.235433     -0.01128   -0.0575822    -0.236084   -0.0735896   -0.0696887    -0.281803     0.139326   -0.0494595    -0.113882    -0.194958  -0.00870754    0.0871501    -0.109015   -0.0930532    -0.132531     0.137701    -0.188047    0.0125682   -0.0555267  -0.00186141    -0.257453    0.0520055    -0.191645  -0.00537978   -0.0401062   -0.0802272    0.0203952    -0.361653    -0.132603    -0.295454    -0.200589     -0.02186     -0.21913    -0.133826   -0.0320513
  -0.0491295    -0.168853    -0.105588     -0.18001   -0.0539752    -0.140487    -0.114661    -0.184907    -0.129698    -0.064869    -0.129174   -0.0334739   -0.0944082     -0.11042    -0.152003    -0.166848    -0.182414    -0.225164   -0.0485429    -0.118171   -0.0423088   -0.0579644   -0.0695905    -0.107092   -0.0599994   -0.0907603   -0.0243433    -0.162918    -0.103127    -0.131404    -0.131156   -0.0984199    -0.108659    -0.168977    -0.182428    -0.119227    -0.088506    -0.106373    -0.174639   -0.0679334      -0.2391    -0.136757
    0.347316    -0.159919     0.284656    -0.309189     0.139947     0.121241     0.160776    -0.027006     0.107062    0.0945003    -0.055409    0.0672585     -0.13491     0.264803   -0.0146936    -0.158312   -0.0771309    -0.137581     0.255873    -0.288569     0.119114    -0.183123     0.175115    -0.318529    -0.331561     -0.11349    -0.330609     -0.54966    -0.283814    -0.514298    -0.160146     0.041031   -0.0969259    0.0701909    -0.207723   -0.0693122    -0.395796    -0.213531    -0.154266   -0.0494525     0.100004    -0.355816
   0.0150863    -0.187701   -0.0736661    -0.274675    0.0445847   -0.0579216     -0.31131   -0.0549474   -0.0621933      -0.2572     -0.12551   -0.0391426    -0.201335     0.149637   -0.0242885   -0.0670277    -0.158995   -0.0750681    0.0174886   -0.0756043    -0.177538   -0.0866195    0.0536798     -0.16349  0.000588902   -0.0681719   -0.0151457    -0.261236      0.03993    -0.112414    0.0202634    0.0671225    -0.105982    -0.090316    -0.354953   -0.0923835    -0.296065    -0.206205   -0.0585397    -0.217064    -0.257827   0.00979682
  -0.0787105    -0.155447    -0.186224    -0.114607    -0.212439    -0.188252   -0.0596419    -0.152984   -0.0960254    -0.154686     -0.14998    -0.147304    -0.141353   -0.0747837    -0.138641    -0.162809    -0.164179   -0.0798801   -0.0724456    -0.101458   -0.0320839   -0.0834481   -0.0131932   -0.0635478   -0.0419613    -0.122058   -0.0785847   -0.0636068   -0.0849039     -0.14848   -0.0456479    -0.194901    -0.211527   -0.0609492   -0.0853244   -0.0953757    -0.141431    -0.119187   -0.0933784    -0.216249    -0.128693    -0.151493
