no weights
   0.0206753    -0.147858    0.0455653    0.0298338     0.181465    0.0834318    -0.242823     0.115498     0.038487     0.150975     0.316779    -0.133001    -0.137115     0.144285     0.129173     0.122063     0.303034    -0.034357    -0.217953     0.107613   -0.0459703    0.0399011     0.306018    -0.242878    -0.200409      0.12036     0.269579     0.357766     0.243846    -0.234656    -0.149348     0.161415     0.235952     0.225074     0.156471    -0.167878    -0.185872     0.398249     0.117711    0.0956522      0.40045    -0.177494     0.145795    -0.336617    -0.167731    -0.114356    -0.213931    0.0408809
  -0.0706014   -0.0237732    -0.052502    0.0184541    0.0862121     0.195701   -0.0359671  -0.00406968   -0.0444759    0.0395868   -0.0189907      0.19515    0.0655444    0.0230142   -0.0340889     0.103583    -0.222577     0.224672      0.18428    0.0350389  -0.00140522    -0.264396     0.298975     0.180812     0.147285   -0.0196087    -0.248651   -0.0453877     0.116854     0.288886     0.238418    -0.296202   -0.0455166   -0.0802652     0.135243      0.23897    0.0575944   -0.0377438      -0.2253   0.00430402     0.109255      0.22131     0.117943   -0.0286255    0.0655024     0.187919     0.193516     0.160036
 -0.00384915   -0.0574079    0.0100218    -0.124751    -0.153346    -0.124066      -0.1931     0.179359     0.142828     0.119673    -0.305434   -0.0282791     0.130298    0.0077996     0.187559     0.182534    -0.360425     0.322671   -0.0624648     0.196105    0.0184321   -0.0500959   -0.0704114     0.131994   -0.0806719    0.0550487     0.302511     0.162235    -0.262793     0.105397   -0.0564548    -0.106464     0.316497      0.28353    -0.227047  -0.00808716     -0.18541     0.094585    0.0623592    0.0786757   -0.0593223    0.0769774     0.118793     0.201768   -0.0100884    0.0210737   -0.0971666      0.26167
   0.0342558     0.167754     0.290225     0.203037       0.1749     0.215732   -0.0954667    0.0877569    0.0978909   -0.0135569    -0.249099     0.339119    -0.135693   -0.0276437   -0.0112887    0.0457345    -0.102889    0.0763054     0.109191    -0.121376     0.169018   -0.0102185   -0.0781435     0.167389    0.0828249   -0.0759202     0.014906    -0.116472    0.0700249     0.043524    0.0556847    -0.024346    -0.195112   -0.0947519   0.00175145    0.0664665    0.0419983   -0.0350826    -0.181413   0.00770241    -0.146266     0.110949   -0.0524251     0.306762     0.043561     0.223945      0.13878    -0.088346
    0.236862    -0.298478    -0.283649    -0.294072     0.119437    0.0846423   -0.0868987    0.0951123    0.0878298    0.0527684      0.14519    -0.100932     0.221459    0.0966232     0.148415    0.0110872    0.0512079    0.0112641     0.129457     0.239886   -0.0153794    -0.363864     0.274006   -0.0517924     0.105563     0.183538    -0.102892     0.224594       0.2509     -0.06262     0.158926    -0.237399     0.351775    0.0404179     0.215582   -0.0354295     -0.19161    0.0444388   -0.0616239    -0.271305     0.105265   -0.0802993     0.262476   -0.0890327    0.0895332    0.0556683   -0.0201566      0.23372
    0.131042   -0.0465599    -0.301007    -0.158981     0.123376   -0.0502337    0.0830803    -0.103506   -0.0179788    -0.021286    0.0878608    0.0393081     0.371114     0.023876 -0.000860953   -0.0800577   0.00761861     0.213585     0.104195     0.306337   -0.0854193    -0.219442     0.217704     0.115148     0.162026     0.161225     -0.14957     0.206939    0.0922308    0.0402228     0.247346    -0.117233     0.146259     0.140683     0.150013     0.150943    0.0267205   -0.0444897   -0.0494395    -0.171009      0.14504    0.0894421     0.267882    -0.124496   -0.0240061    -0.107811     0.134571     0.158191
    -0.44289    0.0868156      0.30454     0.202983   -0.0374526    -0.116887    -0.281702     0.118135     0.145007     0.199472   0.00380047    -0.151553    -0.232543    0.0337428     0.143271    0.0365511   -0.0450618   -0.0282574   -0.0278749    -0.136628     0.149574    -0.216583     0.257187   -0.0732046    -0.063755    -0.185424     0.306342    0.0582819     0.305347     -0.17797   -0.0662949    0.0476335     0.116491     0.275855     0.313016    -0.118921    0.0322687      0.26531    -0.120682     0.183753     0.519385    -0.135595     0.194634    -0.161222     -0.14362     0.146589     0.138558     0.102339
    0.079316    0.0512173    -0.239899    0.0291335      0.15101    0.0596845     0.177937    -0.146898    -0.176717    0.0337226    0.0777388     0.009407     0.292277     0.121956    -0.223858     0.104977   -0.0165529     0.217299    0.0527058      0.30948   -0.0500179     0.238777     0.230374     0.167638    0.0336372     0.118932    -0.265274     0.237634    0.0235275     0.216256    0.0643663   -0.0219635   -0.0941115     0.210608    0.0443761     0.157905    0.0680002   -0.0959039   -0.0956865     0.126148   -0.0167181      0.23007     0.124172    -0.277943  -0.00583768    -0.154113    0.0854974     0.106547
    0.110416    0.0450377   -0.0542617     0.128771     0.169051      0.24444   -0.0115763   -0.0424787    -0.134204     0.126257     0.174393    0.0813246   -0.0249257    0.0872984   -0.0345934    0.0724043     0.289867     0.105937     -0.13356     0.258968    0.0303159       0.2723       0.3257    0.0332547   -0.0909547     0.106152     0.069919     0.216025     0.109954     0.048689   -0.0333687     0.248688    0.0674859     0.163438     0.101079     0.108443   -0.0306968     0.259273   -0.0812006    0.0623525     0.280911    0.0902676     0.130718     -0.32898    -0.383008    -0.409935    -0.211291    0.0921109
  -0.0475696   -0.0557911    -0.201462    -0.351216    -0.460005   -0.0902319    0.0335153     0.195934     0.177417   -0.0335326    -0.144706      -0.2103     0.232271    0.0570094      0.21397    -0.021063    -0.343136     0.147966     0.263059    0.0835909     0.155639    -0.373775     0.142095    0.0588448     0.331043    -0.152212     0.162811    -0.121633   -0.0731994    0.0996677     0.322142   -0.0995372     0.305991   -0.0377079    -0.111421     0.173685     0.242243   -0.0312662    0.0337572    -0.158318    0.0621034     0.137961     0.359103       0.2345    -0.110391    0.0927167     0.161209     0.395386
  -0.0421963   -0.0284826   -0.0921266    -0.013861    0.0496611   -0.0878571     0.118928   -0.0099846    0.0288794     0.129528     0.172046    -0.221289    0.0960457    0.0668626     0.123563     0.112307    0.0267762   0.00864371     0.144979     0.152496    0.0824253    0.0167952      0.15213   -0.0547383     0.156729    0.0563113     0.023671     0.131722    0.0786745   -0.0386275      0.18462    0.0297386     0.107926     0.225683    0.0904758    0.0270103     0.189726   -0.0798867     0.147345     0.100401     0.151798   0.00612766     0.208109    -0.128263    0.0727875    0.0849826    0.0938805     0.144357
  -0.0987584    -0.115949    0.0325261    -0.204548    -0.318196    -0.265071   0.00123847     0.197731     0.229522   -0.0190571    0.0488309    -0.262338   -0.0349418   -0.0721189     0.177711    0.0492334   -0.0747125    0.0693397    -0.115236   -0.0363786    0.0402822   -0.0901236     -0.16102   -0.0722486    -0.111239   -0.0418027     0.299182    0.0208069    -0.198886  -0.00669406   -0.0775232   -0.0501294     0.381961    0.0996197   -0.0865855    -0.161879   -0.0962188      0.12805     0.417306     0.192797     0.138674   -0.0925703   0.00922075     0.160898    0.0810649     0.183872   -0.0812278    0.0795997
   -0.129139    0.0971381    0.0545869      0.13305    -0.044062   -0.0161495     0.053192    0.0304555   -0.0356182    0.0870309   -0.0101536    0.0137614     0.107475    0.0881531    0.0356795     0.122075    -0.132643    0.0277373     0.168002    0.0107298     0.120672    -0.062927     0.187914    0.0732624     0.231967    -0.157214   -0.0943692    -0.120296     0.136169     0.128381     0.201514    -0.141039    0.0659292   -0.0173098     0.138214     0.143729       0.2648    0.0192861    -0.100445    0.0999709     0.210273     0.115804     0.172464   -0.0710496    0.0228089      0.15484      0.21386     0.147216
   -0.148443   -0.0282592     0.109196  -0.00387126   -0.0301083    0.0543292    -0.169667    0.0801211      0.11733  -0.00761432     0.274192    0.0464589    -0.151664    -0.118847     0.116695   -0.0848586     0.428044   0.00306047    -0.440613     0.309562   -0.0892835     0.179736    0.0156493   -0.0239101    -0.341059     0.145825     0.337781     0.125592   -0.0168724    -0.190124    -0.352675     0.320937     0.352052     0.235406    0.0958814    -0.125777    -0.384728     0.421176     0.281333    0.0742417     0.293166     -0.14422    -0.188271    -0.183251   0.00873593    -0.139363    -0.364178   0.00619578
   0.0679546     0.251302   -0.0670317     0.144806     0.117249    0.0217423    0.0833176    -0.073238    -0.124805    0.0987494    0.0390289     0.119985     0.105343     0.012128    -0.102719     0.052436     0.162915     0.205228    -0.021563      0.30038   0.00329339     0.317564    0.0560311     0.191457   -0.0765637    0.0992547    0.0829269     0.110319   0.00902269     0.117983   -0.0291091     0.227157     0.054872     0.206245   -0.0441056      0.24328   -0.0231511    0.0980611    0.0127739     0.157345    0.0412335     0.180388   -0.0689435     -0.15711     -0.21508    -0.365171    -0.026893   -0.0567915
    0.165759     0.260119     0.137588    0.0605925    -0.110151    -0.168228     0.209754    0.0631056     0.105295   -0.0487282    -0.241435    0.0664908      0.14268    -0.126963   -0.0739264   -0.0507692     -0.21438     0.129971     0.118772     0.114774     0.151002     0.144123    -0.213345     0.129802   0.00791382     0.134409     0.134521    0.0120964    -0.188787    0.0649038    0.0764484    -0.047702     0.117235    -0.106326    -0.268818    -0.043249    0.0602428   -0.0339893     0.215886    0.0548127    -0.245675    0.0149984     0.052276     0.263131     0.184044    0.0826931    0.0305592    0.0881366
    -0.10471   -0.0186917    0.0809833     0.195479    0.0993061    0.0651211    -0.105939  -0.00443505   0.00010852     0.215674   0.00609385     0.144526   -0.0607833    0.0351671   -0.0051338    0.0331845    0.0518638    0.0733317    0.0871715    0.0214335    0.0130641   -0.0223411    0.0764777    0.0762017    0.0851339   -0.0517827    0.0179236    0.0695978     0.106024    0.0481136    0.0564886      0.01114     0.033245     0.105337     0.108613     0.111657    0.0041077     0.111491   -0.0924107    0.0936247     0.195866    0.0458452     0.027587    0.0960064     0.121041     0.183613     0.245549    0.0989015
   0.0339363    0.0381245     0.152869    0.0176953     0.204177    0.0834598   -0.0749758     0.167741     0.148249     0.128982    -0.198331     0.113853    0.0506604   -0.0311101   0.00512956    0.0570232   -0.0536524    0.0262796    -0.120655     0.113842     0.187709     0.160307   -0.0964506    0.0826513    -0.141937     0.117798    0.0354513     0.152082    -0.063224    0.0336642    -0.173736    0.0308206    0.0407157     0.069134    -0.115312    0.0267888    -0.216338   -0.0339887    0.0557021  -0.00316569    -0.231078    0.0417835   -0.0771732     0.197571     0.349241     0.244815    0.0537689     -0.06275
    0.249186  -0.00771804    -0.205694   -0.0603635    -0.100703   -0.0484899     0.166803    -0.210125    -0.249015   -0.0450431     0.384898   -0.0830682     0.204398    0.0549864    -0.122339     0.110288     0.295285   -0.0412426   -0.0280819     0.150589    -0.281513    0.0969966     0.177928    -0.101119   -0.0492818     0.166117    0.0929686     0.189189     0.102296    -0.120852   -0.0111604     0.197167   -0.0393184     0.237045    0.0212107     -0.13428    0.0197109     0.281519    0.0214284    0.0883258     0.308421    -0.184832     0.401515    -0.412094    -0.273212    -0.369185    -0.172972     0.389164
   -0.156389     0.460828     0.546884     0.422416     0.350729   -0.0578746   -0.0542394     0.121484     0.144583    0.0749832   -0.0356373    0.0979698    -0.222248   -0.0597381    0.0466362    0.0522903    0.0891634  -0.00122921    -0.134408   -0.0742258     0.150914     0.275709    -0.138317     0.127359    -0.123103     0.124018      0.13875   -0.0577423 -0.000331953    0.0545234     -0.15627     0.172106    0.0292947   -0.0709374    0.0674758   -0.0658699    -0.136285    0.0106568     0.237569     0.211129  -0.00418134   -0.0639202    -0.357883     0.169301     0.128379     0.022266   -0.0742277    -0.401743
 -0.00825253     0.159387     0.157105     0.021793    -0.126013     0.268963    -0.219679     0.183265     0.179896    -0.132663     0.079961    0.0985746   -0.0782588    0.0383151     0.157611   -0.0750333     0.216358    0.0502294    -0.123516    0.0770058     0.274562    0.0411194      0.35367    -0.147757    -0.164857    -0.167041     0.379853     -0.23303    0.0290175   -0.0438532    -0.170602     0.193465     0.164767   -0.0598708     0.194888   -0.0852275   -0.0861338     0.405192     0.113029    -0.125059     0.291882   -0.0293668    0.0507895    0.0560307     -0.31268    -0.123938    -0.350523     0.128556
  -0.0861197     0.360883     0.444444     0.385101     0.390944    -0.161101  -0.00291189    0.0745497    0.0531943   -0.0297407    0.0595029   -0.0190236    -0.118808  -0.00200413   -0.0493611   -0.0496904     0.189784    -0.186375   -0.0711648     -0.12144     0.158696     0.190039   -0.0405806    -0.134676   -0.0949575    0.0462204      0.23457      0.09247    0.0989496      -0.1893    -0.165649    0.0302991   0.00715997   -0.0242977     0.146502    -0.248188    0.0943074     0.143457     0.157279    0.0794631    0.0891693    -0.165607   -0.0619514     0.111347    0.0176816     0.123415    0.0210487    -0.205989
    0.139264    -0.109505   -0.0887846   -0.0314665    0.0873588     -0.18991    -0.146566   0.00194407    -0.043985       0.2854     0.081939    -0.229288   -0.0494713   -0.0832473   -0.0266519     0.136281      0.15959    -0.118202    -0.221905     0.149836    -0.232812     0.153529    -0.156407    -0.258489    -0.169337     0.143534     0.145863     0.403344   -0.0118411    -0.343486    -0.159771     0.264895     0.156997     0.436729    -0.082309    -0.265961    -0.205012    0.0856977      0.10387     0.169651    0.0888226    -0.251051     0.119383   -0.0443649    0.0526503    0.0485732     0.149011    0.0640053
    0.150775    0.0341133     0.142289      0.17514    0.0294347     0.208032    0.0803082     0.108462     0.100017   -0.0363544    0.0481997     0.185499    -0.074951     0.107668    0.0937396     0.106828      0.12774    -0.123528     0.163171    -0.229555    0.0143027   0.00908636   -0.0909744    0.0847828     0.113877    0.0209497    0.0596422    -0.173742    0.0378671    0.0669449    0.0734143    0.0657806   -0.0838887    -0.175956    0.0662759   -0.0381634     0.162307    0.0813394     0.119906    0.0760389  -0.00339014     0.011725   -0.0429669     0.192433      0.20956     0.246667    0.0865627    0.0301883
    0.173188    -0.243427    -0.110816     -0.21771    0.0434719    -0.146686    0.0440455     0.118456     0.148864    0.0248837   -0.0458505   -0.0750538    0.0290176    0.0844148     0.159411     0.101372   -0.0449024    -0.184997    0.0833961    -0.160467   -0.0901178   -0.0819809    -0.418842    0.0640456   -0.0115649     0.259641    -0.065235    0.0819274 -0.000900376    0.0181478    0.0352392    -0.064247    0.0992889    0.0218515   0.00974962   -0.0485601   -0.0348027    -0.438762     0.149973   -0.0841365    -0.430513   0.00944267   -0.0597983     0.342535     0.581625     0.412133     0.211306   -0.0285004
   0.0521693     0.117813     0.018931   -0.0568587    -0.170423    0.0990529     0.144389    0.0414129    0.0973271    -0.169054   -0.0574023     0.102412     0.101778    0.0330172    0.0132672   -0.0571137   0.00450889     0.144298   -0.0388592     0.154284    0.0968664     0.131257   -0.0951197     0.154879   -0.0029931     0.126766     0.206084   -0.0894443    -0.200594     0.219601   -0.0699351     0.150575     0.197737   -0.0647787    -0.150052     0.140754     0.117186    0.0369812     0.323116    0.0340017   -0.0530981     0.162706    -0.018681      0.17533    0.0327244    0.0178776    -0.126678     0.056399
    0.138196    0.0848806     0.134083     0.161012     0.272222   -0.0265052     0.128199    0.0891461    0.0877202   -0.0628085     0.306471     -0.13614   -0.0716006    0.0878918     0.118456   -0.0236294     0.347587    -0.440252    0.0762916    -0.103885   -0.0501527    0.0411347      -0.1364    -0.258046   -0.0354579     0.180703    0.0178632   -0.0834165      0.21005     -0.20748   -0.0563223     0.213431    -0.063038    -0.197995       0.1063    -0.217806     0.141166   -0.0607521     0.182165    -0.108988    0.0178963   -0.0735357    -0.123048     0.215185     0.231353     0.129236    0.0450029    -0.134098
    0.249426     0.291143    0.0862261     0.354179     0.234805     0.157282      0.19354    -0.187538    -0.215836     0.120114   -0.0207168     0.150438   -0.0817116    0.0726042    -0.110363     0.205365    0.0136468    -0.153352     0.307982    -0.261433    -0.159047     0.200484   -0.0468991    0.0948317     0.315125   -0.0204326    -0.296916    -0.143804    0.0257845      0.12649     0.326196     0.112057    -0.510144   -0.0981761    0.0115301     0.200166     0.340489   -0.0874651    -0.209059     0.213531    -0.153863     0.137041   -0.0269193    0.0215643    -0.137734    0.0049003     0.353438   -0.0424026
    0.317175    0.0725206   -0.0250877    -0.112463    0.0674772     0.243056      0.20901     0.145078      0.12424    -0.161756     0.343805    0.0538371   -0.0946676     0.136886     0.159577   -0.0840777     0.370347    -0.216939  -0.00416308    0.0842257     0.219996     0.147883     0.107041   0.00331246   -0.0185406     0.211861    0.0912648     -0.14579    0.0792028    0.0804473   -0.0310522     0.232207  0.000518666    -0.216089      0.14313    0.0774223    0.0257522    0.0510459     0.388056   -0.0321652     0.022875    0.0163812    -0.146132   0.00758341     -0.11809    -0.252917    -0.344391    -0.159988
    0.263114   -0.0518541     -0.15299    -0.128472     0.180339   0.00201105     0.206778    0.0818837    0.0725542     0.148181    -0.022906   -0.0376982     0.124753     0.100433     0.173908    0.0944856    -0.126079   -0.0958512     0.292622   -0.0731771    0.0333104    -0.158831    -0.203778     0.165126     0.360413     0.204365    -0.267901   -0.0597911      0.14018    0.0969308     0.386844    -0.121565   -0.0530706   -0.0528418   0.00525824      0.20654     0.092192    -0.553998   -0.0174184    -0.090837    -0.357164      0.16311    0.0162458     0.224976     0.271437     0.205274     0.337979    0.0341348
   -0.117654     0.148706     0.339201     0.261742     0.273233   -0.0268813   -0.0749399    0.0759372     0.170539    0.0083629    -0.101227   -0.0403987     -0.12034    -0.070131    0.0182212    0.0633143    0.0838901    -0.141718    -0.194031     0.115702     0.144771     0.309331    -0.156047   -0.0966027    -0.188475     0.187469     0.147377    0.0953161   -0.0785539   -0.0610139    -0.212035     0.156648     0.189985    0.0389196     -0.12583    -0.113538      -0.1727    0.0403728     0.230543     0.138296    -0.203232   -0.0548675     -0.27567     0.175114     0.292196     0.185874   -0.0692523     -0.20801
    0.126993    0.0542536    -0.205406    -0.273487    -0.275629    -0.221638     0.305978     0.159559     0.107211    -0.129108     0.101556    -0.114246     0.341451    0.0982346    0.0466608   -0.0652681   -0.0939916     0.178694    0.0556894     0.258458     0.219131    0.0860445  -0.00612673    0.0891016    0.0528946     0.199277     0.197785     0.127689    -0.173823     0.163621    0.0676791   -0.0536813     0.258975     -0.11434    -0.197758    0.0771785     0.220359  -0.00698014     0.327435    0.0214828   -0.0104954     0.122456     0.156206   0.00468975   -0.0116117    -0.157143   -0.0742045     0.173257
  -0.0729278    0.0423138    -0.132639    -0.181218   -0.0892527    -0.283995     0.308577      0.12909     0.149546   -0.0262246     0.121267    -0.193291     0.252701    0.0812519     0.120019    0.0220621   -0.0299765      0.10818      0.19543    0.0553794     0.100462    -0.098791   -0.0350106    0.0431351     0.191465     0.111621    0.0155592    0.0575973   -0.0166691    0.0656622     0.224462    0.0328084     0.184629    0.0141579     0.067099    0.0403105     0.245964   -0.0707329     0.210543      0.12344     0.147918    0.0718191    0.0694671  -0.00179077    0.0799192    0.0504659     0.135486     0.135445
    0.254922    0.0650935    -0.199465    0.0802021   -0.0633879    0.0840444     0.185417    -0.208192    -0.223169    0.0115193    0.0384925    0.0148366     0.212325    0.0135734     -0.24224      0.18174    0.0840344     0.155529     0.162643     0.112293    -0.265723     0.224787   -0.0560582    0.0151898    0.0355112     0.126132   -0.0592283      0.26037    -0.118724    0.0439621    0.0857269     0.220365    -0.246102     0.170893   -0.0762105   0.00243342     0.246153     0.224972   -0.0446389      0.16753    0.0314964    0.0751231     0.303402    -0.230246    -0.172362    -0.210858     0.100501     0.346996
   -0.151085    0.0745346     0.375779     0.232866  -0.00855414     0.388844    -0.271645     0.113716     0.185079    0.0701622    -0.208728     0.310409    -0.315163    0.0143002     0.197086     0.257336    -0.254426    0.0989356    0.0508555    -0.267054    0.0660469    -0.115093     0.106067     0.097131   -0.0619856     -0.25879     0.136631    -0.188182  -0.00407514     0.246954   -0.0143026   -0.0955422   -0.0290226   -0.0312949    0.0841196     0.281166   -0.0135133     0.122885    -0.140233      0.11898    -0.072923     0.273097   0.00426516     0.177106    0.0622824     0.300424    0.0799297     0.112889
    -0.15534     0.275201      0.45945     0.327105     0.240167  -0.00572622   -0.0876378     0.192294     0.168836    0.0260235   0.00627495   -0.0219503    -0.167482    0.0639529     0.064361     0.149063     0.108836   -0.0807975    -0.106498   -0.0788736     0.191253     0.178179      0.04675     -0.14848    -0.221516    0.0983496     0.350217    0.0894836    0.0271372     -0.11084    -0.129873    0.0190793     0.136102    0.0930692   -0.0231026    -0.142902     -0.11894     0.208937     0.221693     0.195724     0.122389    -0.124686    -0.039648    0.0187293   -0.0276466   -0.0180147    -0.148739   -0.0500387
   -0.265952     0.199142     0.444126     0.357884    0.0907947     0.180307    -0.186517     0.219384     0.160467    0.0516112   -0.0805807     0.361039    -0.396641    0.0559418    0.0894705   -0.0218802    0.0328889     0.101608   -0.0507317    -0.349414     0.197986   -0.0655642    -0.028448     0.180419   0.00311152    -0.107289     0.155497    -0.291541     0.217096     0.184435    0.0598718   -0.0318821    -0.136478    -0.195423     0.208103     0.144716   -0.0385762    0.0939366    0.0841027     0.118536    0.0330553     0.110651    -0.304237     0.278422    0.0258188     0.253861 -0.000612163    -0.356847
    0.359295     0.210408   -0.0566626    0.0585891   -0.0753335     0.352723    0.0741382   -0.0809684    0.0249288    -0.148983   -0.0948837     0.158943    0.0514885     0.135618   -0.0824432   -0.0909321    0.0588253      0.06949     0.218289   -0.0190759   -0.0263537  -0.00725973  -0.00396366    0.0495404     0.206518  -0.00933345     0.104293    -0.226872   -0.0442611     0.194779     0.219672    0.0774324    -0.182348    -0.241365    0.0155379     0.154768      0.18397       0.1527     -0.10121    -0.111724    -0.099115     0.162582     0.136544     0.264325    -0.266893    -0.166985  -0.00399375     0.110326
   -0.147622   -0.0150155     0.131604     0.159487     0.154202   -0.0753929   -0.0213871     0.102676    0.0995917     0.166693   -0.0104275    0.0548712   -0.0997371   -0.0384968     0.111666     0.127349    0.0209187    0.0232049    -0.116246    0.0392797   -0.0622366    0.0378535    -0.152296  -0.00314163   -0.0483102    0.0554661    -0.105368    0.0662649   -0.0650362    0.0270071   -0.0842716    0.0731593     0.160078     0.179034   -0.0115736   -0.0120145    -0.147224    0.0122415     0.190638     0.144841   -0.0598236  -0.00776351    -0.225296     0.138872     0.450557     0.283002     0.137858   -0.0231529
    0.176069    0.0681193    -0.257285    -0.150457   -0.0706215    0.0265161     0.118673   0.00489848  -0.00687895   -0.0811663   -0.0615273   -0.0227967     0.335498     0.126115    -0.022303   -0.0093499    -0.203072     0.172085      0.36967     0.124047      0.12909    -0.311663     0.268233     0.173517     0.326698    0.0053674   -0.0510826   -0.0307727    0.0931238      0.19502     0.387769    -0.213611   -0.0375348    -0.142369    0.0309377     0.126429     0.210933   -0.0499851    -0.169882    -0.151161    0.0112233    0.0872598      0.36321    0.0685769    -0.245549    -0.163024    0.0270483     0.256758
   -0.347236     0.089899      0.23846     0.308263     0.122016    0.0870123    -0.220979    -0.100119   -0.0458503     0.141942     -0.16013     0.302723    -0.101806   -0.0499295    -0.044854  -0.00734355    -0.113838     0.283895    -0.120585     0.194454    0.0727359    0.0784266     0.251546     0.163421   -0.0235993   -0.0537937    0.0124283     0.137079     0.170144    0.0907514   -0.0980708    0.0303481    -0.126952     0.272743    0.0673216    0.0641153   -0.0510899     0.255313    -0.274533    0.0830817      0.23516    0.0755365    0.0746842    -0.124471   -0.0744289    0.0166825    0.0535106    0.0396283
  -0.0898809   0.00934476     0.099438    0.0550094      0.22126    -0.259919      0.08144    0.0900347     0.142213     0.234935    0.0500655    -0.118464    -0.029514   -0.0772252     0.124516     0.135191    0.0239971    -0.108703   -0.0403959   -0.0558211    0.0264646     0.100729     -0.33853    0.0548997    0.0672248     0.214445    -0.229464     0.106603   -0.0160645  -0.00506945    0.0376643   -0.0202326    0.0628357     0.107377   -0.0119101     0.114879     -0.07612    -0.340898     0.252758     0.218338    -0.111677    0.0506271    -0.335325     0.133541     0.367234     0.198538     0.321531    -0.261124
   -0.312247   -0.0992675    -0.183683    -0.079559    -0.305173    -0.153382    -0.191684    -0.168788    -0.166548    -0.167316    -0.179517    -0.193829    -0.148429    -0.180299    -0.056275   -0.0668162   -0.0848448   -0.0858192    -0.238462   -0.0676911    -0.188228    -0.114839    -0.272562   -0.0683163    -0.053707   -0.0877347    -0.111905    -0.125791    -0.211611   -0.0428003   -0.0999853    -0.132919    -0.161913    -0.179015   -0.0698844    -0.153983  -0.00122743   -0.0753705   -0.0975618    -0.147223   -0.0962578   -0.0747281
   0.0266783    -0.465118      0.39847    -0.072466   -0.0667971    -0.555801     0.139399    -0.964513    -0.662619     0.277127    -0.233452     0.762067    -0.317397      0.28962     -0.63729    0.0851818    -0.268138     0.206265    -0.851829      0.21301     0.304366    0.0148554   -0.0675384   -0.0282412     0.401443    0.0943897   -0.0337284       -1.051     0.034181     -0.12912     0.345293    0.0839175   -0.0245202     -1.09781     0.197099      0.27021     0.299123     -0.50795     0.124399    -0.495953    -0.424196     0.077449
    0.237149    -0.673645    -0.376997    -0.379713     -0.84681    -0.595289     0.247826    -0.332745    0.0622508    -0.426525   -0.0991044     0.242431    -0.160011     0.498668    0.0567284    -0.163762     -0.20545    -0.432785     0.328863     0.226082     0.210056       0.2262     0.114741   -0.0354607    -0.623173    0.0458102     0.106405    -0.101998     0.157199    -0.877624    0.0132386    0.0292659    0.0086795     0.114094    -0.308188     0.213494    0.0240456    -0.203975    -0.172658    -0.630372     -0.16001    -0.172531
    0.137036   -0.0536648    -0.165904    -0.201853    -0.148704    -0.200262   -0.0690919    -0.177574   -0.0143402    -0.323107    -0.194933    -0.047331     -0.15383    0.0526552    -0.103214    -0.208242    -0.139708    -0.203534 -0.000464595    0.0481341  -0.00506596     -0.14494   -0.0885237   -0.0972651    -0.390059    -0.164149    -0.217404   -0.0128499    0.0208633     -0.34744    -0.107348    -0.233752    -0.279435    -0.133631     0.074124    0.0318513    0.0306995   -0.0358322    -0.137901    -0.143528    -0.175996    -0.167048
    0.241878   -0.0994942    -0.197401    -0.314445     0.165667      0.11115     0.228012    -0.140191    0.0938444   -0.0416904    0.0653261    -0.166908    -0.049147     0.287849    0.0389109    -0.564079    0.0569406    -0.298663    0.0278227     -0.18014   -0.0175789    -0.282131     0.230359    -0.315243    -0.231272    -0.328499    -0.105614    -0.210602   -0.0857254   -0.0189617    -0.212326    -0.342694   -0.0622268    -0.295058    -0.248219    -0.253499     -0.17598    -0.334777   -0.0273143     -0.18781    0.0226846    0.0561663
   -0.265476    -0.085424    -0.201564   -0.0640982    -0.187939    -0.194871    -0.201404   -0.0838979    -0.195731     -0.13699    -0.155377    -0.242969    -0.103703    -0.246707   -0.0669783    -0.100555    -0.145026   -0.0829293    -0.325833   -0.0599899    -0.126592   -0.0528864    -0.198882    -0.188188   -0.0922912    -0.106886   -0.0425016   -0.0796678    -0.138286   -0.0807003   -0.0727587    -0.171234    -0.192489    -0.159234   -0.0504192    -0.123185    -0.121499   -0.0683753    -0.174741    -0.136331    -0.106473   -0.0825552
    -0.11614    -0.114637     -0.15757   -0.0665608   -0.0956683    -0.140835   -0.0495516    -0.174816    -0.247947   -0.0910611    -0.135303    -0.218075    -0.183412    -0.319068    -0.195237    -0.197689    -0.110366   -0.0928878    -0.396155    -0.163526     -0.25819    -0.139588    -0.116945    -0.119852    0.0663736    -0.165342   -0.0188827    -0.123253    -0.194111    0.0460639   -0.0432531    -0.184477    -0.127186     -0.22237    -0.044738    -0.144965    0.0312508   -0.0441329    -0.150985   -0.0806765    -0.153489   -0.0108568
     0.14915    -0.555287    -0.100004     0.219951    -0.476024    -0.560209    -0.240674    -0.474438     0.126656     -0.70401    -0.598676    -0.288847    -0.523044     0.382112    0.0472909    -0.110311    -0.143749    0.0606322   -0.0829098     0.288738     0.404935     0.191546     0.114755   0.00864918    -0.335287   -0.0799321     0.081075    0.0515771    0.0993973    -0.540035     0.209464    -0.520931    -0.704832   -0.0819235     0.104389      0.21353     0.201214     0.323079    -0.205123    -0.522463   -0.0843005     -0.39976
   -0.120272   -0.0930972     -0.10281   -0.0957461    -0.260328    -0.152447   -0.0866248    -0.105915   -0.0471169    -0.143654     -0.19077   -0.0773288   -0.0794603   -0.0500181    -0.029468   -0.0647408    -0.164009    -0.144391    -0.119719   -0.0205498   -0.0383462    -0.118481    -0.186709    -0.218819    -0.436499    -0.116269    -0.309228    -0.157717    -0.123586    -0.339679   -0.0880558   -0.0663555   -0.0915062    -0.103519    -0.182644  -0.00893582   0.00637728    -0.164145    -0.133911    -0.157775  4.99075e-05   -0.0845581
   -0.252083    -0.100371    -0.028194   -0.0253463    -0.304052     -0.17704    -0.143904    0.0210411    -0.135655    -0.382545    -0.264368    -0.141813    -0.161339    -0.071231   -0.0135306   -0.0401939    -0.167713   -0.0483597    -0.266657     0.169065   -0.0271449   -0.0936467    -0.268894    -0.148626      -0.1681   -0.0715065    -0.236396    -0.205052    -0.102307    -0.212056  0.000523038   -0.0971037    -0.160209    -0.249945     -0.10427   -0.0830793    0.0614445    -0.221826   -0.0594967    -0.127783    0.0209291    -0.065219
   -0.207727   -0.0951097     -0.12059    -0.166076    -0.128382   -0.0836525   -0.0220641   -0.0865098    -0.043323   -0.0842543    -0.124649    -0.185699   -0.0608995    -0.161955   -0.0499003    -0.162216    -0.117506    -0.240279    -0.120299    -0.161698     -0.13596    -0.198575    -0.250809    -0.208121    -0.137745   -0.0686483    -0.293239    -0.138331    -0.245183   -0.0971818    -0.228995     -0.17148   -0.0713951   -0.0373315   -0.0126355     -0.20228    -0.173177    -0.109943    -0.136615   -0.0669617    -0.113715    -0.165932
   -0.255124   -0.0441435    -0.155123    -0.112358    -0.177262    -0.124214    -0.218301    -0.087193    -0.186761    -0.111356    -0.179237    -0.207228    -0.120803    -0.288546    -0.154814    -0.105973    -0.121181   -0.0838881     -0.25638    -0.120258    -0.176872   -0.0891986    -0.299014    -0.179557    -0.102442    -0.100015    -0.193593    -0.121717    -0.228967    -0.132199    -0.129038   -0.0727241   -0.0867406    -0.142826   -0.0572377    -0.126706   -0.0305027   -0.0983142    -0.124479   -0.0599454   -0.0770534   -0.0795938
   -0.433541    -0.116865    -0.251802    0.0151379    -0.193807     -0.16408    -0.122532    -0.278613    -0.476194   -0.0564028    -0.101602    -0.143507    0.0118246    -0.435459      -0.2714    0.0250116    -0.105805   -0.0698981    -0.346581    0.0472512    -0.358168    0.0951926    -0.140376   -0.0730747    0.0393792    -0.240674     0.105319     0.111914    -0.331591      0.10881    0.0337352    -0.250117   0.00946253    -0.227308    -0.175499    -0.131783   -0.0558064    -0.148906    0.0217938   -0.0969561    -0.232236    0.0572706
   -0.423297    0.0125487    -0.100259   -0.0537159    -0.197394   -0.0820167    -0.252028   -0.0925657    -0.258947   -0.0843158    -0.192665    -0.163262    -0.121622    -0.340717    -0.112319   -0.0352103   -0.0949657    -0.129335    -0.314843   -0.0444634    -0.337747    -0.126532     -0.25492    -0.136011   -0.0197596    -0.117014      -0.1562   0.00877292    -0.276493   -0.0100335    -0.193574    -0.158646    -0.120524    -0.129171  0.000785937     -0.27283   -0.0416595   -0.0424138    -0.120359  -0.00922474    -0.098375   -0.0468765
    -0.23079    -0.112385    -0.201247   -0.0666274   -0.0974617    -0.159455     -0.13382    -0.107882    -0.184464   -0.0850348   -0.0983453    -0.166976   -0.0691974    -0.237633    -0.231822   -0.0701419    -0.168216    -0.102307    -0.168843    -0.150081    -0.142549     -0.10447    -0.210619    -0.146731    -0.123148    -0.183002   -0.0639991    -0.123499    -0.126461   -0.0890044    -0.128829    -0.199229    -0.174325    -0.175498   -0.0986589    -0.104843    -0.226874    -0.118062     -0.10778   -0.0701273    -0.107141    -0.133034
   -0.144244    -0.158214     -0.25811   -0.0384129     -0.10911    -0.122166    -0.146831   -0.0212766  -0.00567797    -0.105711   -0.0812809     -0.32758   -0.0426417    -0.256528    -0.114503   -0.0673356    -0.232551    -0.195063    -0.110157   -0.0726959   -0.0204964   -0.0274517    -0.178442    -0.165203    -0.363745    -0.168521    -0.115615    0.0284714   -0.0830362    -0.130629   -0.0680177    -0.120741    -0.209669   -0.0345402    -0.240216    -0.106861    -0.241308   -0.0217066    -0.285512    0.0811793    -0.121654    -0.284863
   -0.349379   -0.0808988    -0.295219   -0.0814724    -0.246049     -0.23786    -0.158396   -0.0456926    -0.230941   -0.0418387    -0.160403    -0.206615     -0.09939    -0.382809     -0.14783   -0.0875388   -0.0987154   -0.0953466    -0.329216   -0.0101056    -0.173486    -0.108956    -0.327832    -0.142591    -0.100814    -0.117007   -0.0622437   -0.0239315    -0.102036    -0.047716   -0.0104307    -0.111402     -0.13756    -0.218414   0.00571409   -0.0898914   -0.0213103   -0.0936327    -0.136838    -0.118548   -0.0756725   -0.0601601
   -0.320619    0.0609169    0.0119258   -0.0996958   -0.0385625  -0.00874321     -0.43286     0.176251     0.218218     0.143117    -0.107655    -0.348403    0.0137924    -0.286277     0.136019   -0.0159736    -0.172645      -0.1446    0.0679188    -0.497261   -0.0316963    -0.599125    -0.446091     -0.18334    -0.378241    0.0784154    -0.613483   -0.0548578   0.00908412   -0.0445678    -0.440424     0.145129     -0.14935      0.10827   -0.0529376    -0.476156    -0.310245    0.0961441    -0.437833     0.130653    0.0335475    -0.495824
    0.152317    -0.180214     0.148282   -0.0555176    -0.338145    -0.434052     0.218875   -0.0390324    -0.166994    -0.640911   -0.0688979   0.00429083   -0.0941739   -0.0652475    -0.143186    -0.208638     0.090614     0.199283    -0.250482     0.141832     -0.61686    0.0328969     0.616774     -0.18096     0.162299    -0.456798    -0.264254    0.0889094    -0.746912   -0.0980613     0.263767    -0.565028    -0.322809   -0.0398202       0.1563     0.152923    -0.072727    -0.747878     0.304128    -0.759065     0.160809     0.425077
    0.458805     0.132657    -0.588202  -0.00945952     0.179701    -0.173306     0.358715     -0.29072    0.0167488    -0.709087    -0.222175    -0.284802    -0.059872     0.422893    -0.390538    -0.644104     0.115961    -0.129006  -0.00288567   -0.0141736     0.277091     0.111585    -0.132776    0.0986408    -0.281827     -0.41496     0.173773    -0.279194   -0.0270728    -0.507615   -0.0760965     -0.75092    -0.448519    -0.366135     0.210752    0.0257916     0.334819    -0.304892    0.0273038    -0.461144     0.267583    -0.306835
  -0.0643641    0.0705506   -0.0564077    -0.292461      0.10369   -0.0671737    -0.286755  -0.00483223    0.0465197      0.18617  -0.00532301    -0.171805   -0.0188805    -0.400881    -0.182274    -0.348804    -0.264656    -0.400896     0.263382    -0.638071   -0.0393508    -0.558568    -0.351374   -0.0663077   -0.0638856    -0.118491    -0.127566    0.0833833     0.102691    0.0997041     -0.52344    0.0261867   -0.0342545     0.127115    0.0714807    -0.310045    -0.414453    0.0589511    -0.356456     0.184324    -0.382882    -0.405589
   -0.444261    -0.109846   -0.0491041    -0.177584     0.146935   -0.0216209    -0.217808     -0.28534    -0.650841      0.39301   0.00178356     0.145294   -0.0371747    -0.520764    -0.598863     0.161259    -0.112936    -0.217911    0.0853105    -0.662493     -0.39437    -0.270136       0.1722    0.0640333     0.426178    -0.196055     0.122253    0.0494658    -0.407982     0.294109    -0.316342  -0.00184336    0.0991074     0.117234    -0.337942     -0.44672    -0.601356   -0.0133413    -0.125631     0.172453    -0.531309   -0.0918893
   0.0881619    -0.131185    -0.287466    -0.221212     0.113351   -0.0371551    0.0913852    -0.153955    0.0305639   -0.0475861   -0.0611607    -0.148072   -0.0513387    -0.279723    -0.148566    -0.270886   -0.0692794    -0.212993   0.00301923    -0.269563   -0.0553327     -0.10958   -0.0637453    -0.149549     -0.17567    -0.365574   0.00779306   -0.0833048   -0.0305929   -0.0176833    -0.394657   -0.0911885   -0.0208962   -0.0927507    -0.285526    -0.166691    -0.145017    -0.155109    -0.275205     0.103954    -0.223731    -0.111223
    0.203839     -0.12174    -0.475016    -0.226134     0.146189    0.0980132     0.100189   0.00800545    0.0381455   -0.0173639    0.0228803    -0.287361  -0.00347136    -0.335795    -0.173918    -0.369976    -0.131678    -0.317629     0.168072    -0.382753    -0.115469    0.0116777   -0.0928921    -0.135807    -0.178267    -0.342989    0.0482592  0.000187795    0.0497899   -0.0264034    -0.416398   -0.0375492    0.0355164   -0.0474076     -0.46707    -0.199313    -0.290526   -0.0671051    -0.399448     0.161575    -0.215821    -0.234227
   -0.515574    0.0556099    -0.108842   0.00429438    -0.278709   -0.0913673    -0.256864   -0.0724577    -0.396597   -0.0488807    -0.227753    -0.182015   -0.0939735    -0.378709      -0.1283   -0.0287782   -0.0651209   -0.0765704    -0.454056     0.061525    -0.408827    -0.134949     -0.40268    -0.127056    0.0242017   -0.0489996    -0.160389   0.00236957    -0.328241   -0.0243112    -0.155738    -0.136643   -0.0725977    -0.159288   -0.0233706    -0.270483     0.111979     -0.13261   -0.0264443   -0.0418905   -0.0209943    0.0418604
   -0.107958    -0.143496    -0.139726   -0.0371914   -0.0420062   -0.0676057    -0.153632    -0.163047     -0.12892    -0.190008     -0.18689    -0.276172    -0.172237    -0.258028    -0.089537  -0.00475734    -0.211179    -0.174855    0.0428675    -0.100836    -0.287354   -0.0393463    -0.120203    -0.182949    -0.126779     -0.23076    -0.196059   -0.0761012    -0.140041  -0.00951136    -0.228228    -0.104015      -0.1428   -0.0437189    -0.243912   -0.0482122    -0.124462    -0.110224    -0.306073    0.0386656   -0.0320695    -0.231543
   -0.169753   -0.0996704   -0.0183439    -0.143001    -0.249015     -0.10056   -0.0872541     -0.16615    -0.171792    -0.140257    -0.168383    -0.125382   -0.0900524    -0.112083    -0.100555     -0.10383    -0.167922     -0.24209   -0.0441764   -0.0906957    -0.108969    -0.109344    -0.223728    -0.144337    -0.246462    -0.120161    -0.266561   -0.0576168     -0.18097    -0.158386    -0.195338    -0.132245   -0.0712823    -0.092148    -0.145728   -0.0790319   -0.0861669    -0.142281     -0.13904   -0.0717916   -0.0815535     -0.17654
   -0.108446    -0.105629   -0.0481716    -0.105931   -0.0832811   -0.0360554   -0.0113062    -0.142114   -0.0507492    -0.118772     -0.13887    -0.227461    -0.183532    -0.175198    -0.138553   -0.0759568    -0.188359    -0.240984    0.0512738    -0.117143    -0.210041    -0.110077    -0.135133    -0.182911    -0.174649    -0.181615    -0.181122    -0.107545    -0.217139   -0.0664579     -0.24341   -0.0866143    -0.115512   -0.0995168    -0.190931    -0.104767    -0.173613    -0.189678    -0.243838   -0.0883054   -0.0352044    -0.201494
   -0.372137   -0.0747344    -0.153409   -0.0148897    -0.352186    -0.186372    -0.198471   -0.0606323    -0.211676    -0.222362    -0.209492    -0.225253   -0.0325904    -0.183214   -0.0588218   -0.0132468    -0.131518    0.0355844    -0.353869   -0.0212753    -0.121553   0.00338746    -0.280677     -0.20385    -0.100794   -0.0477453     -0.06483   -0.0573896    -0.189609    -0.152122    0.0431098   -0.0527628    -0.190096    -0.272651   -0.0646255    -0.128855   -0.0543945    -0.137946   -0.0596126    -0.221443   -0.0023076   -0.0754186
    -0.59178      0.11246   -0.0902585    0.0426499   -0.0998222   -0.0522436    -0.512475   -0.0204972    -0.358872     0.128247    -0.233139   -0.0966558   -0.0930352    -0.385521    -0.149835   -0.0233835    -0.105117   -0.0956995    -0.497546    -0.343007     -0.38409    -0.591979    -0.386364    0.0259891     0.161088    0.0503435    -0.325967    0.0328496     -0.17513     0.162273    -0.331354   -0.0285017   -0.0403535   -0.0512082    0.0558555    -0.606813    0.0486794     0.034886   -0.0592993   -0.0264627    -0.249363     0.023846
   -0.493447     0.101998   -0.0427082    0.0145313   -0.0394567    -0.066428     -0.36971   -0.0628908    -0.299021       0.1905    -0.205505    -0.109546   -0.0482027    -0.372789    -0.184193   -0.0359259   -0.0156756   -0.0939072    -0.178497    -0.504539    -0.377906     -0.55592    -0.306041   -0.0293962     0.187022  -0.00887054    -0.356602   -0.0600259    -0.290808      0.13401    -0.402989     0.011664   -0.0654649     0.068394    0.0535277    -0.553128    -0.118678    0.0739174    -0.104871   0.00413546    -0.190449    -0.143461
    0.169142     -0.58094     -0.19328    -0.433293   -0.0422728    0.0227279    -0.574801         0.14    0.0440997    -0.578025   -0.0355112    -0.107433    -0.573407     0.411082    0.0684473    -0.148678    -0.321558    0.0958784       0.3207   -0.0808955    -0.252794    -0.146271     0.459326    -0.281787     0.197862   -0.0377367     0.146448    -0.322162     0.232597      -0.1625     0.150272     0.041913   -0.0799015     0.176729    -0.816897    -0.165816    -0.663111    -0.364795    0.0732793     -0.45436    -0.283801     0.140207
    0.019367    -0.187145    -0.174403     -0.23408    0.0301115    -0.105752   -0.0882832    -0.233087    -0.136595   -0.0134612   -0.0945354    0.0317501   -0.0880763     -0.11149    -0.198289    -0.212114    -0.194541    -0.306669 -0.000495799    -0.161632    0.0138007   -0.0213663   -0.0627851   -0.0865286   -0.0296501     -0.10129     0.052471    -0.189875   -0.0273195   -0.0986083    -0.181673   -0.0814605     -0.06364    -0.221252    -0.276931    -0.126831   -0.0942321   -0.0996794    -0.218298   -0.0175241    -0.355088    -0.154184
    0.612239    -0.194865     0.647575    -0.568508     0.306115     0.243194     0.402574   -0.0141049     0.205794      0.34774   -0.0596506     0.272206    -0.181616     0.516994   -0.0158668    -0.232338    -0.108421    -0.223423     0.449854    -0.594644     0.319687     -0.34904     0.375704    -0.634652    -0.632471    -0.146581    -0.727317     -1.07176    -0.592568    -0.960318    -0.299039     0.149641    -0.130841     0.146446    -0.306151   -0.0613854    -0.737308    -0.369568    -0.283374    0.0452536     0.262233    -0.750282
    0.148976     -0.37179   -0.0796568    -0.534393     0.244531    0.0430482    -0.701603    0.0280415   -0.0290856    -0.466846    -0.136965    0.0773759    -0.406458     0.406194    0.0162232    0.0108005    -0.313969    0.0137131     0.152869   -0.0468466    -0.304142   -0.0761495     0.258916    -0.250533     0.216397  -0.00397526      0.12046    -0.532701     0.220292    -0.069831     0.205025     0.266565   -0.0622779    -0.107854    -0.776816   -0.0851055    -0.623194    -0.382117    0.0183241    -0.343955    -0.557725     0.176526
   -0.091623    -0.212161    -0.232292   -0.0470191    -0.321216    -0.295934   -0.0431002    -0.229858    -0.114686    -0.248685    -0.194321    -0.189043    -0.169202   -0.0599795    -0.170893    -0.142407    -0.147534   -0.0319499   -0.0910878   -0.0464496    0.0231467   -0.0136421    0.0538489   -0.0117025    0.0105373    -0.109729  -0.00967425   -0.0142379   -0.0974691    -0.156169    0.0240964    -0.298252    -0.310243   -0.0429034  -0.00987247   -0.0416742   -0.0930258   -0.0697773   -0.0705808    -0.329442    -0.123525    -0.179113
