no weights
   0.0728597   -0.0314483    0.0551056    0.0308877     0.118982    0.0658656   -0.0680203    0.0963737    0.0256378      0.09705    0.0995473    -0.012034   -0.0384516    0.0667105    0.0762824    0.0580364     0.114096    0.0406843   -0.0730084    0.0703282  -0.00245844    0.0547758     0.138304   -0.0789897   -0.0450081    0.0868557     0.126351     0.153257    0.0999323   -0.0604726    0.0033184     0.112345     0.109869    0.0816519    0.0466529   -0.0376699   -0.0232642     0.191649    0.0784344     0.083622     0.163514   -0.0589467     0.097167   -0.0961096   -0.0285453    0.0178142   -0.0630952     0.048344
   0.0277432    0.0752853    0.0538531    0.0445148     0.104586    0.0974063    0.0761127    0.0768915    0.0310937    0.0477688    0.0607924    0.0925632    0.0629495    0.0119594    0.0203714    0.0733982   -0.0232656     0.127912     0.111442    0.0774087    0.0473318  -0.00945272     0.124225     0.102506    0.0604007    0.0700808  -0.00412182    0.0607221     0.025043     0.151512     0.125025   -0.0282652    0.0179522   0.00256708    0.0411414     0.100118    0.0666867    0.0385941    0.0189567    0.0776147    0.0832451     0.130387    0.0590346    0.0636787      0.08875     0.120847      0.13768    0.0931293
   0.0503345    0.0233424    0.0676424    0.0291407    0.0540262   -0.0113457  -0.00696365     0.100884    0.0540812     0.108625    0.0164276    0.0231741     0.110178    0.0565142     0.125122     0.108498   -0.0357292     0.143953     0.019787     0.131501    0.0107828    0.0118546     0.021382    0.0797688    0.0239348    0.0900763     0.148769    0.0776356   -0.0425554    0.0632739    0.0404402    0.0316232     0.120257      0.16122   -0.0186063  -0.00436897   -0.0074814     0.125395    0.0663362    0.0719513    0.0941876    0.0744164    0.0457986     0.120316    0.0452271    0.0517091   0.00413896     0.100412
   0.0712746    0.0827477     0.166767    0.0924725     0.133736    0.0977174    0.0481327    0.0763504    0.0765379   0.00590625   0.00636827     0.153207    0.0161616    0.0099279    0.0286871    0.0815063    0.0315414    0.0830862     0.074816    0.0560014     0.118942    0.0557753    0.0206856    0.0925476    0.0620823      0.01556     0.062154    0.0686482    0.0604545    0.0133263    0.0422634    0.0251572   -0.0158484    0.0268681    0.0087295    0.0605099    0.0787144     0.039205  -0.00282816    0.0708812    0.0279284    0.0899689    0.0482969     0.149381    0.0583369     0.131723     0.112893    0.0238024
    0.138209    0.0057732  -0.00631885   -0.0102229     0.125721    0.0470608    0.0375475    0.0763936    0.0763852    0.0997269    0.0732049   -0.0211032     0.103961    0.0692333    0.0977943    0.0546005     0.081629    0.0171835     0.104001     0.128514    0.0168616   -0.0602545    0.0906571    0.0235527    0.0731813     0.101972    0.0280592     0.129321     0.101289    0.0328697      0.10953  -0.00840549     0.158738    0.0397293    0.0941658    0.0226886   -0.0246935     0.100936    0.0200405   -0.0145512    0.0568169  -0.00489691     0.107868    0.0120955     0.048541    0.0605885    0.0535255     0.115313
    0.085437    0.0731241   0.00236504    0.0348964     0.119019   0.00402184    0.0640731  -0.00241972    0.0785307    0.0445694    0.0854589    0.0589882     0.174064    0.0115492    0.0875475  -0.00237716    0.0832713    0.0969898    0.0405504     0.140371  -0.00410421   -0.0219671    0.0879919    0.0755683    0.0770519    0.0874333    0.0400694     0.135956    0.0348521   0.00282396     0.145495   0.00527389     0.126578     0.095563    0.0993776    0.0937969    0.0509811    0.0486005    0.0781975  -0.00788733     0.109942    0.0761689     0.136659   0.00618817    0.0399782     0.020418     0.131925    0.0518123
  -0.0370696    0.0881292     0.145762    0.0714902    0.0340575    0.0313771   -0.0215004    0.0557223    0.0922336     0.100758    0.0445054  -0.00760959  -0.00399305    0.0137027    0.0844593    0.0215062     0.032405  -0.00138611    0.0484147    0.0168422     0.102709   0.00879609    0.0958635     0.051712  -0.00820404    0.0119761     0.149851     0.070317     0.131568  -0.00230717  6.06448e-05    0.0978919    0.0646204     0.152918     0.148516    0.0134577    0.0466464     0.122051  -0.00351568    0.0784807     0.201301    0.0132193      0.10941   -0.0167309     0.023123    0.0823854     0.104979    0.0761432
   0.0700853    0.0897924   -0.0112188    0.0659276     0.102867    0.0697793      0.11142    0.0433647   0.00186159    0.0211517    0.0702766     0.027894     0.159986     0.102762   -0.0297761    0.0657013     0.057814     0.111108    0.0473013     0.140732    0.0468849     0.160337      0.13831     0.103362    0.0382697    0.0491375   -0.0138086    0.0983914    0.0620588     0.104299     0.059609    0.0373807    0.0465496     0.111885    0.0647901    0.0665781    0.0648505   0.00448224    0.0487725    0.0999161   0.00885212     0.142324    0.0784028   -0.0225993     0.094661    0.0386425    0.0604708    0.0795466
   0.0866769   0.00957493    0.0487916    0.0956484     0.104442     0.123558     0.068837    0.0773816   0.00233481     0.113012     0.066767    0.0254016     0.018225      0.05425    0.0525843    0.0569282      0.15019    0.0488937   -0.0229307     0.105922     0.070203     0.117457     0.127157    0.0415194     0.011673    0.0852202    0.0672858     0.141056    0.0624658    0.0273478     0.065854     0.137861     0.124379    0.0871981    0.0503853    0.0753049    0.0600891     0.126855    0.0181749    0.0571637     0.156294    0.0667497     0.069263  -0.00305841   -0.0270645   -0.0396701  -0.00254305    0.0859826
   0.0252847    0.0427362     0.017221   -0.0354992   -0.0699526   0.00885434    0.0777138    0.0994864    0.0764003    0.0620344     0.059546   -0.0332957     0.151094    0.0371808    0.0854783    0.0659168   -0.0384754    0.0363113     0.136497    0.0909659    0.0439345   -0.0406168    0.0791637    0.0591691     0.174647   -0.0138902     0.057275    0.0227168    0.0071459    0.0539727       0.1531    0.0485638     0.141381    0.0229524   -0.0181039     0.088379     0.116472    0.0765905    0.0532876   -0.0295935    0.0332772    0.0980874     0.142444     0.128501    0.0416645    0.0835624     0.133578     0.167648
   0.0347539    0.0525459    0.0215617    0.0753597     0.117494    0.0500702    0.0728939   0.00905219    0.0454035     0.102667     0.102235   -0.0178102    0.0533573    0.0413086      0.11043    0.0867737    0.0918538    0.0524992     0.116924    0.0995307    0.0919344    0.0889176    0.0979529   0.00892098     0.115282    0.0399039     0.110177    0.0803227    0.0615142   0.00389741     0.136402    0.0725187      0.09414     0.147576    0.0818089    0.0365174     0.127157    0.0196841     0.121924    0.0733598    0.0857131     0.042202     0.132442    0.0273379    0.0975108     0.110832    0.0536242    0.0834132
   0.0419326  -0.00862582    0.0931352  -0.00171443   0.00957309   -0.0113236    0.0515166    0.0749557      0.12493    0.0213112    0.0927972  -0.00870023    0.0184601  -0.00594459     0.101372    0.0601736     0.058918    0.0777955   0.00810304    0.0297282    0.0635494    0.0489491  0.000344928    0.0102355    0.0287891 -0.000192681      0.14741    0.0306537   -0.0396857    0.0873806    0.0492282    0.0266667     0.172574     0.102322    0.0386635    -0.026251   -0.0188218     0.103217     0.184207     0.114223    0.0963866    0.0321078    0.0283799     0.129994    0.0654882     0.146198    0.0140679    0.0272267
   0.0237116     0.102165    0.0692221     0.108702    0.0506169    0.0128304    0.0510345    0.0696609    0.0112801    0.0598018    0.0320586    0.0527373      0.12238    0.0758182    0.0572516    0.0966475    0.0185454  0.000260218    0.0761647    0.0755528    0.0963573    0.0800062    0.0608159    0.0572296     0.124619   -0.0165076    0.0177212  -0.00544862    0.0870151    0.0730405    0.0863616    0.0214082     0.108184    0.0527064    0.0759384    0.0814209     0.126947    0.0634026    0.0264829    0.0472329      0.11146    0.0846485    0.0914899    0.0145589     0.107872    0.0983585     0.119239    0.0839452
  -0.0132046    0.0207053    0.0832535    0.0402171    0.0154338    0.0966044 -0.000411213    0.0444136    0.0795409    0.0314925     0.146143    0.0525117   -0.0120484   -0.0308458    0.0909549    0.0123836     0.217018    0.0104954    -0.133738      0.16314   -0.0133736     0.113808    0.0287226    0.0569764   -0.0490957    0.0828707     0.150937    0.0582238  -0.00888245    -0.041378   -0.0430944     0.158291     0.133457     0.123381    0.0783269  -0.00108641    -0.103632     0.183058     0.109464     0.104864     0.156681   -0.0222861    -0.046423   -0.0602843     0.058993   0.00095401   -0.0814901    0.0630792
   0.0863407     0.118064    0.0332455     0.107215    0.0628931    0.0276812    0.0755408     0.055425   0.00142042    0.0855378     0.061691    0.0727425     0.102543    0.0406787    0.0245255    0.0774916     0.126929    0.0853712    0.0681869     0.136682    0.0735072     0.132707    0.0535785     0.106296   -0.0022794    0.0437968     0.100057    0.0525905    0.0826835    0.0242499    0.0411433      0.10422     0.108613     0.140336    0.0231546     0.134691    0.0202712    0.0825889    0.0580354     0.111813    0.0535346     0.103494   0.00642512     0.025676    0.0568885   -0.0361538    0.0690872    0.0219842
    0.109594     0.137358     0.126938     0.104181    0.0125157   -0.0333027     0.131604    0.0248149    0.0669108    0.0538077    0.0202849     0.093428    0.0722129   -0.0118785    0.0135337    0.0343903     -0.02455    0.0704206     0.105979      0.10172     0.101171    0.0752262    0.0341007    0.0691273    0.0473025    0.0893144    0.0718055    0.0538959    0.0366467    0.0556903     0.102246   0.00721163     0.104782  -0.00295288    -0.038707    0.0259211    0.0359459    0.0640528      0.11582    0.0536931   -0.0295299    0.0518758    0.0706262    0.0963359     0.153167    0.0964355    0.0737197    0.0759666
   0.0141696   0.00665829    0.0643315     0.136846    0.0782735    0.0591647    0.0163635    0.0261769    0.0383332     0.145049    0.0797956     0.097877    0.0207077    0.0767673    0.0389411    0.0295179    0.0934603    0.0433162    0.0980262    0.0860218    0.0741896    0.0664778    0.0526448    0.0649098    0.0770425    0.0325666     0.073678     0.104174    0.0476491    0.0618316    0.0476893     0.057611    0.0627184    0.0714916    0.0451548    0.0965005    0.0401807      0.07874    0.0558883    0.0837353     0.139894    0.0509544    0.0309135     0.100756     0.113915    0.0966383     0.133241    0.0969041
   0.0504973    0.0814032     0.109634    0.0307491     0.130126    0.0839038    0.0682553     0.106483    0.0871731     0.117879   0.00917159    0.0502034     0.102178    0.0454472    0.0352175    0.0684366    0.0464677    0.0181265   -0.0188802     0.086781     0.126498    0.0903887    0.0506549    0.0624389 -0.000238067    0.0602362    0.0702848    0.0907029    0.0338724    0.0515651   -0.0271057    0.0837568    0.0508851    0.0412701   -0.0152906    0.0822889   -0.0213375     0.079112    0.0761623    0.0671105   0.00569392    0.0491374    0.0361984    0.0938718     0.184944     0.156771    0.0495217    0.0335009
    0.133249    0.0311171    0.0259067    0.0267532   -0.0112126  -0.00230211    0.0909603   -0.0425187   -0.0614731    0.0092129     0.167539     0.038027     0.121189    0.0131761   0.00152749    0.0997364       0.1288   0.00378263    0.0152264    0.0567222   -0.0762213    0.0486258    0.0673385    0.0170624  0.000296326     0.104024    0.0994676    0.0795484    0.0809464 -0.000759565    0.0348262    0.0796688    0.0363569      0.15301    0.0157414  -0.00165301  -0.00680803     0.119147    0.0448929    0.0761837     0.126438   -0.0595922     0.168262   -0.0839735    0.0108165   -0.0412585    0.0087431     0.155879
   0.0102568     0.181397     0.204625      0.13951     0.124338    0.0228829    0.0134921    0.0659895    0.0926083    0.0605556    0.0274893    0.0393476  -0.00962162    0.0334843    0.0638183    0.0824694    0.0565258    0.0765836  -0.00555426    0.0276089    0.0934311     0.144374    0.0456148     0.102485    0.0179871    0.0964712    0.0904835    0.0292835    0.0223481    0.0803917   -0.0235119     0.108576    0.0619763   0.00254804    0.0880737   -0.0117474   -0.0336205    0.0399321     0.116723     0.119445    0.0848013  0.000358207   -0.0445265     0.115654      0.11888    0.0239647    0.0106341   -0.0636526
   0.0858594    0.0845652    0.0967263    0.0498988    0.0225487     0.130985    -0.036812    0.0959876     0.107966    0.0161028      0.07589    0.0486395    0.0508522     0.023534    0.0511041    0.0536916     0.134385    0.0690075   0.00306688    0.0449032     0.125731     0.099788      0.12836   -0.0422429   -0.0199714   -0.0307717     0.117257   -0.0253165   0.00430753   -0.0074162   -0.0162152    0.0957309    0.0680863      0.03615     0.120572   -0.0249521   0.00496021      0.16323    0.0991829  -0.00559087     0.139684    0.0162176    0.0108681    0.0418408   -0.0291533     0.051492   -0.0220082     0.083773
   0.0534767     0.136867     0.174205     0.130864      0.17474 -0.000547645    0.0384883    0.0482426     0.034085   -0.0012937    0.0749693    0.0234862    0.0101299      0.01766    0.0222331    0.0154271    0.0930198   -0.0190358  -0.00528728  -0.00233389     0.102154     0.126726    0.0494564  -0.00713312    0.0281187    0.0356095     0.150835    0.0943505    0.0358672  -0.00698083   -0.0260527    0.0153423    0.0503366     0.064355     0.105789   -0.0285084      0.11228     0.108306     0.114512    0.0511312    0.0691163     0.001877    0.0493244    0.0952668    0.0417499     0.112223    0.0658539   0.00675883
    0.116236   0.00684406   0.00640376    0.0266649    0.0580986   0.00476184   -0.0167693    0.0344108  -0.00855036     0.139844    0.0937007    0.0130203   0.00553127   -0.0215326    0.0228128    0.0764062    0.0884334   0.00159144   -0.0615505    0.0758786   -0.0515477    0.0509834   -0.0055677   -0.0748206   -0.0253191    0.0644233    0.0726634     0.146677    0.0395775   -0.0600912  -0.00494142     0.143972    0.0726239     0.168964  -0.00267559   -0.0380844   -0.0336009    0.0502026    0.0807278     0.104756    0.0844143   -0.0248172    0.0889611    0.0390531    0.0268011    0.0806108    0.0731428    0.0168446
    0.107039    0.0118602    0.0746513     0.130579    0.0764147     0.122464    0.0692436    0.0883238    0.0768746     0.017185    0.0480657     0.127761    0.0462347     0.103422    0.0955941     0.114783     0.113133  -0.00846469     0.110945  -0.00951099    0.0310481    0.0639919    0.0296332    0.0780989    0.0924398    0.0649641    0.0981938   0.00939025     0.022044    0.0714309    0.0461408     0.083392    0.0472766    0.0164989    0.0529513  -0.00310344    0.0944772     0.114703     0.113852    0.0745438    0.0721571    0.0213623    0.0305394    0.0917686     0.155012     0.141427    0.0901273    0.0869466
   0.0892606    -0.026793    0.0115587  -0.00963829    0.0465937   -0.0081153    0.0627152    0.0401204    0.0497747    0.0117185    0.0312247    0.0343969    0.0529274    0.0943487    0.0866525    0.0720196    0.0486853   -0.0178098    0.0760779   -0.0167072  -0.00486013    0.0401779   -0.0697058    0.0866812   0.00998926      0.12259    0.0898694    0.0524595    0.0621895    0.0882013    0.0708596    0.0203582    0.0705538    0.0472192     0.083513    0.0230319    0.0573059   -0.0753568    0.0788096    0.0349569   -0.0810858    0.0341097    0.0628566     0.148733     0.220084     0.164955    0.0753143    0.0256117
   0.0337575    0.0510237    0.0716105     0.047145    0.0230979     0.101869    0.0830824    0.0192651    0.0465843   -0.0118503    0.0281413    0.0706084    0.0843124    0.0793826    0.0327721    0.0421421    0.0726155    0.0590345  0.000160175     0.102154    0.0660382    0.0838999    0.0302712    0.0713714    0.0702712    0.0936205     0.102418    0.0126369   -0.0267569     0.116153  -0.00177418    0.0999114     0.143817    0.0335514 -0.000548354    0.0780449    0.0978204     0.061763     0.170644    0.0711888    0.0627446    0.0765205    0.0433302     0.087515    0.0843519      0.11022    0.0494673    0.0404055
    0.103203    0.0271945     0.092357     0.118398     0.149736    0.0481484     0.074604    0.0720814    0.0712841   0.00192492     0.128009   0.00373359    0.0471536    0.0457007    0.0849214     0.052163     0.131505   -0.0682322    0.0903811    0.0656826   0.00613792    0.0663902    0.0196836   -0.0480548   0.00775579     0.099136    0.0756131    0.0371237     0.121194  -0.00331001   0.00947375     0.120382    0.0363426   -0.0140458    0.0458441   -0.0356234     0.116562    0.0253927     0.105837  -0.00511985    0.0938291      0.06275    0.0330417     0.141962      0.14643    0.0916487    0.0524208    0.0518829
     0.13966     0.112389    0.0926949     0.161835     0.114524    0.0667416     0.112734   0.00620211   -0.0203111    0.0490599    0.0183519    0.0863238    0.0319306    0.0379773    0.0513703     0.108834    0.0247671   -0.0104202     0.166121   -0.0344147  -0.00379706     0.117195     0.074817    0.0652605     0.160884    0.0514466   -0.0291607    0.0354738    0.0240817    0.0529372     0.152188    0.0302816   -0.0844306    0.0129426    0.0260272      0.11092     0.157374    0.0321195    0.0208247     0.111783   -0.0212684    0.0889521     0.042855    0.0716329    0.0434282    0.0928945      0.17758    0.0572862
    0.179221    0.0263207    0.0487888   0.00383826     0.097157     0.117947     0.138533    0.0978041    0.0819145   0.00665137     0.110928    0.0548712    0.0084061    0.0746896    0.0686433    0.0317711     0.160174    -0.038503    0.0608204    0.0866923     0.107022     0.102705    0.0986428    0.0465321    0.0511126     0.110478       0.1026    0.0422582    0.0371908    0.0581896    0.0245383     0.112666    0.0453514    0.0461463     0.104593    0.0594091    0.0474871    0.0943033     0.190797    0.0837734    0.0672023    0.0128339  -0.00738624    0.0836053    0.0535696    0.0171788   -0.0408806   0.00283994
    0.113641    0.0592217    0.0133574    0.0435661    0.0969539    0.0529907     0.154479    0.0641328    0.0522052    0.0904704    0.0440192    0.0263073     0.104551    0.0746047     0.092631    0.0618296  0.000603079    0.0278016     0.145867  0.000427426    0.0171284   -0.0421836    -0.045281      0.11154      0.17104     0.118855    0.0240629    0.0177396      0.11972     0.046441      0.18428  -0.00431284  -0.00263264    0.0434271   0.00891737      0.10522    0.0595067    -0.122613    0.0339977    0.0239022   -0.0634847     0.124989     0.063402     0.149341     0.151629     0.139527     0.161124    0.0947764
 -0.00203356    0.0352903     0.140275     0.125747     0.132903    0.0470944    0.0303142    0.0276954    0.0904409    0.0123922    0.0042768    0.0148153    0.0244294   0.00945994    0.0447922     0.081706    0.0831198  -0.00888995   -0.0204641     0.103792     0.107125     0.131456    0.0394673  -0.00778078    0.0108936     0.109081    0.0893778    0.0615592    0.0289349    0.0456682  -0.00488241     0.113011     0.139591    0.0381364   -0.0213932   0.00879007   0.00152885    0.0916431     0.101617     0.112347   -0.0248329    0.0384529    -0.034961    0.0880826     0.159113     0.131091  0.000538326  -0.00187073
   0.0840194    0.0659553   0.00617909  -0.00827868    0.0173331   -0.0437085     0.103386     0.106405    0.0561101    0.0344394     0.117368    0.0481321     0.151106    0.0897683    0.0360982    0.0344221    0.0295914    0.0737854    0.0295872     0.126382     0.106045    0.0959875    0.0441438     0.049499    0.0645465     0.118213     0.112452     0.105797  -0.00219107    0.0819568     0.067079    0.0178028     0.134314  -0.00833954   -0.0283321    0.0555916     0.107821    0.0903078     0.110209    0.0413595    0.0232702    0.0739264    0.0567541    0.0234056    0.0835518    0.0247614    0.0684388    0.0776607
   0.0106548    0.0814883   0.00979522   -0.0109349    0.0914196    -0.049321     0.133322     0.093837     0.117486    0.0213876    0.0634601   0.00614431     0.138535    0.0620068    0.0696107    0.0785577    0.0658661    0.0817157     0.119525    0.0330755    0.0718648    0.0395201    0.0116319    0.0358996     0.093423    0.0809767    0.0524635     0.073023    0.0165853    0.0499647     0.124967    0.0815337     0.122503    0.0299167    0.0947291    0.0183017     0.103134    0.0623015    0.0683744     0.096423    0.0949698    0.0780948    0.0220022    0.0467255    0.0886659    0.0862711      0.10702    0.0935441
    0.102696    0.0254883    -0.015766    0.0692198    0.0214557    0.0663763    0.0615062   -0.0100347   -0.0206736    0.0241167    0.0462198    0.0429915    0.0897837   0.00334296   -0.0189523     0.126355    0.0845532    0.0814733     0.111951    0.0744094   -0.0435639    0.0856935   0.00088006   0.00417498    0.0306054    0.0963647 -5.42548e-05     0.143544   0.00548833    0.0344327    0.0802839     0.116778   -0.0306134    0.0655177    0.0536549    0.0324057     0.128486     0.144814    0.0687648    0.0794505    0.0298018    0.0619161     0.124386   -0.0478273   0.00430746  -0.00261659    0.0938663     0.167291
  0.00887321     0.055774     0.171635    0.0899791    0.0772003     0.144144    0.0174411    0.0595353     0.114625    0.0411797   0.00914003     0.126498   -0.0621603    0.0167545     0.117155     0.133966   -0.0245874    0.0475299    0.0689827   -0.0362082    0.0441898    0.0153897    0.0658294    0.0232091   -0.0153812    -0.056532    0.0971107      0.02735    0.0166642    0.0942255    0.0117302    0.0198395    0.0336678    0.0373861    0.0951684     0.141196    0.0573521    0.0793158    0.0411055     0.103176   0.00763326      0.12993    0.0624317     0.070472    0.0840641     0.119656     0.104927     0.102052
   0.0062544     0.100197     0.190739        0.121     0.138806    0.0685156    0.0520343     0.121458      0.10192    0.0309662    0.0554111     0.050296   -0.0113318    0.0713767    0.0411329     0.114388     0.114878   0.00908153    0.0220659  -0.00607825     0.115309    0.0950387    0.0650878   -0.0219883   -0.0461729     0.102577     0.161889    0.0536969    0.0397838  -0.00235589    0.0411805    0.0197517    0.0872848       0.1015    0.0188205   0.00212784   -0.0100223     0.104358     0.136184     0.116936    0.0936897  -0.00253894    0.0371115    0.0529063    0.0636265     0.026425   0.00616409    0.0662007
  -0.0362446    0.0608955     0.179569     0.159142    0.0575827    0.0747551   0.00967822     0.127174    0.0698878    0.0511513      0.03899     0.139055   -0.0591565    0.0984057    0.0452071    0.0233015    0.0774799      0.10233  -0.00430222   -0.0421281     0.113568    0.0632688    0.0568617    0.0700314    0.0410838    0.0327859     0.104023  -0.00126644     0.107349     0.108533    0.0886904   0.00721824   -0.0178247     0.016064     0.116165    0.0731998   0.00640868    0.0821336     0.121349    0.0768288    0.0354436    0.0625026    -0.014956     0.156434    0.0924761     0.141916    0.0427005   -0.0566962
     0.18341     0.067063    0.0803879    0.0954097    0.0227834     0.175659    0.0685412    0.0105722    0.0993555    0.0293076    0.0303282    0.0383623    0.0586541     0.107338    0.0263947     0.023654    0.0872505    0.0683701     0.107378    0.0809188    0.0257625    0.0685395    0.0315211    0.0138793     0.128878    0.0445221     0.101399   0.00562502   0.00607539     0.114077      0.12071    0.0285352   -0.0023157  -0.00284811    0.0829562    0.0841704    0.0811731     0.125161    0.0459696    0.0404335   0.00508537    0.0876424    0.0848807     0.155412   0.00709092    0.0250237    0.0902083     0.075607
   0.0147793    0.0339263    0.0627705     0.136047     0.111553    0.0214009     0.073317    0.0771248    0.0677442     0.113668    0.0371731    0.0803081   0.00431635    0.0555612     0.110986     0.109743    0.0761468    0.0664152     0.014078    0.0757854    0.0288784    0.0706113    0.0213323    0.0069096    0.0646451    0.0292771  -0.00399525    0.0731782  -0.00642953    0.0592923    0.0288195    0.0871063     0.130058     0.101308    0.0101867    0.0182614   0.00560497    0.0959764     0.131257     0.110548    0.0358108    0.0386653    -0.028452    0.0924964     0.218696     0.111694    0.0750665    0.0827856
    0.105467    0.0669626   0.00481701    0.0254706    0.0560376    0.0285163    0.0932154    0.0686583    0.0571428    0.0516997    0.0683851   0.00818423     0.163062    0.0835534    0.0360964    0.0700941    0.0154685    0.0514853     0.197953    0.0875095     0.119074   -0.0423679     0.124096     0.118933     0.163266    0.0513987     0.055914    0.0761753    0.0953553    0.0900891     0.185294   -0.0363895   0.00124422   -0.0189603    0.0325056    0.0425709     0.109922    0.0458703   0.00236241  0.000389157    0.0178018    0.0435422     0.151256    0.0775914   -0.0269341  -0.00326738    0.0520562      0.10286
  -0.0563125    0.0326018     0.151456     0.133831    0.0907748    0.0482453   0.00297688  -0.00921863    0.0353675    0.0951731    0.0209519      0.13542    0.0194369    0.0185778     0.090763    0.0173496   0.00913027    0.0975868   -0.0176017     0.142186    0.0834449    0.0936169     0.103349    0.0726542    0.0714952    0.0485937    0.0352162     0.129222     0.109048    0.0507053    0.0130453    0.0533038   0.00507937     0.126925    0.0189128    0.0231827    0.0590514     0.144226   -0.0185361    0.0532539     0.134573    0.0364357    0.0849719    0.0420548    0.0720842    0.0637436    0.0839472    0.0586528
   0.0259896    0.0554951     0.108756    0.0882188     0.129623   -0.0166149    0.0628847    0.0503026      0.10276     0.117185    0.0662445    0.0322952    0.0839879  -0.00655965     0.102988     0.110692    0.0879664    0.0212309    0.0249584     0.021107    0.0658326     0.104528   -0.0455463    0.0569012    0.0861653     0.119438    -0.014804     0.107155    0.0214529     0.023531    0.0489988    0.0112688    0.0763051    0.0952545    0.0198288     0.104136   0.00659833    -0.042892     0.123181     0.131795    0.0628627    0.0985448    -0.049578     0.110007     0.156658    0.0813939     0.147311  -0.00278215
  -0.162698   -0.101961   -0.142522   -0.110411   -0.169298   -0.116198   -0.132761   -0.161407   -0.120142   -0.141665   -0.147383   -0.147337   -0.144911   -0.101556  -0.0814355  -0.0822664  -0.0910896  -0.0976742   -0.126665   -0.133832   -0.119763   -0.129893   -0.176207  -0.0802418  -0.0806689   -0.110234   -0.115572   -0.152435   -0.184938  -0.0717447   -0.128341   -0.112321   -0.163145   -0.166966  -0.0981954    -0.13222  -0.0649003  -0.0895141   -0.115779   -0.122412   -0.101161   -0.110472
 -0.0892906   -0.191545  -0.0110582  -0.0802935     -0.1121    -0.21278   -0.069551   -0.296343   -0.214031  -0.0498855   -0.141521    0.128164   -0.152995  -0.0333789    -0.21193  -0.0508746   -0.137943  -0.0105039   -0.281119 -0.00420849 -0.00527368  -0.0727569   -0.124821  -0.0746979   0.0209101  -0.0396232  -0.0953066   -0.314356  -0.0499341   -0.135751   0.0305535  -0.0567736  -0.0892322   -0.316141  -0.0210163 0.000416008   0.0272586   -0.194352  -0.0498895   -0.206661   -0.163744  -0.0663723
 -0.0261327   -0.222393   -0.169018    -0.17229   -0.253322   -0.215791  -0.0216653   -0.149422  -0.0680885    -0.14952   -0.117388  -0.0347305   -0.109474   0.0759186  -0.0600837   -0.123812   -0.116229   -0.175246  0.00529172  -0.0344202  -0.0451945  -0.0196951  -0.0576424   -0.079652   -0.197309  -0.0657987  -0.0513785   -0.140164  -0.0446928   -0.294513   -0.102197  -0.0665098   -0.078594  -0.0174263   -0.141438  -0.0413636  -0.0974794   -0.148964   -0.119457   -0.237675  -0.0999414    -0.12819
 -0.0157447   -0.100598   -0.121404   -0.176735  -0.0924888   -0.130996   -0.116174   -0.159085  -0.0920988   -0.179024   -0.146998  -0.0511876   -0.142629    -0.04506    -0.11805   -0.111591    -0.11625    -0.13744  -0.0692429  -0.0452072   -0.103869   -0.159251  -0.0714294  -0.0929686   -0.175035   -0.123328   -0.173548  -0.0768592  -0.0458245   -0.204751   -0.107652   -0.125258   -0.174901   -0.131801  -0.0258567  -0.0724402  -0.0597018  -0.0626235   -0.118048   -0.109577   -0.173794   -0.130653
 -0.0427502   -0.116863   -0.114659   -0.154848   -0.033924  -0.0288186   -0.023697   -0.130049  -0.0682214  -0.0824147  -0.0406246   -0.138896   -0.106453   0.0254016  -0.0353275   -0.209837  -0.0349147   -0.169715  -0.0667946   -0.136196  -0.0923874    -0.19437    0.011919   -0.187737   -0.123954   -0.154538   -0.134496   -0.161722   -0.137989  -0.0796933   -0.122694   -0.172586  -0.0934167   -0.162792   -0.164683    -0.18782   -0.167291   -0.190772  -0.0811726   -0.172895  -0.0669711  -0.0555115
  -0.134761  -0.0996771   -0.141691  -0.0905002   -0.114154   -0.142099   -0.125325   -0.100488   -0.162434   -0.098427   -0.121537   -0.172176   -0.103369   -0.138603  -0.0718184   -0.116597   -0.130128   -0.128157   -0.184013     -0.1024   -0.107438  -0.0702451    -0.10272   -0.178847  -0.0914644   -0.118006  -0.0629737   -0.101221   -0.148216  -0.0973192   -0.130124   -0.153475   -0.148226   -0.113616  -0.0842013   -0.112873   -0.137944  -0.0800817   -0.175324   -0.118904  -0.0941703   -0.100393
 -0.0932269   -0.119271   -0.125473  -0.0903447   -0.124002   -0.106344  -0.0773381   -0.100951   -0.167601  -0.0992862    -0.12514   -0.178844   -0.152383   -0.208383   -0.108092   -0.146631    -0.12581   -0.101371   -0.221722   -0.145344   -0.151146   -0.134479  -0.0982763   -0.131441   -0.033862   -0.123604  -0.0740312   -0.132888   -0.153212  -0.0230393  -0.0854411   -0.115594   -0.109014   -0.139083  -0.0929001   -0.148987  -0.0381911  -0.0474472   -0.158197   -0.070542   -0.126368  -0.0576284
-0.00358605   -0.222003  -0.0709726  -0.0340014   -0.142863   -0.202845   -0.124397   -0.213694  -0.0446773   -0.253909    -0.22014    -0.11776   -0.198772   0.0433382  -0.0893735   -0.125404  -0.0927311  -0.0688708  -0.0676778   0.0145437    0.056963  -0.0104886  -0.0253584  -0.0967906   -0.145923   -0.122342   -0.044053   -0.101162  -0.0841783   -0.224441  -0.0258119   -0.190547     -0.2274  -0.0947227  -0.0634268 0.000825795  -0.0279751 0.000769628   -0.145692   -0.219883   -0.129742   -0.183699
  -0.134099   -0.110231   -0.107669  -0.0834301   -0.171183   -0.149255  -0.0839657   -0.133293  -0.0985181  -0.0810742     -0.1624  -0.0619864  -0.0888041   -0.106347  -0.0734857  -0.0705473     -0.1496   -0.126927   -0.117482  -0.0947642  -0.0920307   -0.126433  -0.0943239   -0.161551   -0.226544   -0.129501   -0.185452   -0.156381   -0.137446   -0.209058   -0.106207  -0.0853988  -0.0773678  -0.0891597   -0.168755  -0.0592877  -0.0424551    -0.15398   -0.123971   -0.162304  -0.0615227  -0.0618849
  -0.171125   -0.120775  -0.0608267  -0.0568994   -0.186445   -0.135568   -0.122448  -0.0386729   -0.151932   -0.210042    -0.18935   -0.116303   -0.145921   -0.139531  -0.0709215  -0.0752097   -0.149422   -0.108387   -0.170365   0.0236543  -0.0666813   -0.137336   -0.164995  -0.0977235  -0.0888077  -0.0849611    -0.14432   -0.168903   -0.106485   -0.122669  -0.0895695   -0.086845   -0.115328   -0.159085   -0.112342   -0.141116  -0.0190207   -0.170656  -0.0944473  -0.0871338  -0.0657222  -0.0797456
  -0.111546   -0.114889   -0.144287   -0.161452  -0.0960729   -0.108352  -0.0443195    -0.10562  -0.0701788   -0.119826   -0.113176   -0.125661  -0.0743518  -0.0932582  -0.0812834   -0.151765   -0.102444   -0.171822   -0.132503    -0.14688   -0.095561   -0.145967   -0.149835   -0.166334  -0.0696265  -0.0675726   -0.181416   -0.150912   -0.171868   -0.105837   -0.144813   -0.155193  -0.0802278  -0.0624373   -0.041901   -0.156351   -0.167059   -0.112681   -0.104225  -0.0994204   -0.145337   -0.118824
  -0.111137   -0.072921   -0.133101   -0.138523   -0.115849   -0.123947    -0.17565   -0.104142   -0.142028   -0.138527   -0.170726   -0.142617   -0.137604   -0.153865   -0.157722   -0.129222   -0.122025  -0.0996187   -0.129458   -0.136818    -0.11723  -0.0838179   -0.181866   -0.156653  -0.0786727    -0.10373   -0.148909   -0.136489   -0.163305   -0.151466   -0.131572  -0.0778225  -0.0825251    -0.11705  -0.0854573  -0.0911399  -0.0650686   -0.100483   -0.123589   -0.084062   -0.115693  -0.0865329
  -0.221103   -0.120064   -0.135748  -0.0581728  -0.0998363  -0.0975053   -0.127985   -0.164209   -0.204837  -0.0820426  -0.0998134   -0.125208  -0.0324748   -0.227877   -0.118433  -0.0452277   -0.100411  -0.0695375   -0.159734  -0.0696032   -0.183443   -0.059853  -0.0977751   -0.121921  -0.0788701   -0.159367  -0.0459437 -0.00704274   -0.187356  -0.0241068  -0.0605247   -0.137691  -0.0410547   -0.130964   -0.162483   -0.157489   -0.128104   -0.132552  -0.0499057   -0.106197   -0.157108  -0.0726027
  -0.204035  -0.0451165  -0.0832099   -0.117633   -0.132147    -0.10364   -0.147153   -0.104661   -0.135102   -0.129485    -0.15482  -0.0854762   -0.147017   -0.146496   -0.108008  -0.0883435   -0.104184   -0.141132   -0.168556  -0.0723317   -0.172536   -0.103338   -0.107552   -0.156908  -0.0902611   -0.128565   -0.122896  -0.0443008    -0.17872  -0.0842228   -0.130602   -0.145199   -0.126619   -0.130689  -0.0672211   -0.167412   -0.121094  -0.0827356   -0.127781  -0.0619409    -0.10506  -0.0924669
  -0.144925   -0.111087   -0.153436  -0.0779588  -0.0931168   -0.141323   -0.102811   -0.103505   -0.146129   -0.107274  -0.0975783   -0.104703  -0.0739916   -0.124068    -0.19013   -0.087044   -0.151871   -0.106994   -0.128623   -0.123869   -0.121992   -0.116151   -0.163543   -0.140296   -0.111119   -0.158997  -0.0756549   -0.139776   -0.096245   -0.108273   -0.129955   -0.180147   -0.153179   -0.170359  -0.0864786  -0.0905114   -0.180742   -0.127445  -0.0855259  -0.0936592  -0.0908967   -0.103959
  -0.117583   -0.141787   -0.158978  -0.0549927  -0.0985128   -0.119472    -0.10043  -0.0592125  -0.0638137  -0.0927228  -0.0955526   -0.193969  -0.0594912   -0.139751   -0.127511  -0.0913426   -0.162607   -0.158548    -0.14212  -0.0836665  -0.0602401  -0.0755153  -0.0980103   -0.128517   -0.207776   -0.129372   -0.119556  -0.0331642   -0.124686   -0.127215  -0.0590351   -0.114166   -0.161984  -0.0610192   -0.168228   -0.135175   -0.161763   -0.071027   -0.165717 -0.00241544   -0.116892   -0.185213
   -0.16147   -0.125503   -0.186676     -0.1288   -0.138238   -0.178085   -0.109824  -0.0573431   -0.154464  -0.0620152   -0.151547   -0.121388   -0.133331    -0.20547   -0.123986   -0.104016   -0.103631   -0.128528   -0.118579  -0.0696737   -0.110567     -0.1381    -0.16483   -0.155592    -0.11002   -0.121915  -0.0837863  -0.0775242  -0.0839916   -0.106018   -0.059721  -0.0715246    -0.13064   -0.148296  -0.0631489  -0.0818902   -0.102396   -0.119974   -0.146198   -0.139328  -0.0737421   -0.112067
   -0.12637  -0.0783018  -0.0937812    -0.12253   -0.128263   -0.132052   -0.184548 -0.00743081  -0.0404052  -0.0537459   -0.132426   -0.177645  -0.0510999   -0.133335  -0.0482519  -0.0961755   -0.134834  -0.0843244   -0.084407   -0.172337   -0.123216    -0.20929   -0.173238   -0.096505   -0.135233  -0.0515218   -0.213231   -0.112119  -0.0990069   -0.103455   -0.167046  -0.0480032   -0.157428  -0.0548268  -0.0635321   -0.197939   -0.113798  -0.0498017   -0.174924  -0.0601316  -0.0842409    -0.18353
 -0.0393424   -0.147067  -0.0471602   -0.106034   -0.172465   -0.203815  -0.0317782   -0.101134  -0.0833512   -0.238297   -0.117287  -0.0969332  -0.0894298   -0.107483   -0.115546   -0.145241  -0.0368905  -0.0188491   -0.124366  -0.0541189   -0.206173  -0.0927918   0.0754348    -0.10765  -0.0680669   -0.166473   -0.174972  -0.0564395   -0.250392   -0.150688   -0.025284   -0.205711   -0.176948   -0.049014 -0.00963697  -0.0390803  -0.0983142   -0.242733  0.00236939   -0.276866  -0.0541203   0.0466492
   0.046315  -0.0682988   -0.214476  -0.0915228  -0.0481579   -0.150662 0.000257882   -0.171194  -0.0902296   -0.257844   -0.153821   -0.137665   -0.116659   0.0523367   -0.189726   -0.200411  -0.0377637   -0.117303  -0.0577195   -0.114493  -0.0079765  -0.0400596   -0.107359  -0.0298144   -0.123498   -0.150199  -0.0115392   -0.186684  -0.0864257   -0.223618   -0.109898   -0.231948   -0.176941   -0.111662  -0.0184879  -0.0965756  0.00872061   -0.152221  -0.0602292   -0.208238   0.0116323   -0.176054
 -0.0818447  -0.0474934  -0.0762926   -0.130806  -0.0949578   -0.140919   -0.149725   -0.113685   -0.109721  -0.0529576  -0.0937579   -0.118297  -0.0959626   -0.198831   -0.155991   -0.185407   -0.168595   -0.158545  -0.0196084    -0.22873  -0.0747447   -0.178588    -0.17015  -0.0951286  -0.0553375   -0.125142  -0.0738047   -0.034098  -0.0552243  -0.0447696   -0.199645  -0.0937373  -0.0925454  -0.0174811  -0.0450279   -0.120693   -0.162953  -0.0846931   -0.150118 -0.00930942   -0.163719   -0.182179
  -0.203798   -0.115328  -0.0994051    -0.13514  -0.0518637  -0.0732961   -0.132953   -0.164088   -0.231931    0.065372  -0.0880602   -0.062173  -0.0937622   -0.256891   -0.214899 -0.00692049  -0.0724603    -0.16688  -0.0213372   -0.259198   -0.158731   -0.168705  -0.0212921  -0.0181961   0.0491022   -0.119043  -0.0510644  -0.0432324    -0.17737   0.0442051   -0.179474  -0.0920214  -0.0510591   0.0101133   -0.152838   -0.199955   -0.221085  -0.0600956   -0.138738 -0.00257847   -0.194424    -0.12356
 -0.0396416    -0.15278   -0.145303   -0.168974  -0.0299681   -0.103667   -0.035696   -0.138552  -0.0296683    -0.13127   -0.126359   -0.100237   -0.104385   -0.165966   -0.102885   -0.141635  -0.0733366    -0.10475  -0.0814239   -0.150189  -0.0976618   -0.117622  -0.0725085    -0.15621    -0.15602   -0.214524  -0.0842479   -0.123426   -0.116204   -0.108945   -0.210125  -0.0933278  -0.0866252   -0.065933   -0.171069   -0.122884   -0.105614   -0.143411   -0.177944 -0.00632366    -0.14998    -0.11393
 -0.0276102   -0.154237   -0.209721   -0.125336  -0.0665994   -0.034681  -0.0434453  -0.0756546  -0.0980911  -0.0629745  -0.0779347   -0.147732  -0.0685736   -0.171581   -0.155932   -0.174695   -0.148753   -0.134018  -0.0602877   -0.165023    -0.10545  -0.0555523   -0.144537   -0.120478   -0.133718   -0.152439  -0.0895674  -0.0760901  -0.0665446   -0.113854   -0.171619  -0.0695745  -0.0604131   -0.127311   -0.188729   -0.132871   -0.132028  -0.0901885   -0.204972 -0.00592698   -0.153903   -0.173647
   -0.24213   -0.023919  -0.0817282   -0.079767   -0.111099  -0.0829008   -0.163135  -0.0738116   -0.206578  -0.0738737    -0.15895   -0.102143   -0.129116   -0.174893   -0.131682  -0.0815081  -0.0929879  -0.0975114    -0.18583  -0.0609699   -0.202461   -0.134191   -0.194146   -0.149818  -0.0450849  -0.0666827   -0.115693    -0.06538   -0.174677   -0.112634   -0.151303  -0.0873491  -0.0941873  -0.0925918   -0.122574    -0.17836  -0.0450783   -0.150271  -0.0900544  -0.0708094   -0.072588  -0.0655087
 -0.0936203   -0.127483   -0.133886    -0.05513  -0.0452717  -0.0918986   -0.140538   -0.153546    -0.14004   -0.148367   -0.156283    -0.17673   -0.136977   -0.163092  -0.0994969  -0.0325231   -0.159301   -0.115273  -0.0234531   -0.119927   -0.196885  -0.0681959  -0.0835851   -0.149226  -0.0880187    -0.18028   -0.159759  -0.0980795  -0.0999099  -0.0332526    -0.16268   -0.103972   -0.122861  -0.0726277   -0.169861  -0.0597438   -0.111542   -0.115462   -0.199508  -0.0198572  -0.0486673   -0.170743
  -0.117889   -0.115278  -0.0452015   -0.128695   -0.174023  -0.0996012   -0.110076   -0.167144   -0.180942   -0.137818    -0.14601   -0.113914  -0.0946494  -0.0902144   -0.121105  -0.0958195   -0.160468   -0.171646  -0.0776768    -0.10306  -0.0807696  -0.0843487   -0.140743   -0.121517   -0.117773   -0.115723   -0.152521  -0.0725136   -0.134683   -0.114661   -0.127828   -0.119209  -0.0751445   -0.117637   -0.156067  -0.0872477   -0.103068   -0.133788   -0.125454  -0.0885658   -0.115894   -0.148876
  -0.142345  -0.0953258  -0.0820314  -0.0958734    -0.10219  -0.0636128  -0.0608818   -0.140302  -0.0841992   -0.110967   -0.132026   -0.165417   -0.166484   -0.135076   -0.149076  -0.0760677   -0.167601   -0.172493  -0.0450855  -0.0844278   -0.165274   -0.114086   -0.145032   -0.143544   -0.101999   -0.134744   -0.124473   -0.104395    -0.15577  -0.0587453   -0.152591  -0.0799094   -0.106989     -0.1349    -0.12824   -0.119486   -0.113046   -0.177929     -0.1655    -0.12802  -0.0716932   -0.130588
  -0.214347   -0.103912   -0.109048  -0.0583517   -0.205005   -0.131215   -0.146145  -0.0905243   -0.165179   -0.152427   -0.155349   -0.159442  -0.0521308   -0.101656  -0.0803905   -0.043603   -0.131108  -0.0392572   -0.167577   -0.108562  -0.0962521  -0.0492388   -0.169787   -0.176593  -0.0875182  -0.0761555    -0.06725  -0.0752983    -0.15762    -0.14921  -0.0601658  -0.0507421   -0.148125   -0.173383   -0.116004   -0.145071    -0.11808   -0.104519  -0.0999786   -0.156566  -0.0607352   -0.126022
  -0.266448  -0.0248007   -0.099258  -0.0644746  -0.0904184  -0.0926627   -0.196112  -0.0616983   -0.131978  -0.0280262   -0.134095  -0.0773293   -0.105922   -0.163568   -0.115276  -0.0790048   -0.124438   -0.118187   -0.208694   -0.148289   -0.147167   -0.239212   -0.171827  -0.0574499  -0.0750351  -0.0455776   -0.194448  -0.0616433   -0.145222 -0.00780309   -0.143738  -0.0734568  -0.0751598  -0.0563987  -0.0597877   -0.238127  -0.0788706  -0.0767358  -0.0781267   -0.126979   -0.124308  -0.0689294
  -0.187033  -0.0402295   -0.148134  -0.0780077   -0.130917   -0.156234   -0.147963   -0.131106   -0.132716   -0.020007   -0.185093  -0.0893111    -0.10231   -0.135957   -0.120638   -0.119747  -0.0644044  -0.0997599  -0.0784343   -0.159914   -0.173071   -0.190357   -0.114281   -0.103738  -0.0248603   -0.101486   -0.167284   -0.135049   -0.147527  -0.0177931   -0.134292  -0.0711302   -0.117422  -0.0422168  -0.0962949   -0.210104    -0.10256  -0.0434769  -0.0819706   -0.132912    -0.13668   -0.100209
 -0.0449383     -0.2382   -0.141625   -0.158338  -0.0953072  -0.0692916   -0.194017  -0.0427706  -0.0906611   -0.177382  -0.0850498  -0.0841935   -0.233808   0.0328354  -0.0797652   -0.107068    -0.17972  -0.0340611   0.0150679   -0.121198  -0.0920428    -0.13938   0.0445734   -0.174078  -0.0171325  -0.0663655  -0.0383923   -0.216413 0.000162784   -0.177089  -0.0471655  -0.0690687  -0.0841829  -0.0137204   -0.266477   -0.146267   -0.228948   -0.165471  -0.0465611   -0.173483   -0.113718  -0.0654886
 -0.0672899   -0.158875  -0.0943397   -0.163078  -0.0712962   -0.147336   -0.116389   -0.173219   -0.129083  -0.0730514    -0.13705  -0.0482915  -0.0907851   -0.113173   -0.142005   -0.153879   -0.176284   -0.204954   -0.059525   -0.103698   -0.053185  -0.0633625  -0.0754164    -0.10739  -0.0659242  -0.0860797  -0.0379647   -0.152212   -0.118205   -0.134899   -0.118247  -0.0981583   -0.117177   -0.155864   -0.157413   -0.115406   -0.082135   -0.103613   -0.160444  -0.0781783   -0.211143   -0.127322
   0.121776   -0.150715    0.104568   -0.215891   0.0233995   0.0191801   0.0271569  -0.0666815  0.00182209  -0.0122745  -0.0913311  -0.0290208   -0.129443   0.0662818  -0.0568091   -0.136717   -0.091285   -0.125562   0.0832094   -0.199653  0.00565122   -0.154918   0.0296311   -0.223257   -0.220309   -0.125617   -0.219785   -0.325513   -0.216133   -0.328692    -0.13811  -0.0335303   -0.110817 -0.00502771    -0.16512   -0.101052   -0.255697   -0.165229   -0.136902   -0.088454  0.00399206   -0.230438
 -0.0553057   -0.143419  -0.0813068   -0.221542  0.00286667  -0.0842371   -0.249911  -0.0807625  -0.0903774   -0.212249    -0.12964  -0.0660782    -0.16111   0.0478268  -0.0462257  -0.0751785   -0.139932  -0.0978267  -0.0413388  -0.0870799   -0.174917  -0.0955936  -0.0213833   -0.147884  -0.0335254   -0.084859  -0.0503902   -0.203303  -0.0092818  -0.0960244  -0.0261381   0.0204159   -0.115527   -0.104256   -0.259033   -0.108581   -0.227861   -0.170438   -0.081828   -0.182527   -0.219061  -0.0248864
 -0.0830077   -0.140088   -0.171832   -0.125153   -0.188296   -0.164528  -0.0639073   -0.135429  -0.0920774   -0.131476   -0.141024   -0.139575   -0.132278   -0.087372   -0.129937   -0.160185   -0.164265  -0.0866468  -0.0688604   -0.112299  -0.0448943  -0.0994647  -0.0306492  -0.0732699  -0.0500552   -0.122711  -0.0923496  -0.0684905  -0.0810028   -0.141868  -0.0582639   -0.173966   -0.190267  -0.0602649  -0.0993683   -0.106289   -0.148446   -0.123104  -0.0956286   -0.185171   -0.127873   -0.143486
