no weights
     1.35922    -0.286108    -0.773675    -0.142749     0.677821     0.175654     0.120107    -0.133495    -0.696432   -0.0308463     0.472665    -0.463931     0.253607     -0.57706     -0.41863     -0.59526  -0.00473896      1.05408      1.21889    -0.763168     0.501901     0.961777    -0.558593     0.384271     0.682826     0.666114     0.907051    -0.436791    -0.505403    0.0719198    -0.583023    -0.474879     0.575862     0.404245    -0.244899    -0.228877    -0.228057     0.748688     0.263877    -0.012266    -0.423607      1.24682      1.05957    -0.458242    -0.942316    -0.277267   -0.0984186      1.02341
    -0.38907      1.07994    -0.793271     0.232491   -0.0262496      1.43955    0.0305398    -0.821077      0.12513     0.105137      0.91144    -0.223043    -0.538211     0.181078     -0.88217    -0.805973    -0.178394        1.083    -0.839055   -0.0285719      0.20302    -0.789549      1.10371     0.186017     0.584796     0.540225    -0.158613    -0.791378     0.844805     0.638577    -0.605181     0.426974     0.309676    -0.510372     0.411801    -0.540431    -0.384992     0.553259    -0.721302     0.891002     0.462652     0.165275     -0.66767     0.750886    -0.528154     0.213314   -0.0379048      1.12053
     0.98393     0.742477    -0.365545   -0.0571226    -0.289687     0.346324      0.68899     0.576252      0.35259    0.0265425    -0.315615      1.18744    0.0507677     0.932523    -0.241401     0.834803    -0.645079     0.245576     0.311372     0.959166     0.986448     0.642646    -0.263115      1.08957     0.228671    -0.114815    -0.650805    -0.800188     0.919888     0.484451     0.169536     0.209787     0.911871    -0.945651     0.551076    -0.416712      0.32606     0.737228     0.938871    -0.638442    -0.301724    -0.909182      1.57613     -1.02813     -1.49176     -1.10093     -1.44596    -0.147261
     1.22657     0.409711     0.272706    -0.353892    -0.777029      1.40095    -0.276476    -0.405575     0.155645    -0.601886     -0.25274    -0.790479   -0.0496007    -0.807592    -0.541476     -0.58297    -0.791395    -0.476126      0.67543     0.652126     0.620539      0.10028     0.426786   -0.0857693    -0.317529    -0.724317     -0.91722    -0.750028    -0.749342      0.63289     0.438177      1.20638   -0.0495025     0.952892     0.103542    -0.117544      -0.9616    -0.574403     0.497497   0.00159723    -0.424529    -0.778012     -1.00649      1.27271  0.000439986    -0.795867   -0.0329349     -1.28227
    0.593848    -0.680536        1.024     0.242624     0.111938     -0.44006    -0.253884    -0.284327    -0.743576   0.00521011   -0.0584104    -0.824607     0.841424    -0.620427    -0.383805    -0.078642     0.352662    -0.547905     0.171138    -0.153981     0.378619     0.877414     -1.20333    -0.133992     0.271775     0.983118     0.484933      1.14928     0.126928    -0.985732    -0.819953      0.41494     0.504413    -0.566878    -0.102264    -0.139801    -0.483731     0.400879      1.04002    -0.548429     0.066449   -0.0691364     0.844453     -1.16585    -0.454875    -0.568091     0.201695     -1.04539
    -1.20709     0.228614      1.05044    -0.620722    -0.476163    -0.426048    -0.569231     0.495535    -0.983668     -1.08624    -0.117067     -0.77113     0.645965    -0.468381    -0.467237    -0.628808      0.31911    -0.563892     -1.14657    0.0629496      0.82746      1.20877     0.670053     0.113186     0.591314    -0.740392      1.00527    -0.705964    -0.759306    -0.912176     0.602629      1.60988    0.0765396     0.302406     0.037632      0.30532    -0.565635     0.858516      1.03537    -0.745901     0.774325     0.356191      0.75558     -0.62062    -0.872748     0.874639     0.857682     0.269313
   -0.351704    -0.449579     0.187558     0.018354     0.450053    -0.771218     0.571335    -0.301577    -0.487582     0.617891     0.376097     0.370905     0.246961     0.427572    -0.988293    -0.527868     0.236824     0.226769     -0.49359    -0.230572     0.188379   -0.0572359    -0.120007     0.460769     0.123426    -0.394316    -0.566593     0.494947      1.10152     0.392769    -0.062913    -0.868977     0.757494     0.512961     0.779186      1.09129     0.227727     0.194594     0.586102    -0.562224    -0.327838     0.921916     -1.13618     0.472289      1.05149    -0.371116      0.56562     -1.42441
    0.286605     0.298507    -0.415658      0.26882     -1.07965    -0.795601     0.325984      0.68284    -0.409402   0.00485217    -0.450544  -0.00524622     0.101531     0.263585     0.368215    -0.518493    -0.471834      0.50967    -0.605554    -0.298869    -0.355862      0.35938     -1.07311    -0.528587     0.962259     0.577882     0.625757     0.405896    -0.145678     0.216042    -0.561605     -1.00498    0.0639304     0.945694     0.198088   0.00590534    -0.810681     0.827666     0.636981     0.168517      1.32946    -0.613925    -0.488142     -1.25638     0.194707    -0.919526     -1.01757     0.270653
    -0.28599    -0.361198     0.303535    -0.601862    -0.187741      1.56655     0.850932     0.737408     0.366461      1.06871   -0.0643455     0.574785     0.615354     -1.16714    -0.454691     0.141246     0.909573   -0.0262339     0.202972    0.0734535     0.188892     0.703143    -0.597496    -0.859459     -1.15179   0.00508351     0.584707    -0.361869    -0.824051     0.475868     -1.05122    -0.114101   -0.0127291     0.157133     -0.29368      -1.1947     0.114107     0.142619    -0.125043     -1.03146   -0.0784804    -0.794444     0.577725    -0.273162     0.716457    -0.137134     0.984931     0.335629
    0.397887     0.490837    -0.311676     0.871373      0.47908    -0.311165     0.237209     -1.02584     0.717658    -0.357903      0.10939     -1.19003    0.0176423      1.32608    0.0655971     0.870358    -0.736167     0.252519     0.240897     0.539367    -0.326434     -1.10885    -0.132051    0.0655937    -0.546958    -0.182443    -0.793058      1.08502   -0.0257551     0.581208      1.08611    -0.653721     0.117768     -1.42858     -1.03886    -0.613435     0.742336     -1.09172     0.167129    -0.662061    -0.990821     0.303292    -0.579219      0.36363    -0.434363     -1.24297     0.631257     -1.70232
   -0.149541    -0.124814    -0.237637     0.406015      0.61044   -0.0971355      0.74561    -0.614256    -0.659751    -0.697988      0.77162     0.417858    -0.287889      1.12778     -0.76335     0.165145    -0.114308     -0.22618     0.488223     -1.33018    -0.454555     -1.23773    -0.761613    -0.117314     -0.10079     0.200129     0.665986   -0.0830458      0.67952    -0.321282    0.0413942      0.24017     0.517483      1.11402     0.302621     0.269588     -0.49456     0.449622     0.385325     0.197966     -0.19711     0.131215    -0.397734     0.403979    -0.624069     0.128313     0.119818      1.43111
    0.383075    -0.549488   -0.0881717      1.24017     0.879473     0.930632    -0.423312     0.641204    -0.293874     0.158614     0.926117    -0.973457     0.349343    -0.835579     0.450678   -0.0964279    -0.184325     -1.19709     -1.09885     0.266071     0.938421  -0.00782812    -0.070975   -0.0262267    -0.357048     0.875707    -0.631904     0.659284     0.938178     0.963714    0.0605695      1.09815     0.038502    -0.513922     0.873064     0.138084    -0.730155      0.55914    -0.502196  -0.00275102      0.87726     0.874018     -1.02718     0.303436    -0.896608    -0.162268    -0.811352    -0.660109
     0.54787     -0.28889    -0.112435     0.230643    -0.123566     0.277426   -0.0965917     0.327406     0.324842     0.109961    -0.222759    -0.488625     0.197954    0.0256778     0.643783     0.705136    -0.968866    -0.418468      0.71456    0.0951611     0.750136    -0.730307    -0.549765     -1.21254      1.21773     0.683455     0.275636      1.04782    -0.494607     0.598999     0.621028     -1.00789      0.11252    -0.583004    -0.471403     -0.79365    -0.306142     0.248576     0.998464    -0.403698    0.0130108    0.0378413      1.29253    -0.820222     0.464472     0.931069     0.711582     0.231033
  -0.0729049      1.03323    -0.160796     0.590647    -0.524099    -0.184787    -0.782362     0.711755     0.778918    -0.793966     0.260897    -0.321855    -0.787275     0.567521     0.442858      0.94644     0.730571     -1.02263    -0.175928     0.415789     0.238643    -0.834296    -0.304405     0.385892       0.3855      0.45963   -0.0985517     0.775334     0.932092    0.0618399     0.266155     0.198461    -0.900496    -0.119027     0.648858    -0.416958     0.801798    -0.211313    -0.275156   -0.0422393     0.927445   -0.0837251     0.753672     -1.14056    -0.797545     0.837312    -0.212516    -0.905284
     1.55007     0.641592    -0.998391     -1.03231    -0.019299    -0.298039     0.795325      -0.4805     0.313361     0.638469     0.892933    -0.506087      1.00342     0.656033     0.762927    -0.806258    -0.232282     0.146768      0.88454     0.118161   -0.0585789    -0.522514     0.739284   -0.0273057     0.330278    -0.408201    -0.650547     0.983028     0.404574     -1.09101     0.684618      1.00666     0.268423    -0.399107     0.553037     -1.27325     0.805448     -0.55881    0.0982818     0.894906    -0.305686     0.252573     0.322297     0.349139    0.0621991     -0.90129    -0.929628    -0.173945
    0.915746     0.742917     0.695704     0.802923      0.59917     0.604908     0.435427    -0.122931    -0.270015    0.0971048    -0.542232    -0.638791       -0.488     -1.27335       1.3131    -0.359735     0.681262     0.649874    -0.603076      1.06821    -0.847176    -0.824545     0.852269    -0.241497     0.253257     0.843776     0.707272     -0.73647   0.00671471     0.447064    -0.929379    -0.270727     0.922978    -0.634671     0.224904     0.556443    -0.526468    -0.705203     0.474222       0.2915     0.590436   -0.0298528    -0.212201    -0.689252    -0.242882     0.672275     -0.21827    -0.518963
     0.27517    -0.511432    -0.991655     0.419847     0.144745     0.567956       -0.516    -0.638583     0.767435     0.286934    -0.497508    -0.479585    -0.653968     0.210208    -0.757752    0.0394898     0.149722    -0.173768     0.398546    -0.802959     0.650654   -0.0816904    0.0404051    -0.407618      1.57495    -0.195987 -0.000624333    -0.246797     0.982234      1.10681     0.810123    -0.179304    -0.525013    -0.531169     -1.03083    -0.101773    -0.658257    -0.645511    -0.542556     0.611354    -0.496146      1.22403    -0.656838      1.07498     0.602624    -0.717193     0.252877    -0.100452
   -0.170969      0.38896     0.609389     0.918255   -0.0989342     -1.01262    -0.878316     0.216359     -0.57383     0.084026    -0.561435     0.454569   -0.0100555     0.452243    -0.931108     0.436687     0.728492     0.782248     0.364787      0.64267    -0.167287     0.682056     0.233912     -1.43974     0.223048    -0.185208      1.40352      1.08921     0.623205    0.0432083      1.12642    -0.696736    -0.509566    -0.561767     0.590126     -1.06167    -0.433971     0.314232     -0.76383     0.759335   -0.0661619    0.0612561    -0.878745    -0.356275    -0.322206    -0.143899    -0.833042    -0.212144
    -1.34692     0.298576    -0.566028     0.722797     0.180284     0.264492    0.0769268    -0.767298    -0.564561    -0.649348   -0.0408245   -0.0576335    -0.737413     0.373234      0.27942     0.804865    -0.773905    -0.791656     0.768544     0.431025     0.131423     0.338595   -0.0264347     0.416261   -0.0370319     0.195767     0.445157     -1.10914    -0.238783     0.345563    0.0619843    -0.540356      1.16325     0.351141     0.551398     0.139222   -0.0655543     0.824454   -0.0101337    -0.233867     0.187946     0.336506     0.238961     0.309874     0.402954     0.538446    -0.584577      1.35979
  -0.0738774    -0.260684     0.530008     0.634796    -0.486073    -0.151474     0.198139     0.183644    0.0591218    -0.283583     0.134859     -1.12247    -0.498288     0.858238    -0.690082    -0.591083     -1.31673     0.651603     0.298451   -0.0819006    -0.992521    -0.321837     0.202393     0.567289     0.424392      0.40606     0.366593    -0.781386      1.05034     0.114378     0.583891    -0.641901   -0.0261698     0.855412      0.57869    -0.418422     -1.49273    -0.567509     0.579534     -0.27647     0.294775    -0.334212     0.118039      1.06482      1.30259    0.0990155     0.865396    -0.759904
    -1.34515     0.461585    -0.744901      1.03932      0.84565     0.682695    -0.593001     0.635827     0.645437    -0.547561     0.101995    -0.572959     0.795824     -1.15833     0.770174     0.173648     0.973245   -0.0379474     0.667987     0.653389     0.613585    -0.196256     0.654796    -0.625796    -0.407192       1.1338     0.700644    -0.363468    -0.684901     0.272624      0.89174     0.646719     0.317219    -0.556242    -0.285205     -1.21248     0.420113      1.03869     0.198987   -0.0995908     -0.77614     -1.23467    -0.136923    0.0487656   -0.0108143    -0.257678    0.0389126      1.56497
     -0.5754    -0.405925     0.999855     0.749414      0.76404     0.131945     0.185359     0.140295     0.186596    -0.292734     0.243899    -0.386525     0.519095     0.613951     -1.19657     0.168537     0.515894   -0.0392043   -0.0277037      -1.0256    -0.260633    -0.218916    -0.599878     0.616089    -0.415503    -0.318001   -0.0154297       1.0045    -0.644344     0.513122     0.723453     0.109132     -1.21406    -0.683349    -0.134594    -0.818758    -0.730589      0.58491     0.983439      1.16203    -0.669968     0.281981    -0.332573    -0.269684    -0.331068   -0.0824988     0.192803     -1.41655
    -0.89612     0.110145    -0.608953       1.1203     0.638586    -0.993295      1.36103     -0.65346     0.798102     -1.01272    -0.801612     0.617905     0.173515      0.92648    -0.306802     0.543062    -0.742454    -0.114439    -0.860195     0.330504      1.06329    -0.254257     0.586813    -0.626162     -0.87626    -0.941372    -0.967681     -0.48079    -0.430387   0.00323144    -0.666185     0.275533   -0.0807195    -0.405841     -0.26412    -0.984246     0.744624     0.814018    -0.297131    -0.145421    -0.436647    -0.539001     0.551845     -1.08206    0.0398939    -0.556336     0.071273     -1.51708
    0.708187     0.802289     0.183654      1.21933   -0.0536135    -0.346367      0.45531    -0.153478    -0.461047     0.605256      0.34635     0.632606    -0.393528    -0.636328     0.354733      0.63899     0.994365     0.127848      1.16249     -0.16065    -0.041148     0.215676     0.385221    -0.103868    -0.139434     0.361426     0.217535    0.0623325    -0.189907     0.982303    -0.189142    -0.539832     0.503182    -0.764737    -0.496075    0.0162045     0.479007    0.0933352     0.557107     0.994216     0.574674     0.520688    -0.125868    -0.286275    -0.503169     0.539157      1.15164     0.849497
    -0.90417      1.39851      0.10256      1.08779      0.93313    -0.101953    -0.494139     -0.55949    -0.326683     0.122636     0.100913    -0.217443     0.468244    -0.711811    0.0170346      0.34125    -0.612054     0.386137      -0.2478      0.40146     0.436186    -0.845062     0.365092    -0.932193      -0.9091     0.604919      -1.3398     0.233377    -0.279691      0.73939    -0.112815     -1.10145      1.08281    -0.448025     0.127182     0.829133    -0.810107    -0.297637     -0.58916     0.591107     0.471488      0.89918    0.0759293    -0.662662     0.905589    -0.720539    -0.509539     -1.36082
   -0.284511    -0.347601   -0.0472396     0.293247    -0.748765    -0.918491      -0.1759     0.246395     0.669189      1.01306    -0.852941       1.5782    -0.295198    -0.485574     0.823216    -0.670429     0.708496      0.85058     0.664409    -0.767691    -0.480959   -0.0882869    -0.166566    -0.143437     -1.08725     0.207093    -0.770351      1.04983     0.835058     0.509883     0.482948    -0.256912     0.274147     0.853897     0.807847     0.942956     -1.01228   -0.0171832    -0.535308    -0.332939     0.677482     0.601097     0.871982       1.1206     0.336603    0.0494644    -0.320772    -0.263303
   -0.798726    -0.386689     0.770373    -0.515045    -0.272166    -0.620128      1.07537    -0.511516     0.766033     0.272903     -0.44263     -1.19262    -0.478987     0.617295     0.199405     0.189881     0.238853     0.734216    -0.867941    -0.114261     0.458904     0.448331     -0.15056    0.0234659    -0.131311   -0.0613298    -0.652034     0.501704    -0.837179     0.125294    0.0111046      1.07098       0.9057     0.966548    -0.438987    -0.566766     0.310373    -0.756975    -0.132924     0.525089    -0.721356     -1.06671    -0.830384       0.2908      1.14321     0.599339    -0.478192    -0.937193
    -0.94087     0.729764     0.500477     0.739277     0.977794    -0.131425    -0.829772    -0.564765     0.077605    -0.324857    -0.194371    -0.173003     0.517906    -0.635046    -0.553037     0.254432     0.338457    -0.827512     -0.34177    -0.890647    -0.434637     0.923825     0.423811     0.680587      0.21071   -0.0862967    -0.867272     0.420849     0.270225     0.229411      1.23424    -0.300994    -0.350988    -0.972003     0.346927     -0.53182     0.470522     0.621927     0.548816    -0.627616   -0.0382076     -1.32395  -0.00922834     0.292248     -0.43687    -0.755339    -0.849724    -0.720174
     1.88931    0.0553568     0.620387      1.07393     0.590391    -0.673749    -0.972015    0.0906065     0.509965    0.0824007     -1.03449    -0.940052    -0.607968     0.512988      1.05702     0.654623    -0.274024     -1.26392      0.73136    -0.129939    -0.257776    -0.670998     0.332917     0.268104   -0.0518054      0.48378    -0.778439     0.377281    -0.835637      0.24491    -0.942601      1.03264     0.371175    -0.766373    -0.129251     0.543445    -0.115554    -0.608002   -0.0950666    -0.318883     -1.13711     -1.19114      1.37742     0.788325    -0.498932    -0.196344     0.169783    0.0717066
    -0.49263     0.666004      1.05931    -0.609383    -0.564156      1.09112    -0.133368    -0.867665      0.92282     0.919741     0.625077     0.440725     0.511828    -0.138272    -0.026354     0.574854     0.587004     -1.15685    -0.865571   -0.0837188    -0.769236      1.25328     -0.89282    -0.402287     0.530672    0.0487519    -0.301215      1.20846    -0.420846     0.599354     0.675884     0.648297    -0.100114     0.909099    -0.527549     0.564923      1.05745     0.165671     0.232168    -0.596074     0.264814       0.3764     -1.11198    -0.459203    -0.682828     -1.17664     0.150932    -0.281722
     1.13763     0.911079     0.335939     0.330889    -0.904777      0.70578    -0.213481     0.153724     -0.41399     -1.00405   -0.0331141      1.04318    -0.945949    -0.654796     0.719282    -0.619641     0.863432     0.915445    -0.861887    -0.319168     0.575956    -0.492505   -0.0946077      1.09997    -0.556514  -0.00982716     0.665729    0.0724582     -0.13377     -0.49208       -1.474    -0.883567    -0.692719   -0.0735038     0.181502     0.739161    -0.117939     0.593094    -0.051301    -0.971876     0.170434      0.38972    -0.635342      1.18633    0.0399572    -0.478999   -0.0213859   -0.0186577
     1.29074    0.0636298     0.469815    -0.584149    -0.450636     0.263194     0.355529     -1.23259     0.883887     -1.14085     0.860883    -0.529024     0.580569      1.18989    -0.677894    -0.662302     0.571439     0.484707     0.128192    -0.499338    -0.695099    -0.775181     -1.16938    -0.361994    -0.558352     0.332906    -0.746189    -0.369584    -0.134401    -0.830328    -0.611127     0.953813     0.389135      0.75973     -1.12969     -1.13948     0.433261    -0.865084    -0.419976    -0.788286    0.0604652     -1.20386      1.24434      1.11621    -0.322654     0.551343     0.781075     0.742966
  -0.0882913     0.446052    -0.373637     0.668893    0.0489781      0.95884     0.607028   -0.0469572     0.156629     0.307672     0.581802     0.955118     0.921085      0.26332     0.629323     0.780337    -0.435256    -0.559609     -0.24204      0.83212    0.0925386    -0.646775    -0.785631      0.39886    -0.276425    -0.595489     0.924704     0.752045    -0.767284     0.277432     0.634811     0.183756    -0.524315    -0.747711    -0.993414     0.734757    -0.711325   -0.0378535     0.460082      1.06682    -0.717888    -0.285827     0.629833    -0.206623      0.87126      1.04584     -1.00347   -0.0424086
   -0.285064      1.02723    -0.591111    -0.382871     0.236631      0.50825    -0.717212   -0.0537193     0.928192     0.386028     0.973958     0.250914     0.189353    -0.847166     0.129112    -0.399415    -0.686877   -0.0755582     -1.16712    -0.475735     0.686298     -0.61296    -0.684279     0.355869    -0.525524        1.063      1.01838     0.263008    -0.165111     0.936265     0.778439      1.11594     -1.00666      0.60958    -0.276898    -0.541775     0.825331     0.597496    -0.165888    -0.505648      1.04017    0.0400424    -0.991275     -1.00088   -0.0644882    -0.625952    -0.125015     0.785719
  -0.0123627   -0.0561451     0.201365     0.481479     0.754006    -0.328756     -1.08499    -0.518358    0.0292407    -0.596151    -0.551706    -0.220098    -0.433542      1.10112    -0.245153    -0.502739     0.450414     -0.74408     0.360433    -0.873124    -0.917818    -0.416688     0.531527     0.857556     0.655896      0.21576     -1.23501    -0.626144     0.345446     -1.06547    -0.662594     0.155139    -0.295295      1.31363     0.159905    0.0554916      1.01109    -0.747681    -0.561271     0.203806      1.66467     -1.13355     -1.19229     0.896702    0.0789629     0.793495    -0.445224      1.06799
    0.344585      0.80311    -0.953132    -0.498202    -0.488628     -0.39331    -0.381685     0.370691   -0.0399091    -0.635096     0.164085    -0.906001     0.781859     0.691736    -0.837458    -0.268323    -0.444887     -0.60253     0.990431    -0.670795    -0.835905    -0.740669    -0.899728    -0.880959    -0.634156    -0.491052    0.0862402     0.721064     0.654378     0.284526    -0.713124    -0.176507     0.858667    -0.487277     0.136968       -0.327     0.181409     0.888985      0.60079    -0.658023     0.555883     0.508903     0.647433    0.0951914    -0.486509    -0.307788     0.990054     0.636115
    0.180144    -0.580498     -1.29189    -0.524691     0.035988    -0.080297    0.0874534    -0.594964      0.88096     0.271636      -0.3947     0.991759     0.226482    -0.123124     0.571337    -0.206888     0.389278     0.924251    -0.797775     0.822219     0.720626    -0.363253     0.986761    -0.212712     0.861991    -0.502823      0.61854     0.742516     0.221276    -0.536098     -0.12526     0.972357    -0.111508    -0.546163     0.929623     0.911287    -0.767747     0.251406     -1.10654    -0.652034     0.503911      0.30846      1.56338    -0.588023     0.291941    -0.937832    -0.367231     0.283724
    0.942581     0.811522    -0.398378    -0.473558    -0.356765     0.299186     0.773049     0.432821     0.740104     0.820545     0.775425     0.576004     0.657683     0.393227   0.00528578    -0.344866    -0.213944     0.142113     0.887645    0.0518167       1.0522    -0.715893    -0.391103    0.0623173    -0.116439     0.869086    -0.433946      0.39352     0.258223     0.155173     0.348718     0.682823    -0.546462   -0.0294611    -0.177266    -0.105197     0.192855     0.264407     0.940452     0.409305    -0.189863     0.897567     -1.09272     0.402977    -0.024058    -0.969357      0.69213    -0.236345
  -0.0192895    0.0616124     -0.53695      -1.3004    -0.559574    0.0598786     0.527746    0.0940377      0.62257     0.318282     0.114934      0.77709    -0.170541   -0.0705073     0.434605     0.238489    -0.638765    -0.695118    -0.763869     0.429474     0.257038     0.346763    -0.577408     0.210559       -1.092     0.970959    -0.682709   -0.0724723    -0.499689    0.0904525      -0.4898    -0.769528    -0.112232     -1.04912    -0.401973      1.02579     0.209941     0.160019     -0.56177     0.252564      0.14842    -0.614433     -1.11695     0.121461     0.772909    -0.328087      1.03136    -0.975274
    0.243581     0.750739     0.627377     0.340642    -0.882016    -0.252151   -0.0776529     0.778152     0.144792  -0.00393574     0.681836     0.369636     -0.51154     -0.23031     0.723609    -0.721486    -0.492523    -0.378159    0.0480928    -0.490521   -0.0500409      1.30745    -0.668152    -0.371853     0.472697     0.638179    -0.314671    -0.399004    0.0308531    -0.556692    -0.233318     -0.43737     -1.36118      1.03677    -0.986319    -0.724847     0.630879     -1.02531     0.404797    -0.497013    -0.593773     0.987609      1.65275    -0.102531   -0.0164198     0.192661    -0.405851     0.216128
    0.206335   -0.0782205     0.292123    -0.399438      1.18815    -0.804217    -0.845819     0.368418      0.36076      0.25036    -0.561243     0.593922    -0.848238     0.298267     0.822759     0.013588     -0.26592    0.0557247    -0.614712    -0.434355     -0.66473    -0.586117     0.355907    -0.263861    -0.117249    -0.308644   -0.0283004      1.16881    -0.721448    -0.205253     0.149722    -0.796512     0.437152      1.06397    -0.224897     0.364786    -0.659637    0.0727416    -0.214691    -0.528373     0.572242     0.128647    -0.193866     -0.39789    -0.889104    -0.626538      1.16324     0.360388
  -0.0465771    -0.775132     0.265161     0.054073     -1.25325     -1.58672    0.0206524     0.578619      1.00497     0.763354    -0.893944    0.0279299      0.08157    -0.550693     0.423727     0.476989    0.0985258     0.688165     0.623848     0.302825    -0.601861     0.517205    -0.659912      1.18342    0.0523483   -0.0122256      1.09853     0.606963    -0.970845      0.46755     0.482785     0.988129    -0.695758    -0.353568     0.820167     0.141269     0.225537    -0.199136     0.899919    -0.455208      1.17251     0.297823    -0.242182    -0.264764     0.744701     0.477151      0.19515    -0.431916
   -0.251694     0.640017      -1.0132   -0.0607177     0.842055     -1.11714    -0.148647     0.353294     0.863558      1.02298      1.11112     0.579076     0.473804     0.495019     0.425755     0.532339     0.783589    0.0643616     0.215392     0.773939     -1.23318    -0.909419    -0.445825     -1.16284     -0.77744     0.397636   0.00456387    -0.524277   -0.0445671     -1.04562    -0.901331    -0.313806   -0.0602855    -0.925522     0.881824     0.140145     0.767662     0.188203     0.740111    0.0687568     -1.09343     0.510112      0.49078    -0.493494     0.803525      1.69595     0.760307      1.27494
    0.401748     0.815201    -0.700033     0.954399    -0.254234     0.748333     0.241727    -0.538768    -0.383139     0.631762     0.120451    -0.448468      0.46559    -0.692036     0.119344    -0.838043     0.015289     0.664285     0.849154     0.421264      -1.1512    -0.287039     0.560831    -0.258152    -0.269582    -0.880264    -0.936295     0.590363    -0.699332    -0.221034    -0.838481    -0.606302      1.25967     0.784469     0.312724     0.604544    -0.388086    0.0680901    -0.202198    -0.142458      1.13251    -0.540886     -2.20184      0.24782      0.81444    -0.788251     0.145654     -1.41274
     -1.0196    -0.654767     0.983718    -0.386307    -0.517877    -0.291363     0.325899     0.183261      0.68524     0.759626     0.796398     0.889019     0.126119    -0.641227   -0.0675093     0.578413     0.141652    -0.143034    -0.942465      -1.2096     0.338109     0.595584    -0.371544     0.760514      1.11202     -0.31284    -0.506528     0.252173     0.880439    0.0725193    -0.512591     0.586507      -1.4532     0.946695     0.327651    -0.771647   -0.0422045     0.255995    -0.536029     0.119951      1.13138    -0.094994     -1.41647    -0.253437      1.17041     0.167884      1.06966    -0.260513
   -0.379111       1.0881    -0.307193      0.40942   -0.0126607     -1.27008     0.126115    -0.936475     0.121645     0.566126     0.435911    -0.168205     0.777873    -0.405069    0.0475509     0.308397     -1.36845   -0.0638832     0.140001    0.0702394     0.521999    -0.297928    -0.617904     0.254145     0.701635    -0.773114   -0.0683908    -0.711298    -0.722509    -0.716169     0.837093     -1.09772     -1.12487    -0.195316     0.162537    -0.120766     0.668803     0.736583     0.101295     0.278098    -0.205071    -0.282033      1.56037      0.29869    -0.852841     -1.13865    -0.250318    -0.424761
     1.01399     0.170764      0.72039     0.331401     0.609546   -0.0141037    -0.412942     0.560021     0.378245    0.0547899     0.286928    0.0873963     0.737855    -0.923387     0.554506    -0.110086    -0.747711     0.673257    -0.386198    -0.101987    -0.946885     -1.02556    0.0997207      1.21889     -1.02119     0.460275      0.66975     -1.29522     0.553948    -0.748689     -0.69523     -0.54883     0.955551    -0.814153    -0.224344   -0.0120317     0.682268     0.399311    -0.829045   -0.0895809      1.32365    -0.106662    -0.114673     0.389148    -0.823562     0.771476    -0.649529     0.237917
    0.295198    -0.252935    -0.692514    -0.733961     0.791135    -0.810626      0.46535      0.71296     0.536158    0.0132724    -0.701218    -0.814533     0.223517    0.0482444    -0.135928    -0.653805    -0.397642      0.59688     0.574818    -0.207728     0.446554    0.0389603    -0.681705     0.547268     0.982609     0.223743     0.894084     0.726863     0.977782    -0.505377     0.596061     0.986765    -0.443756    -0.920633     0.726136    -0.881938     0.194935      1.05908     0.280308   -0.0521902    -0.221318    -0.675458    -0.254188    0.0816489     0.953295     0.854506    -0.238122     0.566834
    -1.25398   -0.0871429     0.798139     -0.20575     0.305087     0.207661   -0.0396277     0.112131     0.696067    -0.806405     0.946542    -0.980608    -0.166476    -0.574102     0.100785    -0.223367   -0.0112447    -0.747224    -0.569379   -0.0166101      1.40639      1.11892     0.943894    -0.219684    -0.762559    -0.239625    -0.340231      1.30489     0.244425      1.20655     0.298892    -0.784789    -0.658225     0.578284     -0.70252      1.02671    -0.655503     0.548442     0.523248    -0.320034     0.384931     -0.20798     0.786393     -1.09861     0.126039    -0.054549   -0.0395814     0.521493
     1.00401   -0.0930718    -0.626159     0.431855      0.74163     0.883358     -0.69456     0.531151     0.621819     0.175753    -0.585301    -0.671754    -0.351333      0.65876    -0.599213    -0.481696     0.122205     0.822333    -0.792746     -0.10413     0.791933    -0.361966    -0.640677    0.0290101      0.42575     0.220433    0.0724842    -0.671891      1.30917     0.608351     0.702449     0.316067     0.726287    -0.417497     0.880416    -0.692151    -0.574513     0.332645     0.442884     0.347466    -0.507303    -0.539196    -0.325341    -0.611341     -1.46072     0.047645    -0.206674    -0.896983
     0.79737     0.384396     0.630276     0.741694    -0.946453     0.618321    0.0954438     0.100645    -0.396377     0.907253     0.730536     -1.18437     -1.05038     0.202472     0.566821     0.218918    -0.445412    -0.504433    -0.143899     0.805903     0.810128    -0.473483     0.749763    0.0711712    -0.033736    -0.386278     0.386722      0.84957     0.701028    -0.964441    -0.211469    -0.853747     0.826372    0.0645777    0.0632258    0.0627761     0.265649     -0.63746    -0.112285     0.792502     0.674286     0.508706      1.26377    -0.425478     0.682791    -0.742004    -0.745009     0.816117
   -0.236078    -0.374424    -0.627351     -0.01313     0.126359    -0.416307     0.281401    -0.356841     0.308732    -0.274595    0.0951372    -0.972481     -0.94939    -0.300066    0.0900923    -0.861444     0.356709    -0.540444      1.02882     0.791948     0.895922    -0.214252     0.263107    -0.278381   -0.0244446    -0.685951    -0.345792    -0.530209      0.74695     0.105577     0.200431    -0.840203      0.48507   0.00811062     0.248003     0.498015     0.707289   -0.0205816     -0.90732     0.300687      0.35111    -0.368119    -0.730993     0.505253     0.828093      1.03587    -0.448785       -1.283
   -0.655778    0.0614984    -0.570551    0.0392335    0.0164101     0.129469     0.276703    -0.317774   -0.0619875      1.11285     0.898013     0.364871     -1.34146     0.418756    -0.464222      1.27131     -0.14075    -0.246277     0.178181    -0.113111    -0.761562     0.715992    -0.262452    -0.415533     0.491437     0.795907   -0.0883896    -0.651413    -0.143388    0.0802159    -0.126916    -0.665148      1.37343     0.581475   -0.0463095    -0.590928     0.306023    -0.801343     0.131544     0.401627     0.486994      1.29105     0.240655      0.58404    -0.415282    -0.190055    -0.808763    -0.148147
    0.354306    -0.500224     0.954306     0.819889     0.613983     0.583103     0.266672     0.446393    -0.590896     0.894865     0.876068    -0.884091      0.21167     0.166387    -0.740004    -0.100432    -0.281871      1.02998    0.0402607    -0.344863     0.356915    -0.274025     0.189176     0.840767     0.136412    -0.366897     0.929608    -0.395695    -0.660199     0.528788     0.239914     0.376114    -0.337364    -0.769206     0.505811     0.647124     0.299845    -0.254437     0.847497    -0.149644    -0.326811    -0.714866     0.613744     0.260991    0.0557854     0.379569     0.941619      1.08309
    0.313143    -0.388343     0.660445     0.234017       1.2564     0.550348    -0.662538     0.523724     0.666986    -0.918673    -0.633952     0.995557    -0.297639    -0.212972    -0.581228     0.711262     0.108623     0.992176     0.739233    -0.825402    -0.688415     0.365887    -0.527039     0.959713     0.511907     0.747381     0.563241     0.366085    -0.712597     0.402082     0.725679     -0.76695    0.0604866     0.271308     0.680699    -0.537546    -0.555071    -0.637929     0.744145     0.153931   -0.0748521      1.03011    -0.081605     0.746593     -0.94706  -0.00077124     -1.26482    -0.796836
   -0.109666  -0.00647361    -0.505298    -0.702002      1.06231    -0.686735     0.907909     0.207799     0.573602    0.0192221    -0.546603      1.17057        0.819     0.886889     0.474593     0.339289    0.0378839    -0.400796     0.836566   -0.0390546     -0.82563      1.12508    -0.498771    -0.449595     0.509659     0.407312    -0.121133     0.868972     0.260343     -0.16953     0.626978    -0.302371     0.829774    -0.529546     0.871619     0.989132     0.587195      0.11986     0.216442    -0.020081    -0.104325     0.942366     0.134912     0.923221    -0.669115    -0.430915    -0.177388     0.383251
    -0.33328    -0.147208     -1.10695    -0.775126     0.477119     0.440209    -0.691442    -0.905289     0.773445     0.291444    -0.570783    -0.736043       0.8366     0.706445     0.496144    0.0180519    -0.393081      1.18713    -0.186566    -0.133129     0.346926     0.503748     0.669505    0.0436753     0.216116      1.04047     0.684205    -0.552581     -1.06014     0.458654   0.00996373    -0.399865     0.622582       1.4643     0.271745     0.948178  -0.00680235     0.220233     0.147483     0.616215    -0.305654     0.850087     0.191862   -0.0691101     0.875719       0.8319     -1.03798    0.0896064
    -1.54074     0.358173      0.18854     0.614812    -0.261617    -0.194093    -0.920603     -1.03504     0.350268     0.396487    -0.741707     0.892173   -0.0429693    -0.707611     0.377182   -0.0883142     -1.05286     0.962495     0.734893    0.0461934      0.67906    -0.203646    -0.133271       0.1599    -0.848231    -0.575736     0.792604    -0.382045     -1.00554    -0.317029    -0.400938     -0.65864    -0.460473    -0.123372     0.869507  -0.00906772     0.614483    -0.826869    -0.871134    -0.412568    -0.673783    -0.803946      1.23009     0.402657      1.10322    -0.381347    -0.278496    -0.575334
    0.783095    -0.270897      1.15833       1.1034     0.590436    -0.543755      1.01043    -0.683184    -0.239793     0.864785     0.286685   0.00191036    -0.198434    -0.866568    -0.459595    -0.108993    -0.688989    -0.934545    -0.534512    -0.771239    -0.551744     0.489012    0.0733495     -1.16967    -0.897889    -0.994297    -0.412502    -0.960657    -0.795544    -0.769045     0.382112     0.507572     0.310013    -0.717391    -0.109237    -0.523172    0.0448495    -0.299754    -0.340374     0.302252     0.938213     0.754157      1.52617    0.0274906    -0.276079    -0.253843     -0.23376     0.363808
   -0.840252     0.848365     0.524337    -0.484612    0.0921294    -0.441093    -0.825703     0.209638    0.0635116    -0.482594     -0.63471    -0.534535    -0.803855    0.0281216     0.179994    -0.427875     0.503469     0.952115    -0.659631      0.24859    -0.418424    -0.843283     0.826047    -0.621125    -0.793772     0.301751    -0.862119     0.928577    -0.461279     -0.34703     0.138492    -0.958035   0.00884084    -0.802919    -0.441267     0.159512    -0.938814      0.81576     0.624089    -0.533151    0.0717747     0.595709    -0.178814    -0.850398      -1.0927    -0.556199   -0.0380798     0.773229
    0.730385    -0.790612     -1.39575     -0.48013    -0.454212      1.46849     0.501271     0.338541   -0.0680538    -0.497666      0.56745    -0.126699     -1.57084     -1.09811    -0.212948      -0.6115      1.00089      1.09018     0.785175    -0.192026     0.737978     0.804335    0.0565724    -0.700943    -0.976265     -0.51375    -0.368282     -0.21379     -1.18298    -0.425061     0.108502    -0.826663     0.773244      0.14737     -0.84753     -1.27222    -0.246525     0.085678    -0.985479    -0.944999    -0.332954     0.783676     0.694934    -0.735988   -0.0372942     -1.35912     -1.05618     0.993713     -1.30044   -0.0259027     -1.79311    -0.131976     0.212877    -0.151963     -0.70178    -0.482871     0.243754     0.239922    -0.127386    0.0858295
    -1.23006     -1.35816    -0.453843     0.220862     0.436143     0.607835     -1.01057      0.86032      0.21591    0.0251107     -1.07028     -0.68333    -0.873577    -0.273999    -0.700058     0.241573  -0.00460118    0.0891957     0.286369     0.914895   -0.0488165     -1.07314    -0.859678    -0.830148    -0.966113     0.428467       1.2491    -0.697355     0.538528    -0.693619     0.808348     0.147992     0.280787     0.038709     0.152803    -0.743102    -0.987039     0.394862     0.402757     -1.03002   -0.0270211     0.605051     0.168768     -1.24802    -0.950547    -0.783631     0.731474     0.612137     0.540673    -0.117237     0.578754       1.2555   -0.0663208    -0.606908     0.407359     -1.14887     0.246747     0.157532     -1.25234    -0.884502
   -0.721414     0.353758     0.526377    -0.951443     0.715728     0.243642    -0.694745      1.16053    -0.844144     -1.21327    -0.479495     0.239512     -1.11884     0.444949    0.0804936    -0.086502     -1.26919      0.29595    -0.891813    -0.937893    -0.517394      1.06219    0.0555036    -0.754181    -0.787609     -1.76018      1.20256     0.319711     -1.42663     -0.48124     0.524923     0.329332 -0.000816562     0.204388     -1.03807     0.768524    -0.920568       0.3256    -0.700009     0.894383    0.0437021    -0.748688    -0.527215    -0.623273    -0.113156     0.915417     0.670804     0.112246     0.528581    0.0241767    -0.484131     0.570131       1.0484    0.0647884     -1.19481    -0.281942    -0.685699      0.30253     0.985455    -0.812665
   -0.821735     0.236216    0.0825314      1.06384     -1.26804    -0.357809    -0.949916    -0.792269     -1.09617      0.31256     0.864551    -0.199828     0.805052    -0.631222    -0.861743     0.334924    -0.284109     0.325523     0.584089   -0.0926713    -0.978112     0.442031    -0.582545     0.649722     0.550468     -1.15374    -0.616347   -0.0558924    0.0599193   -0.0658593    -0.641555     0.449547    -0.858349       1.0781     0.354688    -0.773028     -1.37037   -0.0847939     0.382294    -0.807368     0.760065     -1.22651    0.0242675     0.365778     -0.57841   0.00874902     0.660564     -1.52376     0.601617     0.635063      0.30884     -1.33273    -0.181561    -0.171057    -0.760297     -1.10535     0.185332    -0.607483     0.842406       1.1638
    -1.25245     -0.36316    -0.740712     0.416305    -0.424676      1.10767    -0.755248   -0.0104485    -0.131458    -0.481407     -0.30479     0.159438    -0.676189     0.114775     0.958059   -0.0603849     0.276583     0.179896    0.0201683      0.39712     -0.72246    -0.453381     0.417797     0.496189     0.594668    -0.782404     0.606934     0.100918     0.377453     0.739747    -0.954235    -0.444494      -1.5367    0.0412762      0.53466    -0.886039      1.04374     0.235294    -0.430014     -1.43357        1.363    -0.357136   0.00770004    -0.279138     0.255897     -1.04188      0.17061    -0.356707    -0.338456     0.763308    -0.613364     0.232465     0.708872     -1.05129     -1.33264     0.621354    -0.345149    -0.288564     -1.29513     0.135863
    0.884144     0.123584     -1.21938      1.10644     -0.39174     -1.38634    0.0380307   0.00610519     0.310972     0.770378    -0.966594     0.924159    0.0219773     -1.04271    -0.159777     0.451965      0.76635      -1.1902     0.441333    -0.712512    -0.960385    -0.527204      0.35116     0.372678     0.920594     -1.18398    0.0147539     -1.62387      1.41457     -1.27177      1.08035    -0.610059     0.219346    0.0825828    -0.399399     -0.71166    -0.666583     -1.01903      0.18699    -0.216435     0.567811     -1.12714    -0.377363      0.96873     -1.90928    -0.889861   -0.0693603    -0.427797     0.333849    -0.284081   -0.0816187     0.656853    -0.592305    -0.293684    -0.500455     0.228686    -0.324485    -0.668899    -0.192434  -0.00310895
    0.520134     0.212828     0.184701    0.0100848      0.12278     -1.20127     0.441074     0.357079    -0.727796     0.240292     0.422243    -0.224553     -1.11741    -0.922528    -0.265458     -1.23216    -0.374562     0.739549     0.496266    -0.469694    0.0631077    -0.287275     0.110469   0.00410221     -1.13993    0.0276727    -0.270939     0.697131    -0.365102    -0.135538    -0.717995    -0.912247    -0.453642   0.00937425    -0.740438     -0.17938     0.067291    -0.680273    -0.363415    -0.839436   -0.0978723    -0.602553     0.285593    -0.155534     0.315295     0.290467     0.344377    -0.526605   -0.0262213      0.30284    -0.985532    -0.406003     0.858876    -0.906011   0.00964064    -0.558534     0.559763    0.0529111      0.30294     0.723659
    0.209342     0.108947     0.709434      1.05055     0.566095     0.123361   0.00892216    -0.166112     0.322044    -0.682313    -0.484313      1.22819     -1.80501     -1.08564    -0.930605     -0.39689    -0.197771     0.302448    -0.687373     -1.38025    -0.778866      0.16705    -0.835698     0.293839     0.256431     0.376235    -0.875532     0.416896     0.402459     0.548808      1.29409     0.535867     -1.11514     0.272979    -0.443266     0.266242    0.0631597     0.261183     -1.03016    -0.354645    -0.639942    -0.592789    -0.715249    -0.347732    -0.631561    -0.558903    -0.656396    0.0202566     -1.03433       1.0795     -1.25125    -0.249154      0.59655    -0.829272     0.696315   -0.0727479    -0.615099    -0.181044     0.590566    -0.300428
   -0.152826   -0.0912711    -0.346426   -0.0749046    -0.312913     0.711524    0.0373233      1.45078     -1.39598    -0.995727    -0.540073      1.16399    -0.581535    -0.415797    -0.464253       0.0778     0.494264       1.4571    -0.878549    -0.696687    -0.886065     0.518046      1.33609    -0.500385    -0.127184    -0.833492    -0.813637    0.0180602    -0.687685     0.723026    -0.188824    -0.939007    -0.378144     0.169665     -1.24603    -0.177583       1.1584   -0.0817893    -0.259636    -0.743045     -0.50207     0.619107    -0.791036    -0.310047   -0.0651492      1.19043     -1.13563    0.0951178    -0.561538     0.700992    -0.657308    0.0328686      -1.0615      -0.9498     0.568399    -0.635634      0.72354    -0.965947   -0.0156071     0.135865
    -1.08502     0.709579    -0.503154     0.475369    -0.972877     -1.49769     0.185484     -1.01234     0.134511    -0.630086    -0.980541   -0.0759095     -1.74344    -0.564123     0.616353     -1.13989    -0.994871     0.947514     0.402262     0.480255    0.0148526     0.504912     0.512076    -0.010793    -0.109894    -0.971026     0.419018     0.892831    -0.664192     -1.18112     0.332222     -0.83214     0.433078     0.304666     -1.37828     0.589474     0.737849     0.113776     0.785236    -0.763151    -0.145058     0.418052     -1.26419     0.135032     0.577449     0.562312   -0.0613501     0.106051     -0.48497     -0.29624    -0.144197    -0.552377     0.326026    -0.705069      0.35832    0.0729803     -1.00542      1.29862   -0.0911474    -0.974356
    0.835701    -0.973597    0.0272538    0.0376886   -0.0610803    -0.618797     0.134356    0.0791421      0.40576     0.571353    -0.956879    -0.292005    -0.247701     0.428551     -0.66036     0.381991    -0.356999     0.341385     -1.11701     0.293655   -0.0311256    -0.340863     0.226056     0.173518    -0.648287     0.387947     -0.11788      0.52914     0.591877    -0.791411    -0.299526    -0.559848    -0.807945    -0.489038    -0.591291     -1.01189    -0.376946   -0.0511389     0.223817    -0.701422     0.883937     -1.01381    0.0597272    0.0756078    -0.338564    -0.195396     0.355479     -0.87755     0.172076     -0.67774     0.335659    -0.313209     0.689028    -0.639089    -0.942295     -1.00879   -0.0450167     0.185993    -0.345854     0.437809
    -0.69851    -0.729323     0.326351    -0.593854    -0.339218      0.14185     0.599528     0.502594     -1.08493     0.561265     -1.31147     -1.93222     0.825347    -0.896094     -0.83798     0.487583    -0.278499      1.11917     0.275761     0.199874     0.313532    -0.979483     0.556564    -0.621943     0.479063    0.0443074    -0.156889     0.251128   -0.0114354     -1.56486     -1.35574     -1.45979    -0.225078     -0.90909     -1.09487    0.0918337     0.962636   -0.0702342   -0.0266205     0.351534    -0.709876     0.988011      0.68344    -0.987872    -0.983427      0.93909     -1.39742      0.41522     0.958774    -0.668617     -1.12916     0.277498      0.18954    -0.517581    -0.330985    -0.997664    -0.647796       1.2376     0.376889    -0.500257
    -1.57696    -0.254507     -1.55937    -0.613199    0.0104551    0.0510514       0.8809      0.20194     0.264497     0.960332    0.0976615     -0.28495   -0.0490151    0.0776941     0.949533    0.0380697    -0.242864     0.478298    -0.808374     0.633817     0.694059     -0.18718      0.90277      -1.1045     0.443779     -1.39691     0.756401      1.11198     0.752901    -0.129117    -0.957467      1.33027     0.542206    -0.281248     0.445468     0.461127     -1.51623   -0.0310499    -0.594002    -0.892483     -0.93003    0.0995303    -0.917397      0.53996     -0.32551    -0.204202    -0.534999      0.44097     -1.35942    -0.976965     -1.46421    -0.520533    -0.924912   -0.0653047     0.393344    -0.821583     -1.45164     0.448368     0.638779    -0.573434
    0.602052    -0.933534     0.724288     -1.28733    -0.712336    -0.209422    -0.223276    -0.590836    -0.939108     0.209033    -0.857489    -0.820534    -0.341877    -0.898642     0.464853      1.04569     0.653604     -1.39581     -1.07095      1.15496     -2.20268     0.974242    -0.374083    -0.988518      1.28581     0.120728     -1.05335    -0.239862      1.59601    -0.830135      1.12302      0.63224    -0.973916    -0.333488     -0.73026    -0.379183    -0.625282     0.245819     0.292982     0.269138     0.335434    -0.789603    -0.196073    -0.827685    -0.401374      1.00561    -0.142499    -0.748708     -1.13969     0.190021   -0.0693117   -0.0921782    -0.269234     -0.71262   -0.0349606    -0.611577     0.657228     0.788276       1.3683     0.623874
   -0.647044     0.393658      1.26487     0.663154     -1.45091     0.982763    -0.903457    -0.226874     0.561278    -0.352831     -1.51745     -1.40233    -0.265218    -0.992548     0.948326     0.852415      1.09973     0.401766    -0.160913     0.893093    -0.280033     0.175225     -1.27828    -0.610389    -0.826471     -1.74819     0.510785     0.511721      0.94825    -0.728665    -0.820949     0.554465    -0.614425     0.442775    -0.144116     -1.14896     -0.63076     0.025767    -0.572564     -1.01229   -0.0201539    -0.765995      1.08555    -0.817326     -1.10841     0.301362    -0.651476     0.488488     0.521343    -0.714201      1.13828     0.517146    -0.992966     -1.09662     -1.01544      -1.0285    -0.335565       0.6696    -0.429354     0.384321
   0.0471929    -0.391521      0.57147    -0.250801     0.888011      0.47648     -1.74176    -0.676354     0.119647      1.26383    -0.773135    0.0187991     0.263668     0.386407     0.055555     0.823571    -0.536155     0.357666    0.0180175    -0.864996    -0.921534   -0.0577786      1.37219    -0.746063     0.851468     -1.18847    -0.589448     0.199996     0.226322     0.146283     -0.59947     -0.89309     0.248668     -1.25433    -0.658335   -0.0190985     0.431224  -0.00665671     0.502666      1.03618   -0.0217612     -1.33041     -1.64708    -0.614922    0.0679352     0.800472     -0.49822    -0.213521    -0.454316     0.210696     0.761476     0.589167    -0.956013    -0.805086    0.0245803     -1.13425      -1.1535     0.306646    -0.117719     0.783818
    0.478631   -0.0490657      -1.5762    0.0274294     -1.52643     0.247686    -0.751952     -1.14565     0.110497    0.0995174     -1.04486     0.972987     0.278506    -0.256337    -0.421797    -0.414321      1.29939    -0.268178    -0.549378     0.533496     0.788381     0.837105     -1.18829    -0.461849      1.13629    -0.930503   -0.0880472     0.810045     -1.22481      0.25958     -1.31247     -0.96147    -0.431156    -0.991041    -0.939106     0.577691     -1.54591    -0.368755    -0.937793     0.890549     -1.03677    -0.418989     -1.83495     0.721468      0.99421    -0.504097     -1.74319     0.758356      0.73999     0.604513       0.1874     0.358434    -0.479906    -0.675713     0.538004    -0.142525   -0.0817695    -0.234526    -0.953494     0.181184
    0.578687     0.736477      0.29497    -0.218686   -0.0639562    -0.207478    -0.116243    -0.962072    0.0703089     -1.00214     -1.45341    -0.175306    -0.674886     -1.12543     0.405037    -0.475194     0.823759    -0.453283    -0.678828     -1.54994    -0.398385     -1.05752      -0.3908    0.0332049    -0.924866    -0.388048     0.411291     0.039394     -1.14669     0.271498     0.495149     -1.40495     0.255418    -0.215525      0.57506    -0.504435      1.28917    -0.266184     0.234771     0.405242     0.575571     0.826459     -1.73299    -0.539717     -1.00404     0.701399    -0.974507     0.368653      0.31592     0.142957     0.987509     -0.48864    -0.289168     -0.61255     0.426388    -0.776526     0.809407    -0.499022     -1.17122    -0.157745
    -0.83717     -1.13522      -0.5926     0.302679     0.328898      -0.3274     0.589823   -0.0315634     0.109001    -0.711602     0.567444     0.439386    -0.018006    -0.118419     -1.24597    -0.481919   -0.0642077      1.29875    -0.753081  -0.00369296    -0.569887     0.695936   -0.0631735     0.358884     0.500616       0.2244     0.859116     0.552845   -0.0356665     0.233242    -0.906333     0.347848    -0.208745     -1.21316    -0.195086     -1.04279     -1.13955     -1.06457    -0.457756      0.36436      1.43045       0.2965     0.202799    -0.681164    -0.233893    -0.405479     -1.28654    -0.253793     0.443046    -0.939027   -0.0661946    0.0140779      1.31485    -0.445956     -0.43086    -0.808769    -0.457843    -0.149598     -0.50271    -0.280412
    -1.20738    -0.491023     -1.43391    -0.582945    -0.653715   -0.0738932   -0.0198809   -0.0512665     0.530422     0.474925     0.954588    0.0413745     -1.08263     0.566343    0.0941201   -0.0769202     -1.17199      0.37431    -0.313458   -0.0201655   -0.0118301   -0.0197014     0.648786     0.575786       0.8518    -0.319889      -1.1174     0.935788    -0.665179     -1.28387   -0.0699951    0.0969216     0.142996    -0.709569     0.288316     0.213636     0.832192    -0.668355    -0.328089    -0.570386    -0.338435      -1.3274     0.467675     0.455019     0.586748     -1.16933     0.949561    0.0436573     0.999951     0.219342    -0.763799     0.180008    0.0231932    -0.841888     0.666383     -1.52991     -1.37592    -0.678193    -0.126583     0.258352
   -0.795821   -0.0653384      1.13646     0.391859     0.377879     -1.38697    -0.668557     0.269777     -1.16702      1.27018     0.856628    -0.612917    -0.718234    -0.113572     -0.37786     0.185356     0.704189    -0.803637     0.174689     -1.14183    -0.814268     -1.29803    -0.905601     -1.09372    -0.838859    -0.594917   0.00984994    -0.658212      1.04598    -0.320619      -1.2158     0.291209     0.190382     0.412372    -0.135675     0.438319      1.03846  -0.00350597     0.292796   -0.0303681    -0.267935     -1.10672     0.154286    -0.432353    -0.775863    -0.569633      -0.3752     -1.28984   -0.0764636    -0.101621     0.682948    0.0479912      0.77092    -0.266352    0.0467335     0.616138     0.833005    -0.356854     0.391062     0.352319
   -0.485888    -0.981317     -1.09684    0.0646629   -0.0231495     0.367457    -0.563522    -0.453655    -0.121808     0.349222     0.253934    -0.909764   0.00128587    -0.171255     0.233318     -1.90241    0.0431676    -0.983754     0.412057     0.457496     0.796049    -0.459885    -0.773926     -1.03377       0.2087    -0.274561    -0.883683     -0.95112      1.04762     -1.58897   -0.0761972     0.385337    -0.254901     0.437068     0.131056      1.04327     0.311698    -0.413423     0.192248    -0.133736    -0.293074     0.999407       0.2898     -1.08224     -0.42106      1.19881    -0.123721    -0.190703     -1.61743     -1.21083     0.183196     0.711546     -1.03534  -0.00977686     -1.33928     0.262549    -0.105292    -0.755359     0.556534     0.888572
  -0.0541894    -0.359032     0.557182    0.0322369    -0.228589    -0.499603     0.167619     0.151708      0.60184     -1.43181    -0.800473     0.874719     0.672946     0.571039   -0.0244462      0.95127    -0.243093    -0.210195     -1.63653    -0.973451     0.109363    -0.833038    -0.781535      0.60852    -0.946924     0.808941     0.498276    -0.659998    -0.419884    -0.691427    -0.256799     -1.00544    -0.552825    -0.179942    -0.995742    -0.259984     0.500764    -0.347174     0.196833   -0.0541341    -0.223752    -0.681395    0.0958841    -0.816044    -0.327146     0.907007     0.825528     0.891705    -0.559072     0.823289     0.163445    -0.171734    -0.889507    -0.917286     -1.78462     0.061766     -1.13243     -1.29694     0.644922    -0.288959
    0.088458     0.281705     0.540036     0.571434     0.881384     0.172388      -0.4195     0.616872     -1.41615     0.421792     0.305825     0.202072     0.473605     0.812104    -0.028579      -1.8141     0.113832     0.182462     -1.38665    -0.308839     -1.16694     0.443889   -0.0694128     0.327102     -0.67043    -0.393323   -0.0802365     0.740817    -0.860702     0.270187     0.129304      1.06017     -1.39329     -1.30056    0.0815491      0.28334     0.169038    -0.601808     0.544408    -0.906019    -0.291515    -0.755276     0.490636    -0.637622     0.327746     0.301484     -1.55916    -0.358379     0.385981     0.274345     0.185894     0.808918      -1.0842     0.391626    -0.677939    -0.663341    -0.127659     0.384745    -0.675461    -0.510036
    0.618107     0.820244     -1.55419     -1.09352    -0.837258     -0.84984    0.0176903     -1.07434    -0.979125      1.53282     0.300666    -0.580973    -0.916657    -0.228142      -1.3459    -0.880968     0.666828    -0.796116     0.574856     0.696564    -0.650809     0.605636     0.129965     -1.12546      1.80046     0.269117      -0.3176   -0.0294523     -1.00455    -0.498728    0.0765928      -1.4018     -1.17003     -0.60918     0.521898     0.462415     -1.66281    -0.756167    -0.358786    -0.394583     0.190803    0.0107023     0.998419      1.27469      1.29652      1.06537     0.850941    -0.523183    -0.271361    -0.727108     -1.70955     -0.41186     0.722808     -1.19906     0.325718    -0.105573     0.178056     0.394792     -1.67368    -0.692674
     0.34932    -0.665144     0.073502    -0.736145      1.19738     -1.54011     0.163724     0.197991    -0.133624      1.45596    -0.235663     -1.25049    -0.619784     0.673049     0.229512     0.735687     0.497408     0.421732      -1.3539     0.118097     0.326952     0.875253   -0.0334431     0.306104     -0.40139     0.352516     0.210675     0.911778     0.518732     -0.76503  -0.00103781     0.523527    -0.200822     0.383769     -1.59671     0.780144    -0.500772     -1.24722     0.601157     0.058092    -0.649099    -0.338133    -0.975129     -1.31496     -1.33165     0.229726    0.0935544    0.0939872     -1.20956      1.36583    -0.173087    -0.982815    -0.624119    -0.726202     0.497685      -1.0805    -0.835402     0.413222     -1.00052    0.0388998
   -0.789718       0.2401     0.821568     -1.25447     -1.11223    -0.157038     0.369844      1.58313    0.0321543    -0.275269     0.725294     -1.41664    -0.723648    -0.665742    -0.164013      -1.1322     -1.12504  -0.00380176    -0.706679    -0.331405     0.587878     0.772961    -0.779375    -0.775265     0.176205  -0.00440292    -0.409147     0.339904    -0.566639   -0.0646516    -0.355023     -1.41741     0.320239    0.0189281      1.35125   -0.0924811     -1.79499    -0.247231    0.0281436    -0.566191    -0.172077     0.639822    -0.783166    -0.527039    -0.108029     0.750029     0.590686    -0.142978     0.800136    -0.271375     -1.14094     -1.28403    -0.655475     0.533998    -0.290294   -0.0710416     0.613419    -0.343285     -0.52471    -0.109015
   -0.747787     0.232112     -0.38082    -0.854356     0.308739     -1.77655     -1.16577      1.68321     -1.06792    -0.798869    -0.290242    0.0561705     0.558076     0.335989     -0.19457    -0.396586     -1.24828     0.510786     0.133057     0.544763    0.0555282     -1.18156     0.442827    -0.880946    -0.726705      0.57264    -0.524294     0.349872    -0.804699    -0.341225      0.32307      1.25939    -0.559959     0.944757      1.67427     0.167483     0.581053    -0.498063     0.792462      1.26226     0.838001    0.0985376     -1.17023     -0.99406     0.485006     0.775041    -0.638585     -0.71684      -1.0138    -0.606684      0.28763    -0.390646      0.60347     -1.24827     0.255468    -0.536444    0.0696918    -0.837488      0.34932    -0.447058
    -1.60471     0.329023     0.229276     0.189174    -0.374801     0.387392    -0.372436      0.59627     0.358141     0.331551    -0.254407     0.210435    -0.180517     -1.05882     -1.25287     0.118282    -0.899545    -0.513317     -0.77595     -1.27342    -0.389615    -0.873449      1.41744    -0.634433     0.994142      0.65323     0.117565    -0.652741    -0.390312     0.510799     0.910266    -0.587278    -0.727791   -0.0585048     0.244919     0.048141  -0.00589615    -0.665062      1.68785     0.919735    -0.846302    -0.234839      0.94447    -0.530832     0.588722     -0.11862     -0.91961     -1.30595     0.681206      0.22123     -1.46718     0.171106    -0.414917    -0.161313     -1.14006     0.770877    -0.466087     0.656252      0.26445   -0.0130161
   0.0459259     0.723536    -0.625232      1.18232    -0.293373    -0.030174     0.736203     0.719526     0.215991    -0.160091     -1.11278    -0.142268      0.49645     0.187779     0.810999    -0.363109     0.962468     -1.08758     -1.27498     0.201861     -1.82492    -0.507393     -1.09685     -1.15317    -0.801954    -0.696058     0.451569    -0.192578     -1.14807     0.369774     0.876976    -0.178691     -0.20862    -0.451305    -0.941092    -0.211709    -0.163209     0.141126      1.51261     -1.30044     0.101237    -0.504789    -0.601718     0.802657      1.25345     -1.10223     0.478623    -0.216652     -1.14369    -0.510859     -1.25669      1.21582    -0.210673     -0.45073     0.853334     0.705152    -0.847998    -0.854502     -1.25509     0.447092
    0.892288     0.809348     0.560021    -0.965029   -0.0334422     -1.42127     0.486838     0.717148     0.849121     -1.93947  -0.00717127    -0.572904    -0.727386     -1.16008     0.554676    -0.342511     0.510992     -1.30135    -0.183663   -0.0598545    -0.992465     -1.12088     0.663835    -0.800218     0.267937     0.892851    -0.504617    -0.812297     -1.36999     -1.27086     0.372282      1.38925    -0.585422     -1.00185    -0.622423    -0.037787     0.850129    -0.698817    -0.898485     0.851001     -0.47172     0.112031      1.26346     -2.06765    -0.128152    -0.177637    0.0560777     0.639342     -1.29102      0.40588     -1.17225     -1.56999    -0.634148     0.364346      0.21795    -0.968207     0.168953     0.134272     -1.35122     0.610227
     1.05306     -1.36988    -0.768829     0.490618     -0.37245     0.320519     0.856017     0.614822    -0.605978     -1.20704   -0.0933793     0.255976     -0.39396     -0.73177    -0.475383     0.491155     -1.16133    -0.977547     -1.32035     0.113599    -0.263556      1.02471    -0.202496    -0.519912     -1.19457    -0.930025     0.683751    -0.625342     0.290243     0.665285    -0.656454      1.09037    -0.755853     0.284156     -1.01928     0.101649    -0.216263     0.703325    -0.951744       1.1625    0.0240066    -0.328299     0.594989     0.581855      1.18266   -0.0312423     -1.33109    -0.300266      1.09434   -0.0288617     -1.18805    -0.925279    -0.950219      -1.1433    -0.479409    -0.637097     0.787656    -0.782933      -0.8336    -0.820558
     0.58861    -0.771489     0.931355     -0.62254    0.0451783      0.47338     0.677578     0.554262     -0.49557    -0.255064    -0.230407     0.699269     0.507988    -0.480925    -0.223007    -0.673616    -0.204014     0.432586     0.633189   -0.0307524    0.0938736    -0.739398      -1.0776     -0.38622     -1.09392     -1.14899   -0.0253301     0.656325     -1.31038     -1.20972    -0.147738    -0.180074    -0.967416     -1.28646      1.27636     0.322657     -0.92959   -0.0483255   -0.0796048     -1.06793     -1.06301    -0.533234    -0.339944     0.263057     -1.27086     -0.66826      1.02079    -0.235325     -1.63387     0.770356    -0.588664      1.13226      1.26098     0.406079     0.507135     -1.02365     0.410965    0.0614797    -0.299694     0.391678
   -0.362681   -0.0393022    -0.225761        0.155     0.137913     0.608744    -0.805957      1.13271     0.717589     -1.12351   -0.0394011    -0.689326    -0.243373   -0.0341633     0.223871    -0.823667     0.444276     0.632604    0.0385978     0.040956     0.407269     -1.01408    -0.182226    -0.559496    -0.309761     0.767632    -0.115834     0.355442     -1.02421    -0.797502    -0.310491      0.31445     0.138996     0.156083    -0.365522     0.500352    -0.496262     -1.61496    -0.368633     -0.24573      1.49761     0.192327    -0.701811     0.230725     -1.37004    -0.176504      0.30247    0.0496197     0.911845     0.058343    -0.302372    -0.884701    -0.582299    -0.431668    -0.214026     0.179765    -0.683208    -0.140032     -1.13329      1.63404
   -0.284582    -0.108843     0.707635    -0.763193    -0.279182     -1.41421    -0.539681     0.977993    0.0518363        0.505    -0.276103     0.475604     0.243425    -0.679032   -0.0938484     0.407642    -0.424246      0.42209     -1.03806    -0.777755   -0.0631292     0.157881     0.163533   -0.0984024     0.776875    -0.817643     0.900164     0.468322    -0.530708    -0.204452     -0.16651     0.691877    -0.506951    -0.786172     -1.24948     0.614299      -0.5177     -0.26862     0.979504    -0.709788    -0.241112    -0.418633     0.214546     0.199588    -0.905751     -1.12163    -0.691534   -0.0217111     0.416208    -0.327779     0.814074    -0.376417     0.400893   -0.0568624   -0.0129932    -0.251429     0.157507    -0.305089    -0.624157    -0.688049
    0.625923    -0.110963    -0.933824     -1.28959    -0.934706     0.317042     -1.55443    -0.330335    0.0606083     -1.05842    0.0519074    -0.908578    0.0369203     0.210357     -1.39927     0.307734    -0.524238    0.0449253     0.214494     -1.05097     0.776022     -1.27326      -1.0671    -0.287906     -1.00784     -1.25817    -0.266749   -0.0262098      0.76538     0.954595      1.14747      1.09061    -0.383586    0.0696931     0.878023      0.46929     -1.03639     -1.00897     0.723736    -0.360323      -1.0908    0.0720525     0.904011     -1.38977     0.155805    -0.735485     0.487751     0.636494    -0.343711    -0.529044    0.0348606    -0.630112     0.371307     -1.19788     0.689157      0.15175    -0.734837   -0.0843483    -0.150613    -0.266196
