no weights
   0.0931907    -0.367141   -0.0614522  -0.00337362      0.22994     0.192746    -0.348468     0.131611     0.147188     0.227369     0.617116    -0.332368    -0.246424     0.410934     0.268171     0.351552     0.393367    -0.168916     -0.17175   -0.0299673    -0.138819   -0.0958357     0.428824    -0.413097    -0.132212      0.22283     0.387305      0.60136     0.465897    -0.264747   -0.0315763     0.136682     0.277022     0.282379     0.204036   -0.0341577    -0.243424     0.517542     0.203538     0.144841     0.582312     -0.08359     0.124378     -0.45441    -0.247913    -0.112064    -0.206965   -0.0395587
   -0.200971    -0.217392    -0.132482   -0.0571307    0.0417337     0.287251    -0.197547    0.0119021   -0.0464046    0.0675477     0.104792     0.233831   -0.0219448    0.0578432   0.00506445     0.211653    -0.321813     0.262268    0.0181265    0.0541505   0.00691546    -0.424767      0.45471     0.182274  -0.00914736   -0.0484296    -0.544821   -0.0362001     0.117805     0.478545     0.154154    -0.583102    0.0074704    -0.175472     0.197272     0.414324    -0.203392    0.0692083     -0.24951    0.0574933     0.196203     0.314465   0.00470299    -0.185278     0.174225     0.181141     0.185417     0.127926
    0.207153    -0.167308  -0.00157258    -0.206852    -0.261887    -0.149844    -0.224859     0.234931     0.166647     0.233287    -0.397292     0.250606     0.177489   -0.0169651     0.313471     0.378282    -0.474778     0.666314    -0.130108     0.221316    -0.107665  -0.00476853    -0.218691     0.449738    -0.149931     0.104016     0.383751     0.275135    -0.401186     0.325242    -0.110489    -0.158211     0.452499     0.424633    -0.293419    0.0934194    -0.439936     0.219283    0.0930065      0.26893    -0.160413     0.142459     0.238522     0.274589    0.0156486    -0.108173    -0.250832      0.54703
   0.0525159    0.0947601     0.312427     0.208477     0.179171     0.341322    -0.191525     0.156768     0.119252   -0.0295379    -0.568342     0.611493    -0.126714    -0.129794    -0.125131    -0.174859    -0.113302     0.195444      0.12195   -0.0797559     0.342132    0.0735679    -0.190276     0.314593  -0.00881967   -0.0557044    0.0110389   -0.0651624    0.0985044     -0.11191    -0.140411   -0.0662303    -0.370129    -0.145865   0.00760837     -0.18067   -0.0259054    -0.114396    -0.509685     -0.22826    -0.388183      0.10775    0.0314953     0.425002     0.210771     0.300279     0.189266    -0.153336
     0.38387    -0.668894    -0.511461    -0.479638     0.018808     0.308437    -0.239758     0.123772     0.178768    0.0550323     0.288296    -0.144295     0.138507     0.202695     0.227807    0.0143243     0.116584   -0.0734795     0.220846     0.158884    -0.101149    -0.630347     0.379344    -0.132368     0.159468     0.261453   -0.0611632     0.305535     0.531081    -0.209691     0.207121    -0.531919     0.595567    -0.188084     0.362602   -0.0679324     -0.25828    0.0864972    -0.175174    -0.457788     0.172696   -0.0497922     0.401381   -0.0563282     0.189189     0.212729  -0.00875004     0.311639
    0.120245    -0.277658    -0.493721    -0.344032    0.0761056    -0.162486    0.0612868    -0.126547   -0.0262583   -0.0382733     0.137743     0.174346     0.411943    0.0340242  -0.00575869    -0.180101    0.0593911      0.37347     0.109715     0.354215     -0.18424    -0.425157     0.184109     0.234348     0.224953     0.226809    -0.243752       0.2737     0.234467  -0.00345331      0.25964     -0.18384     0.219518     0.173016     0.278266     0.138567    -0.118295   -0.0380396     -0.10331    -0.293494      0.19645     0.081366       0.2847     -0.21789   -0.0272649    -0.159598    0.0546728     0.144403
   -0.773893   -0.0126896      0.32051     0.251171   -0.0441139    -0.388538    -0.303133     0.190183     0.221558      0.32258      0.10546    -0.313932    -0.330443      0.10536     0.200632   0.00361466   0.00343595   -0.0558987    0.0452261    -0.337449    0.0949189    -0.457893     0.163125    -0.122708    0.0434622    -0.192842     0.338924     0.174664     0.515538    -0.361382   0.00179126     0.108595     0.141205     0.507227     0.498318    -0.192805     0.185762     0.265208    -0.109791     0.284432     0.808686    -0.223126     0.295469    -0.313991   -0.0926827     0.263706      0.34973     0.223417
  0.00340683   -0.0876362    -0.312088   -0.0739314    0.0418599     0.138841     0.131485    -0.268346    -0.239084   0.00910773    0.0830896  -0.00328727     0.272977     0.251613    -0.328698     0.203498    -0.157071     0.290959    -0.144332      0.53381     0.198133     0.418702     0.427838     0.217054    -0.162022    0.0362227    -0.641953     0.411188    -0.141563     0.440361    -0.114493   -0.0809389    -0.242825     0.316787    0.0530068     0.287517     -0.19692    -0.115047    -0.219141     0.235073   -0.0931559     0.360083     0.103378    -0.538788   0.00128489    -0.364481    0.0761613  -0.00965734
    0.138662     0.015234   -0.0653976    0.0972991     0.132196     0.348977   -0.0612298    -0.017021    -0.172137     0.203533      0.22813     0.092153   -0.0779607     0.128131    0.0453887     0.144139     0.320916     0.156599    -0.222922      0.43643     0.256223     0.492573     0.540328    0.0461356    -0.161625    0.0653079   -0.0430246     0.234075    0.0680117     0.160862   -0.0915186     0.356684   -0.0407445     0.237819     0.131177     0.196218    -0.214147     0.312198    -0.185608    0.0946256     0.280771     0.168701     0.235463    -0.635087    -0.623797    -0.757893    -0.374863    0.0238826
   -0.155098    -0.232243    -0.391809    -0.579734    -0.682955   -0.0924342   -0.0212999     0.276018     0.235141    0.0257583     -0.13626    -0.390532     0.178663   0.00222654     0.371829    -0.092438    -0.318775    0.0754965     0.309337    0.0671218    0.0968138    -0.466326     0.104174   -0.0837651     0.452006    -0.234793     0.221667    -0.285224    -0.121527    0.0427241     0.391279   -0.0611305     0.532307   -0.0259475    -0.165295     0.276287      0.27787   -0.0282973     0.104733    -0.282156     0.101201      0.21251      0.33195     0.315273     -0.13497       0.2024     0.228491     0.502794
    -0.17052    -0.168917    -0.166202   -0.0919977   -0.0893853    -0.174376      0.12831  -0.00641225    0.0383269     0.198121     0.335285    -0.621995    0.0192477     0.125368     0.200312     0.170771    0.0685107    -0.277693     0.177322     0.139346    0.0713501    0.0171739     0.203856    -0.363562     0.198694   -0.0105869   -0.0409232      0.12715    0.0688555    -0.233765     0.201538     0.121489    0.0892975     0.357327    0.0679737   -0.0504438     0.294459    -0.108808     0.194303       0.1051     0.253327   -0.0558646     0.320857    -0.297854    0.0684654     0.162565     0.192091     0.234402
   -0.021143    -0.200299  -0.00207281    -0.332204    -0.588856    -0.429183     0.220503      0.25051     0.179917    0.0321084     0.243908    -0.479037     0.107762    -0.192201      0.26169     0.229672   -0.0934994    0.0579034   -0.0455209    -0.194999    -0.199834    -0.185491    -0.202309    -0.141342   -0.0656108    -0.190426     0.388602    -0.139555    -0.370881    0.0589655    0.0177514    -0.259058     0.700166   -0.0252867    -0.143636    -0.198254    0.0253814     0.307488     0.764794      0.45934     0.338591    -0.180272  -0.00809337     0.293935     0.157854      0.40653     -0.10028     0.286394
   -0.319347     0.026176    0.0655479    0.0833566    -0.171663    -0.107808     0.122045    0.0358423    -0.102437     0.131891     0.124959    -0.130814     0.108995    0.0436947    0.0602994     0.144899    -0.134285   -0.0726701     0.128377    0.0332681     0.176464   -0.0962791     0.325878   -0.0569531     0.226916    -0.342267    -0.305933     -0.26024    0.0764203     0.135266     0.189625    -0.309086     0.174994    -0.121031     0.189897     0.144263     0.323708    0.0625302   -0.0473119      0.17157      0.37221    0.0867704     0.176446    -0.229844    0.0394024     0.245072     0.283628     0.174493
   -0.279623   -0.0876102     0.125969   -0.0532657   -0.0229454   -0.0246765    -0.182188    0.0555469     0.125554    0.0305686      0.40518     0.107135    -0.175845    -0.194768     0.182916   -0.0921848     0.546184     0.110561    -0.611579     0.497772    -0.114496     0.252636     0.147532    0.0344859    -0.377288     0.110264     0.385395    0.0652966   0.00866146    -0.108945    -0.393677     0.431204     0.574887     0.336196     0.251041   -0.0426702    -0.653257     0.566549     0.449819     0.187098     0.425722    -0.176849    -0.441596    -0.139234   0.00711212    -0.175056    -0.538491   -0.0917834
  -0.0113577     0.296978    -0.116705    0.0599744    0.0470366   -0.0996347    0.0646001    -0.102431    -0.181362     0.214969   -0.0558818     0.243968    0.0589941   -0.0664877   -0.0855041    0.0528273     0.106948     0.461885    -0.175406     0.538656     0.108873     0.508207     0.036355     0.449823    -0.140515    0.0624466   -0.0284109      0.12491    -0.135409     0.365963   -0.0766034     0.409545    0.0345685     0.379719    -0.105489     0.517468    -0.267612     0.117312   -0.0132311     0.266111   -0.0247222     0.333347    -0.299734    -0.340602    -0.494891    -0.757892    -0.114714    -0.315305
     0.24453     0.409517     0.260418    0.0280524     -0.25567    -0.391766      0.37399       0.1099  -0.00484601   -0.0871471    -0.579881     0.260405     0.332897    -0.456001    -0.242891    -0.292683    -0.229342     0.339331    0.0472299     0.307925     0.303996     0.435006    -0.406727     0.268186    -0.103681    0.0645086     0.199275   -0.0431506    -0.446469   -0.0745447     -0.12186    -0.115695      0.20128    -0.221764    -0.436773    -0.394582    0.0355783    0.0105033     0.196289    0.0308137    -0.374745    -0.202433     0.181805     0.356582     0.213024    0.0340046   -0.0411809     0.172487
    -0.30674    -0.241097   -0.0537924    0.0677881   0.00709853   -0.0141853    -0.273573    0.0655442   0.00900179     0.363034   -0.0360798     0.266029    -0.210659   -0.0199989    0.0248328   -0.0747466     0.183199     0.149851  -0.00256878   -0.0686209   -0.0325919    -0.109721   -0.0645857     0.150818    0.0204858    -0.127001   -0.0497076    0.0724466     0.166263   0.00790392   -0.0645769      0.12174   0.00217121     0.217234     0.215315     0.144162   -0.0840101     0.121084    -0.271359     0.022401     0.235084     0.123407    0.0322278     0.134593     0.281827     0.310638     0.528387     0.162294
    0.154223    -0.217517   0.00957738    -0.142838     0.104541     0.288085    -0.204826     0.238729     0.177841     0.154577    -0.440673     0.370619    0.0772406    -0.120192   -0.0734864   -0.0765665   -0.0115692     0.149462    -0.236272     0.324704     0.388986     0.417874    -0.113319     0.187377    -0.374157     0.133511    0.0119742     0.263715    -0.157543   0.00727368    -0.484737    0.0210526   -0.0590009    0.0498128    -0.158662   -0.0952551    -0.380197   -0.0945063    -0.214571    -0.199873    -0.525004     0.161805    0.0324662     0.398534     0.686867     0.391297     0.191872   0.00685528
    0.502072  0.000906971    -0.179727    -0.103582    -0.206242   -0.0862173     0.286274    -0.257602    -0.347481   -0.0828983     0.552672     -0.12054     0.276048    0.0591196    -0.118792     0.215143     0.387843   -0.0703899    0.0665216    0.0469529    -0.414153     0.063913     0.191065    -0.138097     0.038877     0.129545     0.139596     0.189337    0.0905467    -0.169964     0.113818     0.309272    -0.102394     0.320323    -0.027347    -0.210922     0.176692     0.380617     0.122593     0.134581      0.45178    -0.305403     0.832993    -0.574026    -0.380673    -0.392568    -0.238135     0.778526
   -0.254927     0.730868     0.823374     0.599293     0.530552    -0.239382    0.0377683     0.165095    0.0634571     0.121451   -0.0419054     0.131535    -0.148292    -0.236204     0.060569    0.0483638    0.0715322    0.0619488    -0.162319   -0.0520308      0.17045     0.306148    -0.140033     0.208293    -0.139846    0.0560571    0.0678684    -0.179621   -0.0840601    0.0965387    -0.154557     0.148172    0.0838774   -0.0756495    0.0810364    -0.126767     -0.19426    0.0330017     0.308101     0.268415    0.0107616    -0.151411    -0.529181     0.128483    0.0589996   -0.0480869    -0.179887    -0.643666
   0.0810952     0.174549     0.171357   -0.0538831    -0.229955     0.561176    -0.213713     0.304515     0.167397    -0.134654     0.167621     0.103948   -0.0599743   -0.0827821     0.333021   -0.0882672     0.333929   -0.0532871     -0.21414     0.336229      0.58912     0.349527     0.822735    -0.314787    -0.268601    -0.398716     0.434225    -0.652342    -0.100184     0.113134    -0.274712     0.271982      0.25237    -0.226435     0.284921   -0.0269773    -0.108104     0.485169     0.180362    -0.172802     0.308405    0.0569882    0.0971095     0.159021    -0.408276    -0.132977    -0.575781     0.188682
  -0.0929313     0.513796      0.62955      0.51588     0.519201    -0.492475     0.177756    0.0625309  -0.00933184    -0.188574   -0.0429546   -0.0530691    0.0733967    0.0146995    -0.282251    -0.209354      0.25615    -0.257053    0.0375324    -0.218947     0.321959     0.237401   -0.0873569     -0.22895    -0.158827  -0.00219009     0.283861     0.215815       0.1171    -0.452297    -0.326052     -0.16619   -0.0565643    -0.216643     0.190563    -0.726068     0.239128     0.106977    0.0809075   -0.0204482    0.0703906    -0.368574     0.121655     0.166021     0.044963     0.202822     0.007385    -0.312496
    0.296209    -0.193286     -0.19477    -0.123501    0.0178531    -0.348149    -0.187252   -0.0135339   -0.0448424     0.445079    0.0242654    -0.368406    -0.106646   -0.0854888    0.0241411     0.120582     0.293203    -0.237006    -0.185927     0.110907    -0.390468     0.182107     -0.38054     -0.37734   -0.0636651     0.151369     0.302536     0.528402    0.0169279    -0.632858    -0.100058     0.559178     0.158207     0.671324    -0.128385    -0.408448   -0.0802659    0.0139811    -0.013332      0.14435    0.0824082    -0.401686     0.379678     0.110004     0.174104     0.189459     0.536656     0.312113
    0.280172    -0.147628     0.023646    0.0449976    -0.187737     0.348527    0.0253249     0.148328     0.107223     -0.15365     0.182358    0.0916294     -0.15426      0.17221    0.0809274     0.153208     0.265334    -0.283353     0.232131    -0.635589    -0.248938    -0.202795    -0.284087   0.00458565   -0.0138615   -0.0152033     0.191509    -0.227413    0.0229625   -0.0595283    -0.052514  -0.00273248    -0.148425    -0.384984    0.0312228    -0.261017     0.246554     0.148751       0.1323   -0.0178924   -0.0292937   -0.0129943   -0.0469773     0.319849     0.335509     0.438308    0.0542517    0.0841527
     0.32147    -0.418026    -0.192943     -0.29527     0.043168    -0.103513    0.0215177    0.0897978     0.179387  -0.00384166    0.0497313   -0.0366679    0.0572219     0.185453     0.208761     0.193514     0.104835    -0.269029    0.0921998     -0.37157    -0.451539    -0.213111    -0.652475  -0.00538092   -0.0587042     0.346002     0.112246     0.201295    0.0269153   -0.0684002   -0.0659233    0.0056743     0.209956    0.0408877   0.00170008    -0.123324    0.0321996    -0.514731     0.162193    -0.198752    -0.552021    0.0594669   -0.0301634     0.631786     0.952734     0.798994     0.391621     0.140079
      0.1157    0.0385666    -0.124254    -0.283307    -0.463415     0.145629      0.20037    0.0107236    0.0763931    -0.333857   -0.0642528     0.283512     0.143119   -0.0366084      -0.0351    -0.119735    0.0925402     0.306189    -0.182934     0.238236     0.062131      0.30306    -0.116763     0.271283    -0.195562    0.0427612      0.38902    -0.237787    -0.424132     0.438786     -0.29918     0.238269     0.383742    -0.160844    -0.220106      0.24174    0.0747231     0.107913     0.520535     0.020465    -0.114537     0.340821    -0.128763      0.33193   -0.0107765    0.0119634    -0.380292      0.17069
    0.191377    0.0165966    0.0490701     0.108287     0.236626  -0.00359563     0.250067    0.0952308     0.102568    -0.160641     0.470536    -0.464759  -0.00125333      0.26782     0.209576    -0.111414     0.586574    -0.956784     0.230063    -0.199158   -0.0593419    0.0472705    -0.100698    -0.704573  -0.00937242     0.161606    0.0860768    -0.151076     0.269866    -0.538777    -0.161503     0.292365    -0.104219    -0.366027     0.116716    -0.481818     0.428833    -0.145188    0.0515751    -0.433564   -0.0860511   -0.0895143   -0.0317814     0.356588     0.348018     0.319939     0.169821     -0.13639
    0.392613     0.328422    0.0665439     0.343229     0.176301     0.222691     0.125662    -0.184123    -0.264832     0.170987   -0.0246286    -0.029975    -0.179643     0.134506     -0.09642     0.329513    -0.018905    -0.358923     0.326045    -0.421211    -0.251661     0.189991    -0.258262   -0.0576021     0.285012   -0.0200846    -0.432944   -0.0712572    -0.134969    0.0480694     0.351588     0.393755    -0.926803     0.140401    -0.258886     0.211635     0.397897   -0.0759395    -0.288224     0.171471    -0.259451     0.131055     0.062746    -0.163474     -0.23847    -0.124966     0.512443   -0.0474551
    0.532467   -0.0693042    -0.193728     -0.32487   -0.0671656     0.622912     0.256991     0.191226     0.150838    -0.227957     0.576168   -0.0717369    -0.101873     0.223105     0.277948   -0.0510626     0.509584    -0.378746   -0.0392046     0.230676     0.513363     0.365728     0.475405    -0.132201    -0.068913     0.153719    0.0548585    -0.297332    0.0582203     0.247952   -0.0469619     0.227754  -0.00818231    -0.478016     0.178309     0.220878   -0.0584744    0.0831946     0.495312   -0.0858802    0.0102356      0.16997     -0.40412  0.000656929    -0.230259    -0.385113    -0.524026    -0.498181
    0.365369    -0.185376    -0.291689    -0.265811     0.208382    0.0112403     0.108556     0.107191    0.0857122     0.274329  -0.00959088    -0.120392    0.0480725     0.114766     0.310848    0.0809977   0.00952806    -0.245508     0.339868    -0.141265    -0.132785     -0.22226    -0.391524     0.117646     0.412268     0.289284    -0.221586   0.00379407     0.220228   -0.0906741     0.382928   0.00797294    0.0702764  0.000920805   0.00543169     0.166894     0.141533    -0.789121    -0.190038    -0.332701    -0.540814     0.198266    0.0854447     0.303402     0.378761     0.299212     0.565054    0.0720778
   -0.234882      0.21879     0.436927     0.366275     0.334944    0.0157445    -0.071663     0.056261     0.197304   -0.0220678    -0.216814    -0.187871   -0.0817129   -0.0823279   -0.0372564    0.0146385    0.0718348    -0.319341    -0.276526       0.3191     0.291721     0.583205   -0.0940658    -0.308314    -0.299054      0.16361      0.14654     0.112289    -0.225808    -0.195285    -0.376894     0.145002     0.226661   -0.0311933    -0.193628    -0.285617    -0.217672  -0.00179391     0.158342    0.0883007    -0.390163    -0.102603    -0.358876     0.327975     0.488937     0.293386   -0.0170393    -0.310681
    0.146368   -0.0451431    -0.328155    -0.506758    -0.662174    -0.413313     0.583007     0.214256    0.0859653    -0.262893     0.109736    -0.120781     0.518709    0.0930101   0.00186161    -0.161027   -0.0998269     0.279464    0.0196498     0.321167     0.469007     0.253135    0.0417998    0.0944915   -0.0458527     0.133776     0.271374     0.106676    -0.307385     0.231608    -0.101871    -0.240695      0.29119    -0.377932    -0.282512   -0.0509702      0.29757     0.049087     0.487235     0.100207     0.039578     0.139131      0.23675   -0.0353111    -0.101959    -0.255102     -0.24978     0.173912
   -0.382023   -0.0747184     -0.25505     -0.36829    -0.343631    -0.715052     0.525519     0.163424     0.134518  -0.00271591     0.249946    -0.330352     0.329362    0.0852413     0.205068   -0.0726392    0.0496012      0.17514     0.239205   -0.0665062   -0.0247659    -0.263326    -0.240871    0.0317093     0.337006    0.0676101    0.0124483    0.0268284   -0.0248557   -0.0122744     0.266636     0.079061     0.288925    0.0547731    0.0940439   -0.0137667     0.327586   -0.0344303     0.375283     0.193222     0.319614    0.0166394   -0.0467365   -0.0890679    0.0422908    0.0418348     0.170011     0.124422
    0.496561     0.056602    -0.190089    0.0296238      -0.3643      0.11853      0.12492    -0.290451    -0.313201   -0.0845484   -0.0718139   -0.0151833     0.117949     0.122007    -0.389072     0.296238    0.0488158     0.173003      0.18048    -0.120206    -0.357513     0.278208    -0.312186   0.00330301   -0.0704423    0.0256764    -0.028049     0.412482    -0.348778   -0.0479896   -0.0119702     0.503711    -0.666938     0.393789     -0.32959    -0.175292     0.337081     0.314975    -0.147372     0.225926   -0.0319731   -0.0119392     0.809407    -0.503052    -0.357824     -0.37991    0.0840802     0.681743
   -0.137923    -0.127894     0.305443     0.168462    -0.151379     0.835436    -0.653149     0.170376     0.262227     0.101036    -0.132099     0.392442    -0.575067     0.149536     0.388872     0.551081    -0.352724    0.0805427    -0.098594     -0.47659    -0.122607    -0.258236     0.151981     0.116346    -0.342016    -0.310927     0.139998     -0.22434    -0.120106     0.565439    -0.213042    -0.102599    0.0023978    0.0206132    0.0135388     0.632307    -0.196035     0.189452    -0.257262    0.0495975    -0.217822     0.672064  -0.00336909     0.200408     0.156827      0.39092    0.0407573     0.285301
   -0.138393     0.471305     0.699118      0.53058     0.350014   -0.0332647   -0.0119204     0.229159     0.161001   -0.0417803   -0.0156996    -0.120881   -0.0664799    0.0805242    0.0139721      0.21971    0.0457622    -0.143763   -0.0654167    -0.130491     0.311083     0.276633     0.135652    -0.284692    -0.281307    0.0977989     0.439864     0.159865   -0.0248629    -0.168949    -0.171224    -0.168631     0.117756   -0.0338554    -0.104391    -0.341315   -0.0850578     0.315377     0.287715      0.27727     0.154894    -0.251574    0.0514993  -0.00382556   -0.0581087   -0.0267116    -0.269526   -0.0853821
   -0.456203     0.101396     0.365777     0.301987     0.107214     0.149239    -0.257998      0.35898     0.214324     0.136902   0.00262904     0.531462    -0.481383   -0.0409425     0.161432   -0.0769698     0.112767      0.29105   -0.0934714    -0.548733     0.121002    -0.287699   -0.0590074     0.353296   0.00479527    -0.118208     0.245709    -0.415324      0.38294     0.324999    0.0849799    -0.110132    -0.076526    -0.298527     0.366681     0.281906    -0.162702     0.217052     0.217816     0.189521     0.205485     0.200049    -0.748035      0.37795   -0.0240008     0.295935    -0.058667    -0.718733
    0.702234     0.152092    -0.222768   -0.0664773    -0.207213      0.67707    -0.104832    -0.171238    0.0513621    -0.385748    -0.150931    0.0661882   -0.0477153      0.25896    -0.243875   -0.0670871    0.0749016   -0.0639091     0.303575    -0.194677    -0.151066   -0.0653495   -0.0906315    -0.078967     0.148808    0.0035289     0.281516    -0.178677    -0.132728     0.139824     0.233386      0.10985    -0.238269    -0.404616    -0.200204     0.154031     0.205404     0.220692    -0.108977    -0.327829     -0.23649     0.240957     0.244334     0.339479    -0.442689    -0.199981    -0.131381     0.141521
   -0.382658    -0.128361     0.104585    0.0882769    0.0993848    -0.181577   -0.0534485     0.124202    0.0779907     0.293786    0.0169478     0.140176    -0.113245    -0.139714     0.223451     0.108273    0.0803498    0.0793234    -0.245046    0.0723495    -0.260473   -0.0591258    -0.294458    0.0784831    -0.113758   -0.0327845    -0.253636   -0.0407924    -0.158124    0.0688461    -0.195877     0.234507     0.242289      0.38589    0.0978594    0.0344456     -0.23312   -0.0246624     0.117631     0.150824    -0.107112    0.0263949    -0.374438     0.320537     0.826609     0.521836     0.396727    0.0670546
    0.336091    0.0378729    -0.340221    -0.234147    -0.112242     0.075985     0.154554    0.0211292  -0.00670559    -0.178656   -0.0573788     -0.13105     0.440668     0.142974   -0.0687339 -2.43051e-05    -0.311287     0.223003     0.523108    0.0530801      0.11499    -0.483754     0.279182     0.188054     0.418078    0.0308566    -0.102035   -0.0133931    0.0730917     0.178734     0.531696    -0.470656    0.0414168    -0.323108  -6.7278e-05    0.0445102      0.15199     0.024152    -0.119972    -0.184864    0.0182973    0.0135231       0.4305    0.0161277     -0.38983    -0.308456    -0.166259     0.224869
   -0.573186   -0.0122899     0.243726     0.278485     0.152642   -0.0791998    -0.280148    -0.100918   -0.0703907     0.238186    -0.321273     0.677565    -0.128739    -0.148151    -0.133107    -0.222694   -0.0462055     0.631188    -0.264839      0.45765     0.317563     0.262053     0.275072     0.471428   -0.0772253   -0.0306612   -0.0915509     0.302307     0.272457     0.123531    -0.262779     0.266328    -0.343657     0.631604     0.177335     0.109461    -0.232396     0.243386     -0.45904    0.0363958     0.259906     0.156491     0.171525    -0.336169    -0.086015    -0.124464    0.0774841    0.0586707
   -0.360217    -0.126038     -0.05145   -0.0803066      0.18872    -0.560151        0.135     0.236972     0.169055     0.527737     0.116407    -0.290595   -0.0366121    -0.181518     0.345625      0.11473    0.0264441    -0.126414   -0.0895087   -0.0291301   -0.0265314   -0.0100771    -0.486735    0.0578161      0.13363     0.213602    -0.427645    0.0397136    -0.017343   0.00404468    0.0805358    0.0192385      0.13357      0.21712    0.0569424     0.229684    -0.156159    -0.447992     0.249087     0.294719    -0.100195    0.0875504    -0.727608     0.201274     0.554398      0.25556     0.659487    -0.572936
   -0.519787    -0.267777    -0.223365   -0.0180264    -0.615966     -0.27844     -0.32578    -0.297561    -0.270213    -0.251312    -0.328277    -0.279532    -0.209805     -0.27653     0.155764  -0.00657147 -0.000550569   -0.0519231     -0.42385     0.080004    -0.332142   -0.0672163    -0.374183    0.0195092    0.0648522    0.0858475    -0.110101   -0.0586102    -0.289203     0.046649   -0.0260264    -0.179895   -0.0682865    -0.161883   -0.0479566    -0.196883     0.176921   0.00380182    0.0140686    -0.297246   0.00239068     0.073492
  -0.0299853    -0.600056     0.506818     -0.13591   -0.0638979    -0.709863     0.137754      -1.1706    -0.862702     0.380588    -0.319708     0.891623    -0.450278     0.332578    -0.814567    0.0771534    -0.376332     0.213248     -1.04629     0.149382     0.347227   -0.0924741    -0.123699   -0.0903079     0.430972     0.119823    -0.111607     -1.35176    0.0107382    -0.196194     0.330899      0.12581   -0.0457252     -1.30301     0.221676      0.23022     0.279087    -0.657414      0.10374    -0.621581    -0.588248    0.0667377
    0.251916      -1.0617    -0.649237    -0.757563     -1.22834    -0.925742     0.497209    -0.555543   -0.0163592    -0.506128    0.0259375     0.565287    -0.145548      0.54884    0.0245167    -0.197662     -0.37338    -0.862261     0.477595     0.214671     0.198696     0.246778     0.171096   -0.0549988    -0.890695    0.0854853     0.188886    -0.160922     0.140265     -1.20046   -0.0231021     0.248766     0.265052     0.208959    -0.690127     0.203769   -0.0290056     -0.40179     -0.30343    -0.908419     -0.35492    -0.195017
    0.535313     0.292958    -0.139189    -0.588881    -0.266651    -0.420145   -0.0695826  -0.00471219     0.166738    -0.570689    -0.207865     0.100798   -0.0683973     0.118188    0.0736819     -0.74407    -0.351155    -0.664022     0.194079      0.22133     0.140821     -0.38086    -0.430333   -0.0978282    -0.795371    -0.264486    -0.613056     0.273922      0.28934    -0.667635    -0.265903    -0.522628    -0.591544   -0.0764624     0.606293     0.227971     0.244861     0.157592    -0.317062   -0.0128069     -0.41227    -0.272471
    0.334877    -0.104357    -0.368601    -0.670651     0.273728     0.238392     0.421029    -0.157601     0.201743    0.0443798     0.174343    -0.352415   -0.0439004     0.712094     0.352774     -1.08743     0.218088    -0.593032   -0.0411206    -0.222235   -0.0301067    -0.787039     0.545993    -0.814476    -0.429902    -0.668529    -0.222085      -0.3771   -0.0896779     0.192435    -0.418992    -0.906331   -0.0156729    -0.783181    -0.388502    -0.618114    -0.127832    -0.787998     0.232953    -0.414166     0.249641     0.488922
   -0.430961   -0.0348009    -0.313375  -0.00861932    -0.292948    -0.336882    -0.438414    0.0618141    -0.161679    -0.243955    -0.193167    -0.373329   -0.0884594    -0.421662   -0.0145791   -0.0560366    -0.225665    0.0919406    -0.560866    0.0120886    0.0127496   -0.0176253    -0.353076    -0.199994   -0.0793084   -0.0176261    0.0930304   -0.0337029    0.0807709   -0.0143334     0.127927    -0.133527    -0.396446    -0.279125    0.0711675    -0.071079    -0.185821    0.0152791    -0.187992     -0.15249    -0.154588   -0.0811801
    0.250478   -0.0240645    -0.275725    0.0411403     0.377441    -0.101412     0.234953    -0.423476    -0.479583     0.052466   -0.0120634    -0.445772    -0.340244    -0.557702    -0.521206    -0.736793    0.0492745  5.61583e-05    -0.794442     -0.39051    -0.637542    -0.245323   0.00159253    0.0315469     0.402073    -0.411212     0.294746   -0.0824036    -0.231845     0.235549     0.067132    -0.582172    -0.216304    -0.498643     0.316887    -0.163035      0.27722     0.149106     -0.11372   -0.0785903    -0.282442     0.179258
    0.131091    -0.897468   -0.0392434      0.38655     -0.69585    -0.794826    -0.650353    -0.706497     0.222654    -0.895553     -1.06066    -0.561899     -1.02537     0.544466     0.226765   -0.0541754     -0.31561     0.192692    -0.239506     0.277922     0.485005     0.133973    0.0856165   -0.0333509    -0.549586   -0.0156117     0.033352    0.0593256     0.229566    -0.794787     0.256097    -0.792918     -1.12255    -0.104883      0.15957     0.183185     0.243986     0.584729    -0.411315    -0.671812    -0.111129    -0.675499
  -0.0855046    0.0172706   -0.0633037    -0.299911    -0.612476    -0.102636    -0.152279     0.117272     0.196781    -0.332572    -0.256997    -0.137761    0.0493078     0.198887     0.208231    0.0413697    -0.324269    -0.391945    -0.124648     0.178446     0.219177    -0.118802    -0.572972    -0.702286    -0.933077    0.0052334    -0.870735    -0.258886     0.119883    -0.885971   -0.0425332     0.208887    0.0139419    -0.291755    -0.441966     0.153263     0.185489      -0.3372    -0.356412   -0.0275467     0.228384    -0.193816
    -0.62901   -0.0295954     0.265226     0.186216    -0.521223    -0.219796    -0.336448     0.314709    0.0343743    -0.898676    -0.650931    -0.297981    -0.285083     0.173193     0.236262     0.160147    -0.235393     0.330627    -0.665501     0.335674     0.134543    0.0379697    -0.556858    -0.448647    -0.526508    0.0352101    -0.759597    -0.651191   -0.0985743    -0.604617     0.273709   -0.0117404    -0.397566    -0.627205    -0.215483    0.0485489     0.205949    -0.643969     0.117103    -0.260417     0.280911   -0.0332022
   -0.401741   -0.0655725    0.0417198    -0.142978    -0.332977    0.0414552     0.155707  -0.00791804     0.111751    0.0404068    -0.119854    -0.324983    -0.020188    -0.247173      0.17145    -0.156318    -0.053142    -0.451772  -0.00615602   -0.0165289    -0.190392    -0.291426     -0.38729    -0.392037    -0.323035    0.0147319    -0.583301   -0.0870978    -0.528753   -0.0243465    -0.425492    -0.256815    0.0422323     0.101528     0.125006    -0.266981    -0.108919    -0.099097   -0.0911577    0.0127169    0.0968314     -0.25817
   -0.420645    0.0283694    -0.174478   -0.0505597    -0.314553   -0.0912391     -0.28575    0.0151218    -0.201923   -0.0343645    -0.150926    -0.336376   -0.0654138    -0.443598   -0.0986697   -0.0431867   -0.0950787    0.0113284    -0.458646   -0.0488997    -0.165475   -0.0308297    -0.437836    -0.331669    -0.249098   -0.0902635    -0.328503    -0.119463    -0.358084   -0.0966794    -0.054548  -0.00501799    -0.089546    -0.254321    -0.043432    -0.108611   -0.0134715    -0.133219    -0.126434   0.00795538    0.0738425   -0.0891517
   -0.755898    -0.319489    -0.721413    0.0724605    -0.469678     -0.38301    0.0934537    -0.751237    -0.973283    -0.107507  -0.00217278   -0.0277804     0.102055    -0.670193    -0.776431     0.194409    -0.191689    -0.300158    -0.565561      0.38333    -0.739781     0.520334   -0.0858899    0.0345462     0.243322    -0.686402     0.603979     0.278197    -0.732578     0.239394     0.312334    -0.565022     0.214928    -0.477725    -0.680215    0.0914383   -0.0101407    -0.344128     0.184664   -0.0905062    -0.650099     0.375381
   -0.604388    0.0886088   -0.0136699    0.0323118     -0.38069  -0.00115418    -0.436185        -0.12    -0.485618   -0.0743368    -0.369647    -0.296783    -0.119302    -0.482752    -0.136402    0.0545346   -0.0869607    -0.105322    -0.474934      0.12751    -0.628106   -0.0345659    -0.410715   -0.0889915     0.109701    -0.126408    -0.301199    0.0573654    -0.561846    0.0635315    -0.363765    -0.222874    -0.165227   -0.0511226    0.0973869    -0.380539    0.0885425     0.061413    -0.114793     0.102896   -0.0549785   -0.0189916
   -0.381395    -0.138941    -0.272232    0.0328512   -0.0554537    -0.205301    -0.209384     -0.10461    -0.245493  -0.00363726   0.00388249    -0.248825  -0.00920001    -0.385495    -0.421464    0.0677816     -0.21204    0.0283135    -0.127039    -0.159424   -0.0402996    0.0293308    -0.159544    -0.123069    -0.103301    -0.255292    0.0933825   -0.0623839    -0.171248   -0.0117873       0.0237    -0.193756    -0.264365    -0.101274    -0.210445   0.00414612    -0.491889   -0.0411599    -0.165941    0.0260429    -0.155914    -0.287197
    -0.30537    -0.380288    -0.628575    0.0935006    -0.252958    -0.217348    -0.439232     0.135247     0.268832    -0.233754    0.0543728    -0.641176    0.0234505    -0.582951   -0.0285784     0.180319    -0.660063    -0.266323    0.0622235     0.145481     0.301971     0.291904    -0.383858    -0.355073    -0.876321    -0.336849     0.106556     0.227923     0.218278    -0.172793     0.156358    -0.054234    -0.488251     0.140989    -0.658444     0.199486    -0.715298     0.220891    -0.758571      0.33844    -0.190269    -0.675654
   -0.538397    0.0386509    -0.622762   -0.0292377    -0.431897    -0.452532    -0.243164    0.0202838     -0.31907    0.0450965   -0.0714736    -0.367058    0.0105137    -0.597825    -0.257646    -0.161345    -0.132029   -0.0829076    -0.622274    0.0986553     -0.10992   -0.0551627    -0.579793    -0.106854    -0.181836    -0.178918    0.0965639    0.0846836    0.0599779    0.0725586     0.142605    -0.217176    -0.188099     -0.46957     0.191449  -0.00349954     0.109456  -0.00666821    -0.189642   -0.0371019     -0.15059    0.0323408
   -0.700391    0.0708419     0.157742    0.0325329    -0.108852    0.0120514    -0.823526     0.303005     0.503811     0.174438    -0.294701    -0.659806   -0.0707758    -0.403277     0.470316     0.223898    -0.319542   0.00353293     0.105149    -0.797425     0.207153    -0.983492    -0.687998    -0.511449    -0.915946      0.27503     -1.15607    -0.166199      0.20718    -0.145881    -0.642832     0.268154    -0.331637     0.174795    -0.142316    -0.793832    -0.552565     0.155434    -0.812909     0.117507     0.396001    -0.884407
    0.253844     -0.24885     0.291986    -0.134818    -0.528128    -0.660599     0.389557    0.0728024    -0.274558    -0.916029   -0.0180651     0.052127    -0.161083    -0.131203    -0.168829    -0.347822      0.12306     0.269885    -0.399549     0.123876     -1.04857   -0.0196667      0.90445    -0.375403     0.262936    -0.802561    -0.486787     0.116804     -1.19977    -0.132151     0.322314    -0.862715    -0.494237  -0.00163774     0.189014     0.170325    -0.209533     -1.19167     0.398786     -1.09418     0.267084     0.624654
    0.538647     0.347273    -0.930755     0.101102      0.46477    -0.160815      0.53785    -0.455504   -0.0624711    -0.995951    -0.353568    -0.487337    -0.023108     0.511205     -0.82102     -1.02528     0.204717    -0.128276    -0.121059   -0.0363709     0.342043      0.19086    -0.412554     0.216889    -0.355297    -0.725904     0.282038    -0.565289   -0.0793148    -0.773114    -0.116562     -1.07118    -0.727935    -0.726637     0.345041    0.0247378     0.466252     -0.55419     0.084654    -0.673529     0.379152    -0.521721
    0.132304     0.118301   0.00311531    -0.790833     0.234376    -0.162882    -0.556336    0.0329627     0.146239     0.297444     0.125261   -0.0666977   -0.0498214    -0.539495    -0.334213    -0.907614    -0.585596    -0.886601     0.487374    -0.956287    0.0299878     -1.11725    -0.626584    0.0589912   0.00246265   -0.0726699   -0.0903393     0.158633     0.308984     0.145393    -0.725319    0.0637974   -0.0306735     0.260276     0.497821    -0.485386    -0.730284     0.184821    -0.569431     0.160004     -0.98946    -0.688664
    -0.69316    -0.307481    -0.041052    -0.302753     0.269559   -0.0799012    -0.270221    -0.596943     -1.10458     0.515485     0.109978     0.493528    -0.115235    -0.635892     -1.05498     0.334144    -0.228146    -0.273156     0.247656     -1.02775    -0.693252    -0.280172     0.581274    0.0726013     0.675938    -0.375727     0.395516  -0.00511727    -0.805015     0.296647    -0.404363    0.0448766     0.150473     0.253667    -0.754058    -0.658963     -1.14731   -0.0625959    -0.116216     0.165211    -0.946743   -0.0549846
    0.241072    -0.102592    -0.613684    -0.305008     0.247098   -0.0210388     0.425887    -0.437823     0.115956     0.152962    0.0267623    -0.227384    0.0342498    -0.645108    -0.404491    -0.583298   0.00319003    -0.426294    0.0350465    -0.430693      0.14148   -0.0557711   -0.0776732    -0.145085    -0.369304    -0.873445     0.210517    0.0264956     0.111483     0.142282    -0.732408    -0.139158    0.0753791     -0.43759    -0.595349    -0.265931    -0.118139    -0.433896    -0.497963     0.237444    -0.431149     0.123609
    0.464972    -0.144952    -0.956211    -0.439461     0.274419     0.182465     0.318167     0.311717     0.141554    -0.248051     0.074391    -0.674733   -0.0132286    -0.631859    -0.333265    -0.734493    -0.172767    -0.561436     0.323571    -0.746189    -0.464493     0.328511   -0.0376231    -0.237124    -0.325662      -0.7717     0.260888    0.0771881     0.073079   -0.0607664    -0.653448   -0.0227397    0.0723561     0.235553     -0.97222    -0.280728    -0.700369   -0.0189941     -0.77023     0.240635    -0.297611     -0.52183
   -0.721123     0.223648     -0.10872    0.0824263    -0.655609   -0.0752195    -0.336443    -0.146249    -0.787041   -0.0789673    -0.504882    -0.303174   -0.0586218    -0.533942   -0.0797421  -0.00418491    0.0278812       -0.134    -0.811983     0.380063    -0.834675    -0.106394    -0.682566    -0.126535     0.112488   -0.0597998    -0.464413    0.0331792    -0.768058    0.0506018    -0.229097    -0.366035    0.0174655    -0.486746     0.154953    -0.429014     0.409842    -0.223337     0.178606   0.00978597     0.189159     0.335165
   -0.123785    -0.303323   -0.0372858     0.160653   -0.0261499    0.0844325     -0.17266    -0.273417   -0.0951155    -0.416036    -0.359649    -0.461649    -0.354137    -0.436995    0.0128792     0.209604    -0.365961    -0.254053     0.260836     0.120936    -0.641335     0.223407    -0.157186    -0.159364    -0.133934    -0.316712    -0.260934  -0.00441519    -0.333726     0.100839    -0.350433    -0.031696    -0.139342     0.169463    -0.547029     0.147215   -0.0341195    0.0371502    -0.613646     0.222052    0.0928021     -0.43413
   -0.317953   -0.0128987     0.195498    -0.278262    -0.608558   -0.0633755      0.16415    -0.140555    -0.132723    -0.117145    -0.175537     0.106534   0.00840587    -0.145327    0.0915785   -0.0392422    -0.125542    -0.623669      0.16541     0.101948    -0.269242    -0.158458    -0.437771    -0.202438    -0.614864   -0.0179009    -0.670953    0.0640167    -0.478939    -0.483479    -0.476856    -0.072294      0.16095     0.146952    -0.107953    0.0447427     0.141517    -0.210209   -0.0733706    0.0380598     0.100207    -0.174211
   0.0214945    -0.236796     0.188538   0.00657331   -0.0443999     0.105286     0.260134    -0.211801    0.0342779    -0.206845    -0.125616    -0.355463    -0.263331    -0.318688   -0.0705864    0.0988488    -0.192865    -0.389877     0.305113   -0.0517985    -0.496842    0.0947651    0.0636427    -0.236555    -0.275225    -0.311773    -0.377262   -0.0487935    -0.601305   -0.0490633    -0.458103   -0.0968067   -0.0665714     0.159757    -0.449749    0.0771771    -0.321497    -0.134831     -0.45932    0.0403216     0.196515    -0.454937
   -0.613838    0.0062797     -0.31036    0.0335913    -0.587189    -0.362559    -0.367441     0.109982    -0.260848     -0.43409     -0.30748    -0.383613     0.036039    -0.378208    0.0480711    0.0312794    -0.119977     0.255156    -0.681951    0.0684215   -0.0144203    0.0885922    -0.475645    -0.388103      -0.1534    0.0654263  -0.00539817   -0.0844456    -0.170804    -0.177439     0.316604    0.0169252    -0.363648    -0.609632    0.0700914   -0.0625795    -0.024124    -0.374141    0.0829028    -0.519483     0.178672    0.0843004
   -0.727441     0.184303    -0.105256     0.125924   -0.0699262  0.000236161    -0.815636    0.0047493    -0.604023     0.235806    -0.520547    -0.121819    -0.207718     -0.42242    -0.110974   -0.0875723     -0.10818  5.11296e-05    -0.987031    -0.584664    -0.603697     -1.13985    -0.571639     0.128959     0.401346     0.201993    -0.530847    0.0160574    0.0416779     0.218602    -0.560681   0.00836008   -0.0661008    -0.258363     0.168184      -1.0405     0.415899     0.124189    0.0419372  -0.00190705    -0.484881     0.318407
   -0.716885     0.163343     0.216584     0.122496      0.16002   -0.0106454    -0.564365   -0.0381301    -0.589974       0.2898    -0.298078   -0.0826955    -0.087436    -0.452124    -0.459893    0.0252255      0.10143    0.0214889    -0.191659     -1.00705    -0.624227     -1.01691    -0.444525    0.0604412     0.462453     0.101258    -0.737349    -0.138794    -0.706753     0.122616    -0.719773    0.0599651    -0.109577     0.307922     0.300479    -0.887529    -0.265205     0.105806   -0.0941639  -0.00819822    -0.214204    -0.445723
    0.164829    -0.864897    -0.289246    -0.530847     -0.31834    0.0123408    -0.749258     0.282099     0.120002    -0.825036    0.0115867    -0.417023    -0.900006     0.454951     0.203682    -0.306149    -0.373935     0.175211      0.41871    -0.143146    -0.461207    -0.285698     0.632484    -0.444083     0.262949    -0.120644      0.14389   -0.0773586     0.221685    -0.160769     0.142783   -0.0898483     -0.16239     0.522024    -0.998264    -0.329974    -0.911001    -0.484229     0.148035    -0.747382    -0.127158     0.213573
    0.231073    -0.408341     -0.51403    -0.586735     0.296509    0.0210324   -0.0378961    -0.854905    -0.469589     0.198386   -0.0385615     0.580854   -0.0876018    0.0623678    -0.609599    -0.379472    -0.360665    -0.754043     0.107063    -0.164619     0.293585     0.180056    -0.154951      0.12986     0.235538    0.0385317     0.298618    -0.696222     0.248689   -0.0695509    -0.364322    0.0139346    0.0904515    -0.829723       -0.709    -0.098459     0.151337   0.00427809    -0.371542     0.162006    -0.968307    -0.258184
    0.616162     -0.26619     0.765808    -0.665134     0.304499     0.197313     0.429896   -0.0643243     0.141447      0.38502     -0.12515     0.372788     -0.27949     0.571494     -0.08299    -0.229505    -0.165573    -0.216598     0.418115    -0.757253     0.328009    -0.441692     0.420689     -0.77158    -0.730454    -0.142702    -0.923686     -1.32776     -0.80832      -1.2007    -0.344172     0.171961    -0.212307     0.163226    -0.342985   -0.0703873    -0.901454    -0.457029    -0.354538    0.0184511     0.272281    -0.931994
    0.101992    -0.340334   -0.0298058    -0.695726      0.55522     0.100463     -1.01806   0.00333612    -0.140981    -0.544658    -0.277047     0.299313    -0.452415     0.433126   -0.0870613     0.167352     -0.51811    0.0489729    0.0536587   -0.0674426    -0.415623   -0.0739171     0.158127    -0.303058     0.322029    0.0795651      0.10669      -1.0346     0.267332   -0.0505897     0.293614     0.445669   -0.0651874    -0.470313    -0.930713   -0.0734121    -0.785822    -0.496658   -0.0371218    -0.267497    -0.981177     0.213261
   -0.363761    -0.563843     -0.30226     0.138739    -0.542169    -0.638329   -0.0855006    -0.660097    -0.361594    -0.428265    -0.333588    -0.336747    -0.331879    -0.333596    -0.631016    0.0240985   -0.0152193     0.207825     0.038834     -0.13113     0.191828    0.0422981     0.523188     0.236393     0.504323   -0.0143864     0.266227     0.101268    -0.391696    0.0540732      0.12528    -0.632691    -0.747621     0.307398     0.208759   -0.0208743    -0.274746     0.191351    0.0409553    -0.690351    -0.204277    -0.552513
