no weights
   0.0206877    -0.158362    0.0428963    0.0284343     0.187608     0.085448    -0.245227     0.116951    0.0402567     0.157044     0.337666    -0.143527    -0.140165     0.158005     0.138524     0.131263     0.313801   -0.0428077    -0.215181     0.102184   -0.0466416    0.0322775     0.318188    -0.251596    -0.197345     0.121955     0.269801     0.369342     0.258938    -0.239459     -0.14647     0.161102     0.239275     0.230976     0.168009    -0.167012     -0.18567     0.401895     0.118147    0.0964374      0.41443    -0.176929      0.15082    -0.351382    -0.173474    -0.117433    -0.212942    0.0379486
  -0.0764851   -0.0360627   -0.0553583    0.0160114    0.0877092     0.206614   -0.0469808  -0.00521305   -0.0451921    0.0372722   -0.0159108     0.204349    0.0646386    0.0228576   -0.0344412     0.105957      -0.2282     0.230131     0.180524    0.0368831  -0.00370227    -0.278494     0.312732     0.183531     0.143248   -0.0204695    -0.261204   -0.0464031     0.123925     0.295809     0.236456    -0.314627   -0.0410121   -0.0845365     0.142888     0.244914    0.0478056   -0.0363069    -0.232399  -0.00196787     0.113898     0.225511     0.118901   -0.0362808    0.0750956     0.196746     0.190041     0.164079
   0.0115335    -0.057148    0.0133301    -0.124911    -0.157066    -0.117747    -0.196354     0.181914     0.145795     0.123566     -0.32301   -0.0190194     0.135933   0.00300017     0.189427     0.194813    -0.375786     0.337025    -0.063121     0.201481     0.015379   -0.0378575   -0.0793191     0.142254   -0.0838647    0.0577503       0.3121     0.169188    -0.280183     0.116573   -0.0575869    -0.110082     0.324557     0.291665    -0.244038  -0.00148402    -0.193286    0.0965219    0.0655881    0.0855826   -0.0752354    0.0833941     0.126022     0.212057  -0.00690066    0.0217971    -0.102967     0.277457
   0.0351867     0.167848     0.294069     0.205891     0.177449     0.225199    -0.110347    0.0888052    0.0990642   -0.0195235     -0.27611     0.356649    -0.138487   -0.0364638   -0.0229141    0.0384313    -0.114254    0.0848376     0.105911    -0.124905      0.17013   -0.0112879   -0.0889513     0.174486    0.0732398   -0.0760071    0.0156638    -0.117256    0.0641818    0.0416912    0.0446904   -0.0313198     -0.20316   -0.0966124  -0.00533773     0.058125    0.0281648   -0.0352422    -0.194311  -0.00367705     -0.16342     0.110398   -0.0572769     0.318906    0.0492228     0.230346     0.133345   -0.0923059
     0.24577    -0.322576    -0.297303    -0.309969     0.120117    0.0965281   -0.0990268    0.0982569    0.0910501    0.0494707      0.16054     -0.10201     0.219458     0.100595      0.15591   0.00827017    0.0607523   0.00186526     0.128426      0.24043   -0.0181314    -0.385303     0.288724   -0.0614458     0.105557     0.187484     -0.11024     0.225069     0.269111   -0.0729211     0.159962    -0.251231     0.365318    0.0321636     0.231232   -0.0411236    -0.203775    0.0471868   -0.0652806    -0.289034     0.113818   -0.0873622     0.271051   -0.0943854    0.0974734    0.0620277   -0.0261888     0.240366
    0.135767   -0.0579707    -0.314819     -0.17215     0.124479   -0.0478217    0.0793519    -0.104261   -0.0182791   -0.0264552    0.0935219    0.0436135     0.375881    0.0246765  1.93786e-05   -0.0865619    0.0100643      0.21709     0.104174      0.31349   -0.0869141    -0.234123     0.225544     0.117275     0.164484     0.165908    -0.158782     0.206972      0.10056    0.0409159     0.251108    -0.122602     0.151023     0.139364      0.15792     0.154191    0.0205078   -0.0481451   -0.0520392    -0.184157     0.148426     0.089037     0.272933    -0.129022    -0.021353     -0.10991      0.13153     0.162091
   -0.468117     0.078811     0.307922     0.206049   -0.0383279    -0.136687    -0.285063     0.121775     0.147352      0.20962    0.0156224    -0.169496    -0.241004    0.0382808     0.148221    0.0373278   -0.0429838   -0.0345262   -0.0271541    -0.145991      0.15157    -0.232571     0.264081   -0.0815421   -0.0604315    -0.191018     0.304385    0.0647982     0.322683    -0.191594   -0.0650499    0.0450546     0.119019      0.28756     0.329654    -0.127082    0.0389342     0.263913    -0.122003     0.192092     0.542769    -0.144694     0.201472    -0.178706     -0.14403     0.154231     0.150746     0.101006
   0.0743312    0.0439578    -0.247118    0.0244245     0.147453    0.0611031     0.172409    -0.150972     -0.17941    0.0338959    0.0759619   0.00878185     0.289956     0.123778    -0.229485      0.11007   -0.0246885     0.223322    0.0436007     0.317184   -0.0471816      0.24467     0.233775     0.171983    0.0223436     0.121566    -0.275842     0.246878    0.0177251     0.224402    0.0541213   -0.0271585   -0.0993664     0.216544    0.0405121     0.162763    0.0587951    -0.102115   -0.0978366     0.130043   -0.0214064     0.236141     0.122163    -0.294182   -0.0081538    -0.163149    0.0801343      0.10388
    0.114123    0.0449416   -0.0579381     0.127547     0.171125      0.25776   -0.0162025   -0.0433809    -0.136045     0.126734     0.183979    0.0869584   -0.0299814    0.0930842   -0.0302972    0.0740567      0.29944     0.109096    -0.138814     0.270692    0.0403505     0.285024     0.343248    0.0349837   -0.0954132     0.107247     0.072153     0.217104     0.114153    0.0557158   -0.0378707     0.256944    0.0657421     0.164904     0.105069     0.117577   -0.0360127     0.264004   -0.0830573     0.060137      0.28575     0.098581     0.135656    -0.348518    -0.405327    -0.433679    -0.228367    0.0911306
  -0.0448109   -0.0600642    -0.211684     -0.36673    -0.476777   -0.0905535    0.0308117     0.200664      0.18259   -0.0378727     -0.14496    -0.220147     0.231016    0.0570924     0.222258   -0.0251644     -0.34547     0.146263     0.263698    0.0839437     0.156361    -0.383347     0.141688    0.0539911     0.334879    -0.155607       0.1719    -0.129233   -0.0775008     0.098047     0.327566    -0.097428     0.317638    -0.041824    -0.116837     0.177149     0.246924   -0.0324676    0.0411276    -0.164014    0.0653438     0.137035     0.366315     0.239898    -0.115519    0.0922711     0.161114     0.406518
   -0.052113   -0.0375164   -0.0986331   -0.0208843    0.0401064    -0.101125     0.120912  -0.00953348    0.0296193     0.132917     0.183628     -0.24332    0.0927966    0.0696875      0.12779     0.116052     0.025412  -0.00124295     0.143643     0.153017    0.0809195    0.0114614     0.154746   -0.0648749      0.15644    0.0566258    0.0191306     0.135149    0.0808336   -0.0467692     0.184652    0.0297977     0.109187     0.232625    0.0916043    0.0227835     0.195249   -0.0863902     0.154046     0.105605     0.160407  0.000342452     0.214103     -0.14406    0.0728607    0.0857746    0.0966777     0.149435
  -0.0997088    -0.116766    0.0312702    -0.209512     -0.33899    -0.282025    0.0145025     0.201095      0.23104   -0.0200201    0.0535668     -0.28123   -0.0295231   -0.0773749     0.178104    0.0531948   -0.0803424    0.0683183    -0.113951   -0.0433821    0.0304738   -0.0926152    -0.173322   -0.0773308    -0.112932   -0.0430041     0.309637     0.020494    -0.210609   -0.0104366   -0.0776166   -0.0550441     0.393858    0.0970744   -0.0964856    -0.169674   -0.0850061     0.133344     0.437083      0.20791     0.146316   -0.0990742    0.0145563     0.164867    0.0876618      0.19286   -0.0800363    0.0909864
   -0.141126    0.0920195    0.0548307     0.132673   -0.0514448   -0.0205711    0.0564958    0.0304243   -0.0364256     0.088524  -0.00282075   0.00738472     0.107582    0.0886687    0.0366236     0.123564    -0.136245    0.0276875     0.169987    0.0101457      0.12289   -0.0703964      0.19744    0.0717461     0.234634    -0.162958    -0.100597    -0.123008     0.140529     0.129172      0.20443    -0.152109    0.0698912   -0.0208735     0.143815     0.144997     0.273336    0.0185993   -0.0995316     0.105162     0.222254     0.116082     0.177711   -0.0809488    0.0259473     0.162597     0.218553     0.152092
     -0.1579   -0.0305211     0.109384  -0.00581384   -0.0314506    0.0532313    -0.173976    0.0806942     0.118719  -0.00657173     0.281818     0.050093    -0.157751    -0.124706     0.122312   -0.0921984     0.438205   0.00481198    -0.449805     0.318336   -0.0945429        0.179    0.0174029   -0.0229265    -0.344791     0.148041      0.34255     0.120632    -0.011789    -0.193144    -0.358693     0.330984     0.364037     0.241228     0.101973    -0.122652    -0.394238     0.429092     0.286549    0.0705173      0.30047    -0.144916    -0.197683    -0.186493   0.00694369    -0.143171    -0.374026   0.00315764
   0.0650965     0.259599    -0.072537     0.141892     0.113755    0.0226775    0.0785317   -0.0755184     -0.12712     0.101616    0.0309818     0.125893    0.0987084   0.00764059     -0.10401    0.0502418     0.160864     0.218588    -0.032353     0.314235   0.00648772     0.334053    0.0520236     0.203737   -0.0847898     0.101716     0.087624     0.110629  -0.00158577     0.130011   -0.0369886     0.239252    0.0559973     0.211789   -0.0541653     0.257928   -0.0314063    0.0953225    0.0146664     0.160645    0.0340591     0.191456   -0.0789478     -0.16689    -0.237622    -0.391264   -0.0379896   -0.0661643
    0.175534     0.276333     0.144276    0.0640335    -0.118719    -0.175737     0.215882    0.0654194     0.106262   -0.0583974    -0.268369    0.0712535     0.151836    -0.144887   -0.0898659   -0.0606836    -0.225949       0.1421     0.115751     0.121876     0.152369     0.161823    -0.235966     0.136653  -0.00284655     0.139429      0.15065    0.0134843    -0.213314    0.0627325    0.0672804   -0.0488482     0.121984     -0.11206    -0.293238   -0.0554417    0.0602001   -0.0289445     0.226773    0.0579134    -0.260984   0.00876693    0.0537558     0.280901     0.188472    0.0820176    0.0228228    0.0946729
   -0.114736   -0.0268955    0.0790959     0.194283    0.0999639    0.0630013    -0.117978  -0.00396719 -0.000609341     0.222132   0.00106314     0.147686   -0.0685195    0.0293582  -0.00719538    0.0304549     0.051323    0.0758848    0.0822248    0.0181534    0.0078952   -0.0303834    0.0734693    0.0775072    0.0820326   -0.0550216    0.0132851     0.070031     0.110945    0.0437954    0.0525945   0.00899814    0.0345413      0.11127      0.11365     0.110725  -0.00434195     0.112111    -0.100655     0.091363     0.198901    0.0440647    0.0248069    0.0956836     0.127228     0.192333     0.254448     0.097196
    0.040372     0.034452     0.153862    0.0173519     0.209572    0.0912027   -0.0871005     0.170318     0.149794     0.127398    -0.225143     0.128951    0.0540269   -0.0420648  -0.00590532    0.0536581   -0.0651498    0.0370678    -0.126369     0.119144     0.189753     0.168968    -0.109131    0.0898162    -0.154878     0.122987    0.0345989     0.160487   -0.0754586    0.0347343    -0.187342    0.0241652    0.0375177    0.0735797    -0.127736    0.0210578     -0.23327   -0.0373684    0.0471515   -0.0125437    -0.253642    0.0443231   -0.0797439     0.211064     0.364895      0.25377    0.0537306     -0.06312
    0.256228   -0.0129618    -0.215106   -0.0690187    -0.113867    -0.052441     0.174546    -0.213108    -0.252073   -0.0502835     0.400822   -0.0948602     0.206523    0.0623261     -0.11927     0.112907     0.302027   -0.0497377     -0.02514     0.150332    -0.284626    0.0956517     0.184713    -0.109621   -0.0472514     0.167452     0.094857     0.189373     0.104351     -0.12657  -0.00903714     0.203118    -0.042911      0.23683    0.0213674    -0.139682    0.0287683     0.285228    0.0262587    0.0884741     0.316954    -0.189501     0.421055    -0.427828     -0.28539    -0.381167    -0.183593     0.407675
   -0.165095     0.481717     0.568397     0.442793     0.366728   -0.0638591   -0.0518777     0.123567      0.14492    0.0754007   -0.0422894     0.103366    -0.221495   -0.0679066    0.0425547     0.050578    0.0863837   0.00522679    -0.135869   -0.0751616     0.150402     0.282015    -0.146148     0.133354    -0.127342     0.127108     0.144463   -0.0573754  -0.00425467    0.0567684    -0.160269     0.172484    0.0317485   -0.0691634    0.0638102   -0.0672676    -0.137548    0.0126605     0.242973      0.21567  -0.00660363    -0.063557    -0.369518     0.173999     0.131099    0.0244545   -0.0777102    -0.416307
 -0.00453327     0.165308     0.159479     0.020496    -0.131045     0.286334    -0.219101     0.188106     0.183287    -0.143338    0.0874577     0.107196   -0.0770336    0.0412793     0.166939   -0.0828143      0.22581    0.0507708    -0.123128    0.0862266     0.288904    0.0451986     0.376108    -0.150352    -0.166163    -0.172141     0.392343    -0.249334    0.0320574   -0.0369492    -0.173105      0.20108     0.168974    -0.069445     0.201423    -0.079744   -0.0831654     0.416855      0.11565    -0.135445     0.298793   -0.0222278    0.0573992    0.0579065    -0.327288    -0.134691    -0.371969     0.134746
  -0.0895199     0.377406     0.463236     0.403607     0.409003    -0.177177   0.00498191    0.0763923    0.0534174   -0.0357657    0.0568885   -0.0227268    -0.111028 -0.000274903   -0.0605022   -0.0558544      0.19507    -0.191494   -0.0648241    -0.129969     0.165701     0.192117   -0.0446257    -0.142242   -0.0981257    0.0479087     0.242175     0.102825     0.103186    -0.202404    -0.170926    0.0244088   0.00544099   -0.0294061     0.150065    -0.269102     0.102725     0.147193     0.158623    0.0793069    0.0936493     -0.17628   -0.0557081     0.116531    0.0223111     0.129938    0.0243456    -0.214164
     0.14727    -0.114865   -0.0954985   -0.0362768    0.0878213    -0.205486    -0.146961  0.000633157   -0.0457804     0.300648    0.0768852    -0.246228   -0.0493589   -0.0868252   -0.0246226     0.140834     0.160636    -0.126628    -0.219231     0.150682    -0.242972     0.157783     -0.16969    -0.267409    -0.161624     0.144739      0.14845     0.413679   -0.0140073    -0.359587    -0.153285     0.277289     0.160302     0.455943    -0.086956    -0.273573    -0.203087    0.0801331     0.100869     0.174451    0.0861035    -0.262437     0.129223   -0.0391618     0.056883    0.0539773     0.170582    0.0734378
    0.155181     0.031618     0.142219     0.173782    0.0192017     0.213284    0.0802732     0.109667     0.101177   -0.0472655    0.0469507      0.18605   -0.0761191     0.108355    0.0886907     0.105156     0.127329    -0.128076     0.164661     -0.24489   0.00658264   0.00173659    -0.101839    0.0817367     0.106506    0.0210754    0.0642214     -0.17758     0.033458    0.0624975    0.0657144    0.0605301   -0.0895317    -0.187384    0.0611698   -0.0497767     0.164305    0.0863777      0.12167    0.0717886  -0.00795109   0.00953171   -0.0426942     0.199169     0.216024     0.254022    0.0791392    0.0326148
     0.18025     -0.25497    -0.116029    -0.224733    0.0434056    -0.152876    0.0378105     0.119479     0.151371    0.0256908   -0.0530081    -0.081984    0.0293553    0.0829439     0.158491     0.107593   -0.0493734     -0.19353    0.0798787     -0.17459    -0.111191   -0.0912493    -0.445387    0.0570933    -0.019272     0.267386   -0.0651607    0.0915396  -0.00883667   0.00831735    0.0266765   -0.0673367      0.10281      0.02719  0.000533816   -0.0604568   -0.0429384    -0.448598     0.151519   -0.0886642    -0.447853   0.00319698   -0.0633831     0.359127     0.608115     0.433464     0.222704   -0.0244481
   0.0572672     0.126622    0.0141312   -0.0644063    -0.193322     0.105138     0.148606     0.041288     0.100125     -0.18743   -0.0697492     0.110202     0.103939    0.0256152   0.00626154   -0.0657624  -0.00345922      0.15728   -0.0453901     0.160408    0.0948707     0.141723    -0.108873     0.164739   -0.0163435     0.130801     0.222699   -0.0984545    -0.223323     0.231514   -0.0825718      0.15585     0.201875     -0.07503    -0.171376      0.14567     0.117801    0.0413968     0.337772    0.0313019   -0.0664633     0.173402   -0.0233324     0.184395    0.0252491   0.00695713    -0.151015    0.0627066
    0.141396    0.0856977     0.132878     0.159857     0.275635   -0.0355259     0.134379    0.0908173    0.0889743   -0.0700458     0.320079    -0.154189   -0.0691881    0.0964955     0.123418   -0.0291192      0.36167     -0.46642    0.0825098    -0.116915   -0.0570665    0.0292062    -0.141296    -0.280208   -0.0338927     0.183889    0.0208905   -0.0858496     0.217728    -0.227647   -0.0582787     0.217409   -0.0640266    -0.206786     0.111396     -0.23635     0.150034   -0.0619292     0.181953    -0.122759    0.0189753   -0.0842669    -0.119038     0.223355     0.238115     0.136143    0.0491664    -0.135647
    0.256162     0.297091    0.0869041     0.358093     0.233616     0.158362     0.193756    -0.191251    -0.219639     0.122087   -0.0274407     0.146547   -0.0840796    0.0752499    -0.114453     0.212341   0.00924786    -0.158043      0.31112    -0.269894    -0.164213     0.206054   -0.0569049    0.0924822     0.315732   -0.0226447    -0.297724    -0.142265    0.0171885     0.126146     0.327756     0.121386    -0.526561   -0.0920467   0.00139271     0.199045     0.344918   -0.0891415    -0.214298     0.217593    -0.162455     0.137495   -0.0252288    0.0222725    -0.144226  0.000802452     0.358951   -0.0419011
     0.32749    0.0737972   -0.0320017    -0.121953    0.0622284     0.260816     0.211725     0.148605     0.127977    -0.174837     0.361883     0.055772   -0.0980338     0.146254     0.168886   -0.0902218     0.385427    -0.223551  -0.00737376    0.0891821      0.23243     0.151802     0.121285  0.000345558    -0.023414     0.215582    0.0974242    -0.155954    0.0833113    0.0873709   -0.0352616     0.239667   0.00120231    -0.232765     0.147129    0.0841688     0.025943    0.0543796     0.398004   -0.0424364    0.0255596    0.0237792    -0.150042   0.00131447    -0.134582    -0.273536    -0.367609    -0.167162
    0.274661   -0.0589014    -0.160761     -0.13794     0.187857   0.00177035     0.202168    0.0838996    0.0745923     0.154724     -0.02392   -0.0432976     0.125688     0.101555     0.181367    0.0984997      -0.1253    -0.102056     0.294281   -0.0718642    0.0290656    -0.161763    -0.210607     0.163004     0.365007     0.210252    -0.271824   -0.0541897     0.140397    0.0934211     0.392444    -0.120492   -0.0452127   -0.0481304   0.00337818     0.208782    0.0883059    -0.568559   -0.0193897   -0.0986295     -0.36819      0.16181    0.0180668     0.231156      0.27981     0.209226     0.349529    0.0363858
   -0.121307      0.16174     0.353335     0.275733     0.283124   -0.0294274   -0.0745498    0.0757567     0.172355   0.00625748    -0.113999   -0.0418541    -0.117091   -0.0760418    0.0113462    0.0629719    0.0778353    -0.142233    -0.196597     0.119785     0.144615     0.322608    -0.165497   -0.0997195    -0.195725     0.192311     0.154009     0.100976   -0.0893975   -0.0641639    -0.220243     0.156186     0.193299    0.0416757    -0.136628    -0.120208    -0.175868    0.0405662      0.23379     0.139651    -0.215079   -0.0563961     -0.28179     0.185259     0.302121     0.192414   -0.0706829    -0.212672
    0.132853    0.0596539    -0.211632    -0.283774    -0.300843    -0.228445     0.323735      0.16355     0.110865    -0.145333     0.103851    -0.121627     0.350356    0.0992468    0.0428124   -0.0708253   -0.0982722     0.184224    0.0556985     0.260493     0.228649    0.0934866   -0.0114554    0.0914313    0.0450845     0.202728     0.210905     0.126117    -0.188864     0.170839    0.0617856   -0.0574117      0.26158    -0.130841    -0.212278    0.0748226     0.234429  -0.00484182     0.348446    0.0279031  -0.00962582     0.126186     0.164178   0.00417819   -0.0180697    -0.168076   -0.0891813     0.180982
  -0.0810699    0.0418211    -0.139969    -0.191257    -0.106034    -0.303209     0.323747     0.131903     0.151901   -0.0299005     0.133107    -0.211107     0.257537    0.0830826     0.124328    0.0180459   -0.0297309     0.107369     0.197717    0.0542972    0.0994817    -0.106288   -0.0406735    0.0408178     0.195344      0.11319    0.0188437    0.0565916   -0.0193088     0.063473     0.228433    0.0351658     0.190328    0.0124459    0.0651835    0.0388219     0.259852   -0.0744739     0.227016     0.130526     0.158506    0.0687906     0.072484  -0.00723877    0.0791053    0.0476463     0.137184     0.138759
    0.264261    0.0642897    -0.206866      0.07456   -0.0856908    0.0821931     0.186235    -0.211307    -0.226465   0.00593992    0.0276592   0.00649288     0.209762    0.0146442    -0.252067     0.187733    0.0743518     0.155681     0.160787     0.103623    -0.272893      0.23422   -0.0747704    0.0132648    0.0247392     0.126067   -0.0532281     0.266126    -0.138711    0.0409262    0.0752878     0.226853    -0.262504     0.174159     -0.09752  -0.00797331     0.249577     0.227135   -0.0430109     0.174915     0.020102    0.0732655     0.315461    -0.238359    -0.183667    -0.222849    0.0915894     0.359527
    -0.15527    0.0685246     0.381374     0.236892   -0.0142739     0.414303    -0.293216       0.1149     0.187253    0.0688464     -0.21993     0.325567    -0.324926    0.0136262     0.201195       0.2706    -0.269864     0.107758    0.0424252    -0.273485    0.0565908    -0.118933     0.107785     0.102903   -0.0764123    -0.262168     0.138287    -0.192276   -0.0137089     0.262271   -0.0274811    -0.104487   -0.0294629   -0.0289984    0.0747248     0.292714   -0.0301873     0.129251    -0.149637      0.11458   -0.0860329     0.289351  -0.00108045     0.177786    0.0652522     0.306732    0.0649989     0.118309
   -0.159995     0.290628     0.478338      0.34529     0.249939  -0.00891883   -0.0862807     0.195003     0.170607    0.0228856   0.00229784     -0.02551    -0.164709    0.0647944    0.0612162     0.153364     0.104595   -0.0813775    -0.105345   -0.0839095     0.194407     0.184785    0.0464093    -0.154291    -0.228167     0.100629     0.361245    0.0963685    0.0234732    -0.112843    -0.136344    0.0134846      0.13732     0.091909   -0.0287344    -0.151246    -0.117392     0.216257     0.226056     0.200938     0.122702     -0.12705   -0.0367903    0.0191487   -0.0282419   -0.0167266       -0.156    -0.052784
   -0.277803     0.204251     0.452723     0.365617    0.0938441     0.187654    -0.194247     0.223982     0.163011     0.049977   -0.0856983     0.378718    -0.404763    0.0489039    0.0870286   -0.0286018    0.0331916     0.114959   -0.0550301    -0.360186      0.19509   -0.0744745   -0.0344343     0.193106  -0.00291562    -0.109063     0.162052    -0.298849     0.222029     0.191927    0.0536903   -0.0351444      -0.1365     -0.20096     0.212135     0.149917   -0.0444499     0.100475    0.0850381     0.117884     0.037282     0.117832    -0.322817     0.285497    0.0266856      0.25994  -0.00515759    -0.375039
    0.377883     0.216824   -0.0662555    0.0498282   -0.0868343     0.366156    0.0717111    -0.081865    0.0260698    -0.168125    -0.107848     0.164774     0.054943     0.137896   -0.0895722   -0.0991182    0.0552652    0.0709394     0.221746   -0.0235764   -0.0271772  -0.00911287   -0.0122249    0.0494313     0.201882  -0.00779134      0.11588    -0.233816   -0.0564685     0.197571     0.216719    0.0799981    -0.187789    -0.256373   0.00110853     0.152767     0.184434     0.157566    -0.102484    -0.126902    -0.113019     0.166875     0.142008     0.277407    -0.280457    -0.179573   -0.0199013     0.115861
   -0.160045   -0.0194196     0.134844     0.161279     0.155395   -0.0813097   -0.0275722     0.102933    0.0995835     0.172076   -0.0158773    0.0559332    -0.102226   -0.0490165     0.111309       0.1281    0.0144176    0.0265826    -0.123687    0.0376068   -0.0777586    0.0296763    -0.165818  -0.00111761    -0.053526     0.056979    -0.112142    0.0657196   -0.0697766    0.0260273   -0.0899527    0.0727617     0.165118     0.190778   -0.0133783   -0.0117068     -0.15708   0.00972662     0.191226      0.14594   -0.0642847  -0.00915681     -0.23605     0.146093     0.472557     0.301293     0.147277   -0.0243102
    0.188458    0.0694888    -0.264515    -0.158564   -0.0736639    0.0317187     0.119568   0.00676853   -0.0050903   -0.0920213   -0.0634546   -0.0224961     0.343971     0.128563   -0.0229144   -0.0133615    -0.207092     0.175482     0.374954     0.125472     0.132747     -0.32109     0.273114     0.174134     0.328989   0.00705647    -0.048922   -0.0332721    0.0911232     0.198499      0.39379    -0.221105    -0.033763    -0.152998    0.0290954     0.126419     0.212335   -0.0497126    -0.168334    -0.159729    0.0101105    0.0865873     0.373469    0.0739331    -0.249435     -0.16875    0.0202883     0.263955
    -0.36463    0.0891961     0.245343     0.317263     0.127014    0.0917721    -0.234927     -0.10283   -0.0478634     0.146811    -0.174298      0.32309    -0.110121   -0.0605033   -0.0541134   -0.0134988    -0.119689     0.302921    -0.130412      0.20715    0.0793003    0.0868459     0.257731     0.178827   -0.0319111   -0.0550159   0.00798799     0.140142     0.173415    0.0968063    -0.108563    0.0334333    -0.135535     0.288057    0.0697408    0.0711564   -0.0639661     0.258032    -0.286184    0.0830822     0.235659     0.082901    0.0706599     -0.13572    -0.075541    0.0157035     0.049377    0.0358703
   -0.102391   0.00493018    0.0943353    0.0497218     0.222518    -0.281586    0.0812711    0.0924914     0.142853     0.247651    0.0477179    -0.132482   -0.0323113   -0.0855183     0.127596     0.135938    0.0174295    -0.109465   -0.0448118    -0.057965    0.0157472    0.0921598    -0.356825    0.0551992    0.0688447     0.217936    -0.239233     0.109809   -0.0188043  -0.00832547     0.039907   -0.0205592    0.0702137     0.118278   -0.0136548      0.11752    -0.080954    -0.354659     0.258345     0.225226    -0.113887    0.0466121     -0.35041     0.136765     0.381123     0.208393     0.341645    -0.273367
   -0.322083    -0.100121    -0.186485   -0.0761486    -0.319001    -0.157302    -0.197158    -0.169507    -0.169851    -0.170413    -0.183006    -0.197747     -0.14888    -0.185268     -0.05151   -0.0640917   -0.0835202   -0.0836803    -0.247636   -0.0601706    -0.193031    -0.111666    -0.278928   -0.0664973   -0.0519764   -0.0837669    -0.111029    -0.123754    -0.213343   -0.0407401   -0.0955584    -0.134033    -0.161301    -0.178873   -0.0671275    -0.153991   0.00556239   -0.0730212   -0.0944583     -0.14956   -0.0940639   -0.0702316
   0.0227904    -0.473747     0.407735   -0.0758261   -0.0648641    -0.565524     0.141009      -0.9831    -0.679058     0.288626    -0.238513     0.775414    -0.324222     0.292184     -0.65317    0.0865855    -0.275868     0.207111    -0.866661      0.21059     0.309664    0.0102218   -0.0719915     -0.03148     0.408374     0.096541   -0.0368903     -1.07416    0.0340896    -0.130411     0.345524    0.0887319   -0.0233476     -1.11796      0.19818     0.269841     0.300272    -0.517987     0.124225     -0.50185    -0.436586    0.0779066
    0.242412    -0.709866     -0.39705    -0.410588    -0.889683    -0.625478     0.269439    -0.346827    0.0626015    -0.434047   -0.0894714     0.272285    -0.157936     0.509541     0.061118    -0.164612    -0.219044    -0.469444     0.349896     0.231927       0.2168     0.232503      0.11939   -0.0376406    -0.653167    0.0545652     0.112307    -0.102607     0.164107    -0.914033    0.0116122    0.0513919    0.0313268     0.124982    -0.336651      0.21994    0.0238707    -0.215225    -0.183717    -0.653403    -0.172931    -0.174725
     0.14735   -0.0457455    -0.168753    -0.204875    -0.152853    -0.204965   -0.0651456    -0.175818  -0.00682091    -0.332452    -0.197067   -0.0474089    -0.151631     0.055459   -0.0996233    -0.218714    -0.141821    -0.212615   0.00526622    0.0547567   0.00216503    -0.146194    -0.096215   -0.0975756    -0.407435    -0.167079    -0.223902  -0.00622718     0.028145    -0.357857    -0.109598    -0.241502    -0.286848    -0.132851    0.0854252    0.0394681    0.0390309   -0.0324369    -0.140682    -0.142361    -0.175274    -0.170702
    0.266005   -0.0915257    -0.215289    -0.335351     0.188528     0.128486     0.259786    -0.139929     0.110776   -0.0351483    0.0797217    -0.177666   -0.0390592     0.317297    0.0518971    -0.615111    0.0723132     -0.31851    0.0324753    -0.183928   -0.0110408    -0.298136     0.255212    -0.336541    -0.243598    -0.358889     -0.10078    -0.213793   -0.0786869  -0.00127893    -0.226978    -0.376514   -0.0564967    -0.323782    -0.257111    -0.267894    -0.171017    -0.360968   -0.0141546    -0.191133    0.0388858    0.0818153
    -0.27328   -0.0844261    -0.204847   -0.0617358    -0.193638    -0.198474     -0.20867   -0.0817637    -0.196772    -0.140735    -0.157818    -0.248255    -0.103869    -0.253085   -0.0651997   -0.0984811    -0.146276   -0.0777861    -0.335568   -0.0555953     -0.12678   -0.0507186    -0.204988    -0.188639   -0.0927924    -0.104905   -0.0404898   -0.0786602    -0.135744   -0.0792948   -0.0664794    -0.171639    -0.196397    -0.162515   -0.0474373    -0.122182    -0.120373     -0.06718     -0.17408    -0.137138      -0.1066    -0.081009
   -0.114099    -0.112886    -0.159205   -0.0631627   -0.0893797     -0.14201   -0.0435549     -0.18062    -0.254431   -0.0893149    -0.134443    -0.220431    -0.184919    -0.325313    -0.203063    -0.203112    -0.107577   -0.0900531    -0.407809     -0.16359    -0.265668    -0.138183    -0.115995    -0.117812    0.0772656    -0.169899   -0.0114511    -0.122377    -0.196774    0.0511042   -0.0384597     -0.19193    -0.128375    -0.230098   -0.0391817    -0.142881    0.0384424   -0.0436548    -0.147812   -0.0809654    -0.154691  -0.00450209
    0.143422    -0.582263   -0.0928195     0.241453     -0.49825    -0.582421    -0.270942    -0.494243     0.133827    -0.722404    -0.638166    -0.311034    -0.558404     0.391178    0.0592489   -0.0990263    -0.153035    0.0770443    -0.094596     0.294635     0.418796     0.193216     0.116123   0.00962351    -0.345444   -0.0716475    0.0811402     0.059365     0.108616    -0.554678     0.220122    -0.543267    -0.745045   -0.0808756     0.114601     0.216982     0.208365     0.351854    -0.215985    -0.533775   -0.0845292    -0.422103
   -0.119836   -0.0901756    -0.101087   -0.0963798    -0.269654    -0.151254   -0.0860948    -0.101261   -0.0400038    -0.147968    -0.191844   -0.0787873   -0.0768112   -0.0459681   -0.0226495   -0.0620705    -0.164744     -0.14586     -0.11965   -0.0127281   -0.0315299    -0.116473    -0.196585    -0.224408    -0.453551    -0.112435    -0.322868    -0.157103    -0.119946    -0.351501   -0.0853505   -0.0614938   -0.0905468    -0.103922    -0.182875  -0.00280261    0.0123191    -0.164126     -0.13513     -0.15497   0.00788385   -0.0868155
     -0.2603   -0.0963678   -0.0219685   -0.0206863    -0.313584    -0.177928    -0.146783    0.0294395    -0.129926    -0.397901     -0.27104    -0.144991    -0.161441   -0.0659372  -0.00461923   -0.0340955     -0.16836   -0.0395621    -0.276082     0.180476   -0.0214623   -0.0883308    -0.279166    -0.153602    -0.177774   -0.0672691     -0.24811    -0.208497    -0.100181    -0.219319    0.0103626   -0.0949635    -0.163766    -0.257726    -0.102566   -0.0759562    0.0692893    -0.226684   -0.0546141    -0.128866    0.0324116   -0.0629861
    -0.21373    -0.093917    -0.117279    -0.165339      -0.1331   -0.0819521   -0.0192061    -0.084885   -0.0393336   -0.0820116    -0.125331    -0.189618    -0.060133    -0.165562   -0.0451552     -0.16204      -0.1177    -0.244922    -0.119189     -0.15943    -0.136825    -0.200977    -0.257021     -0.21147    -0.145432   -0.0670206    -0.303015     -0.13756    -0.250504   -0.0974288     -0.23399    -0.172252   -0.0706757   -0.0351508  -0.00933488    -0.203605    -0.171304    -0.109004    -0.138247   -0.0649556    -0.108281    -0.169669
     -0.2635   -0.0422043    -0.155652    -0.110024    -0.183054    -0.123745    -0.221004   -0.0853736    -0.189205    -0.109419    -0.179397    -0.212301    -0.119589    -0.295392    -0.153259    -0.103729     -0.12063   -0.0813606    -0.265833    -0.116947    -0.180002   -0.0879273    -0.306004    -0.181689    -0.106843   -0.0992584     -0.19872    -0.121574    -0.234706    -0.131484    -0.127384   -0.0718366   -0.0869956    -0.145337   -0.0548315     -0.12745   -0.0274706    -0.098436    -0.124169    -0.058138   -0.0719862   -0.0791033
   -0.446749    -0.119159    -0.264956    0.0214213    -0.202806     -0.17123    -0.113957    -0.293489    -0.502356   -0.0557718   -0.0988563    -0.140051     0.016514    -0.447747    -0.291187    0.0324078    -0.105251   -0.0711686    -0.358757    0.0628633    -0.373923     0.116904     -0.13766   -0.0672629    0.0534478    -0.253241       0.1281     0.121796    -0.347803     0.118616     0.047109     -0.26278    0.0163028    -0.236156    -0.182518    -0.123151   -0.0495084     -0.15259    0.0322356    -0.096396    -0.242784    0.0739723
   -0.435052    0.0156668   -0.0998543   -0.0485797     -0.20513    -0.080249    -0.260439   -0.0922441    -0.269632   -0.0823932    -0.197398    -0.169463    -0.120773    -0.349175    -0.112018   -0.0308994   -0.0938919    -0.127143    -0.326748   -0.0381242    -0.349789    -0.125804    -0.263661    -0.134456   -0.0146644    -0.115944    -0.160381    0.0105524    -0.286641   -0.0071347    -0.197587    -0.160557    -0.121084    -0.128907   0.00617697    -0.279342   -0.0336353   -0.0395064    -0.118723  -0.00598606   -0.0962938   -0.0425703
   -0.236101    -0.112515    -0.203572   -0.0649945   -0.0971574    -0.160264    -0.136045    -0.108141    -0.187386   -0.0831517   -0.0976526    -0.170819   -0.0686541    -0.243977    -0.235609   -0.0675539    -0.169046    -0.100624    -0.170942    -0.150995    -0.143317    -0.101875    -0.212295    -0.146636    -0.123967    -0.184704    -0.061835    -0.122587     -0.12906   -0.0876139    -0.127089    -0.200074    -0.175724    -0.175072   -0.0997399    -0.104159    -0.231812    -0.116898    -0.109434   -0.0681179     -0.10851    -0.135869
   -0.146515    -0.160495    -0.265145   -0.0356303     -0.11104    -0.122013    -0.151762   -0.0174646   0.00206689     -0.10734   -0.0796101    -0.336794   -0.0412171    -0.265238    -0.110678   -0.0622297    -0.239305     -0.19677    -0.105242    -0.068134   -0.0141052   -0.0197113    -0.183841    -0.167701    -0.378375    -0.170127    -0.113294    0.0335106   -0.0765103    -0.130363   -0.0653866    -0.119283    -0.213558    -0.030577    -0.247216     -0.10037    -0.249071   -0.0159403    -0.297292    0.0880802    -0.121149    -0.295289
   -0.360305   -0.0775428      -0.3043   -0.0775964    -0.255726    -0.243321    -0.161489   -0.0446918    -0.236681   -0.0405941    -0.160437    -0.213633    -0.096529    -0.392749    -0.149784   -0.0868519   -0.0981618   -0.0924222    -0.343901  -0.00353903    -0.176912    -0.105008    -0.338074     -0.14125    -0.102278    -0.117207   -0.0593613   -0.0210265    -0.102266   -0.0439261  -0.00483722    -0.115241    -0.138405    -0.225722    0.0116534    -0.088097   -0.0143012   -0.0917146    -0.135986    -0.116777   -0.0750911   -0.0553872
      -0.343    0.0664744    0.0256707   -0.0958844    -0.037706  -0.00276174     -0.46361      0.18911     0.249703     0.150998    -0.112165     -0.36767    0.0132258    -0.294682     0.162595  -0.00291011    -0.181721    -0.144759    0.0792147    -0.522228   -0.0131143    -0.634581    -0.468117     -0.19984    -0.419585    0.0962785    -0.661228   -0.0567952    0.0258567   -0.0469736    -0.459889     0.160095    -0.155198     0.118083   -0.0545457     -0.50029    -0.329894     0.105317    -0.468709     0.136164    0.0554305    -0.533193
    0.159828    -0.183414     0.165948   -0.0560973    -0.356034    -0.454681     0.238035   -0.0293756    -0.179949    -0.669608   -0.0634041    0.0104061   -0.0950578   -0.0760766     -0.14773    -0.216508    0.0982076     0.213211    -0.266514     0.147051    -0.664639     0.034676     0.654273    -0.194658     0.183141    -0.490508    -0.280281    0.0990067    -0.800682   -0.0926457     0.276678    -0.598348    -0.337061   -0.0365932     0.163702     0.160203   -0.0801734      -0.7962     0.322821    -0.793525      0.17618     0.453193
    0.476905     0.161047    -0.621843  -0.00387676     0.213167    -0.166859     0.382851    -0.300914    0.0173705    -0.734965    -0.227966    -0.304492   -0.0509511     0.437552    -0.421092    -0.689622     0.127323    -0.133684  -0.00700869    -0.015555     0.290198     0.116337     -0.15235     0.105811    -0.292332    -0.448062     0.184289    -0.296796   -0.0276444    -0.527527   -0.0834649    -0.791294    -0.472062     -0.40033     0.226235    0.0254399     0.352728    -0.326555    0.0336649    -0.476248     0.284578    -0.322107
  -0.0585027     0.077661   -0.0547192    -0.317454     0.118354    -0.066017     -0.30242   0.00203686    0.0638401     0.199895   0.00251237    -0.173445   -0.0153593    -0.413441    -0.185696    -0.375662    -0.280998    -0.431561     0.291495    -0.669184   -0.0308617    -0.597275    -0.369824    -0.064027   -0.0689316    -0.115768    -0.131537    0.0903962     0.124991     0.106742    -0.546365    0.0352475   -0.0312307     0.137243    0.0901113    -0.325174    -0.440288    0.0700903     -0.37823     0.190935    -0.412997    -0.430768
   -0.461402    -0.116756   -0.0435114    -0.183808     0.161755    -0.020881    -0.218768    -0.303507    -0.692531     0.410839    0.0111967     0.174715   -0.0362271    -0.530561    -0.641237     0.179654    -0.117896    -0.219527    0.0963915    -0.688923    -0.415561    -0.269495     0.201266    0.0687115     0.461061    -0.206753     0.147887    0.0509381    -0.436771     0.304601    -0.319991    0.0045428     0.109628     0.124815    -0.365544    -0.459887    -0.640638   -0.0150975    -0.119311     0.179519    -0.565279   -0.0819468
    0.107799    -0.126088    -0.308315    -0.228904     0.131988   -0.0282731     0.114327    -0.156375    0.0390041   -0.0358784   -0.0504582    -0.152667   -0.0421366    -0.292451    -0.157192    -0.292437   -0.0657292    -0.228886    0.0145588     -0.28216   -0.0472262    -0.103505   -0.0622686    -0.146019    -0.179215    -0.389508    0.0259622   -0.0768952   -0.0161307  -0.00475401    -0.414783    -0.090889   -0.0104944    -0.099671    -0.303047    -0.170985    -0.147563    -0.157545    -0.287101     0.116311    -0.234661    -0.106996
    0.232537    -0.118547    -0.512893    -0.243478     0.165991     0.109272     0.121422    0.0185581    0.0517348   -0.0193901    0.0328288    -0.306709   0.00289732    -0.356573    -0.180583    -0.402101    -0.130237    -0.342698     0.190523    -0.407342      -0.1227    0.0272791   -0.0883025    -0.139153    -0.187973    -0.376092     0.070346   0.00886799    0.0617032    -0.019093    -0.441654   -0.0374733    0.0442459   -0.0389159    -0.508312    -0.207837     -0.31237   -0.0669821    -0.425009     0.174673    -0.225945    -0.242786
   -0.529326    0.0604243     -0.11023    0.0102101    -0.296792     -0.09255     -0.26235    -0.073465    -0.413016   -0.0494544    -0.235853    -0.188203   -0.0922448    -0.387596    -0.126535   -0.0256454   -0.0622558   -0.0745199    -0.473223    0.0770149    -0.424207    -0.131765    -0.415227    -0.125959    0.0280917   -0.0479256    -0.166736   0.00462983    -0.344133   -0.0210649    -0.154365    -0.143301   -0.0717271    -0.167523   -0.0156278     -0.27558     0.126979    -0.132678   -0.0181091   -0.0406326   -0.0125664    0.0532284
   -0.108906     -0.14571     -0.13907   -0.0346303   -0.0432478   -0.0663159    -0.154459    -0.163857     -0.12695    -0.194191    -0.189826    -0.281566     -0.17534     -0.26332   -0.0869891 -0.000852922    -0.214742     -0.17748    0.0474696   -0.0960332    -0.292854   -0.0341547    -0.122179    -0.184875    -0.130832    -0.232771    -0.198156   -0.0750597    -0.142631  -0.00909095    -0.230545    -0.103555    -0.144428   -0.0409894    -0.249714   -0.0444424    -0.123596    -0.108644     -0.31345    0.0418635   -0.0294727    -0.236374
   -0.173346   -0.0984056   -0.0151812    -0.143641    -0.257419    -0.100559    -0.083592    -0.165299    -0.169583     -0.14007    -0.169216    -0.124541   -0.0889839    -0.113728   -0.0969459    -0.102935     -0.16777    -0.248095   -0.0411064    -0.087115    -0.110127    -0.109846    -0.229466    -0.145776     -0.25751    -0.118663    -0.276711   -0.0563587    -0.184858    -0.163243    -0.199661    -0.131672   -0.0698084   -0.0892143    -0.143959   -0.0765404   -0.0826914     -0.14232    -0.139241    -0.070153   -0.0767154    -0.178326
   -0.106047    -0.106797   -0.0446519    -0.105631   -0.0829227   -0.0343444  -0.00663475    -0.142121   -0.0477667    -0.119698    -0.139367    -0.231182    -0.184884    -0.178531    -0.136542   -0.0740507    -0.189461    -0.245289    0.0581083    -0.117112    -0.213322     -0.10742    -0.133747    -0.185696    -0.181193    -0.184227    -0.185944    -0.107473    -0.223179   -0.0678063    -0.248753   -0.0867553    -0.116021   -0.0962349    -0.195802    -0.101676    -0.177226     -0.18957    -0.249693   -0.0857906   -0.0308161    -0.207784
   -0.382778   -0.0719621    -0.155692   -0.0114898    -0.364054    -0.190467    -0.203299   -0.0566156    -0.213434    -0.229754    -0.213711    -0.230721   -0.0308296    -0.188778   -0.0546981   -0.0101924    -0.131348    0.0436853    -0.367532   -0.0133868    -0.121757   0.00881525    -0.288947    -0.206699    -0.103326   -0.0441762   -0.0650815   -0.0569599    -0.191026    -0.152283    0.0537248    -0.051827    -0.193902    -0.282095   -0.0603929    -0.125049   -0.0494036    -0.141978   -0.0545612    -0.226751    0.0049859   -0.0701601
     -0.6055     0.119235   -0.0889169    0.0516414     -0.10013   -0.0491553     -0.53458   -0.0187577    -0.377039     0.135367    -0.245967   -0.0982937   -0.0955145    -0.390753    -0.151324   -0.0210128    -0.104054   -0.0898278    -0.523417    -0.355738    -0.399598    -0.621862    -0.397988    0.0317862     0.180998    0.0594176    -0.339717    0.0354903    -0.173651     0.168413    -0.344689   -0.0262268    -0.040601   -0.0551277    0.0653441     -0.63238    0.0656169    0.0411763   -0.0539732   -0.0227075     -0.25952    0.0356175
   -0.511304     0.109697   -0.0276631    0.0242108   -0.0297986   -0.0598524    -0.387435   -0.0589582       -0.317     0.201666    -0.210193    -0.110294   -0.0466435    -0.380743    -0.192824   -0.0286056   -0.0101842   -0.0890802    -0.190533     -0.53406    -0.393914    -0.588369    -0.317895   -0.0236683     0.207511  0.000694354    -0.380082   -0.0593954    -0.308406     0.138682    -0.424681    0.0174288    -0.064228    0.0768018    0.0690329    -0.578552    -0.119329    0.0806361    -0.104886   0.00934941    -0.193724    -0.150607
    0.170049    -0.600616    -0.200058    -0.444022   -0.0503834    0.0233303    -0.592843     0.147665    0.0479451     -0.59843   -0.0347037    -0.119051     -0.59438     0.417169    0.0746574    -0.155177     -0.32997     0.101014     0.328985   -0.0825561    -0.267087    -0.151729     0.472492    -0.290462     0.205424   -0.0405214     0.149399    -0.317878     0.235976    -0.161787     0.153634    0.0387329    -0.084126     0.188801    -0.835866    -0.173236    -0.682587    -0.374398    0.0768155    -0.471147    -0.287406     0.146856
   0.0311916    -0.188021    -0.185636     -0.24243    0.0442248   -0.0990123   -0.0811341    -0.242158     -0.13792  -0.00373007   -0.0878711    0.0435298   -0.0846356    -0.109509      -0.2069     -0.21864    -0.194713    -0.319838   0.00727899    -0.165254    0.0249044   -0.0129992   -0.0625639   -0.0807416   -0.0247731    -0.101485    0.0669909    -0.194298   -0.0139636   -0.0928327    -0.188184   -0.0766764   -0.0549819    -0.231301      -0.2912    -0.126281    -0.092074   -0.0967874    -0.223353   -0.0088014    -0.372783     -0.15515
    0.613644    -0.198098     0.659451    -0.576394     0.306313     0.241617     0.406846   -0.0175136     0.203415     0.353197   -0.0641598     0.279848    -0.186135     0.521425   -0.0195321    -0.232967    -0.112417    -0.225474     0.449922    -0.606204     0.323588    -0.356958     0.378864    -0.647206    -0.641807    -0.147255    -0.744128     -1.09088    -0.607705    -0.978238    -0.304282     0.151344    -0.135759     0.146425    -0.308551   -0.0619368    -0.748278    -0.375859     -0.28925    0.0457754      0.26582     -0.76499
    0.147099    -0.376373   -0.0795588    -0.548352     0.258844    0.0469884    -0.725019    0.0270975    -0.035118      -0.4739    -0.142779    0.0857323    -0.415378     0.409806    0.0116237    0.0183518    -0.326607    0.0163665      0.14967    -0.048698    -0.314695   -0.0784731     0.257677    -0.256604     0.227794 -0.000641208     0.122554    -0.557316      0.22513   -0.0657228       0.2111     0.276897   -0.0614082    -0.119827    -0.793316   -0.0879164    -0.637792    -0.392258    0.0184538    -0.345563     -0.58154     0.182484
  -0.0963547    -0.219618    -0.234741   -0.0369172    -0.333179    -0.308535   -0.0440086    -0.240527    -0.118338    -0.256641    -0.200989     -0.19464    -0.173056    -0.061928    -0.175809    -0.135892     -0.14458   -0.0236409   -0.0932817   -0.0417486     0.029535   -0.0066702    0.0631407  -0.00439309    0.0205118     -0.10623 -0.000510832  -0.00736257    -0.100585    -0.154163    0.0322378    -0.310023    -0.323491   -0.0373522 -0.000316753   -0.0361517   -0.0887176    -0.060401    -0.067376    -0.339922    -0.123298    -0.184746
