no weights
   0.0212718    -0.169285    0.0394065    0.0261624     0.192629    0.0878692    -0.248054     0.118382    0.0424732     0.162899     0.358538    -0.154853    -0.143767      0.17263     0.148584     0.141275     0.323872   -0.0517062     -0.21226    0.0959931   -0.0478462    0.0240465     0.329742    -0.260645    -0.194051     0.123539     0.270347     0.380796     0.273407    -0.243621    -0.143121     0.161023      0.24262     0.236681     0.178589    -0.165001     -0.18531     0.405085     0.118854    0.0971847     0.427694    -0.175553     0.155995    -0.365723    -0.179583    -0.120615    -0.211723    0.0355087
  -0.0824575   -0.0481512   -0.0581408    0.0136552    0.0887556     0.217019   -0.0576665  -0.00634756   -0.0459631    0.0353097   -0.0120938     0.212969    0.0630001    0.0228407   -0.0347209     0.108667    -0.233059     0.235108     0.175916    0.0385839  -0.00625001    -0.291303     0.325368     0.186037     0.138324   -0.0210142    -0.273556   -0.0469254     0.130302     0.302597     0.233557    -0.332225    -0.036616    -0.088836     0.149877     0.250766    0.0377695   -0.0344816    -0.238647  -0.00727382     0.118431     0.229734     0.119081   -0.0446273    0.0843276     0.204551     0.186399     0.167442
   0.0284843   -0.0580136    0.0159824    -0.125487    -0.161064    -0.110057    -0.198811      0.18446     0.148494     0.127378     -0.33869  -0.00826996     0.141958   -0.0015264     0.191627     0.207264     -0.38968     0.351851   -0.0635113     0.206929    0.0119732   -0.0254741   -0.0872784     0.153242   -0.0869609    0.0608523     0.321481     0.175967    -0.296603     0.128458   -0.0586866    -0.113681     0.332409     0.299289    -0.260043   0.00560601     -0.20124    0.0997169    0.0690139     0.092439    -0.090285     0.090557     0.133985     0.221741  -0.00370142    0.0220943    -0.109934      0.29409
   0.0368972     0.167469     0.297836     0.208739     0.180105     0.234856    -0.123994    0.0902259     0.100126   -0.0257365    -0.303059     0.374902    -0.140054   -0.0456837    -0.035571    0.0303164    -0.124871    0.0940665     0.103141    -0.127938     0.172293   -0.0112299   -0.0998672     0.182202    0.0633199   -0.0755462    0.0162988    -0.116972    0.0584186    0.0394239    0.0330931   -0.0387873    -0.211881   -0.0987947   -0.0123726    0.0485586    0.0149712   -0.0351033    -0.207116   -0.0152192    -0.180476     0.109842   -0.0613357     0.330703     0.055919     0.236998     0.127953   -0.0962308
    0.254122    -0.346824    -0.311029     -0.32567     0.119275     0.107886    -0.111364     0.101229      0.09427    0.0471766     0.175549    -0.104158     0.215874     0.104753      0.16349   0.00602602      0.07037  -0.00818433     0.127423     0.239559   -0.0217689    -0.405955     0.301703     -0.07143     0.105471     0.190878    -0.116559     0.225611     0.286893   -0.0838972     0.160552    -0.264454     0.378839    0.0238012     0.246019    -0.046871    -0.215127    0.0499987    -0.069202    -0.305662      0.12212    -0.094051     0.279457   -0.0997307     0.104598    0.0685312   -0.0311615     0.246809
    0.139632   -0.0701603    -0.328186    -0.184912     0.125128   -0.0458183    0.0748876    -0.105126   -0.0186025   -0.0304125    0.0992415    0.0479389     0.379087    0.0254405  0.000986036   -0.0925015    0.0130607     0.220383     0.103563     0.319876   -0.0890653    -0.248092     0.232349     0.119452     0.166557     0.170197    -0.167722     0.207538     0.109118    0.0408383     0.254073    -0.127321     0.155641     0.138896     0.165867      0.15714    0.0137865   -0.0513254   -0.0549952    -0.196377      0.15198    0.0885809     0.277364     -0.13429   -0.0188654    -0.111714      0.12896     0.165409
   -0.492396    0.0702172     0.309761     0.207665   -0.0398587    -0.156826    -0.287499     0.125447     0.149734     0.219659    0.0277496     -0.18775    -0.248959    0.0431016     0.153444    0.0375547   -0.0404129   -0.0409335   -0.0259291    -0.155073     0.153514    -0.248496     0.269868   -0.0896363   -0.0563317    -0.196023     0.301729    0.0713573     0.339621    -0.205139   -0.0631382    0.0433781     0.121439     0.299238     0.345961    -0.134716    0.0463512     0.261404    -0.123092     0.199827     0.565397    -0.153403     0.208956    -0.196186    -0.144121     0.161281     0.163783     0.100398
   0.0686628    0.0360839     -0.25393    0.0197808     0.143023     0.063405     0.165867    -0.155185    -0.181898     0.033779    0.0740965   0.00906467      0.28635     0.126112    -0.235354     0.115252   -0.0328518     0.229672    0.0332539     0.324866   -0.0434582      0.25117     0.237465     0.176716   0.00964575     0.123818    -0.286776       0.2565    0.0117747     0.233087    0.0423467   -0.0322839     -0.10536     0.222473    0.0367616      0.16787    0.0482795     -0.10753    -0.100489     0.134294   -0.0261436     0.242773     0.119808    -0.311319   -0.0105512    -0.172761    0.0740497     0.100602
    0.118034    0.0444358   -0.0612845     0.126349     0.173183     0.270971   -0.0208241    -0.043972    -0.137531     0.127932     0.193056    0.0923771   -0.0350674    0.0989127   -0.0255872    0.0761623     0.308479     0.112242    -0.143773     0.282643    0.0512727     0.298333     0.360845    0.0367427    -0.099429     0.108151    0.0738966     0.218469     0.118161    0.0631204   -0.0418864     0.265221     0.063697     0.166895     0.108837     0.127345   -0.0413497     0.268228   -0.0852212    0.0583062     0.290108     0.107293      0.14113    -0.367555    -0.426427    -0.456405     -0.24395    0.0903003
  -0.0429367   -0.0661763     -0.22243    -0.382283    -0.492992   -0.0909077    0.0269816     0.204981     0.187232   -0.0404869    -0.144352    -0.230605     0.228262    0.0568899     0.230651   -0.0286757    -0.346525      0.14329      0.26387    0.0836047     0.155317    -0.392622     0.140409    0.0483305     0.338545    -0.158848     0.180031    -0.136134   -0.0808905    0.0949012     0.332249   -0.0949366     0.329375   -0.0447178    -0.121804     0.180167     0.250591   -0.0337411    0.0476195    -0.169908     0.068567     0.135961     0.372307     0.243851    -0.120311     0.092536     0.161793     0.416773
  -0.0622352   -0.0469712     -0.10507   -0.0277976    0.0303108    -0.114179      0.12203  -0.00920917    0.0302734     0.136766     0.195826    -0.266182    0.0881578    0.0727756     0.132395     0.119987    0.0251494   -0.0127335     0.142013     0.152702    0.0786732   0.00625545     0.156978     -0.07634     0.155942    0.0565667    0.0148768     0.138331    0.0833501   -0.0562695     0.184217    0.0309838     0.110164     0.239879    0.0928214     0.017909     0.200706   -0.0924674     0.160272      0.11049     0.169201  -0.00592419     0.220278    -0.160306    0.0725293    0.0867196     0.099764     0.154643
  -0.0990297     -0.11865    0.0296522    -0.214672    -0.359638    -0.298013    0.0286341     0.204581     0.232183   -0.0205837    0.0597311    -0.300026   -0.0230931   -0.0824788     0.178997    0.0581355   -0.0852192    0.0667834    -0.111439     -0.05117    0.0199137   -0.0954901     -0.18444   -0.0828685     -0.11373   -0.0445027     0.320049    0.0197702    -0.221589    -0.014023   -0.0767924   -0.0610093     0.406325    0.0938486    -0.105537    -0.177595   -0.0728797     0.139235     0.456903     0.223023     0.154691    -0.105376    0.0209125     0.169219    0.0948654      0.20322   -0.0787649     0.103675
   -0.153066    0.0868088    0.0551863     0.132364   -0.0585248   -0.0251897    0.0602526    0.0303494   -0.0374125    0.0902998   0.00543778  0.000738725     0.107551    0.0891624    0.0376791     0.125005    -0.138773    0.0269258     0.171708   0.00963378     0.124881   -0.0772432     0.206599    0.0697878     0.237165    -0.168521    -0.107165    -0.125588     0.144933     0.129498      0.20704     -0.16272    0.0740238    -0.024514     0.149533     0.146009     0.281987    0.0179713   -0.0982185     0.110427     0.234371     0.116169     0.182656   -0.0911926    0.0295501     0.170451     0.223607     0.156664
   -0.167491   -0.0331023      0.10927  -0.00821128   -0.0325735    0.0519852    -0.178878    0.0811089     0.120202   -0.0042353     0.289329    0.0535454     -0.16429    -0.130754     0.129041   -0.0987969     0.448043   0.00676873      -0.4593     0.328096   -0.0999859     0.178503    0.0197502   -0.0216829    -0.347606     0.149832     0.347152     0.115263  -0.00668198    -0.195451    -0.363632      0.34181     0.377072     0.248246     0.108336    -0.117881     -0.40431     0.436291     0.291675    0.0673407     0.307697    -0.145305    -0.207492    -0.189161   0.00515466    -0.146699    -0.382761  0.000466458
   0.0620629     0.266672    -0.078293     0.138371      0.11005    0.0236714    0.0731435   -0.0776325     -0.12926     0.105698    0.0227665     0.132591    0.0915315   0.00264882    -0.104616    0.0481533     0.158661     0.232663   -0.0435126     0.329053    0.0102412     0.350691     0.048577     0.216916   -0.0925563     0.103827    0.0913771     0.110797   -0.0117227     0.142708   -0.0444159      0.25169    0.0574056     0.218459   -0.0635978     0.273959   -0.0406416    0.0924145    0.0160242      0.16418    0.0270217     0.203087   -0.0891478    -0.176754    -0.259447    -0.416814   -0.0480496   -0.0756111
    0.185882     0.291659     0.151928    0.0684379    -0.125396    -0.182625     0.222729    0.0681307     0.106728   -0.0670076    -0.294019    0.0776273     0.162335    -0.163529    -0.106316   -0.0710438    -0.235422     0.155087     0.113404     0.129943     0.154937     0.180339    -0.256128     0.143895   -0.0131325     0.144152     0.166649    0.0159825    -0.235727    0.0597504    0.0582961   -0.0508161     0.127203    -0.117259    -0.315372   -0.0688282    0.0605229   -0.0222734     0.237041    0.0610775    -0.273828    0.0019255     0.056549      0.29802     0.194176    0.0828015    0.0158947     0.101569
   -0.124881   -0.0358391    0.0762023     0.191993     0.100104    0.0604564     -0.13026  -0.00317358  -0.00126264     0.229082  -0.00365136     0.150866   -0.0769052    0.0232783  -0.00887726    0.0269647     0.051826    0.0783454     0.076827    0.0149016   0.00263729   -0.0384511    0.0695195    0.0790067    0.0788195    -0.058121   0.00844255    0.0703573     0.116031    0.0391027    0.0484017   0.00801694    0.0358397     0.117515      0.11884     0.110033   -0.0130777     0.112451    -0.108932    0.0886143     0.201938    0.0424231    0.0218325    0.0952579      0.13345     0.200646     0.264138     0.095303
   0.0484068    0.0302629     0.154488    0.0167354     0.214225     0.100471   -0.0977842     0.173242     0.151219     0.125339    -0.251346     0.145539    0.0588098   -0.0529277   -0.0173311    0.0495231   -0.0753816    0.0488163    -0.131162     0.125063     0.193098     0.178713    -0.120604    0.0976752    -0.167599     0.128075    0.0343388      0.16912   -0.0873417    0.0361356    -0.200984    0.0175865    0.0336645    0.0772776    -0.139718    0.0150198    -0.248809   -0.0394926    0.0382436   -0.0223081    -0.275417    0.0476573   -0.0804507      0.22487     0.381109     0.262938    0.0537786   -0.0621665
    0.263599   -0.0185374     -0.22369   -0.0771856      -0.1268   -0.0563637     0.181818    -0.216133    -0.254923   -0.0549786     0.415974    -0.106561     0.208417    0.0697172    -0.116231     0.116491     0.307927   -0.0581775   -0.0216844     0.149317     -0.28798    0.0942228      0.19099    -0.117984   -0.0448146     0.168497    0.0966388     0.190141     0.106239    -0.132117  -0.00640178     0.208778   -0.0466589      0.23746    0.0210545    -0.144702    0.0380704     0.288497    0.0307447     0.088976     0.324975    -0.193895     0.441436    -0.442993    -0.296252    -0.391273     -0.19279     0.427005
   -0.173218     0.501638     0.588889      0.46203     0.382301   -0.0698513   -0.0490887     0.125971     0.144987    0.0759307   -0.0479371     0.108265    -0.219908   -0.0760298    0.0390551    0.0489976    0.0839329    0.0113928    -0.136996   -0.0757527     0.150143     0.287646    -0.152656     0.138982    -0.131181     0.129842     0.149549   -0.0574524  -0.00787498    0.0589137    -0.163771     0.172326    0.0343733   -0.0676939    0.0608204   -0.0690236    -0.138706    0.0147597     0.248331     0.219815   -0.0083672   -0.0635338    -0.380548     0.178079     0.133388    0.0262389   -0.0816179    -0.430362
 -0.00011141     0.169937     0.161595    0.0190281    -0.135615     0.303823    -0.218195     0.193129     0.186463    -0.152041    0.0950591     0.115061   -0.0754893    0.0438987     0.176748   -0.0886732     0.234669    0.0511022     -0.12272    0.0965455     0.303989    0.0516522     0.399447    -0.153023    -0.167417     -0.17733     0.403746    -0.264904    0.0344346   -0.0291639    -0.175474     0.208132     0.173195   -0.0778464     0.207646   -0.0734779   -0.0802925     0.427197      0.11848    -0.144349     0.304861   -0.0143906    0.0642632    0.0591599    -0.340828    -0.144482    -0.392309     0.141402
  -0.0913257     0.393089     0.481187     0.421161     0.426381    -0.193833    0.0143543    0.0783674    0.0534494   -0.0430758    0.0541421   -0.0268733    -0.101253   0.00240075   -0.0729505   -0.0621855     0.200195    -0.196717    -0.057023    -0.139342     0.174017     0.193966   -0.0483273    -0.150126    -0.101217    0.0493174     0.249472     0.114312     0.107125    -0.215993    -0.176219    0.0167724   0.00275287   -0.0358266     0.153672    -0.292055     0.112466     0.150815     0.159735    0.0787036    0.0980382    -0.187371   -0.0472137     0.121631    0.0270256     0.136564    0.0274814    -0.221337
    0.156405    -0.120148    -0.102962   -0.0420826    0.0875873    -0.220454    -0.147177 -0.000605228    -0.047312     0.315806    0.0723348    -0.262767   -0.0493209   -0.0903091   -0.0213361     0.144311     0.162824    -0.135344    -0.215793     0.151989    -0.253164     0.161126    -0.182465    -0.276414    -0.152106       0.1455     0.151674     0.422426   -0.0153716    -0.375844    -0.145028     0.291511     0.164337     0.474999   -0.0909288    -0.280023    -0.199991    0.0746555    0.0974678     0.178004    0.0840267    -0.273676     0.140442   -0.0324788    0.0610195    0.0596578     0.193427    0.0844241
    0.160463    0.0280702       0.1416     0.171928   0.00799595     0.218787    0.0804241     0.111138     0.102247   -0.0589215    0.0460131      0.18564     -0.07683     0.109796    0.0830089     0.104303     0.126841    -0.133368      0.16667    -0.262442  -0.00204417   -0.0062492    -0.113828    0.0779315    0.0979699    0.0213626    0.0691786    -0.180345    0.0284145    0.0573659    0.0567802    0.0540588   -0.0960822    -0.199568    0.0552723   -0.0632701     0.166759    0.0916292     0.123472    0.0673098   -0.0130681   0.00726394   -0.0417693     0.205674        0.223     0.261986    0.0711782    0.0353398
    0.188491    -0.266084    -0.120838    -0.231033    0.0430242    -0.157114    0.0328939     0.120413     0.153649    0.0259856   -0.0582909   -0.0879692     0.030483    0.0824978     0.158058     0.114116   -0.0521147    -0.201887     0.077764    -0.189944     -0.13314    -0.100853    -0.471003    0.0501062   -0.0259238     0.274697    -0.063442     0.100707   -0.0159283  -0.00114349    0.0189342   -0.0696928     0.106231    0.0317881  -0.00807706   -0.0719876   -0.0487771    -0.456648     0.153165   -0.0933108    -0.463571   -0.0020714   -0.0656819     0.376061     0.634108     0.455308     0.233917   -0.0191217
   0.0631488     0.133846   0.00985898   -0.0713167    -0.215332      0.11262     0.152658    0.0410558     0.102696    -0.205024   -0.0811609     0.119149     0.106488    0.0184822  -0.00109274   -0.0729426   -0.0106933     0.170723   -0.0518312     0.166285    0.0927881     0.153214    -0.121116      0.17483   -0.0302333     0.134666     0.239527    -0.106037    -0.245207     0.243915   -0.0958852     0.160102     0.206187   -0.0845141    -0.191781     0.150492     0.118185    0.0466929     0.352259    0.0293458   -0.0790362     0.184817   -0.0275372     0.193073    0.0190783  -0.00210568    -0.175323    0.0696126
    0.145421    0.0851278     0.130702     0.157793     0.278065   -0.0441094     0.141054     0.092501    0.0901429   -0.0768311     0.334065    -0.173754   -0.0660221     0.106442     0.129171    -0.033424     0.375568    -0.493821    0.0903292    -0.130709   -0.0640072    0.0171145    -0.145585    -0.303522   -0.0312415     0.186441    0.0238624   -0.0877416     0.225306    -0.248361   -0.0595487     0.221003   -0.0652335     -0.21538     0.116176    -0.255195     0.160567   -0.0637841     0.180573    -0.137195    0.0195463   -0.0943336    -0.113238     0.231118     0.244598     0.143657    0.0542846    -0.135733
     0.26306     0.302389    0.0872861     0.361355     0.231898     0.159586       0.1938    -0.194626    -0.223198     0.123514    -0.033665     0.142065   -0.0864197    0.0782807    -0.118409     0.219254   0.00494192    -0.163266     0.314129    -0.278682    -0.169341     0.210955   -0.0672988    0.0895898     0.315776   -0.0244842    -0.298913    -0.140158    0.0083845     0.125334     0.328821     0.131211    -0.543952    -0.085301  -0.00922876     0.197442     0.349091   -0.0906514    -0.219317     0.220917    -0.171161     0.137846   -0.0232274    0.0222077    -0.150355  -0.00347976     0.364133   -0.0414411
    0.337811    0.0731934   -0.0387591    -0.131168    0.0574759     0.279245     0.213364     0.152083     0.131655    -0.185731     0.379797    0.0569095     -0.10208     0.156036     0.178401   -0.0940351      0.39987     -0.23056   -0.0107052     0.093919     0.245278     0.157095     0.136489  -0.00302788   -0.0285033     0.218613     0.102834    -0.164456    0.0875436    0.0945628   -0.0396601     0.246194   0.00163155    -0.247933     0.151263    0.0913262    0.0254694    0.0571966     0.407007   -0.0511606    0.0280285    0.0317032    -0.154353  -0.00558284    -0.149961    -0.292461    -0.388879    -0.174942
    0.284924    -0.066644    -0.169023    -0.147575     0.194629   0.00139054     0.196603    0.0856742    0.0763049      0.16217   -0.0239291   -0.0495616      0.12484     0.102762     0.189409     0.102078    -0.122855    -0.109433     0.295634   -0.0715088    0.0233606    -0.165336    -0.218023     0.160169     0.369587     0.215638    -0.275278   -0.0490127     0.141732     0.088183      0.39744    -0.117987   -0.0372429   -0.0430013   0.00219569     0.210502    0.0846671    -0.582649   -0.0225653    -0.107098    -0.378395     0.160354    0.0194564     0.236431     0.287163     0.212954      0.36169    0.0381352
   -0.124592     0.174196     0.366793     0.289136     0.292206    -0.031393    -0.073574     0.075502     0.174051   0.00345804    -0.126113   -0.0437227    -0.112928   -0.0814541   0.00444523    0.0624827     0.071966    -0.143137    -0.198613     0.124191     0.144941     0.335532    -0.173403    -0.103504     -0.20271     0.196706     0.160663     0.106331    -0.100034   -0.0675385    -0.228227     0.155116     0.196582    0.0436536    -0.146942    -0.127502    -0.178308    0.0412779     0.236705     0.140512      -0.2263   -0.0580399    -0.286868     0.195358     0.311898     0.198991   -0.0725951    -0.216344
     0.13837    0.0629391    -0.217491    -0.293507    -0.326189    -0.234833     0.340749     0.167534     0.114132    -0.161145     0.105836     -0.12829     0.358872     0.100583    0.0376424   -0.0752995    -0.102878     0.189573    0.0556389     0.260742     0.238532     0.101207   -0.0163314    0.0934918     0.035847     0.205591     0.223107       0.1259    -0.203235     0.177591    0.0540929   -0.0636343     0.262645    -0.147701    -0.226151    0.0706634     0.247795  -0.00205324     0.368082    0.0349637  -0.00863592     0.129879     0.172543   0.00244276   -0.0235382    -0.177385    -0.104283     0.188402
  -0.0901013    0.0403715    -0.146985    -0.200838    -0.122292    -0.322444     0.338018     0.134517     0.153925   -0.0324985     0.145325    -0.228623     0.261349    0.0850477     0.128779    0.0144644   -0.0284875     0.105945      0.19977    0.0521284     0.097491    -0.113959    -0.046711    0.0380526     0.199221     0.114273    0.0217883    0.0558934   -0.0210768     0.060253     0.231914    0.0377311     0.195853    0.0113353    0.0641119    0.0366665     0.273033   -0.0776516     0.242374     0.137639     0.169426    0.0654147    0.0748172   -0.0131347    0.0785246     0.045564     0.139563     0.141544
     0.27437    0.0624827     -0.21364    0.0690988    -0.109244    0.0817064     0.186061    -0.214149    -0.229536 -0.000693435    0.0162437  -0.00126517     0.206497    0.0163256    -0.262827     0.194288    0.0641833     0.155707     0.158971    0.0929896    -0.279825     0.243374   -0.0941642    0.0110487    0.0125144     0.125733    -0.047129     0.272709    -0.159193    0.0375013    0.0634279     0.232694    -0.280989      0.17718     -0.11972   -0.0197637      0.25275     0.230332   -0.0419033     0.182036    0.0082872    0.0714146     0.329273    -0.247472    -0.194505    -0.234173    0.0817136     0.373042
   -0.157783    0.0618275     0.385803     0.239898   -0.0206252     0.441262    -0.314044     0.116423     0.189406    0.0672228    -0.228901     0.340405    -0.334075    0.0143374      0.20657     0.284991    -0.284429     0.116241    0.0342103    -0.280452     0.046643    -0.122965     0.110076     0.108446   -0.0911761    -0.264968     0.140003    -0.196054   -0.0235784     0.278899   -0.0408211     -0.11312   -0.0301059   -0.0270731    0.0650791     0.305388   -0.0464042      0.13591    -0.158431     0.109865   -0.0990764     0.307146  -0.00558136     0.177717    0.0678151     0.311927    0.0492964     0.124478
   -0.163139     0.305501     0.496605       0.3629     0.259214   -0.0115168   -0.0836742     0.197979     0.172258    0.0188561  -0.00116919   -0.0292555     -0.16032    0.0662149    0.0577495     0.157938     0.100191   -0.0820626    -0.103139   -0.0893663     0.198177     0.191221     0.046815    -0.160417    -0.234689     0.102986     0.371929     0.103485    0.0195153    -0.114478    -0.142569   0.00656004       0.1379    0.0895674   -0.0344843    -0.160285    -0.114936     0.223769     0.230593      0.20586     0.122959    -0.129214   -0.0324365    0.0195554   -0.0284514   -0.0152872    -0.163791   -0.0545711
   -0.288415     0.208232     0.459769     0.371975    0.0968347     0.194854    -0.200615     0.229242     0.165434    0.0491246   -0.0895646     0.396143    -0.411496    0.0418037    0.0852946   -0.0350618    0.0342589     0.128743   -0.0585986    -0.370882     0.192139   -0.0835079   -0.0402088     0.206221  -0.00814982    -0.110476     0.168327    -0.305903     0.227203     0.200043    0.0483762   -0.0385384    -0.136192    -0.206442     0.216623     0.155612   -0.0497042     0.106666    0.0867512     0.117447    0.0419702     0.125534    -0.341389     0.292775      0.02794     0.266035  -0.00897417    -0.393238
    0.396734     0.221245   -0.0753504    0.0416254   -0.0978769     0.379858    0.0686294   -0.0827954    0.0272612     -0.18655      -0.1207     0.169587    0.0581967     0.140743   -0.0978041    -0.105222    0.0510614      0.07171     0.225412   -0.0295934   -0.0284273   -0.0104222   -0.0210371     0.048636     0.196109  -0.00595458     0.126868    -0.237959   -0.0687773     0.199641     0.212708    0.0807356    -0.194083    -0.270359   -0.0139748     0.149463     0.184516     0.162345    -0.103787    -0.141122    -0.127301     0.171175     0.147799     0.289085    -0.292284    -0.190106    -0.035206     0.121243
   -0.171772   -0.0240301     0.137399     0.162351     0.156334   -0.0864719   -0.0328927     0.103318    0.0994071     0.178071   -0.0198827    0.0575517    -0.104015    -0.059284     0.112506     0.128683   0.00931987    0.0301688    -0.130495    0.0366362   -0.0936321    0.0211181    -0.178278   0.00117162   -0.0572206    0.0580619    -0.118747    0.0641914   -0.0738904    0.0255524   -0.0942736    0.0739054     0.170882     0.202973   -0.0141676     -0.01012    -0.165934   0.00764282      0.19148     0.146545   -0.0678031  -0.00989055    -0.246033     0.153978     0.494559     0.319529     0.157704   -0.0242002
    0.200163    0.0697383    -0.271197    -0.165942   -0.0767221    0.0365767     0.120135   0.00850066  -0.00354202    -0.102025   -0.0653197   -0.0228343     0.351555     0.130991   -0.0243421   -0.0163054    -0.211251     0.178277     0.380135     0.125439     0.135649    -0.329924      0.27672     0.174506      0.33045   0.00878719    -0.047492   -0.0344998    0.0890526     0.201009     0.398714    -0.229745   -0.0306848    -0.163438    0.0269652     0.125053     0.213073   -0.0491547    -0.167036    -0.167254   0.00863286    0.0855928     0.382892     0.077926    -0.252811    -0.173831    0.0134636     0.270076
   -0.380742    0.0881483     0.251403     0.325177      0.13192    0.0964152    -0.247821    -0.105401   -0.0496806     0.151915    -0.188561     0.344848    -0.117793   -0.0716816   -0.0634198   -0.0209951    -0.124426     0.323235     -0.14035     0.222218    0.0874267    0.0972776     0.263762     0.195759   -0.0396177   -0.0554843   0.00335702     0.143652     0.176581     0.103406    -0.118649    0.0383272    -0.144087     0.304243    0.0721215    0.0792788    -0.076825     0.260359    -0.297286    0.0828051     0.235829    0.0909026    0.0675102    -0.146806   -0.0762061    0.0138266    0.0457755    0.0328925
   -0.114668  0.000125207    0.0885213    0.0437864     0.223804     -0.30235    0.0816533    0.0953902     0.143376     0.261598    0.0473366    -0.145852    -0.034817   -0.0936902     0.132832     0.136207    0.0128829    -0.110128   -0.0485641   -0.0592542   0.00499311    0.0828865    -0.373283    0.0556561    0.0724311     0.220746    -0.248945     0.111566   -0.0200132   -0.0112688     0.043907   -0.0191755     0.078523     0.129558   -0.0135826     0.121794   -0.0849587    -0.367499     0.263211     0.231447    -0.114314    0.0432661    -0.365331     0.140333     0.394542      0.21794     0.363009    -0.285232
   -0.332272    -0.101297     -0.18919   -0.0725058    -0.333572    -0.161583    -0.203126    -0.170407    -0.173282    -0.173797    -0.186976    -0.201766    -0.149443    -0.190308   -0.0460093   -0.0610934   -0.0820209    -0.081381    -0.257183   -0.0523113    -0.197965    -0.108274    -0.285428   -0.0644634   -0.0501577   -0.0792119     -0.11021    -0.121592    -0.215161   -0.0385219   -0.0907436    -0.135072    -0.160482    -0.178648   -0.0643081    -0.153871    0.0127364   -0.0703999   -0.0910398    -0.152085   -0.0915342   -0.0653454
   0.0189072    -0.482265     0.415975   -0.0794109   -0.0630767    -0.574834     0.142217     -1.00052    -0.694549      0.29918    -0.243528     0.787636    -0.331114     0.294606      -0.6681    0.0874518    -0.283522     0.207491    -0.880365     0.207664     0.314458   0.00519164   -0.0764095   -0.0349203     0.414337    0.0985683   -0.0402743     -1.09639    0.0338985    -0.132217     0.345125     0.093205   -0.0225076     -1.13655     0.198794     0.268924     0.300775    -0.527566     0.123631     -0.50766    -0.448681    0.0779833
    0.246776    -0.743845    -0.416873    -0.441611    -0.929233    -0.654281     0.290862    -0.360569    0.0617594    -0.440616   -0.0791847     0.301772    -0.155153     0.518598    0.0644116     -0.16566    -0.232556    -0.505924     0.369346     0.236445     0.221922     0.237452     0.123481   -0.0399389     -0.68059    0.0624862     0.117656     -0.10378     0.169387    -0.947685   0.00952212    0.0732855    0.0541981     0.135333    -0.365282     0.225013    0.0230617    -0.227209    -0.194622    -0.675226    -0.186203    -0.176399
    0.158474   -0.0368306    -0.171169    -0.208757    -0.157128    -0.209867   -0.0612797    -0.173253   0.00124449    -0.342033    -0.198928   -0.0471489    -0.148999    0.0581151    -0.095241    -0.230202    -0.144313    -0.222922    0.0115145    0.0617788   0.00964224    -0.148076    -0.105077   -0.0979298    -0.425407    -0.169843    -0.231588   0.00098544    0.0362306    -0.368844    -0.112152    -0.249228    -0.294482    -0.131645     0.098219    0.0475431    0.0478173   -0.0286933    -0.143807    -0.140614    -0.174857    -0.174545
    0.288521   -0.0846758    -0.234622    -0.359843     0.210358     0.145691     0.291457    -0.140498     0.127305   -0.0287764    0.0941662    -0.190748   -0.0298761     0.350438    0.0676022    -0.669373    0.0885511    -0.341138    0.0350822    -0.187819  -0.00566322    -0.319186     0.282612    -0.363837     -0.25777    -0.392708   -0.0980029    -0.219503   -0.0726646    0.0178745    -0.243346    -0.416703   -0.0511641    -0.358886    -0.267577     -0.28599    -0.166116    -0.392964    0.0014618    -0.197678    0.0569664     0.111782
   -0.281263   -0.0833088    -0.208018   -0.0591669    -0.199535     -0.20221    -0.216478   -0.0792306    -0.197533    -0.144719    -0.160377    -0.253728    -0.103997     -0.25963   -0.0630967   -0.0961796    -0.147653    -0.072209    -0.345528   -0.0510311    -0.126511   -0.0484294    -0.211304    -0.189063   -0.0934431    -0.102564   -0.0383673   -0.0775795    -0.132672   -0.0777497   -0.0597587    -0.171783    -0.200613    -0.165985   -0.0441815    -0.120891    -0.119329   -0.0657603    -0.173464    -0.137812    -0.106621   -0.0795621
    -0.11121    -0.110789    -0.161077   -0.0593557   -0.0818557    -0.142865   -0.0367704    -0.186797    -0.261229   -0.0871573    -0.133117    -0.223102    -0.186439    -0.331843    -0.211551     -0.20938    -0.104275   -0.0869819    -0.419883    -0.163789    -0.273769    -0.136704    -0.114677    -0.115381    0.0892847    -0.175059  -0.00311582    -0.121315    -0.199397    0.0566161   -0.0334139    -0.200172    -0.129544    -0.238437   -0.0329464    -0.140647    0.0461766   -0.0429001    -0.144301   -0.0810465    -0.156066   0.00246601
    0.137169    -0.608838   -0.0849406      0.26222    -0.519348    -0.603519    -0.302575    -0.513332     0.140339     -0.73946    -0.677282    -0.333117    -0.594311     0.399649    0.0711868    -0.087662    -0.162759    0.0937412    -0.106878     0.298917     0.430785     0.193465      0.11691   0.00973383    -0.355336   -0.0630897    0.0800876    0.0658621     0.117118    -0.568831     0.229564     -0.56493    -0.784102   -0.0799458     0.124251     0.219241     0.214201     0.379303    -0.227106    -0.544407   -0.0849421    -0.444218
   -0.119367   -0.0867394   -0.0987916   -0.0971145    -0.280122    -0.149732   -0.0856259   -0.0956062   -0.0318504    -0.152739    -0.192854   -0.0802916   -0.0736011   -0.0412849   -0.0145878   -0.0586314     -0.16552    -0.147427    -0.119628  -0.00397287    -0.023691    -0.114141    -0.207592    -0.230971    -0.471711    -0.107674    -0.338494    -0.156428    -0.115494    -0.364786   -0.0820696   -0.0555464   -0.0891026    -0.104408    -0.183125   0.00416391    0.0190701     -0.16418    -0.136554    -0.151631    0.0168289   -0.0892661
   -0.269788   -0.0916844   -0.0145301   -0.0151804    -0.324051    -0.178665    -0.150412    0.0394326    -0.123057    -0.415186    -0.278825    -0.148685    -0.161507   -0.0599154   0.00586175   -0.0268482     -0.16908   -0.0292709    -0.286787     0.192638   -0.0147147   -0.0824545    -0.290829     -0.15951     -0.18901   -0.0620482     -0.26218    -0.212801   -0.0975355    -0.227744    0.0213473     -0.09203    -0.167827    -0.266784    -0.100746   -0.0679573    0.0779153    -0.232493   -0.0491242    -0.129889    0.0455118   -0.0606189
   -0.219913   -0.0925861    -0.113503    -0.164334    -0.138361   -0.0800027   -0.0161338   -0.0829172   -0.0349391   -0.0795795    -0.125885    -0.193601   -0.0592289    -0.169055   -0.0396908    -0.161524     -0.11765    -0.249603    -0.117957    -0.156461    -0.137483     -0.20321    -0.263277    -0.214993    -0.153453   -0.0649072    -0.313251    -0.136575    -0.256056   -0.0975545    -0.238906    -0.172945   -0.0696986   -0.0325209  -0.00561008     -0.20466    -0.168996    -0.107843    -0.139615   -0.0627771    -0.102181    -0.173328
    -0.27199   -0.0400909    -0.155971    -0.107456    -0.189243    -0.123102    -0.223827   -0.0831943    -0.191472    -0.107352    -0.179417    -0.217533    -0.118226    -0.302243    -0.151365    -0.101261    -0.119934   -0.0785228    -0.275488    -0.113268     -0.18287   -0.0863048    -0.313088    -0.184035     -0.11185   -0.0983445    -0.204254    -0.121389    -0.240616    -0.130689    -0.125353   -0.0707162   -0.0871672    -0.148138   -0.0523112    -0.127888   -0.0243476   -0.0985373    -0.123829   -0.0561505   -0.0663953   -0.0786361
   -0.460908    -0.122261    -0.280499    0.0279292    -0.212527    -0.179156    -0.103827    -0.310994    -0.530912   -0.0551559   -0.0951838    -0.135552     0.021774    -0.460876    -0.314123    0.0405815    -0.104795   -0.0734862      -0.3712     0.079841    -0.391581     0.140791    -0.134006   -0.0607417    0.0691454    -0.268209     0.153998     0.132596    -0.366142     0.129124    0.0617855    -0.276747    0.0244252     -0.24591    -0.192277    -0.113262   -0.0432867    -0.156996    0.0436444   -0.0955042    -0.255749    0.0923587
   -0.446738    0.0188669   -0.0989388   -0.0431971    -0.213476   -0.0782319    -0.269206   -0.0919291    -0.280696   -0.0805112    -0.202706    -0.175813    -0.119993     -0.35749    -0.111628   -0.0264391   -0.0927442    -0.124724    -0.338776   -0.0310531    -0.362295    -0.124482    -0.272489    -0.132778  -0.00937372    -0.114769    -0.164954    0.0123115    -0.297441  -0.00424247    -0.201613    -0.162511    -0.121721    -0.128468    0.0117501    -0.285777   -0.0252883   -0.0363493    -0.116947  -0.00254714   -0.0939755   -0.0381478
   -0.241574    -0.112651    -0.205715   -0.0630899   -0.0967801    -0.161053    -0.138439    -0.108398     -0.19039   -0.0811262   -0.0967463    -0.174628   -0.0680192     -0.25038    -0.239755   -0.0645668    -0.169892   -0.0986008    -0.172944    -0.151735    -0.143843    -0.098889    -0.213692    -0.146388    -0.124765    -0.186434    -0.059322    -0.121547    -0.131759    -0.086095    -0.124905     -0.20079    -0.177152    -0.174415    -0.101008    -0.103108     -0.23724    -0.115508    -0.111166   -0.0659297    -0.109953    -0.138976
    -0.14913    -0.163083    -0.272415    -0.032109    -0.113356    -0.121804    -0.157469    -0.013043    0.0107224     -0.10911   -0.0775542     -0.34655   -0.0395152    -0.274601    -0.106134   -0.0557902    -0.246918    -0.198138   -0.0997805   -0.0625149  -0.00665489   -0.0107267    -0.189514     -0.17025    -0.393948    -0.171432    -0.110398    0.0392727   -0.0690797    -0.129881   -0.0617205    -0.117232    -0.217736   -0.0257118     -0.25495   -0.0926225    -0.257739  -0.00916972    -0.310188    0.0957649     -0.12041    -0.306808
   -0.371333   -0.0739704     -0.31399   -0.0736031    -0.265786     -0.24918    -0.164763   -0.0435333    -0.242414   -0.0392524     -0.16026    -0.220943   -0.0934347    -0.402861    -0.151919   -0.0863244   -0.0976524   -0.0895344    -0.358777   0.00324757    -0.179994    -0.100835     -0.34865    -0.139821    -0.104303     -0.11757   -0.0561729   -0.0179739    -0.102073   -0.0399217   0.00114749    -0.119222     -0.13928    -0.233872     0.017935   -0.0859055  -0.00717899   -0.0896505    -0.135331    -0.114794   -0.0745828   -0.0505226
   -0.366895    0.0707906    0.0396547   -0.0905471   -0.0390109   0.00202586    -0.494464     0.201379     0.280269     0.157139    -0.118415    -0.387666    0.0114573    -0.302676     0.190167    0.0120316    -0.191346    -0.142653    0.0885871     -0.54541    0.0063555    -0.668317    -0.489525    -0.217725    -0.462071     0.114632    -0.708705   -0.0597724    0.0424687   -0.0505267    -0.477796     0.173769    -0.162443     0.127118   -0.0567147    -0.523682    -0.348436     0.113488    -0.499087     0.139995    0.0797976    -0.569577
    0.166558    -0.187512     0.181396   -0.0576782    -0.373273    -0.474327     0.255141   -0.0206054    -0.192168    -0.695616   -0.0585892    0.0158224   -0.0968256   -0.0861671    -0.151925    -0.224401     0.104271     0.224759    -0.281122     0.150466    -0.708126    0.0350334     0.687169    -0.208271     0.201047    -0.521809    -0.296053     0.107181    -0.849163   -0.0889837     0.286949    -0.628587    -0.350737   -0.0333375     0.169274     0.165855   -0.0882347     -0.83969     0.338317    -0.824873     0.189299     0.477376
    0.491898     0.186876    -0.653503    0.0018285     0.243874    -0.161578     0.404253    -0.311539    0.0165129    -0.759512    -0.234528    -0.323047   -0.0432416     0.450311    -0.451985    -0.731424     0.137197    -0.137846   -0.0122159   -0.0166683     0.301474     0.120814    -0.172767      0.11284    -0.302043    -0.479239     0.193763     -0.31511   -0.0287056    -0.547545    -0.090119    -0.827871    -0.495056    -0.433673     0.240628    0.0251039     0.368919    -0.347762    0.0395294     -0.49142     0.299322    -0.337447
  -0.0520144    0.0842141   -0.0523092    -0.344536     0.132156   -0.0661661    -0.319382   0.00852399    0.0801946     0.212837    0.0103925    -0.174211   -0.0126511    -0.425781    -0.189861    -0.404823    -0.299046    -0.463253     0.318754    -0.699122   -0.0223255    -0.637236    -0.389125   -0.0611856   -0.0732722    -0.112134    -0.134936    0.0971403     0.147166     0.113105     -0.56803    0.0438211   -0.0287079     0.147792     0.111694    -0.339943    -0.466074    0.0813811    -0.399284     0.196105    -0.445649    -0.455756
   -0.479138    -0.124784   -0.0386168    -0.190166     0.175723   -0.0209801      -0.2197    -0.323109    -0.733972     0.427442    0.0208042      0.20495   -0.0359524     -0.54005    -0.683653     0.198361    -0.123247    -0.221203     0.107829    -0.714825    -0.437512    -0.267912     0.231668     0.073082     0.495121    -0.218005     0.174229    0.0518299    -0.466753     0.313678    -0.323312    0.0105401     0.119408     0.132947    -0.394741    -0.472727    -0.680391   -0.0170948    -0.113048     0.185611    -0.599186   -0.0719777
    0.128738    -0.121205    -0.331898    -0.238334     0.151259   -0.0195439     0.139998    -0.160745    0.0472997    -0.023381   -0.0392422    -0.158009    -0.032557    -0.307207    -0.168394     -0.31709    -0.062064    -0.246909    0.0258746    -0.295881   -0.0384898   -0.0965557   -0.0607598    -0.142671    -0.184138    -0.417755    0.0458988   -0.0703756 -0.000958608   0.00896443    -0.436991   -0.0915119  0.000381669    -0.109702    -0.323449    -0.176168    -0.150252    -0.161865    -0.300607      0.12898    -0.247714    -0.101764
    0.259468    -0.116602    -0.551556    -0.261632     0.183121     0.118812     0.141878    0.0296119    0.0635898   -0.0241084    0.0411576    -0.327773   0.00779484    -0.378975    -0.188986     -0.43447    -0.129877    -0.367593     0.210766    -0.432254    -0.132937     0.044357   -0.0844736    -0.143813    -0.198862    -0.410929    0.0915532    0.0169349    0.0712471   -0.0137196    -0.466297   -0.0380824    0.0513846   -0.0295422    -0.550671    -0.216797    -0.335666   -0.0674858    -0.451722     0.186173    -0.236638    -0.253052
   -0.543089    0.0654826     -0.11153    0.0162219    -0.315983   -0.0936794    -0.268088   -0.0746571    -0.430352   -0.0502782    -0.244933    -0.194628   -0.0905392     -0.39646     -0.12451   -0.0226215    -0.059164   -0.0726478    -0.492502    0.0933022    -0.440576    -0.128337    -0.428281    -0.124949     0.031988   -0.0468133    -0.174203   0.00676018    -0.361298   -0.0178616    -0.152996    -0.150548   -0.0707263    -0.176878  -0.00758606    -0.280911     0.142434    -0.132953  -0.00915084   -0.0392691  -0.00336371    0.0652801
   -0.109919    -0.148039    -0.137996   -0.0314374   -0.0446388   -0.0647792    -0.155396    -0.164575    -0.124816    -0.198617    -0.192894    -0.287009    -0.178547    -0.268766   -0.0839777   0.00381144    -0.218376     -0.17978    0.0523041   -0.0905143    -0.298672   -0.0282998    -0.124128    -0.186551    -0.134836    -0.234425    -0.200209   -0.0737677    -0.145368  -0.00849551    -0.232551    -0.102733    -0.145928   -0.0375801    -0.255809   -0.0400367    -0.122329     -0.10658    -0.321062    0.0453796   -0.0265019    -0.241406
   -0.177104   -0.0969929   -0.0115197    -0.144268     -0.26658     -0.10048   -0.0795626    -0.164176    -0.167127    -0.139831     -0.16989    -0.123224   -0.0876984    -0.115309   -0.0927304    -0.101604    -0.167437    -0.254481   -0.0377457   -0.0829253    -0.111291     -0.11017    -0.235418    -0.147183    -0.268957    -0.116646    -0.287625   -0.0548782    -0.189044    -0.168549    -0.204014    -0.130714   -0.0679075   -0.0856502    -0.141917   -0.0735984    -0.078699    -0.142291    -0.139184   -0.0683275   -0.0713421    -0.179969
   -0.103673    -0.108109   -0.0406736    -0.104953    -0.082778   -0.0325506  -0.00179034    -0.142084   -0.0447692    -0.120771     -0.13985    -0.234884    -0.186326    -0.182055    -0.134268    -0.071508    -0.190529    -0.249434    0.0651145    -0.116548    -0.216906     -0.10426    -0.132114    -0.188427    -0.187756    -0.186678    -0.190948    -0.107261    -0.229764   -0.0691705    -0.253952   -0.0867565    -0.116463   -0.0923559    -0.200921    -0.098115    -0.180748    -0.189238     -0.25565   -0.0831775   -0.0260244    -0.214291
   -0.393977   -0.0689961    -0.158093  -0.00799987    -0.376511     -0.19491    -0.208727   -0.0519975    -0.214998    -0.237982    -0.218342    -0.236615   -0.0289629    -0.194633   -0.0499911  -0.00699315    -0.131273     0.052372    -0.381752   -0.0054112    -0.121486    0.0143735    -0.297799    -0.210113    -0.106485   -0.0401762   -0.0656643   -0.0567822    -0.192262    -0.152626    0.0649598   -0.0505681    -0.198176    -0.292735   -0.0559714    -0.120896    -0.044436    -0.146688   -0.0492343     -0.23257    0.0129678   -0.0646895
   -0.618557      0.12585   -0.0876764    0.0608823    -0.100542   -0.0459598    -0.556272   -0.0169575    -0.395053     0.142297    -0.260041    -0.100276   -0.0984956    -0.395405    -0.152215   -0.0191029    -0.102966   -0.0833546    -0.549889    -0.368309    -0.415196     -0.65272    -0.409769     0.037654     0.201108    0.0689545    -0.354103    0.0378259    -0.171212     0.174192    -0.358275   -0.0241015   -0.0412458   -0.0598156    0.0751192    -0.658286    0.0839725    0.0474618    -0.048058   -0.0192134    -0.269689    0.0482021
   -0.528787     0.116932    -0.011777     0.034391   -0.0199658   -0.0535251    -0.404683   -0.0551258    -0.335401     0.212167    -0.215551    -0.111031    -0.045601    -0.388023    -0.202089   -0.0213429  -0.00431057   -0.0832703      -0.2028    -0.563821    -0.410155    -0.620888    -0.329751   -0.0178804      0.22838    0.0105295    -0.404356   -0.0594495    -0.327047     0.142504    -0.446426    0.0228448   -0.0636023    0.0856765    0.0852178    -0.603565    -0.119727    0.0869398    -0.104395    0.0137309    -0.196502     -0.15849
     0.17059     -0.61957    -0.206417    -0.453368   -0.0596511    0.0234864    -0.609113     0.155163    0.0517374    -0.617625   -0.0338045     -0.13127     -0.61461      0.42246    0.0809857    -0.161873    -0.337518     0.106097     0.336646   -0.0842827    -0.280641    -0.157302     0.484853     -0.29897     0.212117   -0.0434979     0.151567    -0.312094     0.238388     -0.16138     0.156359    0.0347007   -0.0886122     0.201633    -0.852601     -0.18059    -0.700563    -0.383213    0.0802459    -0.487591    -0.289142      0.15278
   0.0445399    -0.189291    -0.198617    -0.252407    0.0601615    -0.091451   -0.0728448    -0.254018    -0.140167   0.00743838   -0.0803758    0.0578968   -0.0806724    -0.106763    -0.217723    -0.225874    -0.195017    -0.335163    0.0156974    -0.168646    0.0378048  -0.00295811   -0.0623558   -0.0737313   -0.0189802    -0.101539    0.0836736    -0.200199   0.00116157   -0.0864374    -0.195268   -0.0711061   -0.0450988    -0.244377    -0.307796    -0.125356   -0.0888269   -0.0935371    -0.228842  0.000968312      -0.3935    -0.155954
    0.614453    -0.201625     0.670862    -0.583473     0.306007     0.239607     0.410281   -0.0208416     0.200683     0.357863   -0.0688218       0.2874    -0.190989     0.525581   -0.0230788    -0.232787    -0.116505    -0.226747     0.449626     -0.61707     0.326801     -0.36441     0.381722    -0.658962    -0.650275    -0.147186     -0.76034      -1.1093    -0.622497    -0.995825     -0.30879      0.15327    -0.140798     0.146947    -0.310642   -0.0621877    -0.758827    -0.381678    -0.294744    0.0458634     0.269075    -0.779077
    0.144695    -0.379466   -0.0788785    -0.560926     0.273288    0.0506396     -0.74693    0.0256684   -0.0415407    -0.479833    -0.148921    0.0945453    -0.422912     0.412516   0.00654194    0.0261749     -0.33874    0.0188534     0.145575   -0.0505383    -0.324419   -0.0805634     0.255156    -0.261998     0.238294   0.00294066      0.12388    -0.582275     0.229198   -0.0620355      0.21664      0.28689   -0.0607626    -0.132835    -0.807746   -0.0902756    -0.650833    -0.401443    0.0180799     -0.34593    -0.604644     0.187537
     -0.1021    -0.227996    -0.236733   -0.0258934    -0.345591    -0.321934   -0.0458385    -0.252511    -0.122633    -0.264631    -0.208386    -0.200549    -0.177494   -0.0646955    -0.181648    -0.128209    -0.141351   -0.0142649   -0.0954092    -0.037306    0.0363649  0.000341879      0.07382   0.00370031    0.0322843    -0.102033   0.00953724  1.28498e-05    -0.104289     -0.15133    0.0407563     -0.32236     -0.33793   -0.0305403   0.00978627    -0.030528   -0.0847803    -0.049767   -0.0639095    -0.350699    -0.123388    -0.191414
