no weights
   0.0737552   -0.0297872    0.0560253    0.0316988      0.11916    0.0660332   -0.0645957    0.0962903    0.0256633    0.0965067    0.0976267   -0.0101534   -0.0359759    0.0663816    0.0759948    0.0574495     0.112152    0.0420245   -0.0698488    0.0697714  -0.00158822    0.0548277      0.13688   -0.0765769    -0.041938    0.0865881     0.124635      0.15135    0.0988461   -0.0577701   0.00615001     0.111524     0.108441    0.0800729    0.0458163   -0.0353906   -0.0199947     0.189211    0.0778084    0.0832834     0.161008     -0.05643    0.0970759   -0.0925286   -0.0255695    0.0207363   -0.0601013    0.0483597
   0.0282059    0.0756215    0.0546311    0.0446937     0.105052    0.0969032    0.0761715     0.077521    0.0316509    0.0478935    0.0615908    0.0918767    0.0628391     0.011801    0.0207495    0.0731909   -0.0215886     0.127295     0.110365    0.0781162    0.0477175  -0.00786953     0.123844     0.101616     0.059288     0.070678  -0.00212055    0.0618773    0.0248358     0.150183     0.123805   -0.0266364    0.0189711    0.0034813    0.0409696    0.0987576    0.0661066    0.0396615    0.0206267     0.078052    0.0837931     0.129252    0.0588266    0.0639933    0.0889804     0.120461     0.137005    0.0929009
   0.0512038    0.0241496    0.0683173    0.0303679    0.0555082   -0.0101197  -0.00563496     0.100487    0.0536148     0.108512    0.0180574    0.0237382     0.110027    0.0568215     0.124672      0.10814   -0.0339632     0.142754    0.0207508     0.130775    0.0111016    0.0125184    0.0217237    0.0796255    0.0248962     0.090284     0.147646    0.0768514   -0.0413366    0.0633193    0.0414368    0.0324294     0.118654      0.16003   -0.0175244  -0.00408452  -0.00595794     0.125129    0.0662361    0.0718344    0.0945193    0.0747344    0.0456194      0.12019    0.0458173    0.0522444   0.00511323    0.0994214
   0.0715512    0.0818019     0.165548    0.0913385     0.133416    0.0969369    0.0483634    0.0763161    0.0763274   0.00610743    0.0079156     0.152037    0.0170608   0.00992729    0.0288313    0.0816631    0.0325286     0.083433    0.0742265    0.0572845     0.118323    0.0558718    0.0215162    0.0919868    0.0615873    0.0160852    0.0627492    0.0701221    0.0604436    0.0129531    0.0419175    0.0255151   -0.0141933    0.0281558   0.00888627    0.0603529     0.078324    0.0401225  -0.00173897    0.0710588     0.029475    0.0896231    0.0491228     0.148194     0.058076     0.130904     0.112481    0.0248269
    0.137507   0.00769488  -0.00412517  -0.00812789     0.126034    0.0473199    0.0382117    0.0763887    0.0765512    0.0997932    0.0728323   -0.0200067     0.103074    0.0691726    0.0975876    0.0548974    0.0818993    0.0171072     0.103591     0.127883    0.0175085   -0.0581499    0.0898988    0.0240128    0.0727365     0.101389    0.0287204     0.128372     0.100424    0.0338998     0.109013  -0.00719418     0.157454    0.0393287    0.0936528     0.023325    -0.023744     0.101332    0.0207252   -0.0128568    0.0564685  -0.00426695     0.106817    0.0130932    0.0490589    0.0612252    0.0539545     0.114753
   0.0853393    0.0738992   0.00455133      0.03626     0.119187   0.00498571    0.0637718  -0.00167702    0.0792539    0.0447831    0.0855797    0.0595173      0.17256     0.011416    0.0881546  -0.00183458    0.0838757    0.0960757    0.0398857     0.139295  -0.00333055   -0.0204936      0.08739    0.0752998    0.0761895    0.0869536    0.0411023       0.1351    0.0344477   0.00293548     0.144627   0.00595607     0.126341    0.0948077    0.0991555    0.0936225    0.0509351    0.0491204     0.079231  -0.00689912     0.109491    0.0762374      0.13564   0.00723883    0.0408408    0.0215815     0.131689    0.0510724
  -0.0346024    0.0882848     0.145057     0.070827    0.0345421    0.0320135   -0.0190922    0.0554277    0.0920054     0.100043    0.0448967  -0.00667974  -0.00198751    0.0136316    0.0841404    0.0213859    0.0326716 -0.000936836    0.0495441      0.01776     0.102679    0.0100808    0.0948991    0.0528125  -0.00736755     0.013269     0.148736    0.0704054     0.130551 -0.000823549  0.000922744    0.0978599    0.0643025     0.151955     0.147494    0.0145898    0.0474759     0.120809   -0.0025869    0.0778471     0.199261    0.0146116     0.109065   -0.0154856    0.0248401    0.0826852     0.105242    0.0758872
   0.0699713    0.0900234  -0.00939597    0.0662438     0.102643    0.0698414     0.110533    0.0448267   0.00322113    0.0211022       0.0704    0.0280354     0.158726     0.102567   -0.0282985    0.0656524    0.0584531     0.110303    0.0468388      0.13938    0.0473568     0.159681     0.137589     0.102788    0.0378855    0.0487197    -0.011754    0.0975541    0.0623568      0.10346    0.0592976    0.0378538    0.0477072     0.111358    0.0648655    0.0658857    0.0644839   0.00538537    0.0501741    0.0999081   0.00925414     0.141481    0.0779283   -0.0209279    0.0954427    0.0401134    0.0601035    0.0793822
   0.0864709   0.00980895     0.049665    0.0957884     0.104268     0.123043    0.0698183    0.0780416   0.00329845     0.112564    0.0660416    0.0253569    0.0187832    0.0543033    0.0531168    0.0566751     0.149193    0.0485947   -0.0217488     0.105027    0.0707642     0.116628     0.126069    0.0417955    0.0126459     0.085197    0.0671911     0.140288    0.0621816    0.0277578    0.0667486     0.137105     0.124401    0.0862699    0.0499863    0.0756372     0.061182     0.125818    0.0187652     0.056946      0.15515    0.0672116    0.0687399 -0.000518619   -0.0245845    -0.037147  -0.00115877    0.0858763
   0.0257701    0.0440328    0.0197215   -0.0326844   -0.0667251   0.00988288     0.077407    0.0991695    0.0760063    0.0626932    0.0612705   -0.0316658     0.150052    0.0368933    0.0849322    0.0667021   -0.0358961    0.0356058     0.134745    0.0912929    0.0434472    -0.037902    0.0791945    0.0590663     0.172735    -0.012957     0.057446     0.023728   0.00771216    0.0537431      0.15137    0.0499457     0.140847    0.0234136   -0.0172687    0.0877125      0.11503    0.0780915    0.0540636   -0.0282593    0.0335932    0.0974211     0.140796      0.12799    0.0428405     0.083439     0.132882     0.166057
   0.0348783    0.0531398    0.0224179    0.0760213     0.117726    0.0506742    0.0726461   0.00921333    0.0455505     0.102393     0.101849   -0.0165578    0.0530523    0.0410853     0.110281    0.0866375      0.09209    0.0529632     0.116545    0.0992183    0.0920922    0.0893841    0.0977177   0.00938052     0.114766    0.0397989     0.110814    0.0799986    0.0613348   0.00434713       0.1359    0.0726575    0.0940087     0.147054    0.0817191    0.0365916     0.126812    0.0203453     0.122027    0.0734921    0.0854969    0.0424353     0.132036    0.0281661    0.0977871     0.111076    0.0532329    0.0831194
   0.0427263  -0.00753627    0.0933799 -0.000124901    0.0114516  -0.00998818    0.0524601    0.0738328     0.124041    0.0214878    0.0927928  -0.00735296    0.0192915  -0.00547299     0.100494    0.0600929    0.0593407     0.078112   0.00951646    0.0303544    0.0635769    0.0499104   0.00135661    0.0109211    0.0301313  0.000242268     0.146516    0.0309313   -0.0386453    0.0879513    0.0503957    0.0269581     0.171077     0.102318    0.0392107   -0.0253324   -0.0173676     0.102818     0.182342     0.113801    0.0961491    0.0331175    0.0291316     0.129522    0.0650969     0.145783    0.0149604    0.0272624
   0.0243535     0.102017    0.0692795     0.108495    0.0509816    0.0129347    0.0506173    0.0699586     0.011679    0.0595847    0.0326085    0.0529676     0.122229    0.0757074    0.0574508    0.0964807    0.0196302  0.000367006    0.0751363    0.0760331    0.0959789    0.0806437    0.0602402    0.0571377     0.123519   -0.0155223    0.0188853  -0.00446862    0.0869118     0.072632    0.0852992    0.0224041     0.108802    0.0533091    0.0756579     0.080989     0.125783    0.0640718    0.0274718     0.047043     0.111421    0.0843449    0.0910802    0.0148754     0.108486     0.098006     0.118425    0.0837266
  -0.0115492    0.0215531    0.0834285    0.0410344    0.0160609    0.0973186   0.00283912    0.0443609    0.0796124    0.0315324     0.144704    0.0529136  -0.00914129    -0.029722    0.0910365    0.0128554      0.21467    0.0111194    -0.128852     0.161698   -0.0121221     0.112895    0.0289066    0.0583317   -0.0445928    0.0825648     0.149385    0.0574901   -0.0085135   -0.0394686    -0.038732     0.156413     0.131439     0.121938    0.0781659  0.000690846   -0.0992717     0.180448     0.107616     0.104507      0.15496   -0.0200444   -0.0443586   -0.0576235    0.0608151    0.0036329   -0.0778522     0.064017
    0.086658     0.117434    0.0338703      0.10698    0.0623671    0.0280081     0.075416    0.0562054   0.00219897    0.0852928    0.0616135    0.0725941     0.102372    0.0409095    0.0252352    0.0776501     0.126597     0.084737     0.068827     0.135484    0.0740064     0.131687    0.0534127     0.105921  -0.00185469    0.0433822     0.100354     0.052094    0.0829343      0.02382    0.0415534      0.10355     0.108691     0.139777    0.0232781     0.134111    0.0206668    0.0824362    0.0582616      0.11144    0.0533854     0.103244   0.00696313    0.0269027    0.0582303   -0.0343011    0.0695171    0.0224645
     0.10939     0.136664      0.12665     0.104259    0.0131195   -0.0324327     0.130738     0.024602    0.0667071    0.0544675    0.0217743    0.0934706    0.0716152   -0.0113039    0.0140148    0.0348419   -0.0231593    0.0702556     0.105516     0.101941     0.100722    0.0751213    0.0355476    0.0686658    0.0471578    0.0890422    0.0720835    0.0543782    0.0377491     0.055509     0.102068   0.00794494     0.105254  -0.00203316   -0.0374921    0.0263083    0.0355425    0.0649764     0.115432    0.0537338   -0.0280343    0.0520241    0.0708798    0.0953253      0.15253    0.0960912     0.073746    0.0761601
    0.014889   0.00686499    0.0641461     0.136424    0.0781176    0.0591306    0.0170824    0.0263146     0.038585     0.144367    0.0800316    0.0977408    0.0213748    0.0770505    0.0390429    0.0293373    0.0934925    0.0434435    0.0981043    0.0865783     0.074704    0.0668981    0.0526619    0.0650022    0.0769339     0.033188    0.0741943     0.104528      0.04737    0.0619682    0.0475516    0.0576742    0.0629215    0.0713053    0.0447387    0.0963459    0.0404087    0.0784783     0.056813    0.0835701     0.139625    0.0509662    0.0310571     0.100685     0.113639    0.0959396     0.132227    0.0969554
   0.0509274    0.0816285     0.109031    0.0306133     0.129765    0.0839913    0.0690282     0.105942     0.086633     0.117668   0.00999067    0.0500813     0.102868    0.0456563    0.0350823    0.0682799    0.0467931    0.0185842   -0.0180557     0.086811     0.125884    0.0896524     0.051574    0.0626233  0.000813216    0.0599608    0.0704359    0.0903778    0.0344469    0.0517912   -0.0260001    0.0839095    0.0511662    0.0413847   -0.0146728    0.0827142   -0.0203503    0.0798353     0.076086    0.0672309   0.00713304    0.0491788    0.0371343    0.0933095     0.183686     0.156061    0.0492744    0.0343832
    0.132254     0.031949    0.0283295    0.0280265   -0.0103917  -0.00170642    0.0910805    -0.041003   -0.0595377    0.0093053     0.165856     0.038984      0.12075    0.0132281   0.00271569    0.0995653     0.127318   0.00392397    0.0161802    0.0560533    -0.073864    0.0486423    0.0665777    0.0180462   0.00104122      0.10358    0.0995816      0.07828     0.080668  0.000665523    0.0354796    0.0787736    0.0366871     0.151762    0.0156457 -0.000134904  -0.00610329     0.117513    0.0453123    0.0761339     0.124565   -0.0579115     0.166535   -0.0807092    0.0137594   -0.0380812    0.0104362      0.15404
   0.0116331     0.179555     0.202117     0.137612     0.123009    0.0232551    0.0146707    0.0655615     0.092169    0.0605284    0.0280153    0.0390286  -0.00727091    0.0342663    0.0640128    0.0825757    0.0562659    0.0776029  -0.00378834    0.0284821    0.0929045     0.143207    0.0470258     0.102569    0.0198486    0.0964984    0.0901896    0.0302061    0.0227718    0.0807506   -0.0218428      0.10814    0.0624152   0.00340371    0.0882777   -0.0109488   -0.0320874     0.039996     0.115677     0.118476    0.0855897   0.00132039    -0.041607     0.115325      0.11894    0.0242215    0.0117472   -0.0608599
   0.0866668    0.0845548    0.0965163    0.0503543    0.0234948     0.130301   -0.0348886     0.095449     0.107579    0.0167416    0.0756274    0.0487905    0.0523608    0.0235692    0.0504392    0.0542353     0.133463    0.0697297   0.00498021    0.0445673     0.124993    0.0997607     0.127007    -0.040936   -0.0180771   -0.0297614     0.115661   -0.0242028   0.00440364  -0.00667517   -0.0143133    0.0947749    0.0672656    0.0362613     0.119968   -0.0239666   0.00655754     0.161442    0.0987554  -0.00528323     0.138543    0.0172921    0.0111588    0.0421998   -0.0272355    0.0529381   -0.0195845    0.0836783
   0.0543828     0.135534     0.172398     0.129244     0.173523  0.000208419    0.0390983    0.0480892    0.0339719  -0.00105752     0.074942    0.0237314    0.0115402    0.0177989    0.0226616    0.0157465    0.0921897    -0.017456  -0.00438002  -0.00143489     0.101834     0.126065    0.0501288  -0.00602321    0.0294411    0.0355969     0.150268    0.0946148    0.0355147  -0.00557869   -0.0246119    0.0151571    0.0508695    0.0652077     0.105642   -0.0268114     0.112723     0.107949     0.114107    0.0508756    0.0691394    0.0032174    0.0504969    0.0953962    0.0421646     0.112361    0.0666532   0.00838581
    0.116136   0.00822848   0.00757356    0.0274659    0.0580168   0.00600264   -0.0147314    0.0347461  -0.00815502     0.138714    0.0931558    0.0152103   0.00695043   -0.0209317    0.0232109    0.0759531     0.087292   0.00311416    -0.059199    0.0753149   -0.0496146    0.0504998  -0.00458744   -0.0727917   -0.0232854    0.0637673    0.0720523     0.144772    0.0396421   -0.0571946  -0.00297575     0.142952    0.0718266     0.167068  -0.00230555   -0.0357553   -0.0312257     0.049372    0.0802912     0.104232    0.0837848   -0.0222206    0.0892117    0.0406342    0.0273639    0.0816197    0.0734873    0.0168587
    0.106537    0.0118757    0.0740891     0.130221    0.0768335     0.121651    0.0691149    0.0881975    0.0766947    0.0174281    0.0480618     0.127323    0.0472418     0.103346    0.0956206     0.114536     0.113112  -0.00752624     0.110456  -0.00773613    0.0310987    0.0641834    0.0305484     0.077939    0.0921718    0.0654375    0.0986957    0.0108064     0.022032    0.0713546     0.045762    0.0836094    0.0484708    0.0179942    0.0528451  -0.00285523    0.0938838      0.11511     0.113813    0.0742054    0.0728888     0.021451     0.031043    0.0909754     0.154346     0.140394    0.0899529    0.0872478
   0.0887987   -0.0253537    0.0123855  -0.00829232    0.0470409  -0.00736417    0.0624174    0.0396316    0.0489915     0.011852    0.0317964    0.0347775     0.053255    0.0941918    0.0861213    0.0720035    0.0493218   -0.0165697    0.0753781   -0.0152036  -0.00440207    0.0410345   -0.0670732    0.0863965   0.00975346     0.121807    0.0909496    0.0528818    0.0624892    0.0883778    0.0708857    0.0208267    0.0707833    0.0480146    0.0838749    0.0232147    0.0570536   -0.0724199    0.0786828    0.0360079    -0.078185    0.0335623    0.0636422     0.146948     0.217482     0.162913    0.0742238     0.025819
   0.0338525    0.0509767    0.0717153    0.0476379    0.0239418      0.10191    0.0826931     0.019166    0.0462194   -0.0111144     0.028446    0.0703213    0.0843494     0.079557    0.0328713    0.0424905    0.0729537    0.0587845  0.000365609     0.102019    0.0657797    0.0835736    0.0309977    0.0708605    0.0706548    0.0935353     0.102337    0.0132442   -0.0258776     0.115417  -0.00139095     0.099717     0.143573    0.0340063 -4.56226e-05    0.0775614    0.0977863    0.0621857      0.16975    0.0712452    0.0635594    0.0758877    0.0440431     0.086919     0.084002     0.110148    0.0501799    0.0405259
    0.102857    0.0269546    0.0921207     0.118071     0.148972    0.0481688    0.0742834    0.0720269    0.0712088    0.0023081     0.126862   0.00455042    0.0481223    0.0454242    0.0848113    0.0525609     0.130013   -0.0655435    0.0904796    0.0668254    0.0063901    0.0661518    0.0206448   -0.0466691   0.00819292      0.09871     0.076114    0.0381039     0.120693  -0.00205179    0.0100886      0.11986    0.0373013   -0.0125445    0.0455276   -0.0344516     0.116322    0.0260754     0.105458  -0.00446064    0.0946087    0.0634356    0.0343489     0.141319     0.145722     0.091174    0.0524113    0.0531918
    0.138783     0.111026    0.0928253      0.16044     0.113846    0.0659357     0.111814   0.00770768   -0.0187823    0.0488003    0.0190973    0.0859056    0.0328096    0.0376215    0.0527363     0.108093    0.0256848  -0.00891832     0.164306   -0.0319159  -0.00275862     0.117175    0.0761977    0.0648698     0.159228    0.0521517   -0.0260294    0.0375931    0.0242288    0.0520785     0.150355    0.0306618   -0.0805266    0.0148839    0.0263846     0.110077     0.155397    0.0339926    0.0230132     0.111353   -0.0193639    0.0882645    0.0434835    0.0719003    0.0445811    0.0931645     0.175954    0.0583388
    0.178136    0.0262729    0.0490483   0.00451559    0.0971871     0.117234     0.138252    0.0974343    0.0816292   0.00745627     0.109254    0.0551956   0.00934523    0.0743894    0.0681045    0.0320802     0.158811   -0.0369586    0.0615634    0.0869489     0.106408      0.10221    0.0988517    0.0470297    0.0519075     0.109733     0.102865    0.0431228    0.0370039    0.0583554    0.0251104     0.112054     0.045707    0.0476925     0.104406    0.0597534     0.047969    0.0946317     0.189211    0.0840391    0.0675666    0.0133267  -0.00639291    0.0842422     0.054218    0.0186331   -0.0390479   0.00391659
    0.112911    0.0602741    0.0151974    0.0451116     0.097387    0.0534773     0.153638    0.0642401    0.0522058    0.0903561    0.0453209    0.0267826      0.10468    0.0742414    0.0923615    0.0619646   0.00241954     0.029021     0.143687   0.00227924    0.0172318   -0.0404867   -0.0430718     0.110675     0.168882      0.11851    0.0271457    0.0193857     0.119548    0.0460338     0.182329  -0.00282808 -0.000981646    0.0453099   0.00909412     0.104516    0.0583096    -0.118343    0.0354791    0.0252312   -0.0601706     0.124155    0.0639278     0.148599     0.151033     0.138877      0.15955    0.0955434
-0.000930027    0.0348298     0.138869     0.124971     0.132176    0.0473334     0.031712     0.027313    0.0896854     0.012444   0.00490186    0.0153574    0.0262209    0.0100263    0.0448874    0.0817704     0.082943  -0.00745243   -0.0185172     0.103747     0.106818     0.130109    0.0408523  -0.00680357    0.0128762     0.108725    0.0889437    0.0615417    0.0297847    0.0466629  -0.00291173     0.112591     0.139168    0.0382799   -0.0206841   0.00983665   0.00331742    0.0919004     0.100471     0.112024   -0.0235703    0.0394302    -0.032717    0.0874949     0.158064      0.13061   0.00126695 -0.000169354
   0.0838266     0.066503   0.00779485  -0.00640661    0.0188801   -0.0424744     0.102131      0.10613    0.0558809    0.0352466     0.117508    0.0490192     0.149664    0.0896657    0.0360601    0.0350092    0.0304052    0.0730583    0.0293023     0.125491     0.105347    0.0962049    0.0443369    0.0491922    0.0644057     0.117584     0.112342     0.105328  -0.00140547    0.0814959    0.0669724    0.0185841     0.133585  -0.00790255   -0.0274781    0.0554718     0.107418    0.0910995     0.109215    0.0417219    0.0235813    0.0735558    0.0563142    0.0236317    0.0840109    0.0258299    0.0691843    0.0773305
   0.0111784    0.0819567    0.0108251  -0.00983487     0.092285   -0.0478666     0.132177    0.0936739     0.117357    0.0215714     0.063359   0.00707644     0.137667    0.0617804    0.0693016    0.0789631    0.0665597    0.0815409     0.118646    0.0332341    0.0717873    0.0406946    0.0121158     0.035741    0.0923348     0.080819    0.0531543     0.073195    0.0165786      0.04989     0.124031    0.0820102     0.122387    0.0299981    0.0946865    0.0181477     0.102331    0.0632813    0.0679902    0.0965465     0.094953    0.0780482    0.0218782    0.0468407     0.088678    0.0863899     0.106649    0.0934565
    0.101397    0.0257487   -0.0138969    0.0694133    0.0221369    0.0660113    0.0604854  -0.00834559   -0.0188044    0.0240356    0.0459859    0.0430354    0.0885985   0.00328789   -0.0172406      0.12593    0.0844674    0.0808164      0.11127    0.0741551   -0.0414515    0.0851598   0.00106678   0.00403656    0.0301482    0.0961838   0.00108605     0.142695   0.00607475    0.0344479    0.0799115     0.116311   -0.0289516    0.0646962     0.054266    0.0326103     0.127565     0.144166    0.0701491    0.0790931    0.0295996    0.0617885     0.122679   -0.0459042   0.00566578  -0.00104484    0.0937079     0.165718
   0.0101742    0.0555099     0.170006    0.0887858    0.0781548     0.142464    0.0194793    0.0591832     0.114072    0.0410215    0.0107459      0.12547   -0.0597189    0.0166858     0.116737     0.132958   -0.0227479    0.0477299    0.0690154   -0.0338704    0.0438704    0.0162685    0.0659499     0.022772   -0.0149987   -0.0547798    0.0972513    0.0294444    0.0170029    0.0930275    0.0118411    0.0206258    0.0347032    0.0384249    0.0952681     0.140143     0.057523    0.0793651    0.0424327     0.102732   0.00854287     0.128815    0.0630727    0.0695935    0.0841241     0.118136     0.104772     0.102218
  0.00738632     0.099347     0.188951     0.119859     0.138351    0.0689585    0.0537214     0.120874       0.1014    0.0309121    0.0555111    0.0510113  -0.00934847    0.0714707    0.0408177      0.11392     0.114631    0.0103269    0.0238465  -0.00538698     0.114819    0.0942445     0.065358   -0.0206431   -0.0441975     0.102626     0.160535    0.0535366    0.0399222   -0.0011997    0.0430289    0.0195733    0.0870812     0.101672    0.0191986   0.00356982  -0.00842524     0.103427     0.135217     0.116123    0.0934877  -0.00105097    0.0381795    0.0536159     0.064642    0.0271776   0.00786617    0.0672716
  -0.0346344    0.0600216     0.177499     0.157619    0.0574212    0.0739472    0.0111659     0.126407    0.0689986    0.0512348    0.0398988     0.137559   -0.0562644    0.0984628    0.0448179    0.0232596    0.0780291     0.102917  -0.00388981   -0.0394759     0.112626    0.0639046    0.0576905    0.0694431    0.0415173    0.0338199     0.103975   0.00113299     0.106757     0.107829    0.0889461   0.00774876   -0.0163666    0.0182109      0.11567    0.0727289   0.00686967    0.0823634     0.121412    0.0761725    0.0360553     0.062208   -0.0125202     0.155378    0.0926667     0.140946    0.0431543   -0.0543221
    0.182104    0.0663302     0.081142    0.0953892    0.0232415     0.174254    0.0682031    0.0112306    0.0998179    0.0302825    0.0310287    0.0376773    0.0586759     0.107015    0.0272115    0.0240593    0.0876575      0.06861      0.10612    0.0818874    0.0260346    0.0690048    0.0317791      0.01359     0.127979    0.0448993     0.101948   0.00713464   0.00628117     0.113343     0.119613    0.0285728 -0.000766068  -0.00112397    0.0833578    0.0834149    0.0800115     0.125351    0.0470251    0.0412341   0.00600004    0.0868045    0.0844655      0.15472    0.0083362    0.0256024    0.0902542    0.0754882
   0.0159226    0.0342409    0.0621396     0.135803     0.111318    0.0218101      0.07398    0.0769969    0.0675526     0.113269    0.0372702    0.0804188   0.00526228    0.0560945     0.110893     0.109412    0.0762768    0.0669584    0.0151967    0.0759852    0.0293939    0.0703875     0.022413   0.00708338    0.0655733    0.0293258  -0.00318678    0.0734322  -0.00578226    0.0594023    0.0297335    0.0869606      0.12996     0.100903    0.0103301    0.0184227   0.00671589    0.0964311     0.130774     0.110103    0.0365646    0.0389442   -0.0269117    0.0921949     0.217071     0.110572    0.0746969    0.0834775
     0.10496    0.0673229   0.00727049    0.0270895    0.0573367    0.0289758    0.0924049    0.0691979    0.0577352    0.0526038    0.0695101    0.0088632     0.161543    0.0830142    0.0365836    0.0706806      0.01762    0.0508241     0.195769    0.0877514     0.118971   -0.0399562     0.123455     0.118331     0.161335    0.0517013    0.0575162    0.0771246    0.0952431    0.0894354     0.183273   -0.0346231   0.00224887   -0.0177855    0.0325245    0.0420982     0.108582    0.0474113   0.00412336   0.00169906    0.0184589    0.0430037      0.14953    0.0780502   -0.0249912  -0.00189753    0.0521392     0.102007
   -0.054397    0.0322265     0.150872     0.132782    0.0907181    0.0482371   0.00419907  -0.00864237    0.0358718    0.0949003    0.0219021     0.134517    0.0200679    0.0189418    0.0914305    0.0175074   0.00982434     0.096498   -0.0167097     0.141617    0.0835371    0.0935767     0.102435    0.0722483    0.0722238    0.0490333    0.0352894     0.128967     0.108711    0.0505831    0.0139537    0.0534249    0.0057466     0.125991     0.018722    0.0230709    0.0598568     0.143423   -0.0170604    0.0529828     0.133887    0.0363734    0.0850778    0.0432394      0.07284    0.0641996    0.0842211    0.0587416
   0.0267959    0.0558302     0.108627    0.0881597     0.128906   -0.0154241    0.0628075    0.0500865     0.102433     0.116361    0.0664423    0.0329839    0.0849637  -0.00624182     0.102853     0.110368    0.0883447    0.0222264    0.0253544     0.021691    0.0659098     0.104102   -0.0436594    0.0569023    0.0862826      0.11893   -0.0132506     0.107367    0.0217722    0.0234991    0.0491312    0.0114816    0.0767067    0.0954749    0.0200274     0.103881   0.00717528   -0.0409107     0.122509     0.131119    0.0643786    0.0985559   -0.0474467     0.109584     0.155015    0.0803696     0.146093  -0.00101601
  -0.161213   -0.102068   -0.142344   -0.110653   -0.168461   -0.115983   -0.132393   -0.161384   -0.119745   -0.141664   -0.147157   -0.147178   -0.144919   -0.101053  -0.0815856  -0.0823624  -0.0911377  -0.0976995   -0.125865   -0.134149   -0.119278   -0.129837   -0.175447  -0.0803016  -0.0809527     -0.1104   -0.115468   -0.152699    -0.18462  -0.0720653   -0.128444   -0.112238   -0.163239   -0.166801  -0.0983653   -0.131958  -0.0653083  -0.0895726   -0.115813   -0.122265   -0.101092   -0.110674
  -0.091043   -0.189469  -0.0133989  -0.0804579   -0.111927   -0.210437  -0.0711659   -0.292073   -0.211847  -0.0508503   -0.141013    0.123195   -0.151864  -0.0366003   -0.209904  -0.0517837   -0.137343  -0.0127047   -0.277122 -0.00677986 -0.00766684   -0.074102    -0.12572  -0.0754619   0.0181075  -0.0408018  -0.0963437   -0.309595  -0.0508855   -0.135199   0.0273943  -0.0572911   -0.089466   -0.310656  -0.0229212 -0.00235386   0.0245353   -0.192497  -0.0517287   -0.203962   -0.162518  -0.0677055
 -0.0289451   -0.220117    -0.16854   -0.171347   -0.250645   -0.214111  -0.0232409   -0.148373  -0.0693196   -0.147514   -0.117347  -0.0361897   -0.108826   0.0715533  -0.0609504   -0.123323   -0.116119    -0.17466  0.00322487  -0.0364571   -0.047317  -0.0216323  -0.0593838  -0.0800052   -0.195251  -0.0665834  -0.0523444    -0.13958  -0.0461122   -0.290747   -0.103308  -0.0665867  -0.0784823  -0.0181385   -0.141093  -0.0434486  -0.0982317   -0.148538   -0.119631   -0.235137  -0.0999482   -0.127868
 -0.0176257   -0.100808   -0.121269   -0.176275  -0.0922257   -0.130384   -0.116392   -0.158679  -0.0927398   -0.177738   -0.146467  -0.0514826   -0.142183  -0.0465176   -0.118056   -0.110879   -0.115968   -0.137082  -0.0699581   -0.046114    -0.10488   -0.159357  -0.0718077   -0.092829   -0.173081   -0.123048   -0.173041  -0.0770598  -0.0463941   -0.203113    -0.10773   -0.124409   -0.173852   -0.131802  -0.0266691  -0.0735257  -0.0602909  -0.0627496   -0.117964   -0.109015   -0.173474   -0.130354
 -0.0453962   -0.116287    -0.11465   -0.153348  -0.0354597  -0.0300271  -0.0253821   -0.129693  -0.0697129  -0.0826403  -0.0415241   -0.138925   -0.106642   0.0228023  -0.0359781   -0.207658  -0.0355425   -0.168829  -0.0676831   -0.135735  -0.0928487   -0.193566   0.0100035    -0.18666   -0.122903   -0.153621   -0.134366   -0.160586   -0.138255  -0.0792821   -0.122089   -0.171762  -0.0935163   -0.162106   -0.163888   -0.187341   -0.166726   -0.189709  -0.0814137    -0.17248   -0.067568  -0.0558929
  -0.133355   -0.099982   -0.141202  -0.0908406   -0.113625   -0.141641   -0.124892   -0.100789   -0.162132  -0.0983339   -0.121241   -0.171664     -0.1035   -0.137457  -0.0718989   -0.116828   -0.130069   -0.128602     -0.1827   -0.102618   -0.107365  -0.0703488   -0.101808   -0.178724  -0.0914221   -0.118172  -0.0631295   -0.101573   -0.148219  -0.0974907   -0.130523   -0.153389   -0.147881   -0.113183  -0.0845862   -0.112657   -0.138017  -0.0803099   -0.175235   -0.118827  -0.0940634   -0.100498
 -0.0928405   -0.119398   -0.125067  -0.0906324   -0.124161   -0.106104  -0.0772962   -0.100393   -0.167073   -0.099389   -0.125135   -0.178231   -0.152104   -0.206959   -0.107428   -0.146223   -0.126143   -0.101301   -0.219881   -0.144869   -0.149851   -0.134226  -0.0978533   -0.131658  -0.0348564   -0.123368  -0.0745027   -0.133199   -0.152778  -0.0240985  -0.0856795   -0.115194   -0.108987   -0.138642  -0.0933528    -0.14886  -0.0387949   -0.047764   -0.158097  -0.0706536   -0.126179  -0.0579979
-0.00613355   -0.219874   -0.070843  -0.0351804   -0.141261   -0.200813    -0.12473   -0.212089  -0.0460452   -0.250562    -0.21863   -0.117816   -0.197129   0.0395755  -0.0902555   -0.124978  -0.0926617  -0.0696254  -0.0681609   0.0120426   0.0540097  -0.0125135  -0.0271985  -0.0977955   -0.144747   -0.122615  -0.0451822   -0.101275  -0.0856863   -0.221785   -0.027633    -0.18899    -0.22518  -0.0947031  -0.0643615 -0.00129235  -0.0295963 -0.00059771   -0.145867   -0.217401   -0.130162   -0.182762
   -0.13442   -0.110362   -0.107756  -0.0832799   -0.170486    -0.14916  -0.0837412    -0.13348  -0.0987767  -0.0804657   -0.162057  -0.0620465  -0.0888246   -0.107112   -0.073792  -0.0706447   -0.149492   -0.126879   -0.117314  -0.0954395   -0.092421   -0.126375  -0.0935838   -0.160981   -0.224594   -0.129647   -0.184301   -0.156228   -0.137524   -0.207811   -0.106419  -0.0855373   -0.077184  -0.0888779   -0.168528  -0.0596431  -0.0429084   -0.153799   -0.124006   -0.162166   -0.062026   -0.061791
  -0.170227   -0.121018  -0.0609882    -0.05725   -0.185308   -0.135001   -0.122213  -0.0393375   -0.151669   -0.208478    -0.18858   -0.116192   -0.145769   -0.140244  -0.0713765   -0.075598    -0.14926   -0.108961   -0.169393    0.022016  -0.0668611   -0.137583   -0.163881  -0.0972331  -0.0883853  -0.0850336   -0.143486   -0.168468   -0.106496   -0.121748  -0.0902935  -0.0866856   -0.114974   -0.157961   -0.112417   -0.141427  -0.0199287   -0.170168  -0.0947557   -0.086666  -0.0663998  -0.0798881
  -0.110553   -0.115142   -0.144478   -0.161376  -0.0959141   -0.108701  -0.0444819   -0.105919  -0.0702502   -0.120274   -0.113155   -0.125226  -0.0746345  -0.0927255   -0.081537   -0.151744   -0.102259    -0.17119   -0.132553   -0.146693  -0.0950463   -0.145461    -0.14888   -0.165986  -0.0693379  -0.0675927   -0.180557   -0.151086   -0.171211   -0.106121   -0.144134   -0.155031   -0.080491  -0.0628112  -0.0422318   -0.155905   -0.166882   -0.112661   -0.104002  -0.0997547   -0.145382   -0.118538
  -0.109716  -0.0733285   -0.132941   -0.138863   -0.115418   -0.123966   -0.175308   -0.104398   -0.141629    -0.13885   -0.170698   -0.142296   -0.137879   -0.152431   -0.157731   -0.129561   -0.122078  -0.0997493   -0.128452    -0.13689    -0.11679  -0.0837457   -0.180872   -0.156449  -0.0786099   -0.103831   -0.148645   -0.136808   -0.162822   -0.151761   -0.131649   -0.077944  -0.0825582   -0.116847  -0.0857169  -0.0908268  -0.0653864   -0.100588   -0.123593   -0.084332   -0.115983  -0.0866213
   -0.21844   -0.120469   -0.135043  -0.0589208  -0.0993474   -0.097295    -0.12755   -0.163546    -0.20271  -0.0828977   -0.099909   -0.124851  -0.0331242   -0.225123   -0.117433  -0.0460917   -0.100363  -0.0695608   -0.158055  -0.0699732   -0.181909  -0.0606099  -0.0969276   -0.122336  -0.0797997    -0.15898  -0.0467627 -0.00853884   -0.186009  -0.0258667  -0.0608944   -0.137161  -0.0417856   -0.130314   -0.162469    -0.15724   -0.128488   -0.132642  -0.0503622   -0.106707   -0.156762  -0.0735089
  -0.201748   -0.045851  -0.0832307   -0.118297   -0.131883   -0.103946   -0.146536   -0.104889   -0.134267   -0.130086   -0.154619  -0.0851701     -0.1474   -0.144244   -0.108014  -0.0889524   -0.104277   -0.141223   -0.167711  -0.0723695   -0.171376   -0.103146   -0.106482   -0.157098  -0.0909287   -0.128732   -0.122694  -0.0450961   -0.178071  -0.0852483   -0.130205   -0.145274    -0.12682   -0.130719  -0.0677833   -0.166706   -0.121579  -0.0831959   -0.127806  -0.0625283   -0.105073  -0.0928114
  -0.144147   -0.111139   -0.153001  -0.0781089   -0.093098   -0.141115    -0.10256   -0.103535   -0.145812    -0.10758  -0.0976179   -0.104181  -0.0741142   -0.122911   -0.189755  -0.0872675   -0.151713   -0.107035   -0.128212   -0.123614   -0.121911   -0.116209   -0.163041   -0.140232   -0.110974   -0.158813  -0.0757299   -0.140073  -0.0959956    -0.10853   -0.129957   -0.179994   -0.152994     -0.1703  -0.0863576  -0.0903312   -0.180358   -0.127622  -0.0853365  -0.0939631  -0.0908251   -0.103681
  -0.117531   -0.141718   -0.158126   -0.055208  -0.0986324   -0.119504   -0.100083  -0.0597398  -0.0642119  -0.0928837  -0.0959319   -0.192697  -0.0598171   -0.138673    -0.12751  -0.0917014   -0.161926   -0.158265   -0.142124  -0.0836095   -0.060638  -0.0758139  -0.0971223   -0.128102   -0.206389   -0.129046    -0.11948  -0.0339504   -0.124968   -0.127139   -0.058936   -0.114155   -0.161562  -0.0612461   -0.167577   -0.135244   -0.160944  -0.0716387   -0.164691 -0.00355577   -0.116902   -0.184315
  -0.159531   -0.126063    -0.18597   -0.129252   -0.137583   -0.177703   -0.109497  -0.0576223    -0.15401  -0.0624141   -0.151549   -0.120956   -0.133761   -0.203647   -0.123858   -0.104286    -0.10373   -0.128858   -0.116833  -0.0699401   -0.110201   -0.138243   -0.163321   -0.155645   -0.110098   -0.122093  -0.0838029  -0.0782671   -0.083745   -0.106662  -0.0600901  -0.0713931    -0.13071   -0.147788  -0.0637165  -0.0817636   -0.102958   -0.120319   -0.146225   -0.139627  -0.0737424    -0.11245
  -0.125076  -0.0794608  -0.0939449   -0.122842   -0.128579   -0.132653   -0.183495 -0.00880221  -0.0411514  -0.0551808   -0.132654   -0.176737  -0.0516616    -0.13214  -0.0488767  -0.0966734   -0.134808  -0.0840114  -0.0846988    -0.17079    -0.12328   -0.207433     -0.1713  -0.0962931   -0.134695  -0.0521035   -0.211732   -0.112822  -0.0993676   -0.104157   -0.165737  -0.0490095   -0.157527  -0.0559766  -0.0637246   -0.196475   -0.113099  -0.0508877   -0.173887  -0.0618479  -0.0844485   -0.182417
 -0.0412781   -0.146349  -0.0478263    -0.10638   -0.171376   -0.202072   -0.033056   -0.100924  -0.0830738   -0.235413    -0.11734  -0.0974198  -0.0890683   -0.108811   -0.115497   -0.144713  -0.0377055  -0.0201837   -0.124102   -0.055638   -0.204831  -0.0937777   0.0721045    -0.10743  -0.0687842   -0.165178   -0.174527  -0.0568691   -0.248387   -0.150058  -0.0272463   -0.203902   -0.175953  -0.0489494  -0.0108461  -0.0404835  -0.0988126   -0.240226 0.000319463   -0.273341  -0.0554606   0.0443432
  0.0427488  -0.0681879   -0.212959  -0.0918042  -0.0485535   -0.150011 -0.00186913   -0.170265  -0.0911772   -0.254609   -0.153377   -0.137596   -0.116445   0.0485932   -0.189041   -0.198657  -0.0385939   -0.117595  -0.0585661    -0.11563  -0.0103725  -0.0413732   -0.108282  -0.0307693   -0.122468   -0.149404  -0.0128394   -0.185665  -0.0870986   -0.221193   -0.110793   -0.229527   -0.175407   -0.110642  -0.0197282  -0.0980473   0.0064776   -0.151348  -0.0608071   -0.206099   0.0100501   -0.175332
 -0.0816715  -0.0484528  -0.0764465    -0.12998   -0.096268   -0.141441   -0.148782   -0.114638   -0.110317  -0.0551491  -0.0944071   -0.117674  -0.0966534    -0.19698   -0.155701   -0.184785   -0.168172   -0.157441  -0.0209815   -0.226042  -0.0745381   -0.176362   -0.168909  -0.0954829  -0.0556613   -0.125245  -0.0735343  -0.0352393  -0.0557195  -0.0462415    -0.19758  -0.0945445  -0.0930026  -0.0188421  -0.0457947   -0.119518   -0.161482  -0.0860106   -0.149206  -0.0114237   -0.162462   -0.181115
  -0.201185   -0.116052  -0.0992627   -0.135222  -0.0531902  -0.0738669   -0.131884   -0.163763   -0.229664   0.0619995  -0.0888158  -0.0624421   -0.094696   -0.252935   -0.213035 -0.00823585  -0.0723699   -0.166393  -0.0221263    -0.25589   -0.156911   -0.167688  -0.0216478  -0.0191859   0.0463935   -0.118824   -0.051902   -0.044993    -0.17629   0.0410156   -0.177936  -0.0927224  -0.0524785  0.00869812   -0.152271   -0.197684   -0.219051   -0.061285   -0.138626 -0.00476039   -0.192781   -0.123376
 -0.0406868   -0.152736   -0.144581   -0.168424  -0.0311462   -0.104285   -0.036503   -0.138357  -0.0301929   -0.131881   -0.126909   -0.099791   -0.104739   -0.165242   -0.102644   -0.140727  -0.0732571   -0.103967  -0.0819483   -0.149185  -0.0979947   -0.117447  -0.0727078   -0.156033   -0.155673   -0.213315     -0.0846   -0.123523   -0.116629   -0.109432   -0.208481  -0.0933598  -0.0871385    -0.06584    -0.17022   -0.122512   -0.105067   -0.143217    -0.17714 -0.00744008    -0.14957   -0.113711
  -0.028895   -0.154192   -0.208416   -0.124817  -0.0679874  -0.0356312  -0.0441668  -0.0760498  -0.0988029  -0.0633803  -0.0785918   -0.146854  -0.0689115   -0.170488   -0.155676   -0.173705    -0.14881   -0.132947  -0.0614586   -0.163665   -0.105537  -0.0557063   -0.144743   -0.120265   -0.133535    -0.15144  -0.0899993  -0.0763095  -0.0671184   -0.114231   -0.169922  -0.0698636  -0.0610919   -0.127835    -0.18737   -0.132472   -0.131213  -0.0902796   -0.203715 -0.00738069   -0.153571   -0.173113
  -0.238909  -0.0250238  -0.0817832  -0.0807158   -0.110318  -0.0831234   -0.162426  -0.0740982   -0.205341  -0.0745645   -0.158633   -0.101835   -0.129693   -0.172549   -0.131791  -0.0822622  -0.0933341  -0.0977296   -0.183988  -0.0614372   -0.200944   -0.133996   -0.192322   -0.150104  -0.0458353  -0.0670256   -0.115392  -0.0664523   -0.173652   -0.113992   -0.151222  -0.0873935  -0.0946861  -0.0922818   -0.123433   -0.177655   -0.046126   -0.150635  -0.0904453  -0.0713406  -0.0728559  -0.0663183
 -0.0936623   -0.127479   -0.133939  -0.0554769  -0.0455239  -0.0923717   -0.140444    -0.15348   -0.139961   -0.148116    -0.15614   -0.175653   -0.136689   -0.161999  -0.0995329  -0.0330077   -0.158775   -0.114623  -0.0241528   -0.119984   -0.195826  -0.0683062  -0.0832154   -0.148969  -0.0880313   -0.179734    -0.15947  -0.0985038  -0.0995031  -0.0338974    -0.16194    -0.10414   -0.122823  -0.0730629   -0.169194  -0.0597217   -0.111399    -0.11551   -0.198435  -0.0208369  -0.0488261   -0.170295
  -0.117419   -0.115488  -0.0455352   -0.128539    -0.17347   -0.099593   -0.110117   -0.167095   -0.180808   -0.137778   -0.145768   -0.113871  -0.0946942  -0.0902544   -0.121244  -0.0957633   -0.160429   -0.171034  -0.0779501   -0.103091  -0.0804163  -0.0840324   -0.139884   -0.121361   -0.116749   -0.115702   -0.151473  -0.0726927   -0.134332    -0.11442   -0.127211   -0.119034  -0.0752452    -0.11796   -0.156151  -0.0873181   -0.103136   -0.133627   -0.125432  -0.0886817   -0.116085   -0.148766
  -0.142691  -0.0952039  -0.0823363  -0.0958441   -0.102363  -0.0639011  -0.0612393   -0.140173  -0.0843226   -0.110805   -0.131967   -0.164777    -0.16628   -0.134774   -0.149053  -0.0760798   -0.167351   -0.171792  -0.0459772  -0.0841319   -0.164737   -0.114015   -0.145049   -0.143236   -0.101631    -0.13422   -0.124115    -0.10437   -0.155308  -0.0589197   -0.151702  -0.0797993   -0.106916   -0.135277   -0.127677   -0.119552   -0.112547   -0.177692   -0.164785   -0.128463  -0.0719276   -0.130164
  -0.212588   -0.104351   -0.108611  -0.0589145   -0.203765   -0.130793   -0.145744  -0.0909329   -0.164691   -0.152133   -0.154832   -0.158928  -0.0524994   -0.100786   -0.080564  -0.0440258   -0.131188  -0.0399812   -0.165869   -0.109121   -0.095955  -0.0496053    -0.16875   -0.176304  -0.0874208  -0.0765215  -0.0672396  -0.0755945   -0.157221   -0.149176  -0.0609119  -0.0508891   -0.147827   -0.172474   -0.116568    -0.14496   -0.118667   -0.104267   -0.100218    -0.15605  -0.0612424   -0.126438
  -0.262588  -0.0265588  -0.0994038  -0.0655569  -0.0902888  -0.0931469   -0.194203  -0.0624011   -0.130772  -0.0297799   -0.133721  -0.0772821   -0.106459   -0.160691   -0.115351  -0.0797836   -0.124887   -0.118369   -0.207112   -0.147057   -0.145597   -0.237245   -0.170104  -0.0583323  -0.0768492  -0.0465054   -0.193788  -0.0631198   -0.145029  -0.0101538   -0.142634  -0.0740078  -0.0758066  -0.0568667   -0.060764    -0.23569  -0.0795574  -0.0781456  -0.0782116   -0.128245   -0.123732   -0.069469
  -0.184179  -0.0416064   -0.148402  -0.0787317    -0.13119   -0.156772    -0.14683    -0.13173   -0.131955  -0.0217444   -0.185048  -0.0891415   -0.102862   -0.133396   -0.120452   -0.120414  -0.0647664  -0.0997917  -0.0780462    -0.15824   -0.171863   -0.188687   -0.112999   -0.104373  -0.0262327   -0.102119   -0.166708    -0.13611   -0.147018  -0.0196054   -0.132975  -0.0716202   -0.117916  -0.0431154  -0.0972201   -0.208244   -0.102593  -0.0446088  -0.0818788   -0.134168   -0.136372   -0.100172
 -0.0474109   -0.236222   -0.141946   -0.156571  -0.0959883  -0.0699263   -0.192568  -0.0438668  -0.0917913   -0.175244  -0.0853695  -0.0845757      -0.232   0.0290468  -0.0808169   -0.106654   -0.179144  -0.0349262    0.012476   -0.121502  -0.0919177    -0.13948   0.0413202   -0.173549  -0.0181099  -0.0666877  -0.0396749   -0.214764 -0.00175922    -0.17639  -0.0485377   -0.070074  -0.0842373  -0.0149421   -0.263155   -0.146638   -0.226632   -0.164099  -0.0473882   -0.171742   -0.112957  -0.0666186
 -0.0680299   -0.158418  -0.0938982   -0.162334  -0.0720349   -0.147656   -0.116432    -0.17273    -0.12907  -0.0733752   -0.137449  -0.0489548  -0.0906179   -0.113306   -0.141587   -0.153313   -0.176019   -0.204076  -0.0599459   -0.103088  -0.0536544  -0.0636251  -0.0756347   -0.107419   -0.066224  -0.0859039  -0.0385802   -0.151755   -0.118903   -0.135038   -0.117708  -0.0981198   -0.117578   -0.155287   -0.156364   -0.115242  -0.0818825   -0.103496   -0.159821  -0.0786428   -0.209921     -0.1269
   0.115144   -0.150284    0.099582   -0.213442   0.0202677   0.0163667   0.0235063  -0.0676151 -0.00118716  -0.0147802  -0.0922477  -0.0314937   -0.129158    0.060681  -0.0579204   -0.135952  -0.0916296   -0.125196   0.0781936   -0.197433  0.00266999   -0.154282   0.0256855   -0.220788   -0.217291   -0.125968   -0.217088   -0.319474   -0.214491   -0.323587   -0.137515  -0.0354365   -0.111056 -0.00706437   -0.163903   -0.101833   -0.252071   -0.163827   -0.136465  -0.0891088  0.00136763   -0.227152
 -0.0577426   -0.141753  -0.0814659    -0.21951  0.00138132  -0.0852089    -0.24756  -0.0816926  -0.0913598   -0.210555   -0.129649  -0.0668892   -0.159585   0.0442422  -0.0469657  -0.0753913    -0.13921  -0.0985947  -0.0434309  -0.0873571   -0.174672   -0.095774  -0.0238938   -0.147278  -0.0347034  -0.0854338  -0.0516445   -0.201082  -0.0110761  -0.0952186  -0.0277203   0.0186645   -0.115817   -0.104741   -0.255599    -0.10903   -0.225386   -0.169047  -0.0826308   -0.181172   -0.217558  -0.0261172
 -0.0832419   -0.139418   -0.171205   -0.125602   -0.187314   -0.163568  -0.0640786   -0.134715  -0.0919224   -0.130564   -0.140675   -0.139209   -0.131893  -0.0878944   -0.129574   -0.160037   -0.164257  -0.0869112  -0.0687709   -0.112664   -0.045439   -0.100147  -0.0313927   -0.073707  -0.0503777   -0.122764  -0.0929418  -0.0686416  -0.0807949   -0.141569  -0.0587052   -0.173138   -0.189378  -0.0602834  -0.0999492   -0.106697   -0.148661   -0.123261   -0.095683   -0.183869   -0.127848   -0.143071
