no weights
   0.0889873    0.0109063    0.0781392    0.0506927      0.12471    0.0625542    0.0131984    0.0941593    0.0259386    0.0839747    0.0515578    0.0320475    0.0208742    0.0564686    0.0687364    0.0411146    0.0668003    0.0739637  -0.00334601    0.0623376    0.0192325    0.0577061     0.103226   -0.0214372    0.0248082    0.0827725    0.0863201     0.109792    0.0734336   0.00128235    0.0664356    0.0926307    0.0779539    0.0462537    0.0254897    0.0135283    0.0502068     0.132414    0.0652031    0.0760149     0.104565   -0.0029884    0.0907318   -0.0132641    0.0406069    0.0832835   0.00511324    0.0448382
   0.0393145    0.0863555    0.0680626    0.0492552     0.117598    0.0828098    0.0806775    0.0887705    0.0405283    0.0506043    0.0759903    0.0735421     0.061961   0.00866237    0.0242313    0.0668786    0.0132112     0.110938    0.0906173    0.0923238     0.058672    0.0280727     0.115966    0.0811817    0.0381851    0.0832026     0.037386    0.0854364    0.0213305     0.119697      0.10048   0.00914725    0.0335151    0.0218648    0.0385732    0.0663138    0.0576478    0.0582703    0.0535529    0.0886156    0.0941782      0.10167    0.0549153    0.0683845    0.0862514     0.105938     0.123309    0.0855106
   0.0697375    0.0448267    0.0813411    0.0583091    0.0885401    0.0193174    0.0259413    0.0896376    0.0410838     0.103438    0.0549002    0.0364409     0.106598    0.0643058     0.111648    0.0965848   0.00524276     0.116315    0.0460547      0.11312    0.0197422    0.0247474    0.0310324    0.0774875    0.0499017    0.0952667     0.118756    0.0567401   -0.0111305    0.0655646    0.0675614     0.051973    0.0774084     0.130695   0.00830765   0.00483061    0.0334316     0.115571    0.0603191    0.0656233     0.102534    0.0845536    0.0453631     0.112646    0.0547645    0.0614289    0.0283033    0.0764419
   0.0794025    0.0613491     0.134686    0.0660698     0.126826    0.0794698    0.0546155    0.0732789    0.0679226    0.0114733    0.0439666     0.126392    0.0337648   0.00931865    0.0283922    0.0865833    0.0541751    0.0892921    0.0653865    0.0776565     0.101362    0.0551567    0.0375039    0.0816955    0.0537574    0.0256912    0.0681042    0.0968408    0.0610221   0.00939443    0.0395617    0.0320042    0.0170432    0.0522309    0.0142833    0.0619519    0.0747065    0.0561773    0.0209863    0.0766046    0.0637212    0.0852962    0.0671863     0.118294    0.0475982     0.111504     0.106427     0.047083
    0.118206    0.0527784    0.0420447    0.0396895     0.130933    0.0523548    0.0556742    0.0728683    0.0784297     0.100491    0.0593305   0.00641194    0.0843803    0.0706994    0.0904732    0.0624187    0.0814398    0.0177314    0.0968186     0.114421    0.0349302  -0.00871256    0.0749496    0.0370355    0.0659443    0.0856871    0.0382832      0.10354    0.0784075    0.0643253    0.0999239    0.0185276     0.120892    0.0300557    0.0807415    0.0440579   0.00286138      0.10493    0.0321037    0.0284218    0.0461619    0.0148513    0.0855023     0.033748    0.0569076    0.0731021    0.0659019     0.106281
   0.0839077    0.0932298    0.0510551    0.0678279     0.122083    0.0309073    0.0604497    0.0116856    0.0914462    0.0484394    0.0873341    0.0739733     0.139635   0.00831282    0.0985435    0.0110292    0.0946211    0.0763859    0.0279457     0.114271    0.0149416    0.0153777    0.0770125    0.0714292     0.059167    0.0742047    0.0579211      0.10979    0.0240069    0.0121565     0.127373    0.0184025     0.115142    0.0720709    0.0940517    0.0947234    0.0538745    0.0571789    0.0994095     0.015882    0.0962908    0.0832097     0.113114    0.0277749    0.0552523    0.0451842     0.124775    0.0342987
   0.0206094    0.0950589     0.128563    0.0549317     0.045091    0.0446025    0.0362068    0.0479912    0.0861013    0.0805271     0.050368    0.0165881    0.0455239    0.0106773    0.0753084    0.0168167    0.0349053    0.0124497    0.0756366    0.0410219     0.103671    0.0387993    0.0737722    0.0806106    0.0104187    0.0433659     0.123035    0.0704753     0.105545    0.0366651    0.0198203    0.0942225    0.0566494     0.126749     0.121635    0.0424347    0.0656687    0.0903605    0.0180925    0.0608576     0.149239    0.0486275    0.0995336    0.0139051    0.0607718    0.0863919     0.107359    0.0674781
   0.0707495    0.0992957    0.0295097     0.074897     0.100153     0.070774    0.0934391    0.0739305    0.0285926    0.0186431    0.0743878    0.0345936     0.131512    0.0979186   0.00215787    0.0650491    0.0726851      0.09212    0.0410729     0.102799    0.0513572     0.139108     0.120106    0.0917101    0.0344355    0.0389905    0.0296032    0.0730378    0.0717688    0.0875747    0.0587655    0.0472016      0.06783    0.0955582    0.0674554    0.0533028    0.0600751    0.0253211    0.0794922    0.0992736    0.0198835     0.122121    0.0675549    0.0137911     0.105412    0.0694172    0.0509161    0.0765735
   0.0788179    0.0190689    0.0660731     0.100491     0.102895     0.110438    0.0952596    0.0881392    0.0227978    0.0979508    0.0502391    0.0249426    0.0337101    0.0580133    0.0614075    0.0480034     0.124779    0.0418672   0.00764332    0.0866273    0.0826008    0.0955477     0.104387    0.0490697    0.0367498    0.0868472     0.060376     0.120529    0.0580282    0.0413205    0.0890898     0.117832     0.120387    0.0616388    0.0418075    0.0880608    0.0886422     0.100558    0.0305204    0.0506157     0.128976    0.0804899    0.0533774    0.0560038    0.0277797    0.0156213    0.0285407    0.0817377
   0.0327885    0.0760601    0.0741549    0.0319243   0.00778633    0.0305739    0.0684484    0.0902142    0.0639187     0.077652    0.0960115   0.00727118     0.126219    0.0301079    0.0710398    0.0852863    0.0153868    0.0221685    0.0961028    0.0977125    0.0316867    0.0188017    0.0812081    0.0606111     0.129182   0.00738289    0.0538904    0.0430287    0.0203632    0.0532295      0.11295    0.0753573     0.124861    0.0309731   0.00258702    0.0753587    0.0816411     0.106536    0.0643404  0.000646824    0.0366345    0.0845748     0.103509     0.111467    0.0629908    0.0741897     0.115065     0.128117
   0.0375969    0.0713332    0.0418915    0.0945798      0.12476    0.0654245    0.0698713    0.0103569    0.0459393    0.0943597    0.0888671    0.0183503    0.0474129    0.0356697     0.102674    0.0822817    0.0937594    0.0673847     0.112043    0.0890992    0.0968168    0.0998055     0.093115    0.0248113     0.106532    0.0364899      0.12138    0.0677733    0.0582572    0.0204914     0.128056    0.0721327    0.0840084     0.129375    0.0804052     0.041818     0.122989    0.0324987     0.119917    0.0770715    0.0782366    0.0513516     0.123626    0.0471396    0.0998017     0.114481    0.0438737    0.0753831
    0.055407    0.0209671    0.0991315    0.0409711    0.0575842    0.0212725    0.0713545    0.0445339     0.102155    0.0254851      0.08719    0.0262797    0.0361837   0.00600191    0.0769287     0.055284    0.0665277    0.0868238    0.0433798    0.0470179    0.0648593    0.0727588    0.0263181    0.0285338    0.0616831    0.0110623      0.12553    0.0374297   -0.0110855     0.100452    0.0764164    0.0335079     0.133183     0.102942    0.0528045  -0.00272605    0.0181645    0.0904073     0.131108     0.101484    0.0891504    0.0584869      0.04649     0.115051    0.0506029     0.132509    0.0354472     0.026682
   0.0408385     0.100443    0.0662233     0.103645    0.0602435    0.0163648    0.0416528    0.0741421    0.0188376     0.052958    0.0432789    0.0627099      0.11843    0.0740757    0.0601403    0.0911788    0.0419641   0.00591613    0.0551775    0.0832968    0.0841575    0.0908314    0.0449236    0.0603458     0.102021   0.00950892    0.0412492    0.0146384    0.0870933    0.0685557    0.0653475    0.0449904     0.115516    0.0641704    0.0697696    0.0766174     0.100902     0.074314    0.0448202    0.0402893     0.107344    0.0819252    0.0817574    0.0229298     0.120703    0.0870915     0.101243    0.0775646
   0.0175808    0.0394384    0.0869064    0.0599667    0.0304304     0.108154     0.070656    0.0449521    0.0838645    0.0331069     0.107884    0.0555679    0.0535064  -0.00168226    0.0937282    0.0242316     0.156511     0.023407   -0.0206539       0.1278    0.0200477    0.0904847    0.0350675    0.0850166    0.0544518    0.0765572     0.117474    0.0446664   0.00217839  -0.00123444    0.0563733     0.109431    0.0851085    0.0901309    0.0755424    0.0343965  -0.00517822     0.119179    0.0638343    0.0982137     0.115991    0.0255203   0.00109119 -0.000914111    0.0971821    0.0598936 -5.79712e-05    0.0829545
   0.0978121     0.106232     0.049191      0.10489    0.0524949    0.0402035    0.0744585    0.0711629    0.0167569     0.077267    0.0592041    0.0732582    0.0986231    0.0477729      0.03786    0.0819312     0.117689    0.0699141    0.0888296     0.102864    0.0854305     0.106888    0.0511826    0.0992938    0.0115236    0.0323152     0.102585    0.0369443    0.0905378    0.0165073    0.0549279    0.0861187     0.101792     0.123532    0.0270341     0.121472    0.0343664    0.0771822    0.0588526     0.101623     0.049112    0.0992168    0.0222255    0.0538935    0.0853589   0.00769734    0.0791379    0.0339895
    0.104983      0.12034     0.116884     0.106513    0.0279521  -0.00732926     0.110295     0.017192      0.06023    0.0701498    0.0557022    0.0963192    0.0545935   0.00515179    0.0242467    0.0462417   0.00815659    0.0650645    0.0996058     0.102261    0.0901539    0.0714313    0.0697271    0.0598905    0.0479284    0.0800067    0.0728946    0.0601773    0.0650056    0.0556204     0.101528      0.02473     0.111067    0.0157217  -0.00628366     0.040651    0.0311249    0.0800523     0.100736    0.0532203   0.00326423    0.0614047    0.0776962    0.0704578     0.133507     0.087427    0.0767683    0.0803274
   0.0350408    0.0175089    0.0571614     0.128268     0.076955    0.0599592    0.0407585    0.0253062    0.0420269     0.123079    0.0830088    0.0987067     0.041649    0.0866801    0.0363991    0.0227888    0.0904403    0.0496359     0.106105      0.10046    0.0897166    0.0779362    0.0547466    0.0721454    0.0793667    0.0503072    0.0828643     0.110691    0.0419624    0.0712877    0.0489899    0.0565615    0.0600384    0.0622505    0.0342341    0.0970053    0.0533851    0.0659245    0.0772279    0.0789803     0.130498    0.0553533    0.0350932    0.0971659     0.100522    0.0737559     0.105375    0.0974128
   0.0617555    0.0918743    0.0953005    0.0296004     0.122534    0.0872228    0.0909581     0.090559    0.0718705     0.109681     0.028851    0.0494614     0.118992    0.0493064    0.0292407     0.061952    0.0525508    0.0298111   0.00528338    0.0856976     0.111723    0.0704695    0.0740588    0.0703691    0.0297422    0.0523549    0.0692826    0.0745705    0.0492075    0.0617376   0.00472403    0.0859005     0.055646      0.03928   0.00260845    0.0967324   0.00631207    0.0943111    0.0749415    0.0705979    0.0414137    0.0515487    0.0568545    0.0796413       0.1491       0.1367    0.0399035    0.0534013
    0.106523    0.0522417    0.0805701    0.0594439    0.0110486     0.011624    0.0935386  -0.00987661   -0.0171288    0.0111842     0.123554     0.060363      0.11169    0.0156028    0.0251414    0.0948779    0.0884574   0.00950471    0.0389799    0.0453627    -0.019183    0.0497573      0.05101    0.0423789     0.018066    0.0939135    0.0955318    0.0500257    0.0735424    0.0359361    0.0503586    0.0549074    0.0413622     0.123066    0.0144249    0.0372862     0.009355    0.0769455    0.0497196    0.0756364    0.0793426   -0.0168077     0.126125   -0.0105724    0.0776463    0.0295289    0.0489798     0.109187
   0.0387961     0.137914     0.144898    0.0966493    0.0956194    0.0308106    0.0409395    0.0547591      0.08146    0.0603057    0.0408751    0.0341638     0.040616    0.0531378    0.0677576    0.0833738     0.051688    0.0967122    0.0373169    0.0443629    0.0813062     0.115842    0.0766395     0.104353    0.0638629    0.0982627    0.0773029    0.0468635    0.0367943    0.0891751    0.0168492    0.0995827    0.0658577    0.0193996    0.0953904    0.0101626   0.00510454     0.035709     0.089296    0.0943157     0.100656    0.0256406     0.021573     0.102616     0.117959    0.0293258      0.03783  -0.00218875
    0.103255    0.0866993    0.0925615    0.0635728    0.0472049     0.111776   0.00890425    0.0816248    0.0965742    0.0325004    0.0696593    0.0509719    0.0852057    0.0233008    0.0321629    0.0675371     0.109427    0.0876199    0.0492535     0.036018     0.107937     0.097942    0.0960627  -0.00916194    0.0254747  -0.00435567    0.0760034   0.00378877    0.0093798    0.0100185    0.0308545    0.0679694    0.0458771    0.0365996     0.104953  -0.00116916    0.0430349     0.118616    0.0875401    0.0033535     0.114162    0.0411894    0.0176067    0.0427563     0.011789    0.0819801    0.0353996    0.0777127
   0.0720288     0.106586      0.13043    0.0932687     0.147772    0.0167398    0.0502273    0.0438659    0.0309913   0.00663578    0.0720441    0.0288375    0.0391202    0.0191392    0.0317706    0.0236492    0.0699782    0.0184529    0.0148439    0.0181601     0.094795     0.110646    0.0639903    0.0216239    0.0607028    0.0350046     0.131562    0.0968394    0.0271186    0.0295151    0.0112906    0.0120324    0.0597193    0.0847973     0.103545    0.0160009      0.12014    0.0946594     0.103514    0.0475939    0.0672645    0.0342131    0.0730669    0.0976397     0.051193     0.113996    0.0874852    0.0424089
    0.107193    0.0411007    0.0345604    0.0449169    0.0535932    0.0316205    0.0304796    0.0428998   0.00134089     0.108191    0.0809751    0.0680993    0.0382431  -0.00538277    0.0316881    0.0624317    0.0614199    0.0404982  -0.00778046    0.0617625   -0.0018085    0.0370872    0.0206734   -0.0246678    0.0190184     0.048157    0.0600435     0.100208     0.042504    0.0108329    0.0371782     0.117932    0.0542454     0.121386   0.00866542    0.0166523    0.0215985    0.0313262    0.0694467    0.0897222    0.0719838     0.038749    0.0938159    0.0739534    0.0353391    0.0997561    0.0746898    0.0164635
   0.0952621    0.0190576    0.0614346     0.125706    0.0939671     0.102076     0.071024     0.083744    0.0707691    0.0230619    0.0458504     0.119931     0.070857     0.102284    0.0953079     0.105771     0.111473    0.0117193     0.104772    0.0312851    0.0343981    0.0690675    0.0483522     0.076373    0.0919702    0.0789715     0.102825    0.0384852     0.024191    0.0736557    0.0420312    0.0896143    0.0691514    0.0481952    0.0505308   0.00953735    0.0854506     0.115801     0.109506    0.0623612    0.0834206    0.0292354    0.0382835     0.073003     0.135155     0.113538    0.0893701    0.0866562
   0.0808071    0.0113632    0.0324219    0.0242964    0.0600928    0.0109988     0.060597    0.0290546    0.0294806    0.0158879    0.0433839    0.0436902    0.0605824    0.0905924    0.0732404    0.0707525    0.0614148   0.00952472    0.0647861    0.0159023    0.0131365    0.0615511  -0.00639212    0.0814209    0.0111542     0.102066     0.107299    0.0562313    0.0709359    0.0948362     0.078591    0.0272174    0.0679083    0.0581253    0.0927744    0.0291944    0.0555938   -0.0113079    0.0744194    0.0611877   -0.0139049    0.0212035    0.0789867     0.103229     0.152582     0.113127    0.0511554    0.0216221
   0.0384665    0.0559635    0.0747088    0.0631764     0.046999      0.10535     0.075787    0.0152628    0.0349095   0.00603884    0.0334659    0.0650335    0.0865658    0.0844433    0.0341053    0.0497197    0.0790885    0.0531047    0.0104778    0.0966228    0.0602073    0.0744607    0.0494915    0.0595961    0.0852866    0.0914965    0.0980685    0.0242855  -0.00278871    0.0993919     0.013405    0.0932435     0.131665    0.0400015    0.0109335    0.0682259     0.102181    0.0706341     0.143685    0.0713044    0.0824676    0.0616462    0.0639639    0.0716449    0.0700768     0.105059    0.0693582    0.0427257
   0.0959452    0.0244705    0.0888365     0.112889     0.134084    0.0479781    0.0673299    0.0706541    0.0692311    0.0134481    0.0968296    0.0273888    0.0660764    0.0379066    0.0815772    0.0634571    0.0908672  -0.00174595    0.0950593    0.0886392     0.013968    0.0604382    0.0372661  -0.00848402    0.0227693    0.0895194    0.0807713    0.0570395     0.109513    0.0317706    0.0305036     0.107091    0.0539512    0.0194665    0.0380523  -0.00206499     0.111749     0.034251    0.0964465    0.0142836     0.107446    0.0807365    0.0625034     0.123357     0.126551    0.0776913    0.0538173    0.0784058
    0.118127    0.0794693    0.0889004     0.127843    0.0993726     0.047816    0.0942214    0.0376842    0.0120795    0.0418892     0.036427    0.0821006    0.0459149    0.0290282    0.0788721    0.0873433    0.0478739    0.0215169      0.12522    0.0182186    0.0195112     0.116821     0.101249    0.0609807     0.125247    0.0697065    0.0314255     0.074253    0.0316813    0.0367822     0.111683    0.0405663  -0.00544507    0.0485973    0.0396996    0.0950011     0.111507    0.0660542    0.0687951     0.101081     0.016205    0.0760415    0.0486304    0.0750068    0.0661687    0.0942336     0.137709    0.0735116
    0.150239    0.0285113    0.0544971    0.0241609     0.101952    0.0995932     0.133659    0.0858507    0.0720611    0.0285383    0.0650219    0.0675119    0.0295706    0.0667244    0.0525846    0.0370057     0.125182 -0.000610391     0.084217    0.0903428    0.0924991    0.0911215     0.101901    0.0622466    0.0768809    0.0899948     0.102329    0.0564799    0.0354067    0.0653666    0.0432883     0.097987    0.0468785    0.0813279     0.102821    0.0727555    0.0634381    0.0963302     0.144903    0.0894468     0.072674    0.0290004    0.0131322    0.0992738     0.064285    0.0517006   0.00783107    0.0238346
   0.0945527     0.087937    0.0577157    0.0825947     0.109875    0.0637647     0.135005    0.0647569    0.0487711    0.0873235    0.0744162    0.0386216     0.100731    0.0653058    0.0827149    0.0661464    0.0413518    0.0500848    0.0936084    0.0379457    0.0228163  -0.00021884   0.00527771    0.0901776     0.119636     0.107234    0.0843654     0.046162     0.114235    0.0415517     0.139223    0.0296977    0.0237562    0.0805188     0.013655    0.0915846     0.031955   -0.0288244    0.0688495    0.0578308    0.0101678     0.106222    0.0683536      0.12711     0.131469     0.120988     0.122835     0.103858
   0.0207548    0.0279048     0.107666     0.110671     0.116645    0.0502274    0.0653764    0.0172376    0.0699602    0.0129888    0.0194377    0.0307436    0.0643396    0.0225188    0.0449038    0.0819123    0.0776543    0.0259014     0.027646    0.0988571      0.10026    0.0975316    0.0721119    0.0186515    0.0587821     0.100373    0.0737987    0.0558169    0.0522514    0.0725209    0.0428304     0.101604     0.122191    0.0368395  -0.00185327     0.035686    0.0459119     0.095447    0.0717099       0.1058   0.00523603    0.0634155    0.0155277    0.0695663     0.128883     0.115684    0.0157324    0.0342219
   0.0806649    0.0823375     0.044417    0.0398298    0.0573992   -0.0117368    0.0726592    0.0962014     0.047192    0.0550718     0.116984    0.0702558     0.116312    0.0876207     0.033299    0.0489857    0.0461877    0.0562479    0.0275438      0.10399    0.0863206    0.0994363    0.0490816    0.0433595    0.0659267     0.100998     0.104803    0.0909309    0.0172094    0.0719646    0.0689005    0.0381555     0.111905   0.00345975  -0.00687432     0.055422      0.10191     0.105542    0.0787201    0.0482867    0.0277718    0.0665657    0.0500185     0.027445    0.0909857    0.0497388    0.0902098    0.0725983
   0.0278468    0.0956234    0.0335018    0.0175597     0.114742  -0.00983609     0.106677    0.0870797     0.111585    0.0256587    0.0571386    0.0306753     0.117737    0.0559947    0.0585578    0.0891185    0.0793763    0.0768775     0.102343    0.0364593    0.0713766    0.0707118    0.0245957      0.03493    0.0694453     0.076648    0.0645501    0.0737723    0.0160335    0.0521051      0.10549    0.0902663     0.114452    0.0270378    0.0924155    0.0181094    0.0882743    0.0789822    0.0536286    0.0977028     0.088808    0.0811264    0.0212378    0.0496796    0.0869985    0.0892889     0.100789    0.0914233
   0.0721285    0.0388066    0.0253505    0.0768578    0.0458186    0.0570681    0.0405098    0.0240895    0.0198261    0.0194995    0.0399647    0.0461241    0.0652931   0.00396719    0.0160714     0.113686    0.0810545    0.0681545     0.101061    0.0711193    0.0071955    0.0715362     0.010603   0.00475877    0.0259263    0.0939884    0.0219097     0.122055    0.0237229    0.0407435    0.0793238      0.10296   0.00545864    0.0430628     0.070497    0.0449526     0.110508     0.125184    0.0975732    0.0690312    0.0265965    0.0625569    0.0815123  -0.00258547    0.0294039    0.0288358    0.0923055      0.12726
   0.0388065    0.0556699     0.131091    0.0624646     0.102296    0.0991361    0.0736651    0.0497842    0.0992826    0.0360479    0.0437671     0.104721 -7.51443e-05     0.015404     0.105963     0.103997     0.017516    0.0531374    0.0768818    0.0178431    0.0389787    0.0331248    0.0662525    0.0160413   0.00325252   -0.0148552    0.0957575    0.0707955    0.0277519    0.0667158    0.0220537    0.0371665    0.0515383    0.0560775    0.0983815     0.117841    0.0699361    0.0740126    0.0697861    0.0906594    0.0277846     0.103116    0.0770607    0.0507215    0.0800113    0.0800285     0.104707     0.102326
   0.0278589    0.0815145     0.146236     0.095122     0.132039    0.0771644    0.0921764     0.105501     0.088446    0.0290107    0.0588328    0.0680418    0.0338816    0.0732863    0.0314664    0.0992098     0.109817    0.0374777    0.0642698     0.012242     0.103983    0.0738615    0.0724263    0.0121053    0.0014421      0.10456     0.123237    0.0461874    0.0465388    0.0256842     0.085658    0.0162363    0.0797596     0.104374    0.0328772    0.0382563    0.0284267    0.0767432     0.110083    0.0951923    0.0884557    0.0340713    0.0583551    0.0670256    0.0864034    0.0415066    0.0467631    0.0866866
  0.00308514    0.0461226     0.131989      0.12648    0.0574533    0.0550395    0.0495315     0.105895     0.044967    0.0542076    0.0583866     0.103662   0.00718785    0.0983382    0.0337948    0.0204344    0.0897975     0.110052    0.0101381    0.0170478    0.0905221    0.0799306    0.0703106    0.0572722     0.056033    0.0564727    0.0927875    0.0481578    0.0927067    0.0922972    0.0984146    0.0228204   0.00948484    0.0636048     0.104472    0.0642438    0.0248659    0.0770645     0.117886     0.058756    0.0421913    0.0575552    0.0413588     0.130712    0.0962601     0.119399    0.0600544  -0.00351363
    0.148272    0.0534051    0.0982635    0.0968748    0.0352452     0.137653    0.0651885    0.0239831     0.106164    0.0546478     0.045461    0.0245152     0.059285    0.0988925    0.0455848    0.0325895    0.0940207    0.0749688    0.0806075     0.100673    0.0320201    0.0779856    0.0359977    0.0112268     0.113288    0.0521281     0.105639    0.0353451    0.0127431    0.0994843    0.0990601    0.0279018     0.027533    0.0360773     0.095337     0.067748    0.0572775     0.122313    0.0663492     0.061459    0.0253147    0.0676157    0.0726139     0.135388    0.0330294    0.0355869    0.0937528    0.0705457
   0.0456541    0.0463426    0.0469425     0.132038     0.108121    0.0314102    0.0926502    0.0738815    0.0632701     0.102075    0.0369844    0.0840238    0.0272499    0.0704403     0.107555    0.0992361     0.077423    0.0786235    0.0474401    0.0770579    0.0458034    0.0644805     0.047434    0.0128988     0.091988    0.0317527    0.0151889    0.0757847    0.0128566    0.0644019    0.0559198    0.0813146     0.122662    0.0846119    0.0139498    0.0251428    0.0383343     0.102783     0.118011    0.0985199     0.052283    0.0478224   0.00926251    0.0856686     0.172209    0.0802599    0.0654297    0.0959451
   0.0887437    0.0763713    0.0582878     0.063285    0.0849367    0.0402193    0.0724716    0.0755873    0.0658088    0.0735407    0.0912636    0.0282866     0.123627    0.0682663    0.0426789    0.0824813    0.0641614    0.0372096     0.144091    0.0922398     0.111525    0.0147512      0.10633     0.106932     0.118252     0.056403    0.0860482    0.0930092    0.0911205    0.0793255     0.137806   0.00605818    0.0200054   0.00776801    0.0316504    0.0379677    0.0777848    0.0791613    0.0386546    0.0311479    0.0318074    0.0345583     0.104365    0.0860751    0.0156505    0.0278523    0.0576409    0.0815996
 -0.00719536     0.027171     0.134899     0.110032    0.0937864    0.0486454    0.0328314   0.00224162    0.0448368    0.0886425    0.0430295     0.112053    0.0351824    0.0284686     0.103367    0.0221122     0.025217    0.0698412   0.00854943     0.125307    0.0839255    0.0906039    0.0818192    0.0624453    0.0929356    0.0570923    0.0338023     0.120497     0.101042    0.0492153    0.0406829    0.0548682    0.0195296     0.101746    0.0159203     0.022257    0.0823251     0.122739    0.0146525    0.0469842     0.118167    0.0351089     0.088931    0.0706439    0.0837057    0.0715336    0.0928356     0.060572
   0.0510116     0.070735     0.108607    0.0903357     0.116073    0.0159874    0.0669342    0.0441485    0.0928962    0.0932169    0.0720309    0.0539594     0.106231   0.00238476    0.0984277     0.100629     0.097923    0.0402737    0.0416117      0.02742    0.0709873    0.0926553  -0.00189472    0.0603074    0.0943936     0.107097    0.0161095     0.102428    0.0323437    0.0262541    0.0582287    0.0163825    0.0754121    0.0904518    0.0264286     0.100175    0.0289088  -0.00157206     0.105277     0.112316    0.0946746      0.10083  0.000846345    0.0990876     0.111452    0.0533617     0.115691    0.0348775
  -0.130185   -0.104823   -0.138699   -0.116577   -0.148156   -0.111054   -0.124624   -0.161331   -0.110517   -0.142199   -0.141761   -0.144808   -0.145753  -0.0928575  -0.0864571  -0.0844496  -0.0928093  -0.0978438   -0.108897   -0.141642   -0.108423   -0.127858   -0.160226  -0.0818802   -0.087881   -0.114877   -0.112263   -0.159273   -0.176759  -0.0801671   -0.131004   -0.111011   -0.167022   -0.163001   -0.101532   -0.125463  -0.0753776  -0.0905129    -0.11592   -0.118456    -0.09852   -0.115566
  -0.116907   -0.140438  -0.0588635  -0.0812831   -0.102798    -0.15769   -0.103624   -0.199955   -0.162771   -0.067763    -0.12759    0.012624   -0.126349  -0.0920641   -0.165841  -0.0700681   -0.118128  -0.0615532   -0.187539  -0.0610409  -0.0528601   -0.102236   -0.133771  -0.0925114  -0.0421785  -0.0652156   -0.118285   -0.205402  -0.0682536    -0.11885  -0.0363654  -0.0648421  -0.0937696   -0.190746  -0.0630572  -0.0600048  -0.0358093      -0.153  -0.0912457   -0.142229    -0.13267  -0.0932772
 -0.0808824   -0.166653   -0.155768   -0.145128    -0.18386   -0.174419  -0.0563943   -0.124046  -0.0955841   -0.103746   -0.116776  -0.0687871  -0.0922211  -0.0208837   -0.080741   -0.108819   -0.112686   -0.157103  -0.0413263  -0.0789104  -0.0927228  -0.0638453  -0.0916281  -0.0872936   -0.148218  -0.0879977  -0.0710567    -0.12285  -0.0765568   -0.205061   -0.122857  -0.0700284  -0.0769308  -0.0370586   -0.131598  -0.0859908   -0.111562   -0.138116   -0.120708   -0.177854  -0.0961115   -0.118319
 -0.0585906   -0.110131   -0.119979   -0.163957  -0.0894381   -0.117698   -0.116041   -0.149466   -0.107555   -0.149847   -0.132209  -0.0595187   -0.129098  -0.0728368   -0.117034  -0.0948055   -0.107418   -0.129887  -0.0870855  -0.0674686   -0.129911   -0.159271  -0.0787701  -0.0882863   -0.125936   -0.117324   -0.157598  -0.0817031  -0.0600026   -0.164377   -0.107449   -0.104118   -0.146173   -0.134618  -0.0473478   -0.100235  -0.0714887  -0.0684421    -0.11566  -0.0980402   -0.160678   -0.124365
 -0.0988416  -0.0992021   -0.114882   -0.115328  -0.0749457  -0.0645111  -0.0654174   -0.117386   -0.108447  -0.0903647  -0.0663974   -0.137054   -0.114094  -0.0335686  -0.0527951   -0.154231  -0.0518829   -0.144777  -0.0809746   -0.124393  -0.0965433   -0.169868  -0.0322077   -0.159201  -0.0966495    -0.13065   -0.129336   -0.132461   -0.144757  -0.0693323   -0.104017   -0.149872  -0.0946852   -0.143555   -0.145671   -0.170745    -0.15287   -0.164612  -0.0876827   -0.161804  -0.0846829  -0.0663137
  -0.102097   -0.109823   -0.128842   -0.100073   -0.102213   -0.130379   -0.117325    -0.11042   -0.156384  -0.0971832   -0.113475    -0.15948    -0.10795   -0.110575  -0.0756281   -0.123764   -0.129513   -0.141628   -0.152583   -0.106958   -0.107449   -0.073616  -0.0814513   -0.174586  -0.0885989   -0.123163  -0.0673733   -0.111083   -0.148994   -0.101092   -0.140903   -0.152042   -0.139434   -0.102569   -0.094345   -0.106696   -0.138337  -0.0871151   -0.171524   -0.117151   -0.091156   -0.102442
 -0.0844185   -0.123097   -0.115032  -0.0991264   -0.129173   -0.100353  -0.0754991  -0.0861372   -0.157999   -0.100325   -0.126637   -0.161092   -0.144936   -0.173635  -0.0915039    -0.13546   -0.138242  -0.0974125   -0.172885   -0.131029   -0.115182   -0.127352  -0.0850625   -0.139438  -0.0607831   -0.118532  -0.0889068   -0.142994   -0.142625  -0.0547805  -0.0921194   -0.106858   -0.109817    -0.13173   -0.104329   -0.146905  -0.0549989  -0.0593211   -0.155187  -0.0753173    -0.12351  -0.0675194
 -0.0566064   -0.166504  -0.0677369  -0.0619377   -0.105258    -0.15456   -0.126356    -0.17339  -0.0763118   -0.177635   -0.181971    -0.11834   -0.155935  -0.0345523   -0.112589   -0.111547  -0.0881528  -0.0848793  -0.0751552  -0.0396281  -0.0142562  -0.0564452  -0.0654705   -0.123452   -0.116415   -0.128807  -0.0680266   -0.099806   -0.121031   -0.160492  -0.0624948   -0.155873   -0.174785  -0.0951348  -0.0810665  -0.0444506  -0.0620152  -0.0357125   -0.146416   -0.163943   -0.136601   -0.157555
  -0.141149   -0.116421   -0.110111  -0.0797296   -0.154062   -0.148155  -0.0752535   -0.139305   -0.104038   -0.066148   -0.153734  -0.0657558  -0.0903632   -0.122199  -0.0809573  -0.0752704   -0.148961   -0.128356   -0.110864   -0.113219   -0.101612    -0.12366  -0.0745262   -0.145979   -0.176623   -0.135502   -0.152977    -0.15319   -0.140279    -0.17771   -0.113462  -0.0903379  -0.0732983  -0.0818137   -0.162216  -0.0677713  -0.0558035     -0.1504   -0.127149   -0.159685  -0.0756371  -0.0615599
  -0.144382   -0.131777  -0.0648648  -0.0672476   -0.158159   -0.121228    -0.11697  -0.0615228   -0.142425   -0.170582   -0.169353   -0.115139   -0.143393   -0.152685  -0.0842374  -0.0880203   -0.147055   -0.126415   -0.146292  -0.0241498  -0.0692837   -0.142785   -0.134401  -0.0840451  -0.0821153  -0.0863785   -0.120705   -0.157725   -0.108148  -0.0994948   -0.109065  -0.0830977   -0.108496   -0.127655   -0.114067    -0.14771  -0.0457465     -0.1591   -0.103022   -0.077298  -0.0838254  -0.0839845
  -0.087754   -0.120951   -0.150303   -0.159099  -0.0926659   -0.118956  -0.0507316    -0.11478  -0.0720067   -0.132573   -0.114051   -0.117081  -0.0841662  -0.0824663  -0.0888536   -0.152195  -0.0975307   -0.155414   -0.133798   -0.144169  -0.0820897    -0.13372    -0.12893   -0.157385  -0.0630675  -0.0687578   -0.160495   -0.154978   -0.155192   -0.113733   -0.129939   -0.150129  -0.0891835  -0.0734384  -0.0526291   -0.146742   -0.162574   -0.111012  -0.0999279   -0.106508   -0.144889   -0.113025
 -0.0819121  -0.0843232    -0.12867   -0.147613    -0.10495   -0.124379   -0.167842   -0.110926    -0.13202   -0.146716   -0.170275   -0.136176   -0.145271   -0.122323   -0.157755   -0.139055   -0.123661     -0.1029   -0.106246   -0.138754   -0.107281  -0.0822968   -0.161453   -0.149704   -0.075809   -0.106284   -0.141926   -0.144764   -0.150758    -0.15787   -0.134624  -0.0813208  -0.0832158   -0.111575  -0.0913408  -0.0836683  -0.0736363   -0.102624    -0.12345  -0.0902873   -0.123666  -0.0882125
  -0.160045   -0.131577   -0.120505  -0.0756535  -0.0896617  -0.0935152   -0.116557   -0.146526   -0.152719   -0.108197   -0.103985   -0.116734  -0.0505478   -0.164378  -0.0929621  -0.0683901  -0.0968821  -0.0688867   -0.122559  -0.0764425   -0.148168   -0.079598  -0.0759306   -0.132118  -0.0996331   -0.149259  -0.0663411  -0.0473727   -0.151389  -0.0729626  -0.0695568   -0.125953  -0.0634071   -0.115268   -0.159717   -0.152014   -0.135924   -0.134351  -0.0620861    -0.12084   -0.150952  -0.0958388
  -0.157327   -0.063336  -0.0844478   -0.134247    -0.12558   -0.111599   -0.133948    -0.10943   -0.114386    -0.14359   -0.148408  -0.0793615   -0.156281   -0.097963   -0.108252   -0.103928   -0.105303   -0.142665   -0.151806  -0.0731986   -0.146416  -0.0988373  -0.0881503    -0.15975   -0.105475   -0.131474   -0.117376  -0.0637989   -0.162027   -0.109861   -0.121106    -0.14651    -0.13057   -0.129712  -0.0796446   -0.151197   -0.132034   -0.092797   -0.127363   -0.074815   -0.104543   -0.100565
  -0.128773   -0.113363    -0.14192  -0.0824575  -0.0938358   -0.135306  -0.0971624   -0.104963   -0.138686   -0.116387  -0.0997969  -0.0914331  -0.0778827  -0.0995856   -0.180308  -0.0944619    -0.14777   -0.108777   -0.118816   -0.117416   -0.122183   -0.118625   -0.150746   -0.138193   -0.105677   -0.154634   -0.077879   -0.148722  -0.0898289   -0.114908   -0.130704   -0.176519   -0.148347   -0.168658  -0.0827753  -0.0862854   -0.170505   -0.133322  -0.0808395   -0.102592   -0.090697  -0.0958838
  -0.118263   -0.140694   -0.137518  -0.0610345   -0.104354   -0.121361  -0.0925499  -0.0747561  -0.0752165  -0.0986408     -0.1099   -0.163104  -0.0686691   -0.115018   -0.127491   -0.103632   -0.144671   -0.152909   -0.139687  -0.0828151  -0.0742384  -0.0840357  -0.0737969   -0.116408   -0.171251   -0.122483   -0.117411   -0.055208   -0.133097    -0.12351  -0.0593812   -0.114549   -0.150299  -0.0661065   -0.150945   -0.137297   -0.138982  -0.0895236   -0.139763  -0.0365698   -0.119289   -0.162269
  -0.118861   -0.140677   -0.168553   -0.138811   -0.122527   -0.167892   -0.103101  -0.0653082   -0.145605  -0.0727913   -0.152036   -0.112115   -0.144682   -0.166556   -0.120903   -0.110742   -0.106025   -0.137553  -0.0775802  -0.0755015   -0.103739   -0.142217   -0.129971   -0.154978   -0.109252     -0.1267  -0.0823353  -0.0969573  -0.0775741   -0.121467  -0.0701896  -0.0683347   -0.132839   -0.135106  -0.0756605  -0.0794982   -0.115475   -0.128392   -0.145671    -0.14656  -0.0735998    -0.12144
 -0.0977369   -0.107087  -0.0953333   -0.131023    -0.13344    -0.14346    -0.16156  -0.0421102  -0.0579356  -0.0862456   -0.137707   -0.156543  -0.0638469   -0.110709  -0.0635981   -0.109576   -0.136929  -0.0782961  -0.0868455   -0.139165    -0.12591    -0.16539   -0.130426  -0.0896139   -0.120989  -0.0656937   -0.177251   -0.129363   -0.109224   -0.116749   -0.141114  -0.0706352   -0.156745  -0.0812716  -0.0678557   -0.165124  -0.0974735  -0.0764206   -0.150606    -0.10202  -0.0879584   -0.156693
 -0.0798149   -0.130738  -0.0618755   -0.117675   -0.145587   -0.156663  -0.0595215  -0.0961958  -0.0718081   -0.167626   -0.119699   -0.106113  -0.0812692   -0.125501   -0.114382   -0.130486  -0.0570135  -0.0497156   -0.120533  -0.0869849   -0.167595   -0.116346 -0.00214297   -0.101557  -0.0850336   -0.129376   -0.158954  -0.0697201   -0.195214    -0.13583  -0.0693739   -0.162814   -0.153351  -0.0501884   -0.040686  -0.0690787   -0.110065   -0.180149  -0.0504923   -0.189535   -0.091921  -0.0141748
 -0.0312853  -0.0641594   -0.175454  -0.0984819  -0.0565095   -0.135747  -0.0478976   -0.149161   -0.110743   -0.180835   -0.141974   -0.133033   -0.111449  -0.0300465    -0.16946   -0.158097   -0.055972   -0.124108  -0.0760118   -0.136762  -0.0664793  -0.0680528   -0.121903   -0.055455  -0.0988927   -0.129693  -0.0421907   -0.158099   -0.100114   -0.164439   -0.128133   -0.173077   -0.137095  -0.0863064  -0.0465869   -0.129862  -0.0471627     -0.1283  -0.0701987   -0.157697  -0.0291119   -0.153887
 -0.0747886  -0.0685724  -0.0813538   -0.107257   -0.128079   -0.150189   -0.124705    -0.13772     -0.1244    -0.10918    -0.10955     -0.1007   -0.112474   -0.158878   -0.147558   -0.169272   -0.157615   -0.132169  -0.0505075   -0.167159  -0.0687192   -0.123307   -0.141391   -0.104605  -0.0640657   -0.128094  -0.0681809  -0.0628541  -0.0658515  -0.0807924   -0.154524   -0.112143   -0.101295  -0.0504007  -0.0664417  -0.0947421   -0.124372   -0.119305   -0.130673  -0.0630644   -0.129898    -0.15703
  -0.146737   -0.130919  -0.0940403   -0.136008  -0.0829475  -0.0822948   -0.108209   -0.152642   -0.177925  -0.0187536   -0.106054  -0.0645234   -0.116697   -0.169408   -0.169958  -0.0399092   -0.068095   -0.153422  -0.0439212   -0.180131   -0.118488   -0.147647  -0.0304555  -0.0425399  -0.0151908   -0.112315   -0.073034  -0.0894683   -0.152084  -0.0368988   -0.143173   -0.107023  -0.0861157  -0.0246602   -0.138979   -0.148021   -0.172733  -0.0905572   -0.137422  -0.0542521    -0.15792   -0.115618
 -0.0637177   -0.151296   -0.128944   -0.155094   -0.062505   -0.121192  -0.0578634   -0.132017  -0.0445907   -0.146172   -0.142477  -0.0869896   -0.114516   -0.148308  -0.0974653   -0.117276  -0.0708196  -0.0845063   -0.090011   -0.127059   -0.108151   -0.113243  -0.0764073    -0.15129   -0.147181   -0.180544  -0.0933692   -0.125726   -0.127774   -0.119934   -0.166825  -0.0937209   -0.100958  -0.0625821     -0.1515   -0.114395  -0.0920927   -0.137839   -0.158069  -0.0388536   -0.141617     -0.1098
 -0.0544094   -0.152214   -0.176258   -0.114267   -0.102482  -0.0594276  -0.0620455  -0.0847832   -0.116175   -0.070035  -0.0953876   -0.124203  -0.0771896   -0.142749   -0.147934   -0.148772   -0.151701   -0.105937  -0.0837334   -0.134362   -0.109084   -0.060959   -0.145953   -0.115043   -0.131841   -0.126612  -0.0999822  -0.0809829  -0.0819434   -0.121075   -0.129413  -0.0766425  -0.0789266   -0.139757   -0.158014   -0.124515   -0.114697  -0.0924973   -0.173038  -0.0468485    -0.14728   -0.161101
    -0.1734  -0.0519537  -0.0843411   -0.102634  -0.0925539  -0.0888894    -0.14753  -0.0802848   -0.177709  -0.0909961   -0.149975  -0.0965076   -0.143301   -0.126248   -0.134547   -0.100069   -0.101027   -0.101902    -0.14682  -0.0711929   -0.168406   -0.128804   -0.156899    -0.15501  -0.0608054  -0.0738528   -0.107227  -0.0913661   -0.149301   -0.146728    -0.14964  -0.0885425   -0.106759  -0.0842146   -0.141221   -0.162731  -0.0691983   -0.156756   -0.098503  -0.0821842  -0.0780581  -0.0850849
  -0.097975   -0.127876   -0.137504  -0.0668894  -0.0527495   -0.106215   -0.139774   -0.150904   -0.136307   -0.139919   -0.153766     -0.1493   -0.128498   -0.135457   -0.100659  -0.0484761   -0.145691  -0.0971679  -0.0428503   -0.123055   -0.169066  -0.0707725  -0.0750721   -0.142969  -0.0922705   -0.165193   -0.154152   -0.110565  -0.0887337  -0.0533494    -0.14433   -0.109801   -0.121916  -0.0846071   -0.153373  -0.0599231   -0.108717   -0.115543   -0.171192  -0.0495262  -0.0542272   -0.161491
  -0.106164   -0.122406  -0.0563039   -0.125097   -0.160329    -0.09977   -0.110882   -0.165987   -0.175942   -0.136879   -0.140331   -0.114843  -0.0968078  -0.0920654   -0.125321  -0.0948231   -0.161642   -0.156531  -0.0850157    -0.10418  -0.0715412  -0.0761012   -0.118784   -0.118834  -0.0917483   -0.116494    -0.12497   -0.078288   -0.127031   -0.110129   -0.112785   -0.114191  -0.0791228   -0.127797   -0.159312  -0.0908342   -0.104807   -0.129352   -0.127615  -0.0916528   -0.120967   -0.148968
  -0.150828  -0.0927326  -0.0920586  -0.0977195   -0.106483  -0.0717697  -0.0716723   -0.135984  -0.0861882   -0.104739    -0.13138   -0.149058   -0.161416   -0.127315   -0.148565   -0.077916   -0.162016   -0.153201   -0.069062  -0.0783838   -0.150874    -0.11264   -0.145179   -0.136475  -0.0949235   -0.120461   -0.117585   -0.104741   -0.143753  -0.0663795    -0.12939  -0.0766988   -0.105163    -0.14494   -0.114783   -0.122554   -0.101201   -0.170667    -0.14714   -0.141357  -0.0793593    -0.12246
  -0.172269   -0.118147  -0.0966329  -0.0743152   -0.174229   -0.122026   -0.137984   -0.103677    -0.15418   -0.147355   -0.141321   -0.146466  -0.0648055  -0.0779263  -0.0859276  -0.0565659   -0.134552  -0.0603967   -0.127751   -0.120963  -0.0881889  -0.0597083   -0.146544   -0.167721  -0.0831479  -0.0870604  -0.0666247  -0.0837163   -0.146953   -0.147872  -0.0800384  -0.0575205   -0.141283   -0.150013   -0.130804   -0.141081   -0.133378  -0.0965946   -0.104828   -0.143291  -0.0753001   -0.136634
  -0.184015  -0.0672428   -0.102767  -0.0901949  -0.0834918   -0.101919   -0.154722  -0.0769273   -0.104931  -0.0669494   -0.121557  -0.0768183   -0.116702   -0.106815   -0.118846  -0.0961592   -0.135571   -0.122181   -0.174115   -0.120514   -0.114294   -0.193643   -0.140592  -0.0776145   -0.115666  -0.0671511   -0.177234  -0.0966508   -0.142683  -0.0644865   -0.119624  -0.0837569   -0.088584      -0.065  -0.0799996   -0.184336  -0.0940707   -0.110211  -0.0788775   -0.152768   -0.108804  -0.0801987
  -0.126873  -0.0730246   -0.152831  -0.0950665   -0.134222   -0.165996   -0.123317   -0.144116   -0.114335  -0.0597553   -0.180885  -0.0843897    -0.11356  -0.0854076   -0.115854   -0.134579  -0.0726764   -0.100004  -0.0705522   -0.122133   -0.146402   -0.151936  -0.0911133   -0.117521  -0.0554097   -0.115615   -0.153209   -0.159632   -0.135439  -0.0617149   -0.104788   -0.079474   -0.126498  -0.0617162   -0.116869   -0.169546   -0.102574  -0.0699545  -0.0787182   -0.158996   -0.127517  -0.0974999
 -0.0925932   -0.190675   -0.147805   -0.113889    -0.10753  -0.0840337   -0.156897  -0.0707124   -0.114743   -0.124559  -0.0891939  -0.0866401   -0.188304  -0.0476703   -0.103341  -0.0924823   -0.165635  -0.0539719  -0.0454467   -0.124191  -0.0824607   -0.136338  -0.0263093   -0.162946  -0.0410574  -0.0719401  -0.0697377   -0.176261  -0.0480138   -0.160083  -0.0755906  -0.0928816  -0.0839598  -0.0442671   -0.189916   -0.150043   -0.176214   -0.130583  -0.0643921   -0.130189  -0.0927114   -0.092133
  -0.082788    -0.14585   -0.083314   -0.143016  -0.0900559   -0.156707    -0.11583   -0.161058   -0.129182  -0.0801966   -0.150272  -0.0676302  -0.0857514   -0.114877   -0.130909   -0.138413   -0.168979   -0.181226  -0.0671382  -0.0880458   -0.066264  -0.0722466  -0.0792096   -0.109175  -0.0768977  -0.0826085     -0.0559   -0.140927   -0.139482   -0.138732    -0.10438  -0.0950951   -0.129108   -0.139515   -0.130823   -0.111413  -0.0765346   -0.100758   -0.143517  -0.0918255   -0.177039   -0.115976
-0.00799103   -0.140617 -0.00214706   -0.166504  -0.0381471  -0.0390178  -0.0478518  -0.0819246  -0.0578699  -0.0606664   -0.106598  -0.0762485   -0.121599  -0.0368529  -0.0748613   -0.116951  -0.0969466   -0.115456   -0.018279    -0.15074  -0.0485734   -0.141016  -0.0437064   -0.168847   -0.153972   -0.133652   -0.163804   -0.196063   -0.175896   -0.216786   -0.120622  -0.0695955   -0.110591  -0.0453737   -0.139136   -0.109397   -0.179022   -0.133839   -0.125018  -0.0951078  -0.0510153    -0.15478
  -0.102258   -0.104075  -0.0803869   -0.170018  -0.0324773   -0.111006   -0.186227   -0.105959   -0.112579   -0.170524   -0.124475  -0.0790621   -0.123733  -0.0265572  -0.0616235  -0.0801002   -0.122838   -0.115616  -0.0888095  -0.0895437   -0.161704  -0.0949826  -0.0703374   -0.134462  -0.0638566  -0.0987692  -0.0812646    -0.14987  -0.0520364  -0.0743666  -0.0615841  -0.0257622   -0.123089   -0.116528   -0.178887   -0.114592    -0.16856   -0.135615   -0.100685   -0.148924   -0.178053  -0.0559354
 -0.0886378   -0.121739   -0.153591   -0.138651   -0.162751   -0.140137  -0.0681653   -0.117619  -0.0878184    -0.10911   -0.133484   -0.128077   -0.123005  -0.0974185   -0.121006   -0.155553   -0.163409  -0.0925859  -0.0682996    -0.11857  -0.0594859   -0.118776   -0.050155  -0.0869808   -0.058182   -0.125982   -0.109414  -0.0723256  -0.0739859   -0.134824  -0.0660864   -0.154815   -0.167909  -0.0626633   -0.114796   -0.115166   -0.152319    -0.12793  -0.0952505     -0.1511   -0.127808   -0.129995
