no weights
    0.121832    -0.391277   -0.0743483    0.0148152      0.25447     0.219241    -0.362105     0.130301     0.178967      0.23595     0.644774    -0.335022    -0.258618     0.458126      0.27752     0.381154     0.400163    -0.165054    -0.172513   -0.0274861    -0.144749   -0.0945785     0.447078    -0.434584    -0.108023     0.274537       0.4422     0.670651     0.522687    -0.279852   0.00100994     0.122667     0.264659     0.282019     0.194123   -0.0176188    -0.270374      0.55248     0.217862     0.164839     0.622988   -0.0760668     0.106365    -0.450809    -0.257082    -0.119424    -0.214762   -0.0736417
   -0.212026    -0.244521    -0.149181   -0.0692508    0.0431965     0.308682    -0.213704    0.0206751   -0.0415962    0.0805561     0.134541     0.218536    -0.032758    0.0714182    0.0158781     0.233447    -0.354154     0.245783   -0.0123555    0.0672842    0.0339165     -0.44794     0.492881     0.154797   -0.0350264   -0.0597986     -0.62408   -0.0343066     0.105043     0.517316      0.14298    -0.655466    0.0196559    -0.196048     0.202237     0.455287    -0.241898     0.102566    -0.230615    0.0876152     0.220191     0.329234   -0.0225037    -0.194668     0.194558     0.177512     0.204008     0.118154
    0.241187    -0.175729   0.00953718    -0.206484    -0.262032    -0.181121    -0.234878     0.242216     0.173059     0.253316    -0.394526     0.310268     0.173237   -0.0120463     0.339083     0.410622    -0.482138     0.740235    -0.135004     0.201914    -0.163978   -0.0451341    -0.269352     0.533611    -0.158151     0.116237     0.401244      0.29839    -0.399958     0.343211    -0.113766    -0.169961     0.482845     0.457379    -0.270433    0.0819056    -0.487585     0.244105    0.0957703     0.316798    -0.152274     0.120777     0.264728     0.287545     0.017148    -0.146586    -0.288108     0.601017
   0.0722883    0.0773565     0.311779     0.204788     0.169214     0.369307    -0.203958     0.173112      0.12677   -0.0226559    -0.586741     0.632293    -0.137181    -0.137254    -0.121527    -0.199051    -0.103032     0.196959     0.126507   -0.0727561     0.370281    0.0831638    -0.190103     0.337972   -0.0276117   -0.0421974    0.0294837   -0.0520246     0.127805    -0.153908    -0.171864    -0.065646    -0.393246    -0.172337    0.0256142    -0.236378   -0.0220928    -0.152419    -0.578984    -0.274897    -0.433626     0.111947    0.0663842     0.443801     0.240287      0.31066     0.201149    -0.174633
    0.442083    -0.698328    -0.533608    -0.479729   0.00369802      0.36575    -0.255474      0.12177     0.195769    0.0562742     0.292332    -0.133268      0.12786     0.224449     0.228028    0.0269363    0.0983803   -0.0552447     0.247422     0.155962    -0.107374    -0.663551     0.402126    -0.116107      0.17796     0.288319   -0.0250675      0.33706     0.587182     -0.23034     0.235606     -0.61806     0.632089    -0.264787     0.373096   -0.0797357    -0.253014    0.0948396    -0.207209    -0.458899     0.184978   -0.0503736     0.445882   -0.0319658      0.19658     0.228406 -2.23906e-05     0.328175
    0.116961    -0.300642    -0.510977    -0.351565    0.0813604    -0.212571    0.0685882    -0.134987   -0.0230003   -0.0414795     0.140203     0.232556     0.422919    0.0430118   -0.0137772    -0.193983    0.0566117     0.441094     0.109163     0.359261    -0.220595    -0.476132     0.153764     0.280823       0.2477     0.247128    -0.248376      0.29852     0.265953   -0.0156491     0.271181     -0.20019     0.234021     0.177719     0.316836     0.117006    -0.148836   -0.0273564    -0.106461    -0.283126     0.208053    0.0614933     0.296877    -0.223258   -0.0316014    -0.182648    0.0236825     0.134449
   -0.841725   -0.0197476     0.325003     0.269345    -0.035079    -0.421103    -0.313737      0.20466     0.243282     0.336993     0.103585    -0.309156    -0.349334     0.117419     0.207973   -0.0062623   0.00594112   -0.0471849    0.0564501    -0.384477     0.064341    -0.507023     0.112977     -0.10599    0.0572974    -0.192705     0.344147     0.180965     0.531522    -0.379676   0.00845137      0.13543     0.153142     0.580184     0.539924    -0.202311     0.209362     0.270342     -0.10636     0.308325     0.854453    -0.234411     0.295709    -0.315057    -0.077328     0.271426     0.366851     0.290595
  0.00673873    -0.111243    -0.324937    -0.099606    0.0260238      0.17425      0.12689     -0.31905    -0.252293   -0.0213918    0.0946919   -0.0359357     0.273447     0.297844    -0.370247     0.223812     -0.18837     0.262213    -0.177632     0.583281     0.254927     0.443838     0.491567     0.180416    -0.189335  -0.00704931    -0.734454      0.43992    -0.182626     0.475538    -0.133801    -0.089976    -0.246714     0.332006    0.0711467     0.311896    -0.241961    -0.113435    -0.235958     0.246008    -0.105202     0.379722    0.0941328    -0.549808   0.00760869    -0.377964    0.0916264   -0.0364025
        0.14  -0.00418056   -0.0750441     0.081086     0.115335     0.344822    -0.070404  -0.00292903     -0.17821     0.226826     0.232222    0.0868024   -0.0864436     0.129546    0.0634919     0.157975     0.318917      0.16816    -0.237508     0.448508     0.280527      0.50172     0.553415    0.0489387    -0.174214    0.0525327   -0.0730021     0.234165    0.0607076     0.165485    -0.101457     0.387232   -0.0527459     0.263889      0.16299     0.186055      -0.2642     0.312677    -0.223315    0.0960748     0.276341      0.17287     0.253623    -0.692176    -0.671827    -0.831107    -0.411158  -0.00423394
   -0.198346    -0.252361    -0.411995    -0.595018     -0.70608   -0.0664921   -0.0318333     0.297875     0.246801    0.0475831    -0.144637    -0.424539     0.169643    -0.019188     0.400411   -0.0995182    -0.338476    0.0677534     0.321631    0.0658646     0.101773    -0.467745     0.113465    -0.115041     0.489468    -0.257016     0.201472    -0.335415    -0.147282    0.0462305     0.421089   -0.0628306     0.574317  -0.00981191    -0.160013     0.298402     0.272019   -0.0188824     0.116034    -0.285407     0.105592     0.229737     0.330662     0.332764      -0.1305       0.2194      0.23014      0.53958
   -0.182556     -0.17443    -0.167342   -0.0868574   -0.0957602    -0.144484     0.131993  -0.00723795    0.0433197     0.205456     0.347716    -0.685817    0.0156247     0.137272     0.206254     0.181852    0.0604668    -0.329488     0.186287     0.155504     0.101704    0.0422621     0.243801    -0.431648     0.222026   -0.0331725   -0.0622693     0.113883    0.0536402    -0.256786     0.225333     0.134552    0.0755967     0.391497    0.0661814   -0.0596053     0.309318    -0.101178     0.200106     0.115733     0.282569   -0.0685916      0.34869    -0.298642     0.072987     0.178529      0.21227     0.274955
 -0.00988191    -0.204622   0.00510104    -0.343912    -0.618558    -0.435567     0.248006     0.256813     0.163398    0.0505912     0.265802    -0.479888      0.13383    -0.217795     0.282287     0.270863    -0.105689    0.0771584   -0.0350793    -0.220248    -0.252747    -0.214266    -0.211289    -0.123786   -0.0508193    -0.234343      0.37587    -0.185787    -0.413897    0.0898248    0.0452906    -0.339325     0.744467   -0.0552168     -0.16617    -0.195236    0.0308473     0.370016     0.830468      0.53953      0.38852    -0.225602   -0.0495299     0.322567      0.17184     0.432963    -0.104442     0.327229
     -0.3516     0.015285    0.0653916    0.0579973    -0.197785    -0.119792     0.127381    0.0386596     -0.12938     0.141883     0.145643    -0.169589     0.108271    0.0199186    0.0646196     0.151098    -0.140043    -0.122557    0.0946927    0.0504451     0.200834   -0.0896929     0.360944    -0.119109     0.209809    -0.410968    -0.391193    -0.320568    0.0213308     0.139078     0.172491    -0.348405     0.205089    -0.141019     0.188935     0.140244      0.30969    0.0875515   -0.0239799     0.183324      0.39901    0.0656041      0.16631    -0.259186    0.0262428     0.250822     0.289235     0.187466
   -0.290156   -0.0988484     0.131275   -0.0579654   -0.0143368   -0.0411757     -0.17038    0.0359433     0.125036    0.0221297     0.425441     0.118015    -0.162743    -0.194582     0.171143    -0.082753      0.56147     0.142536    -0.638294     0.533215     -0.11194     0.278879     0.182908    0.0494805    -0.376948      0.10008     0.399871    0.0712877   0.00983586   -0.0933025    -0.392814     0.430102     0.606396     0.340113     0.284721   -0.0517387    -0.716967     0.600034     0.492059     0.233391      0.45184    -0.202915    -0.500502    -0.115154   0.00644664    -0.182636    -0.589277    -0.125504
  -0.0215847     0.305163    -0.108789    0.0569846    0.0481858     -0.13725    0.0753293    -0.113753      -0.1909     0.225168   -0.0632606     0.279953    0.0666611    -0.068491    -0.088756    0.0610217     0.116223     0.503876    -0.180799     0.556191    0.0987283     0.517647    0.0174322     0.497215    -0.140819     0.048383   -0.0326089     0.130038    -0.148839     0.403102   -0.0731396      0.45736    0.0301356     0.409849    -0.099497     0.555785    -0.299884     0.137477   -0.0167843     0.282631   -0.0341277     0.352926     -0.37277    -0.362203    -0.542163    -0.809813    -0.136556    -0.395629
    0.262612     0.427729     0.285396    0.0182703    -0.284337    -0.434934     0.401818     0.111163   -0.0310857   -0.0887269     -0.61259     0.298571     0.356187    -0.496234    -0.250173    -0.316622    -0.226767     0.367077     0.032696     0.336336     0.318454     0.461508    -0.423888     0.288297    -0.109896    0.0421661     0.199796   -0.0641598    -0.470816    -0.104961    -0.145723    -0.151679     0.211178    -0.264181    -0.460435    -0.458315    0.0320142    0.0143897     0.188916    0.0316372      -0.3802    -0.256696     0.209087     0.354324     0.205398    0.0263289   -0.0558722     0.184508
   -0.352501    -0.270602   -0.0732032    0.0525825  -0.00618754   -0.0370486    -0.288287    0.0873463    0.0164077     0.388615   -0.0336143     0.309439    -0.227308   -0.0194201    0.0402552   -0.0897732     0.218748     0.178996   -0.0156454   -0.0899054   -0.0363802    -0.119545   -0.0888531     0.186892    0.0123533    -0.144609   -0.0491687    0.0656509     0.171906    0.0158188   -0.0813276     0.161744  -0.00740777     0.251232     0.254547      0.14804   -0.0800539      0.11919    -0.302288    0.0237204     0.251207     0.144698    0.0516295     0.149961     0.313111     0.320045     0.571117     0.206526
     0.19858    -0.274616   -0.0296935    -0.180593    0.0706672     0.338803    -0.223521     0.247202     0.188007        0.161    -0.440181     0.391596    0.0731907    -0.116238   -0.0722314   -0.0865994    0.0103731     0.156205    -0.256921     0.383835     0.431364     0.462671    -0.074233     0.198077    -0.419114     0.137206    0.0263597     0.288952    -0.150033  -0.00532331    -0.535674    0.0162931   -0.0752911    0.0274056     -0.15466    -0.118069    -0.389687    -0.105642    -0.257035    -0.222912    -0.555532     0.180097    0.0706132     0.433531     0.745406     0.418667     0.223211    0.0209533
    0.544508    0.0200671    -0.152552   -0.0946753    -0.200851    -0.100988     0.304768    -0.263125     -0.36968   -0.0821191     0.564779   -0.0896554     0.292949    0.0426861     -0.12312     0.227757     0.405231   -0.0472976    0.0719441    0.0241014    -0.450054    0.0473984      0.17302    -0.116316    0.0592557     0.114218     0.144541     0.180928    0.0856156    -0.183716     0.139846     0.329196    -0.113445     0.340924   -0.0206804    -0.246878     0.191322     0.399692     0.140035     0.159859      0.47913    -0.358046     0.926575    -0.586377    -0.386097    -0.391392    -0.246451     0.863885
   -0.272671     0.770928     0.866625     0.608484     0.543985    -0.292986    0.0671405     0.168291    0.0337344     0.129089   -0.0366424       0.1434    -0.122794    -0.278911    0.0677743    0.0508478    0.0653229    0.0820314    -0.162712   -0.0617006      0.15912     0.290705    -0.142143     0.237066    -0.132484    0.0270437     0.037486    -0.220661    -0.106035     0.118067    -0.144718     0.138178     0.103337   -0.0840128    0.0888656    -0.132503     -0.20805    0.0371027     0.324241     0.276883   0.00936941    -0.168875     -0.56693     0.103503    0.0228252   -0.0744359    -0.220304    -0.701199
    0.103209     0.172428     0.171636   -0.0692575    -0.254824      0.62401    -0.213751     0.341499     0.157463    -0.105952     0.170012    0.0803939   -0.0551824      -0.1357     0.374713   -0.0842043     0.338605   -0.0956479    -0.239167     0.392494     0.649029     0.417617     0.907844    -0.374338     -0.29353     -0.44937     0.424255    -0.747905    -0.139989     0.126848    -0.298461     0.273129      0.27062    -0.268241     0.289341   -0.0302717    -0.112955     0.481332      0.17487     -0.18769     0.292655    0.0696896     0.103019     0.191867     -0.39921    -0.104338    -0.581131       0.1862
  -0.0801013       0.5243     0.645944     0.511307     0.512626    -0.551443     0.201349    0.0453005   -0.0337161    -0.213887   -0.0585983   -0.0423553    0.0966467    0.0112132    -0.313319    -0.234021     0.263428    -0.259521    0.0337124    -0.215714     0.338018     0.242737   -0.0873445    -0.231213    -0.172999   -0.0193112     0.280888     0.223719     0.118341    -0.494652    -0.361684    -0.219313   -0.0739182    -0.273003     0.180319    -0.804805     0.244607    0.0862166    0.0518927   -0.0468879    0.0573867    -0.404613     0.145353     0.180514    0.0523291     0.220793   0.00839367    -0.347471
    0.319408    -0.201789    -0.203344    -0.123236   0.00328974    -0.364705    -0.193555   -0.0188386    -0.034454     0.451062    0.0219009    -0.374302    -0.119557   -0.0666067    0.0245215     0.118912     0.301447    -0.237926    -0.183646     0.100151    -0.410927     0.167103    -0.408078    -0.378089   -0.0550637     0.173851     0.346341     0.571282    0.0479605    -0.683218   -0.0944854     0.580954     0.133902     0.707813    -0.133726    -0.447229   -0.0548536  0.000225942   -0.0364271     0.147943      0.11436    -0.430799     0.424853     0.127089      0.19826     0.206755     0.580782      0.35853
     0.31761    -0.164684    0.0107951    0.0352629    -0.208561      0.38915    0.0216579     0.149369     0.109188     -0.16373     0.221264     0.083853    -0.163737     0.185026    0.0853263     0.174244     0.301564    -0.277795     0.250446    -0.697205    -0.299454    -0.229737    -0.297433    0.0357022   -0.0169949   -0.0157382     0.236811    -0.229874    0.0357348   -0.0607528   -0.0428139   -0.0203548    -0.164676    -0.429967    0.0317155    -0.286741     0.257135     0.172846     0.152631    0.0127764  -0.00911116   -0.0371094   -0.0676608     0.350474     0.360096     0.457236    0.0481962    0.0853342
    0.345385    -0.441585    -0.210595    -0.309537    0.0267462    -0.108969    0.0209169    0.0596047     0.182603   -0.0317797    0.0718895   -0.0209146    0.0604027     0.217477      0.19937     0.209762     0.114651    -0.255168    0.0738158    -0.368394    -0.503246    -0.234453    -0.662548    0.0170013   -0.0838687     0.367573     0.152019     0.238083    0.0439367   -0.0706742   -0.0940805    0.0076582     0.227785    0.0233402    0.0103842    -0.134727    0.0354661    -0.539584     0.163069    -0.200835    -0.570593    0.0642231   -0.0220988     0.656228     0.993927     0.834112     0.389751     0.158513
    0.113721   0.00869213    -0.155993    -0.331865    -0.494027     0.128745     0.212614  -0.00565957    0.0645845    -0.351556   -0.0401278     0.315852     0.154753   -0.0373705   -0.0388398    -0.123377     0.143188     0.319215    -0.206251     0.247783    0.0358161     0.316704    -0.109121     0.279162    -0.216847   0.00251513     0.415269    -0.272166    -0.445961     0.475273    -0.330131     0.269409     0.444371    -0.168412    -0.191932     0.266794     0.074982     0.119159     0.559127    0.0223622    -0.102144     0.362763    -0.167129     0.360623   -0.0222418    0.0297185     -0.40493     0.183952
    0.212589    0.0207817    0.0451579     0.114752     0.234931    0.0380278     0.279827      0.09268     0.104653    -0.176506     0.492808     -0.51209    0.0219521     0.292185     0.217632    -0.120281     0.612513     -1.03851     0.236625    -0.169075   -0.0188443    0.0945575   -0.0458754    -0.767892    -0.024566     0.157325    0.0966594    -0.162219     0.271343    -0.561077    -0.189633     0.296161    -0.119492    -0.405917     0.112392    -0.500973     0.477388    -0.152466    0.0352433    -0.463391    -0.104178   -0.0781275   -0.0374643     0.377841      0.36875     0.342559     0.185347    -0.155866
    0.429879     0.336792    0.0665733      0.34087     0.185606     0.232747     0.130202    -0.169167    -0.269362     0.186875   -0.0051513   -0.0643033    -0.177618     0.139643   -0.0815592     0.348346   -0.0129238    -0.397377     0.338051     -0.44101    -0.256776     0.184677    -0.282554   -0.0827548     0.287774   -0.0094785    -0.459437    -0.054082    -0.151917    0.0394818     0.368327     0.457379     -1.01462     0.210712    -0.303629     0.223231     0.420374   -0.0676698    -0.278675     0.165741    -0.257097     0.127675    0.0752019    -0.200383    -0.247019    -0.144835     0.545419   -0.0519846
      0.5945    -0.111213    -0.237887    -0.372041    -0.102718     0.718701     0.287529     0.195558     0.149787     -0.22697     0.598168    -0.109159   -0.0699872     0.226528      0.28675   -0.0431142     0.514885    -0.398386   -0.0283328     0.264407     0.574816      0.41617     0.551791    -0.161056   -0.0498597     0.143379    0.0426067    -0.307407    0.0532442     0.280828   -0.0217249     0.203148   -0.0187047    -0.535754      0.16783     0.250958   -0.0768732     0.100493     0.505755   -0.0852558   0.00822928     0.197953    -0.503714    0.0173391    -0.232314     -0.38672    -0.525552    -0.623901
    0.385884    -0.180173    -0.294054    -0.264754     0.213308    0.0211787     0.106086     0.110963    0.0852208     0.285045  -0.00856072    -0.117876    0.0443811     0.112673     0.324414    0.0814591    0.0208813    -0.244874     0.344401    -0.147533    -0.144127    -0.218654     -0.40167     0.132074     0.409982      0.30719    -0.200698    0.0116709     0.234329   -0.0995741     0.379491    0.0383137    0.0937638   -0.0150102    0.0300425     0.156466       0.1561    -0.843758    -0.236829    -0.367437    -0.587937     0.223527     0.125469     0.323903     0.405231     0.310768     0.591854    0.0761958
   -0.245957     0.224788     0.447352     0.381022     0.345956    0.0559179   -0.0624724     0.044929     0.204202   -0.0283754    -0.218423    -0.227615   -0.0672658   -0.0701389   -0.0428915   0.00874545     0.081801    -0.362514    -0.287336     0.386095     0.344611      0.65329   -0.0354207    -0.363856     -0.30002     0.156458      0.15219     0.120997    -0.237114    -0.219885    -0.385075      0.14413     0.236592   -0.0582648    -0.200625    -0.303634     -0.21623  -0.00541179      0.14482    0.0781074    -0.407948    -0.107022    -0.372525     0.354018     0.522314     0.317117   0.00445743    -0.336059
    0.154175   -0.0771885    -0.355602    -0.554362    -0.722382      -0.4484     0.614893     0.215425    0.0747799    -0.270302     0.103629    -0.104959      0.54159    0.0922952   0.00129825    -0.177407    -0.093764     0.284073  -0.00383395     0.351168     0.510791     0.279799    0.0641697    0.0649614   -0.0501471     0.111704     0.276482    0.0998919    -0.312263     0.218743     -0.12553    -0.297769     0.282171    -0.445561    -0.311185   -0.0802754     0.294272      0.07253      0.50159     0.112226     0.057859     0.110584     0.231976    -0.031864    -0.116844     -0.25352    -0.251599     0.139728
   -0.461459   -0.0869291    -0.262678    -0.389374    -0.368124    -0.802757     0.563475     0.167622     0.124836   0.00491095     0.256209    -0.303278     0.352499    0.0822596     0.217772    -0.087706    0.0724981     0.225939     0.249508    -0.105781     -0.06217    -0.293478     -0.29391     0.051955     0.393014    0.0499706   0.00962641    0.0130455   -0.0316697   -0.0112764     0.299871    0.0934233     0.304582    0.0706125     0.105451   -0.0173176     0.323155   -0.0056457      0.40611     0.219094     0.357477  -0.00426561    -0.085863    -0.107901    0.0219606    0.0273479     0.160084     0.124554
    0.526976    0.0750294    -0.163832    0.0399534    -0.385063    0.0939125     0.107305    -0.331762    -0.329362    -0.119419   -0.0848143  -0.00540696    0.0961044     0.159224    -0.429914      0.31256    0.0504005     0.191698     0.191683    -0.170223    -0.394768     0.247203    -0.354706    0.0346376    -0.075772  -0.00493445   -0.0198244     0.442339     -0.36342   -0.0658519   -0.0124597     0.587092     -0.74827     0.473782    -0.326969    -0.214245     0.355308     0.315662    -0.171563     0.245642   -0.0259029   -0.0513127     0.920863    -0.541006    -0.389325     -0.40433    0.0787269     0.753119
   -0.146445    -0.142912     0.300672     0.170359    -0.152942      0.89501    -0.704898     0.177639     0.282297     0.106435    -0.111741     0.385259    -0.615649     0.173189       0.4105     0.586009    -0.361302    0.0600024    -0.109901    -0.516805    -0.147484    -0.287093     0.156075     0.127724    -0.391702    -0.320318     0.141025    -0.225523    -0.133036     0.622538    -0.244556   -0.0750428    0.0424963    0.0505911    0.0403792     0.701014    -0.191972     0.176436    -0.278856    0.0340028    -0.245324     0.758028   0.00449594     0.222369      0.18294      0.41165    0.0580316     0.320675
   -0.130738     0.490356     0.723585     0.544953     0.350362   -0.0289052  -0.00913733     0.223489     0.154594   -0.0544031   -0.0236697    -0.147697   -0.0620061    0.0776349   0.00253283     0.227445    0.0258107    -0.167175   -0.0692013    -0.129737     0.330381     0.288336     0.157066    -0.314739    -0.286156     0.100355     0.449478     0.170296   -0.0234773    -0.200661    -0.173259    -0.237223     0.101037   -0.0767831    -0.142958    -0.390063   -0.0921519     0.335421     0.304143     0.297211     0.170716    -0.308521    0.0371055  -0.00789525   -0.0699803   -0.0292401    -0.291139    -0.104882
   -0.497732     0.074705     0.339732     0.286562      0.11579     0.122529    -0.257698     0.389666     0.227589     0.163862    0.0289983     0.540609    -0.482274   -0.0524735     0.188229   -0.0775527     0.130935     0.317228   -0.0796504    -0.600858    0.0994185    -0.332845   -0.0615846     0.376326    0.0483173    -0.107462     0.273749    -0.427731     0.427455     0.332993     0.132983    -0.135179   -0.0699812    -0.333822     0.386959     0.297436    -0.181479     0.257083     0.261387     0.218295     0.231476     0.189448    -0.856371     0.376166   -0.0638851     0.276367   -0.0919132    -0.827568
    0.774021     0.138919    -0.249717   -0.0769976    -0.218819     0.755634    -0.151128    -0.225092    0.0597323    -0.441516    -0.144793    0.0165226   -0.0856275     0.304618    -0.298729   -0.0472242    0.0848928    -0.089903     0.321635    -0.221154    -0.186065   -0.0647533   -0.0841067    -0.098902     0.144161   0.00980305     0.333647    -0.140734     -0.12864     0.129158     0.250826     0.125273    -0.229004    -0.440704    -0.216921     0.159711     0.196595     0.219248    -0.105154    -0.344037    -0.259827     0.250285     0.254154     0.356855    -0.467006    -0.193729     -0.15444      0.11773
   -0.431339    -0.144244    0.0981063    0.0726588    0.0807324    -0.210197   -0.0555489     0.122058    0.0732746     0.302439    0.0294761     0.168501    -0.115344    -0.145338     0.235659     0.107362     0.100256    0.0931842    -0.266086    0.0712274    -0.304499   -0.0853324    -0.324161     0.120403    -0.140085   -0.0643328    -0.272252   -0.0663596    -0.184413    0.0793334    -0.227219     0.280627      0.25794     0.437319     0.138578    0.0269658    -0.227036   -0.0315037     0.104729     0.162626    -0.113624     0.025553    -0.395616     0.349148      0.87525     0.541402     0.418759     0.112414
    0.377913    0.0439009    -0.342192    -0.231588    -0.100435     0.100881     0.165031    0.0214623  -0.00929921     -0.18507   -0.0505281    -0.164742      0.45737     0.143283    -0.077471   0.00992546    -0.346326     0.245212     0.562592    0.0374852     0.112305    -0.517561     0.284067      0.19305     0.458323    0.0404095    -0.132779   -0.0047551    0.0719359     0.168929     0.583226    -0.543053    0.0656824    -0.360213   0.00636333    0.0146152     0.122409    0.0516697   -0.0961593    -0.156484    0.0291001   -0.0302232     0.447383  -0.00205852    -0.422687    -0.355169    -0.215959     0.213417
   -0.631264   -0.0437429     0.230707     0.250393     0.147099    -0.171025    -0.274337    -0.105441   -0.0736933     0.239156    -0.331246     0.749523    -0.123283    -0.140177    -0.141863    -0.258982   -0.0159585     0.685422    -0.291448     0.469409     0.324408     0.255714      0.24126     0.519038    -0.073586   -0.0238822   -0.0948734     0.341597     0.296819      0.10521     -0.28878     0.334491    -0.391607     0.713173     0.203563    0.0884659    -0.257425     0.234921    -0.479468    0.0170892     0.267236     0.152861     0.196632    -0.370241    -0.100178    -0.154274    0.0672044    0.0782144
   -0.405756    -0.142935    -0.071779   -0.0935431     0.184782    -0.594798     0.153311     0.292059      0.17857     0.590724     0.131605    -0.306908   -0.0257409    -0.204006     0.406041     0.117237    0.0319119    -0.134607   -0.0953654   -0.0302277   -0.0107113   -0.0136176    -0.493637    0.0578559     0.138908      0.21331    -0.454471    0.0121635   -0.0201136    0.0181208    0.0857559    0.0136972     0.113929       0.2155    0.0584702     0.248733    -0.160688    -0.440362     0.247542     0.317543   -0.0939277    0.0974713    -0.833493     0.209561      0.57702     0.244622     0.703501     -0.66114
   -0.57199    -0.39632   -0.220944 -0.00570242   -0.707072   -0.313749   -0.347914    -0.38865   -0.315959   -0.278479   -0.388937   -0.305305   -0.271452   -0.297411    0.260629   0.0115916    0.052191  -0.0469277   -0.456446     0.12074   -0.390095  -0.0636038   -0.387795   0.0648969    0.122871    0.174013   -0.110683   -0.029805   -0.322143   0.0871902  -0.0146577   -0.203739  0.00486075    -0.14307  -0.0511629   -0.238366    0.253143   0.0347981    0.060687   -0.391733   0.0631525     0.12767
  -0.038359   -0.618652    0.527103   -0.142841  -0.0687382   -0.739163    0.135307    -1.19385   -0.885282    0.389158   -0.335245    0.902979   -0.473357    0.341315   -0.834842   0.0786169   -0.388531    0.221344    -1.08075    0.140723    0.350567   -0.111455   -0.128982  -0.0991612    0.427669      0.1243   -0.127133    -1.38947  0.00253189   -0.212492    0.332504    0.128871  -0.0544213    -1.32122    0.234757    0.223872    0.274642   -0.682121     0.10325   -0.650923   -0.608175   0.0666004
   0.250018    -1.10723   -0.683945   -0.790753    -1.25545   -0.958483    0.521887   -0.593656   -0.032113    -0.51647   0.0381993    0.588884   -0.152744    0.547317   0.0115589   -0.200459   -0.386091   -0.896868    0.477814    0.204781    0.188886    0.252875    0.188086  -0.0495597   -0.908531   0.0851669     0.20867   -0.171523    0.127825    -1.22325  -0.0234188    0.264276    0.289364    0.219682   -0.733358    0.194186  -0.0418264   -0.427219    -0.31072   -0.948283     -0.3756   -0.197604
   0.587742    0.341622   -0.139152   -0.675547   -0.287794   -0.482211  -0.0903067   0.0196112    0.176888   -0.612599   -0.213861    0.143042  -0.0674915    0.127832   0.0923779    -0.85012   -0.411005   -0.734967     0.20355    0.236593    0.145994   -0.454754   -0.482862  -0.0948282   -0.844769   -0.300501   -0.685982    0.316254    0.317365   -0.717824   -0.302491   -0.600108   -0.671587  -0.0821654    0.688902    0.246966    0.266568    0.202223   -0.362934  0.00995806   -0.507896   -0.289548
   0.326941   -0.107947   -0.379033   -0.705641    0.269584    0.241593    0.418569   -0.158232     0.20556    0.055873    0.175433   -0.370789  -0.0513536    0.742994    0.387933    -1.11645     0.22653   -0.619369  -0.0560247   -0.228514  -0.0355043    -0.85213    0.561473   -0.863414   -0.449678   -0.686219   -0.243307   -0.396674  -0.0945234    0.203286   -0.436874   -0.953718  -0.0111924   -0.822878   -0.397802   -0.665322   -0.120216   -0.821537    0.258492   -0.447012    0.265139     0.52244
  -0.474732 -0.00552535   -0.383877 -0.00217895   -0.310044   -0.417045   -0.534639    0.137911   -0.159472   -0.280102   -0.188454   -0.411745  -0.0805012    -0.48922  -0.0119204  -0.0572497   -0.277715     0.16038   -0.649977   0.0122339   0.0934897  -0.0284444   -0.406951   -0.201747  -0.0561029   0.0200746    0.179966  -0.0110986    0.200641   0.0182108    0.193764   -0.117175   -0.513115    -0.34334     0.13433  -0.0624868   -0.266969   0.0717634   -0.205824   -0.168281   -0.230261  -0.0863269
   0.361112  -0.0183513   -0.314034    0.052993    0.478777   -0.104505    0.281436   -0.489967    -0.54033   0.0737803  -0.0013979   -0.537037    -0.43578   -0.619737   -0.590565   -0.904863   0.0671615   0.0210432     -0.9003   -0.507203   -0.740272   -0.319705   0.0296085   0.0533279    0.439166   -0.478922    0.331243  -0.0849039   -0.250881    0.251788   0.0788003    -0.68191   -0.272109   -0.564492    0.404693    -0.19887     0.31719    0.219022   -0.142505  -0.0952116   -0.331011    0.193472
   0.149237   -0.930909  -0.0377898    0.391252   -0.714902   -0.812629   -0.694123   -0.731325    0.250335   -0.913346    -1.10817   -0.590688    -1.07919    0.581184    0.262686  -0.0618992   -0.344453    0.190765   -0.257862    0.276572    0.485459    0.124122   0.0737659  -0.0412367   -0.591414  -0.0141429   0.0263136   0.0526119    0.260045   -0.841854    0.252643   -0.819183    -1.15057   -0.114441    0.154859     0.17617    0.264184    0.604927   -0.447969   -0.687161   -0.114024   -0.699509
 -0.0558741   0.0340307  -0.0900645    -0.40201   -0.672421    -0.09417   -0.189638    0.151769    0.237765    -0.35384   -0.259927   -0.143182    0.083006    0.254949    0.225261   0.0558473   -0.395094   -0.507467   -0.106938    0.186079    0.262723   -0.144009   -0.639827   -0.817518    -1.00433    0.010564   -0.956157   -0.291235    0.194037   -0.981239  -0.0492362    0.278221   0.0620456   -0.364665   -0.559465    0.163388    0.203484   -0.394571   -0.462113   0.0119933    0.258983   -0.219986
   -0.69582  -0.0426605    0.330159    0.240642   -0.534701   -0.218642   -0.369978    0.332256   0.0526273   -0.967237   -0.729349   -0.332257   -0.338768    0.228393    0.251376    0.179032   -0.240086    0.406461   -0.734457    0.332977     0.13314   0.0603611    -0.57737    -0.48002   -0.568506   0.0349487   -0.837443   -0.767577   -0.124087   -0.660474     0.30052  -0.0153366   -0.449749   -0.673291   -0.252178    0.048773    0.211864   -0.716114    0.159784     -0.2951    0.294018  -0.0340325
  -0.497434  -0.0856168   0.0954108   -0.141542   -0.427758   0.0940453     0.25441   0.0154651    0.172471    0.106123   -0.122715   -0.419148  -0.0109123   -0.293241    0.248869   -0.187281 -0.00369665   -0.563554   0.0490153   0.0434129   -0.232607   -0.365176   -0.433033   -0.493206    -0.36831   0.0462028   -0.669038   -0.079402   -0.676351    0.053357    -0.50661   -0.355888   0.0980591    0.160611     0.20856   -0.355928   -0.123227   -0.122914  -0.0337444   0.0225249    0.164772   -0.310681
  -0.458141   0.0588935   -0.199055  -0.0294368   -0.343281  -0.0783021   -0.307705   0.0621962   -0.214689  0.00885883   -0.121014   -0.376891  -0.0312045   -0.495199  -0.0879162  -0.0211508  -0.0795509   0.0525432   -0.508179   -0.036827   -0.134036  -0.0096072   -0.468996   -0.404578   -0.291658  -0.0935459   -0.348064   -0.116428   -0.387532  -0.0726657  -0.0152751   0.0331223  -0.0900017   -0.295054  -0.0518243     -0.1033  -0.0369706   -0.157261   -0.129589   0.0367874    0.123713  -0.0953936
   -0.80511    -0.36507   -0.786195   0.0650789   -0.520255   -0.416126    0.119369   -0.810165    -1.00944   -0.124169  0.00781921 -0.00556188    0.114956   -0.691782   -0.830562    0.219717   -0.222162   -0.362916   -0.591937    0.429934   -0.789937    0.567614   -0.087742   0.0381165    0.246864   -0.752842    0.642975     0.28415   -0.786411    0.237774     0.34151   -0.602901    0.247439   -0.516126   -0.776552    0.123209   -0.015672   -0.393605    0.195423   -0.092342   -0.710069    0.409565
  -0.637347    0.109216   0.0269601   0.0495909   -0.417817   0.0263168   -0.484177   -0.137621   -0.533374  -0.0881271   -0.421763   -0.328487   -0.120355   -0.510547   -0.155802   0.0849033  -0.0922178   -0.104348   -0.470287    0.177902   -0.694633  0.00494036   -0.439182  -0.0765951    0.144522   -0.145886    -0.34062   0.0765976   -0.642934   0.0811552   -0.427167   -0.250004   -0.195079 0.000429672    0.117645   -0.402855   0.0989463    0.100215   -0.124524    0.144561  -0.0512276  -0.0408915
  -0.459267   -0.162202   -0.327118    0.082245  -0.0181404   -0.258677     -0.2596  -0.0890923   -0.301409   0.0460157   0.0772467   -0.281825   0.0368287   -0.440605   -0.547524    0.134922   -0.245037    0.119105  -0.0757801   -0.186222   0.0546439    0.086986   -0.117979    -0.12577  -0.0892074    -0.31094    0.171471  -0.0441712   -0.181534   0.0230708    0.125645   -0.192933   -0.353427  -0.0684983   -0.285531   0.0657633   -0.648519  -0.0137628   -0.198842   0.0735922   -0.202202   -0.386008
  -0.337573   -0.442948   -0.720573    0.093631   -0.295734   -0.260547    -0.50715    0.165724     0.32411   -0.275272    0.082014   -0.695658   0.0293858   -0.632342   -0.020402    0.199195   -0.760809    -0.31155   0.0790329    0.177212    0.355589    0.323888   -0.442838   -0.424329   -0.985147   -0.397946    0.148866    0.242965    0.273707   -0.208178    0.196648  -0.0504317   -0.563675    0.155916    -0.74579    0.238484   -0.804889    0.243259   -0.844186    0.366209   -0.230087   -0.733549
  -0.579868   0.0872814   -0.745778  -0.0345548   -0.476577   -0.544778   -0.272619   0.0532414   -0.358882    0.108031  -0.0118246   -0.404101    0.059721   -0.651974   -0.316553   -0.229411   -0.156457   -0.106247   -0.701915    0.111914  -0.0595387  -0.0753208   -0.660691  -0.0957718   -0.224031    -0.22152    0.159361    0.125113    0.157294    0.103408    0.183276   -0.265404   -0.211642   -0.550238    0.257586   0.0146453    0.156539   0.0350123   -0.230283  0.00320357   -0.227098   0.0626915
  -0.740537   0.0726347    0.164468    0.049728    -0.10591   0.0127863   -0.866947    0.313284     0.52166    0.179816   -0.318755   -0.697383  -0.0830947    -0.42142    0.494333    0.245476   -0.335502   0.0360038    0.100763   -0.839147    0.230467    -1.02011   -0.708884   -0.548493   -0.959973    0.289524    -1.19684   -0.184712     0.23484    -0.15481   -0.662891    0.283366   -0.360779     0.17622   -0.153979   -0.831698   -0.584602    0.164306   -0.851099    0.111907    0.423419   -0.910975
   0.272391   -0.249835    0.307251   -0.154337    -0.54795   -0.684293    0.404964   0.0931742   -0.276152   -0.944362  -0.0119009     0.05625   -0.169385    -0.12591   -0.165166   -0.374116    0.121765    0.271372   -0.417965    0.117238    -1.08662  -0.0323098    0.921951   -0.404635    0.256255   -0.839866   -0.520061    0.110774    -1.23358   -0.150021    0.322119   -0.886359   -0.515297   5.722e-05    0.192056    0.168422   -0.227797     -1.2369    0.398872    -1.12722    0.276696    0.640908
   0.539405    0.361089   -0.963469    0.117681    0.489418   -0.159244    0.551971   -0.474486  -0.0725227    -1.02596     -0.3711   -0.507971     -0.0219    0.519586      -0.869    -1.05127     0.21577   -0.121434   -0.132704  -0.0389547     0.34732    0.208986   -0.440486    0.232828   -0.358552   -0.749865    0.294875   -0.608339  -0.0855652   -0.803711   -0.115894    -1.08861   -0.754302   -0.759352    0.350955   0.0266476    0.472248   -0.583677   0.0925155   -0.700186    0.392597   -0.547509
   0.162485    0.120201  0.00539994    -0.85637    0.235787   -0.186349   -0.588667   0.0297179    0.142346    0.302515     0.14043  -0.0401622  -0.0588298   -0.553752   -0.363984   -0.979909   -0.627047   -0.942829    0.483116   -0.981093   0.0320485    -1.17163   -0.657432   0.0812743   0.0200047   -0.074593  -0.0756417    0.163949    0.312832    0.142737   -0.738648    0.053931  -0.0359397    0.265181    0.547292   -0.505819   -0.757582    0.191185   -0.587324    0.145254    -1.06759   -0.711759
  -0.719514   -0.345862  -0.0499238   -0.328585    0.278682  -0.0906192   -0.279981   -0.636631     -1.1351     0.51886    0.122534    0.522045   -0.133072   -0.647495    -1.09019    0.339544   -0.247636   -0.284103    0.267794    -1.08072   -0.724326   -0.289358     0.62942   0.0654585    0.673632   -0.401395    0.415659  -0.0217821   -0.846644    0.278959   -0.427467    0.051843    0.149707    0.274411   -0.806158   -0.695307    -1.21327  -0.0719757   -0.128493    0.152427    -0.99034   -0.068334
   0.231123  -0.0940323   -0.647049   -0.291585    0.241085  -0.0360893    0.453088   -0.527722    0.147295    0.200544   0.0263476   -0.222623   0.0530032   -0.729883   -0.446699   -0.604252   0.0315767   -0.440539   0.0293721    -0.43742    0.223704   -0.067468  -0.0891878   -0.152421   -0.441077   -0.955611    0.218597   0.0614378    0.124867    0.154995   -0.784088   -0.136759   0.0815147   -0.518571   -0.639121   -0.284535   -0.100208   -0.546761   -0.535393    0.253494   -0.456888     0.21623
   0.495847   -0.149688    -1.01875   -0.474836    0.288498    0.194523    0.343993    0.385506    0.146187   -0.304045   0.0792334   -0.744812  -0.0214907   -0.653341   -0.364046   -0.791478   -0.182394   -0.584041    0.321446   -0.814025   -0.556581    0.373047  -0.0176076   -0.250932   -0.328407   -0.817801    0.284392   0.0727164   0.0749933  -0.0754098   -0.673954   -0.020418   0.0765052    0.292698    -1.02219    -0.29218    -0.76757  0.00887726   -0.810688    0.235479   -0.297655      -0.587
  -0.746971    0.285223    -0.10061   0.0864531   -0.724041  -0.0581086   -0.328949   -0.171166   -0.849181  -0.0835825   -0.571119   -0.315422  -0.0422974   -0.560918  -0.0649812  -0.0094886   0.0480171   -0.178177   -0.899877    0.439336   -0.928993   -0.117865    -0.74221   -0.137739    0.123453  -0.0763088   -0.555076   0.0307252   -0.866092   0.0586628   -0.268646   -0.429049   0.0600817   -0.586257     0.19212   -0.472356    0.477603   -0.284076    0.219977   0.0277093    0.231287    0.406035
  -0.143021   -0.380674  -0.0155453    0.228138 -0.00468669    0.130916   -0.222699   -0.357545   -0.132397   -0.522731   -0.474346   -0.530655   -0.476187    -0.48658   0.0278023    0.255695   -0.445523   -0.279131    0.295849    0.183674   -0.770684    0.290389   -0.200182   -0.136633    -0.10261   -0.365659   -0.281388 -0.00305646   -0.395152    0.148618   -0.396986  -0.0147439   -0.152634    0.203044   -0.635451    0.186884   0.0250184   0.0855092   -0.710507    0.260845    0.106724   -0.481798
  -0.387736   0.0108288    0.253449   -0.389305    -0.73277  -0.0656512    0.252226   -0.176033   -0.183515   -0.118277   -0.196536    0.250371   0.0406763    -0.16291    0.121398   -0.038683   -0.121273    -0.75901    0.215517    0.144365   -0.387989   -0.216955   -0.517497   -0.211697   -0.721347 -0.00191944   -0.771098    0.105285   -0.614007   -0.637898   -0.602417  -0.0714405    0.251473    0.220501   -0.129513   0.0726492    0.228013     -0.2816  -0.0412808   0.0577556    0.120645   -0.159428
  0.0889366   -0.325524    0.270895   0.0245129  -0.0196861    0.136491    0.371874   -0.292748   0.0396892   -0.262864   -0.119134   -0.406677   -0.336499   -0.367498  -0.0860882     0.12538   -0.190188   -0.461274    0.337976  -0.0719602   -0.623512    0.141317     0.17872   -0.266324   -0.297743   -0.397968   -0.469196  -0.0456253   -0.744875  -0.0502534   -0.544526   -0.147812  -0.0563993     0.21844   -0.539613    0.114214   -0.417135   -0.149184   -0.530653   0.0474542    0.261354   -0.540429
  -0.657071   0.0282028   -0.406182   0.0280597   -0.634542    -0.43529   -0.412454    0.151204   -0.309673   -0.478025   -0.319144   -0.424785   0.0667651   -0.451151   0.0581994    0.029689   -0.103563     0.30005    -0.76226   0.0646236   0.0299099   0.0991509   -0.509636     -0.4594   -0.142856   0.0946542   0.0670934  -0.0904907   -0.161716    -0.17627    0.368035   0.0384395   -0.422464   -0.693752     0.12236  -0.0656266  -0.0439503   -0.468117    0.123733   -0.663458    0.223657    0.138695
  -0.739073    0.189707   -0.119158    0.119241  -0.0464493  0.00690144   -0.866172   0.0133777   -0.626495    0.253534   -0.569892    -0.11641    -0.24299   -0.423388  -0.0882197   -0.122646   -0.119622    0.013326    -1.09412   -0.641102   -0.625763    -1.22819   -0.602766     0.14885    0.414894     0.22625   -0.551259 -0.00131043     0.14172    0.213385   -0.596666   0.0233955  -0.0702305   -0.332225    0.169382    -1.10318    0.494262    0.141583   0.0486667 -0.00389458   -0.548459    0.391336
   -0.74478    0.168354    0.257304    0.126597    0.196032  -0.0104993   -0.582055  -0.0455387   -0.641761     0.29246   -0.309849  -0.0682818  -0.0993268   -0.461212   -0.542529   0.0276941     0.12742   0.0419938   -0.127797    -1.08707   -0.660403     -1.0748   -0.451154   0.0745967    0.490609     0.10971    -0.79742   -0.162865   -0.812608     0.10762   -0.760645   0.0598962   -0.126478     0.37832    0.337271   -0.925167   -0.346366    0.101179  -0.0898803  -0.0229653   -0.212053   -0.546536
   0.163117   -0.910645   -0.306785   -0.546906   -0.397932   0.0113505   -0.767183    0.310392    0.142756   -0.855091   0.0287186   -0.496888   -0.957263    0.457607      0.2351   -0.347862   -0.369286     0.18539    0.430321   -0.164925   -0.501397   -0.325703    0.658478   -0.480579    0.268027   -0.139822    0.138964 -0.00105123    0.216124   -0.161259    0.132114   -0.122151   -0.173256    0.617687    -1.02254   -0.374809   -0.949976   -0.506673    0.169559   -0.809044  -0.0594087    0.226468
   0.246098   -0.460844   -0.561969   -0.653476    0.313068   0.0402763  -0.0523552   -0.940634   -0.551855    0.208701  -0.0484324    0.648768   -0.103704    0.103888   -0.657607   -0.419947   -0.409587    -0.82361    0.121917   -0.169716    0.311091    0.187119   -0.181308    0.155095    0.276378   0.0776155    0.296925   -0.803492    0.266806  -0.0827959   -0.402029   0.0132453   0.0966695    -0.91921   -0.768661   -0.105017    0.195303   0.0346261   -0.404873    0.183116    -1.04357   -0.299766
   0.621884   -0.277268    0.768711   -0.684474    0.312916     0.19036    0.431695  -0.0702667    0.132409    0.391933   -0.128191    0.385028   -0.294719    0.583387  -0.0981106   -0.238215   -0.170086   -0.210085    0.407711   -0.789102    0.330654   -0.457002    0.433741   -0.786996   -0.739621   -0.144794   -0.939229    -1.36767   -0.834616    -1.22971   -0.348015    0.172704   -0.224056    0.160723   -0.349638  -0.0778712   -0.930168   -0.473098   -0.360416  0.00657177    0.264747   -0.950335
  0.0971306   -0.324828  -0.0162891   -0.721619    0.628865    0.111703    -1.07571  0.00908813   -0.156846   -0.568064   -0.309307    0.352661   -0.453829    0.441248   -0.101674     0.20365   -0.561364   0.0598349    0.037486  -0.0673338   -0.428879  -0.0645889    0.138412   -0.311424    0.329753   0.0967311    0.101263    -1.14155    0.274821  -0.0545676    0.313717    0.481611  -0.0710422   -0.568989   -0.951065  -0.0598656   -0.816946   -0.513945  -0.0561186    -0.24375    -1.07083    0.216398
  -0.432176   -0.632602   -0.327492    0.134544   -0.571086   -0.693035   -0.075719   -0.732494   -0.445763   -0.469591   -0.347296   -0.364309   -0.375049   -0.420736   -0.760606   0.0287483   0.0171555    0.232681   0.0821684   -0.181356     0.21241   0.0273867    0.597114    0.263317     0.58328 -0.00757285    0.281576   0.0886651   -0.494521    0.105368     0.11384   -0.684433   -0.821304     0.36882    0.242034  -0.0446069   -0.377755    0.202668   0.0695996    -0.77728   -0.225673   -0.639122
