no weights
   0.0903498    0.0199978    0.0825523    0.0542676     0.126131    0.0587691     0.028808    0.0935343     0.025722    0.0815235    0.0412483    0.0401089    0.0314075    0.0532665    0.0669431    0.0365935    0.0570144    0.0799221   0.00790519    0.0620236    0.0236865    0.0588165    0.0947472   -0.0102436    0.0373388    0.0830382    0.0775444     0.101016     0.068089    0.0119853    0.0773404    0.0886746     0.071509    0.0393118    0.0207292    0.0221743    0.0625915     0.119151    0.0633983    0.0747808    0.0924462   0.00585621    0.0869637   0.00139356    0.0529138    0.0939431    0.0170391     0.041772
   0.0420309     0.090256     0.069113     0.050431     0.120613    0.0787886    0.0837803    0.0898327    0.0408205     0.050767    0.0769076    0.0686836    0.0637745    0.0082133    0.0226032    0.0648845    0.0182538     0.107622    0.0891446    0.0950887    0.0622094    0.0356484     0.114977    0.0773494    0.0359274    0.0853359    0.0433656    0.0896016    0.0204158     0.114052    0.0978973    0.0158303    0.0330291    0.0250476     0.038129    0.0594498    0.0584928    0.0601111    0.0583716     0.091193    0.0954735    0.0958639     0.055122    0.0686516    0.0826754     0.100665     0.121371    0.0837635
   0.0735693     0.050581    0.0832162    0.0646517     0.095585    0.0264951    0.0339422     0.086231    0.0372323     0.101351    0.0633342    0.0395992     0.105837    0.0661213     0.107615    0.0928481    0.0136098     0.110977    0.0532147     0.108408    0.0215517    0.0261649    0.0332999    0.0779593    0.0570683    0.0965796     0.110555    0.0509719  -0.00347917    0.0670406    0.0751918    0.0571381    0.0657632     0.123361    0.0144825   0.00829511    0.0442454     0.112126    0.0577043    0.0631787     0.104525    0.0879624     0.046456     0.108873    0.0546738    0.0618824    0.0337004    0.0711184
   0.0814251    0.0576428     0.126827    0.0612566     0.125291    0.0760612    0.0561994    0.0713067     0.064371    0.0126888    0.0508635     0.121774    0.0368909   0.00883865    0.0259844    0.0881043    0.0575774    0.0912432    0.0656515     0.079087    0.0962997    0.0537475    0.0403375    0.0808903    0.0534021    0.0265488    0.0666939     0.100767    0.0610387    0.0109068    0.0411464    0.0321874    0.0213582    0.0559781    0.0156209    0.0644156    0.0764335    0.0585019    0.0239718    0.0782743    0.0710277    0.0862672    0.0720547     0.111007    0.0437242     0.107456     0.106964    0.0526565
    0.113525    0.0627295    0.0497727    0.0495831     0.131195    0.0533126    0.0608123    0.0706679    0.0778871     0.100611    0.0549893    0.0122348    0.0809214     0.072588    0.0883136    0.0645368    0.0788511     0.018181    0.0973106     0.111268    0.0396176   0.00194421    0.0726216    0.0408322    0.0669162    0.0813355    0.0373455    0.0964826     0.073289     0.073619     0.100202    0.0233244     0.109558    0.0275841     0.077805    0.0513572    0.0112442     0.102778    0.0325156     0.038087    0.0428391    0.0210486    0.0821946    0.0370933    0.0563979    0.0742744    0.0698221     0.105918
   0.0844102    0.0980927    0.0595926    0.0744532     0.122484    0.0381052    0.0617537    0.0133994    0.0924729    0.0486285    0.0880856    0.0782385     0.133151   0.00769407    0.0998859    0.0136301    0.0963959    0.0723991    0.0270519     0.108472    0.0193296     0.023673    0.0760106    0.0717399    0.0571718    0.0709506    0.0587104      0.10149    0.0217847    0.0168886     0.125259    0.0200741     0.110636    0.0643655    0.0933687    0.0972887    0.0564523    0.0571326     0.102905    0.0204928    0.0924077    0.0870084     0.108343      0.03079    0.0559121    0.0487434     0.122404    0.0302147
    0.032339    0.0976013     0.124626    0.0508571    0.0470167    0.0466504    0.0485055    0.0462449    0.0845731    0.0751543    0.0502419    0.0227192    0.0563302   0.00944677    0.0730247    0.0148746    0.0340167    0.0165014    0.0816978    0.0465839     0.104632    0.0444554    0.0692136     0.088062    0.0141407    0.0500205      0.11699    0.0692029    0.0996623    0.0463301    0.0239202    0.0925274    0.0545572     0.119865     0.115341      0.04948    0.0695826    0.0824605    0.0222108     0.055938      0.13684    0.0570748    0.0966386    0.0208479    0.0673236    0.0860717     0.106594     0.064412
   0.0726066     0.102986    0.0371816    0.0771221     0.100358     0.071078    0.0916338    0.0789091    0.0321433    0.0171614    0.0757254    0.0376726     0.126657    0.0968877   0.00780869    0.0650381    0.0753996    0.0884146    0.0419486    0.0927929    0.0503832     0.132704     0.116016    0.0904715    0.0358431    0.0367758    0.0361819    0.0651262    0.0744231    0.0861049    0.0612743    0.0484084    0.0698342    0.0900566    0.0682718    0.0521466    0.0608315    0.0291091    0.0852678    0.0988248    0.0222311     0.118349    0.0655043    0.0203184     0.104817     0.074139     0.048097    0.0763021
   0.0765338    0.0222055     0.067739     0.101335      0.10337     0.107701     0.102076    0.0886776    0.0262929    0.0929493    0.0480181    0.0249048    0.0374412    0.0599466    0.0623292    0.0447427     0.119505    0.0398715    0.0149138    0.0833747    0.0850184    0.0897816     0.101028    0.0508757    0.0429684    0.0881793    0.0568767     0.114754    0.0584251    0.0458956    0.0950293     0.113211     0.117984    0.0544357    0.0407569    0.0929917     0.095512    0.0943116    0.0330051    0.0483417     0.123489    0.0844483    0.0483923    0.0675378     0.037119     0.024732    0.0338538    0.0797865
    0.033679    0.0842351    0.0843862    0.0459259     0.024113    0.0346257    0.0670751    0.0872704    0.0596466     0.080675      0.10181    0.0166047     0.122001    0.0288195    0.0675127     0.089516    0.0233365    0.0201788    0.0899665    0.0982461    0.0286241    0.0286367    0.0820822     0.062795      0.12145    0.0111744    0.0491601    0.0447203    0.0228613    0.0557112     0.106635    0.0783874     0.119174    0.0306622   0.00706565    0.0747495    0.0757822     0.109845    0.0629172   0.00562443    0.0350129    0.0837528    0.0962025     0.106529    0.0647015    0.0699124     0.111309     0.119739
   0.0381974    0.0769567    0.0457558    0.0997578     0.126624    0.0691893    0.0704157   0.00957498    0.0447551    0.0920086    0.0842696    0.0282409    0.0466062    0.0345189    0.0994778    0.0807658     0.092543    0.0718236     0.113317    0.0852048    0.0982315     0.101473    0.0924753     0.030049     0.106802    0.0350198     0.122003    0.0627401    0.0582478    0.0261038     0.128335    0.0704674    0.0788218     0.122987    0.0805694    0.0443189     0.124297    0.0337664     0.117135    0.0777599    0.0757669    0.0547841     0.122482     0.051261    0.0979356     0.114343     0.041895    0.0734007
   0.0555966    0.0289639     0.100887    0.0522153    0.0688939      0.02861      0.07421    0.0365954    0.0966287    0.0263376    0.0837363    0.0352666    0.0384922   0.00857682    0.0702849    0.0531284    0.0671971    0.0893747    0.0511453    0.0510659    0.0651979     0.078112    0.0323668     0.033358    0.0687971    0.0132169     0.120568    0.0380916  -0.00377846     0.103462    0.0817901    0.0350837     0.123176     0.103053    0.0563391   0.00322621    0.0266444    0.0867584     0.116585    0.0981137    0.0870919    0.0651071    0.0495534     0.110802    0.0451681     0.128351    0.0399339    0.0256118
   0.0451224     0.100723    0.0634619     0.102149    0.0623012    0.0175513    0.0404198    0.0740489     0.019575    0.0507437    0.0444565    0.0667466     0.118408    0.0741462    0.0601724    0.0891654      0.04535   0.00892607    0.0529986    0.0837623    0.0806125    0.0908441    0.0411848    0.0634275    0.0995566    0.0156771    0.0441602    0.0172855    0.0880081    0.0702358    0.0633566    0.0496264     0.114185    0.0655569    0.0687269    0.0783692    0.0967579    0.0743278    0.0459493    0.0373063     0.105113    0.0837998    0.0804644    0.0254203     0.122831    0.0838596    0.0985936    0.0764022
   0.0204309    0.0422911    0.0867696     0.063515    0.0328601     0.108505    0.0825171    0.0455381    0.0853871    0.0337271    0.0987794    0.0540322    0.0642929   0.00503318    0.0945387    0.0268418     0.142508    0.0248768  0.000741508     0.119382    0.0279532    0.0848979    0.0364377    0.0895331    0.0740146    0.0753174     0.110743    0.0420604   0.00528301   0.00525206    0.0748505    0.0980515    0.0740571    0.0830144    0.0756696    0.0392346    0.0124728     0.104776    0.0538689    0.0978211     0.107398    0.0330836   0.00915646    0.0088896     0.102128    0.0692747    0.0139897    0.0853522
    0.101855     0.105196    0.0533236     0.105715    0.0509172    0.0449091    0.0749541    0.0735715    0.0188672    0.0744928    0.0582052    0.0754672    0.0974912    0.0497492    0.0394777    0.0830427     0.115193    0.0665543    0.0951798    0.0933637     0.088234     0.101009    0.0509392    0.0989147    0.0157619    0.0290664     0.101334    0.0315325    0.0927115    0.0162043    0.0592833    0.0817767     0.096697     0.118376    0.0281799      0.11913    0.0390734    0.0752899    0.0573597    0.0990244    0.0474684     0.099142    0.0263754    0.0597592    0.0899465    0.0167868    0.0809331    0.0364892
    0.104017     0.117068      0.11358     0.107466       0.0311  0.000452558     0.106025    0.0142121     0.057811    0.0732871    0.0619719    0.0982453    0.0504103   0.00990218    0.0255658    0.0489209     0.013683    0.0642836     0.100867     0.100604     0.087743    0.0698824    0.0777524    0.0592525    0.0501303    0.0766399    0.0706623    0.0591278    0.0712568      0.05792      0.10314    0.0276827     0.109987    0.0179568    0.0014001    0.0461731    0.0327103    0.0809327    0.0943777    0.0522617   0.00849097    0.0663755    0.0802832    0.0647617     0.127756    0.0855606    0.0785573    0.0817636
   0.0407844     0.021859    0.0536427     0.126586    0.0772206    0.0607222    0.0489369    0.0230947    0.0416439     0.115989    0.0825986     0.100543    0.0482717    0.0901751    0.0335083    0.0201839    0.0881495    0.0525915     0.110374      0.10415    0.0939996     0.080842    0.0557418    0.0759023    0.0818939    0.0553114    0.0831758      0.11136    0.0409907    0.0760795     0.051084    0.0553303    0.0561489    0.0584041    0.0313734    0.0991948    0.0594206    0.0603647    0.0811297    0.0774719     0.127173    0.0584021    0.0362207    0.0954447    0.0947479    0.0660937    0.0981645    0.0973622
   0.0642014     0.096156    0.0922396    0.0301308     0.120755    0.0886916    0.0972919    0.0858344    0.0675414     0.106321    0.0326944    0.0503518     0.122787    0.0494597    0.0265551    0.0593739    0.0527823    0.0328689    0.0116742    0.0852271     0.108664    0.0656115    0.0798737    0.0734188    0.0373297    0.0498868    0.0670727    0.0675827    0.0524152    0.0662107    0.0129467    0.0854485    0.0558185    0.0366495   0.00728909     0.101563    0.0133999    0.0970808    0.0747452    0.0715913    0.0493036    0.0528677    0.0603789      0.07653     0.139528     0.131285    0.0361786    0.0572503
    0.100494    0.0568431    0.0908066    0.0667568    0.0165849    0.0141642     0.094359  -0.00428061   -0.0086974    0.0115701     0.113304    0.0648674     0.109964    0.0163639    0.0283516    0.0939127    0.0781678    0.0113547     0.044322    0.0440729  -0.00731554     0.050106    0.0473241    0.0487252    0.0217585     0.092253    0.0914241    0.0440711    0.0714788     0.044644    0.0536896    0.0483073    0.0410398     0.116591    0.0143346    0.0461976    0.0123276    0.0663628    0.0493262    0.0759645     0.068132  -0.00715726     0.116717   0.00260729    0.0905877    0.0423448    0.0570887    0.0981058
   0.0423661     0.129154     0.132577    0.0887968    0.0903972    0.0320399    0.0459664    0.0518046     0.078643    0.0602887    0.0436446    0.0343916    0.0491037    0.0573664    0.0679551    0.0828853    0.0508636     0.100333    0.0458335    0.0470635    0.0788943     0.109688     0.082869     0.104887    0.0733254    0.0987561    0.0725636    0.0491895    0.0411698    0.0914026    0.0248591    0.0982032    0.0644022    0.0221728    0.0978615    0.0158258    0.0134152     0.033592    0.0823578    0.0886698     0.103541    0.0317198    0.0342503    0.0975506     0.116645    0.0298129    0.0433693   0.00910133
    0.106923    0.0885877    0.0922201    0.0679097    0.0532804     0.107568    0.0188142    0.0777094    0.0927236    0.0361696    0.0690439    0.0513878    0.0913586    0.0226476    0.0265461     0.070822     0.103644    0.0914549    0.0592641    0.0331668     0.104106    0.0973257    0.0895463  -0.00154012    0.0351594   0.00149475    0.0651402   0.00956625    0.0114867    0.0140003     0.041713    0.0602686    0.0391313    0.0346544     0.101529   0.00404043    0.0513424     0.108876    0.0845545   0.00616144     0.109754     0.046073    0.0185576    0.0397693    0.0180219    0.0865702    0.0471398    0.0744688
   0.0745181     0.100915     0.121164    0.0858964     0.142534    0.0200546    0.0512313    0.0426505    0.0301641   0.00915457    0.0698853    0.0297002    0.0435446    0.0184737     0.033166    0.0255988    0.0634868    0.0266453    0.0182816    0.0221778    0.0932797     0.107136    0.0665336    0.0284526    0.0675907    0.0343787     0.125868    0.0961561    0.0247551    0.0381717    0.0199659    0.0116662    0.0605598    0.0894914     0.103261    0.0265085     0.120704    0.0902671     0.100437    0.0479988      0.06617    0.0409186    0.0767505    0.0983457    0.0532868     0.114297    0.0933834    0.0491018
    0.103242    0.0483615    0.0402436    0.0480361    0.0513021     0.036518    0.0396693    0.0448366   0.00342997    0.0999341    0.0787164    0.0810953    0.0437752  -0.00136835    0.0334013    0.0584244    0.0561914    0.0492068    0.0025237    0.0574755   0.00943832    0.0329086    0.0263787   -0.0132136     0.026723    0.0443739    0.0576146    0.0894018    0.0437877    0.0264791     0.044242     0.112097    0.0499834     0.110005    0.0120303     0.028037    0.0326425    0.0272773    0.0666676    0.0855187    0.0700197    0.0528828    0.0939019    0.0801634    0.0351986     0.102058    0.0727463    0.0156261
   0.0930322    0.0229427    0.0580666     0.125667     0.100109    0.0976532    0.0730672    0.0819888    0.0686997    0.0239213    0.0442564     0.119317    0.0768713     0.102394    0.0945976     0.102389     0.110697    0.0156629     0.105684    0.0395477    0.0353201    0.0700193    0.0510915    0.0767445    0.0939989    0.0830878     0.101695    0.0433849     0.025323    0.0754867    0.0427862    0.0914103    0.0715452    0.0537185    0.0496356     0.014627    0.0855387      0.11332     0.106927    0.0575734    0.0835258    0.0333271    0.0388297     0.069391      0.12939     0.106371    0.0904362      0.08448
   0.0800064    0.0200525    0.0361627    0.0313227    0.0630324    0.0151292    0.0622712    0.0267851    0.0245746    0.0168616    0.0448273    0.0455127    0.0630803    0.0900441    0.0697945    0.0698916    0.0627345    0.0152237    0.0651564    0.0213977    0.0189663    0.0656766   0.00680927    0.0812479    0.0141925    0.0971843     0.108485    0.0555126    0.0733144    0.0969007    0.0828284    0.0265216    0.0646936    0.0575398    0.0947073    0.0307869    0.0574675 -0.000314218    0.0721598    0.0664619 -0.000782599    0.0190693    0.0822806    0.0931291     0.136745     0.101562    0.0473057    0.0182109
   0.0403092     0.059819    0.0752243    0.0681538    0.0527048     0.107559    0.0751034    0.0132809    0.0309736   0.00916277    0.0334202    0.0647325    0.0879116    0.0858265    0.0334289    0.0506452    0.0795467     0.052469    0.0147552    0.0948843     0.058744    0.0718042    0.0545059    0.0574031    0.0906141    0.0907017    0.0964658    0.0251726    0.0027717    0.0967291    0.0188396    0.0911289     0.126611    0.0392864    0.0126492    0.0672856     0.105369    0.0727419     0.135552    0.0705842     0.086821    0.0591072    0.0699854     0.067821    0.0641652     0.102191    0.0742082    0.0436376
   0.0948708     0.024155    0.0878406     0.111525     0.130842    0.0475723    0.0654179    0.0704062      0.06887    0.0165612    0.0884866    0.0333017    0.0690027     0.035869     0.080616    0.0662487    0.0801555    0.0135835     0.096934    0.0922679    0.0158977    0.0583098    0.0390927   0.00202602    0.0274466    0.0878076    0.0802016    0.0607921     0.107056    0.0404414    0.0370359     0.103683    0.0566031    0.0261421    0.0359299   0.00666931     0.111017    0.0334862    0.0939957    0.0189259     0.108674    0.0851282    0.0689884     0.118387     0.121292    0.0739459    0.0548721    0.0830672
    0.113398     0.072251    0.0850731     0.119988    0.0956498    0.0440665    0.0922894    0.0427352    0.0175665    0.0395511    0.0391552    0.0834046    0.0481449    0.0270823    0.0826539    0.0811452    0.0517342    0.0283988       0.1189    0.0273316    0.0241748     0.116001     0.105014    0.0625517     0.120265    0.0739094    0.0395042    0.0785735    0.0343516    0.0356417     0.105315    0.0423596   0.00644197    0.0526083    0.0438879    0.0937714     0.103408    0.0693185    0.0766403    0.0980278    0.0211181    0.0755899    0.0480942    0.0754496    0.0696673    0.0934071     0.129564    0.0751783
    0.143295    0.0298042    0.0541861    0.0291227      0.10387     0.095427     0.133193    0.0817265    0.0683279    0.0339067    0.0531527    0.0720079    0.0340532    0.0647113    0.0476047    0.0368471     0.117095   0.00830083    0.0912399    0.0908144    0.0891497    0.0884175     0.102722    0.0669779    0.0849094     0.084421    0.0999082    0.0570572    0.0361168    0.0680729    0.0491557    0.0949309    0.0447315     0.088238     0.103653    0.0775056    0.0682416    0.0952423     0.131704    0.0899522    0.0733019    0.0340359    0.0166575     0.102384    0.0635098    0.0578592    0.0194807    0.0268709
   0.0897481    0.0950097    0.0662226    0.0910131     0.112348    0.0655566     0.131542    0.0638585    0.0465273    0.0860985    0.0792959    0.0413881      0.09896    0.0632908    0.0788595    0.0672039    0.0475765    0.0535328    0.0839802    0.0433269    0.0246539   0.00792042    0.0152878    0.0857926     0.109862     0.103136    0.0925453    0.0485821     0.112155    0.0425381      0.13107    0.0356712    0.0244566    0.0859774    0.0141856    0.0900907    0.0277949    -0.012063    0.0746186     0.064901    0.0235606     0.103589     0.068215     0.121419      0.12501     0.116624     0.115423     0.103869
     0.02369    0.0278972     0.101141     0.109175     0.113231    0.0502779      0.07348     0.013958    0.0643729    0.0125315     0.022274    0.0355047    0.0719055    0.0249842    0.0433847    0.0814992    0.0754048    0.0338948    0.0382517    0.0967807    0.0987504    0.0900505    0.0791322    0.0255606    0.0687623    0.0982137    0.0681365    0.0524738     0.057714    0.0799459    0.0528133    0.0983426     0.115333     0.034669   0.00289758    0.0423949    0.0558552    0.0957431    0.0640097     0.105123    0.0113578    0.0697648    0.0248077    0.0639526     0.120779     0.111095    0.0180152    0.0402738
   0.0810283    0.0873216    0.0520342    0.0514006    0.0672234  -0.00375308    0.0665151    0.0922079    0.0435328    0.0597876     0.115434    0.0756224     0.109215     0.087401    0.0315674    0.0521804    0.0487295    0.0524019    0.0294108    0.0988118    0.0807504    0.0998859    0.0499917    0.0426753     0.068431    0.0966965     0.100663    0.0862303    0.0214131    0.0704726    0.0712421    0.0432391     0.104461   0.00608865  -0.00215615    0.0566035     0.102566     0.107075    0.0686315    0.0488393     0.027031    0.0659477    0.0501527    0.0277219    0.0910392    0.0544877    0.0965091    0.0725638
   0.0334802    0.0996739    0.0376132    0.0240978     0.120506  3.23705e-05      0.10198      0.08442     0.109077    0.0264078    0.0538612    0.0367378     0.114029     0.054611    0.0546091    0.0914314    0.0807864    0.0757978     0.101121    0.0366444    0.0716331     0.078138    0.0274516     0.036101    0.0659706    0.0754454    0.0651296     0.072502     0.015687    0.0541819     0.103102    0.0907977     0.110572    0.0242536    0.0913765    0.0194757    0.0875522    0.0793558    0.0478483     0.096899    0.0848054    0.0837504    0.0222187    0.0509276    0.0859546    0.0902381     0.101096    0.0911804
   0.0667486    0.0442911    0.0321916    0.0792538    0.0538422    0.0552012    0.0377876    0.0287946    0.0267451    0.0172168    0.0385851    0.0475087    0.0616539   0.00514084    0.0212011     0.110171    0.0796435    0.0660884     0.101507    0.0709567    0.0177165    0.0676566    0.0140449   0.00663986    0.0279613    0.0946137    0.0241452     0.116977    0.0291451    0.0445374    0.0829331    0.0990041    0.0113288    0.0368687    0.0744927    0.0509367     0.108773     0.119065     0.102208    0.0658346    0.0261476     0.064381    0.0719703   0.00627333    0.0313247    0.0325739    0.0925913     0.118109
   0.0442392    0.0579983      0.12134    0.0567878     0.107692    0.0877496    0.0883312    0.0468795    0.0949933    0.0342083    0.0491121     0.101174    0.0148934    0.0153169     0.102849    0.0954202    0.0249701    0.0553191    0.0813631    0.0288038    0.0384079    0.0352491    0.0655705    0.0159519    0.0107773  -0.00642083    0.0936286    0.0775013     0.030669    0.0618863    0.0271289    0.0401654    0.0526309    0.0580281    0.0989556      0.11414    0.0761162    0.0706336    0.0740997    0.0871822    0.0314533     0.097995    0.0804495    0.0469991    0.0768696    0.0702761     0.106238     0.101844
   0.0304528    0.0782263     0.136092     0.090322     0.132144    0.0786578     0.100688     0.101141    0.0850062    0.0281214     0.060236    0.0722897    0.0425117    0.0735589     0.028295    0.0945237     0.109084    0.0429619    0.0730895     0.016505     0.101426    0.0682802    0.0743298    0.0202198    0.0116536     0.105278     0.112233    0.0429296    0.0493574    0.0320252    0.0953329    0.0156558    0.0766185     0.104219    0.0378477    0.0466794    0.0367528    0.0690488     0.103437    0.0898683    0.0873759    0.0422536    0.0609769     0.068774    0.0907335    0.0436118    0.0552386    0.0889483
   0.0107563     0.045206     0.122452     0.121055    0.0585346    0.0503687    0.0591044    0.0999442    0.0381166    0.0551051    0.0610141    0.0965392     0.020669    0.0975556    0.0299775    0.0188437     0.091763     0.110343      0.01438    0.0287442    0.0850699    0.0839044    0.0712196    0.0551225    0.0603161    0.0609447    0.0871025    0.0563904    0.0891498    0.0891135     0.101128    0.0271224    0.0128186     0.073088     0.101923    0.0631072    0.0311583     0.072843     0.114768    0.0540368    0.0412127    0.0573595    0.0528415     0.125193    0.0971371     0.115143    0.0664085   0.00700544
    0.139778    0.0521543     0.101711    0.0975823    0.0375429     0.128542    0.0667642    0.0260106     0.106123    0.0603144    0.0475036    0.0225911    0.0603029    0.0970768    0.0497273    0.0340354    0.0935704    0.0773827    0.0771981     0.103635    0.0335454    0.0788394    0.0367254    0.0126038     0.113131     0.052817     0.103566    0.0388257    0.0144428    0.0980761    0.0970786    0.0269003     0.031231    0.0431498    0.0985897    0.0654369    0.0546706     0.118996    0.0684556    0.0661971    0.0289226    0.0640522    0.0702282     0.130458    0.0368582    0.0367493    0.0956184    0.0696184
   0.0530249    0.0506669    0.0430283     0.131641     0.107599    0.0333643    0.0977651     0.073027     0.062339    0.0988718    0.0354573    0.0849509    0.0321837    0.0743475     0.106307    0.0961917    0.0764225    0.0811063    0.0567552    0.0760544    0.0508628    0.0628437    0.0528285    0.0147608    0.0994837    0.0324501    0.0191377    0.0749636    0.0176923    0.0666466    0.0633932    0.0790563     0.119333    0.0785948    0.0144285    0.0279206    0.0473004     0.102853     0.114413    0.0956637    0.0549602     0.050843    0.0174356    0.0845717     0.159497    0.0718794    0.0632263    0.0977861
   0.0843933    0.0789116    0.0670615    0.0705584    0.0897683    0.0435738    0.0688388     0.074679    0.0653687    0.0777719    0.0945278    0.0343454     0.115109    0.0644859    0.0422555     0.084107    0.0730444    0.0351507     0.133801    0.0924687     0.108293    0.0259004     0.101909     0.105956     0.110872    0.0565111    0.0889002    0.0935663    0.0899321    0.0795099     0.129695    0.0147531     0.021432    0.0120013    0.0310098    0.0402149    0.0724182    0.0844005    0.0435746    0.0367216    0.0339301    0.0349285    0.0931858    0.0871756    0.0224531    0.0334951     0.060306     0.077148
  0.00413022    0.0275797     0.130871     0.106043    0.0964945    0.0489062     0.039166   0.00370827    0.0457785    0.0876904    0.0469154     0.106774     0.038352    0.0309184     0.104671     0.023573    0.0281827    0.0631739    0.0159262     0.120247    0.0835045    0.0893698    0.0770953    0.0601826    0.0992076    0.0579249    0.0317793     0.117479    0.0994814     0.049338    0.0489063    0.0546047    0.0214983      0.09533    0.0159821    0.0226958    0.0887496      0.11702    0.0202522    0.0459801     0.114361    0.0347388    0.0901556    0.0768949    0.0839826    0.0723054    0.0962898    0.0606547
   0.0579134    0.0766473     0.109353    0.0920187     0.114292    0.0241026    0.0698643    0.0422251    0.0898179    0.0865109    0.0732479    0.0603726     0.110922   0.00474845    0.0966372    0.0976589     0.099872    0.0430561    0.0477506    0.0261096    0.0729329    0.0892602   0.00684839    0.0623751    0.0979963     0.104335    0.0202815    0.0981721    0.0355204    0.0283506    0.0622795    0.0172512     0.071323    0.0861164    0.0281904     0.100301    0.0366663   0.00517196     0.100401     0.106933    0.0998397     0.102302    0.0113296    0.0963411    0.0995374    0.0459464     0.108217     0.041339
 -0.124822  -0.105355  -0.138101  -0.117813  -0.143556   -0.11004  -0.123369  -0.161481  -0.108576  -0.142495  -0.140642  -0.144906  -0.146261 -0.0919698 -0.0880655 -0.0847484 -0.0934023   -0.09764  -0.105965  -0.143348  -0.106209   -0.12721  -0.158011 -0.0823159 -0.0893347   -0.11596  -0.111303  -0.160813  -0.175104 -0.0820681  -0.131737  -0.111058  -0.168508  -0.162313  -0.101862  -0.123957 -0.0777667 -0.0904499  -0.115613  -0.117572 -0.0974834  -0.116664
  -0.11968  -0.128645 -0.0659152 -0.0802002 -0.0988871  -0.146306  -0.110806  -0.181072  -0.152303 -0.0704041  -0.124195 -0.0115411  -0.121163  -0.100369   -0.15699 -0.0734255  -0.110782  -0.072217  -0.168813 -0.0720463 -0.0594764  -0.108769   -0.13248 -0.0964827 -0.0545938 -0.0693598  -0.123498  -0.183835 -0.0702398  -0.114861 -0.0471791 -0.0646289 -0.0948286  -0.164987 -0.0706298 -0.0714122 -0.0486902  -0.145799 -0.0996612  -0.128807  -0.125295 -0.0969563
-0.0875872   -0.15498    -0.1526  -0.137961   -0.16663  -0.165625 -0.0625513   -0.11937  -0.100762 -0.0952622  -0.117237 -0.0760484 -0.0879043 -0.0385519 -0.0852872  -0.104418  -0.111833  -0.152061 -0.0497283 -0.0867177  -0.101702 -0.0721381 -0.0960354 -0.0888413  -0.138437  -0.094749 -0.0736709  -0.118569 -0.0821374   -0.18757  -0.125187  -0.071779 -0.0771717 -0.0424285  -0.129218 -0.0930661  -0.113171  -0.136267  -0.120037   -0.16637 -0.0937471  -0.115986
-0.0656833   -0.11422  -0.120635  -0.161102 -0.0905146  -0.116274  -0.113207  -0.148265  -0.110543  -0.145545  -0.128518 -0.0616434  -0.125062 -0.0749441  -0.116362 -0.0919985  -0.104638  -0.129444 -0.0908038 -0.0718416   -0.13608  -0.158161 -0.0795154 -0.0864729  -0.115994  -0.116752  -0.152861 -0.0826598 -0.0624922  -0.157017  -0.106774  -0.099803  -0.139014  -0.136789 -0.0517116  -0.106217 -0.0719498 -0.0708603  -0.115028 -0.0972197  -0.155661  -0.123941
 -0.106911 -0.0941663  -0.115493  -0.106269 -0.0848612 -0.0746399 -0.0740198  -0.113098  -0.118645 -0.0935774 -0.0731462  -0.135894  -0.117387 -0.0446018 -0.0567251  -0.142192 -0.0556302  -0.138302 -0.0802048  -0.122544 -0.0942576  -0.163216 -0.0402464  -0.152668 -0.0904521  -0.125165  -0.127558  -0.126388  -0.146695 -0.0674814 -0.0986422  -0.144288 -0.0940832  -0.138902  -0.142236   -0.16565  -0.149925  -0.159717 -0.0892932  -0.159709 -0.0900769 -0.0690706
-0.0960367  -0.112897  -0.125701   -0.10224  -0.100349  -0.127846  -0.116921  -0.113246  -0.155816 -0.0972884  -0.111442  -0.156834  -0.109276  -0.104544 -0.0771969  -0.125763  -0.129787  -0.145392  -0.146705  -0.107466   -0.10821 -0.0746719 -0.0775486  -0.173143 -0.0871045  -0.124507 -0.0683573  -0.113379  -0.149502  -0.101559  -0.143571  -0.151964  -0.137663  -0.100204 -0.0964543   -0.10509  -0.137807 -0.0888821  -0.169946   -0.11675 -0.0902321  -0.102552
-0.0830042  -0.123645  -0.112674  -0.101332  -0.130732 -0.0987081 -0.0746949 -0.0822476  -0.157731 -0.0993393  -0.127458  -0.156467  -0.143126   -0.16729 -0.0879667  -0.132675  -0.142413 -0.0950589  -0.161594  -0.127134  -0.106092  -0.125551 -0.0812483   -0.14215 -0.0666941  -0.117624  -0.093338  -0.145897  -0.140635 -0.0631788 -0.0937911  -0.105493  -0.110481  -0.131906  -0.106359   -0.14717 -0.0590596 -0.0630844  -0.154331 -0.0769043  -0.123715 -0.0695422
-0.0646995  -0.153236 -0.0671926 -0.0679741 -0.0973855  -0.145013  -0.124321  -0.164765  -0.082455  -0.163721  -0.173594  -0.118886  -0.145841 -0.0456826  -0.119041  -0.107491 -0.0859752 -0.0875842 -0.0748428 -0.0482373 -0.0293359 -0.0648178  -0.072613  -0.130746  -0.109926  -0.130755  -0.071649 -0.0986442  -0.129239  -0.148031 -0.0671152  -0.150496  -0.164684 -0.0958092 -0.0824707 -0.0512745  -0.067189 -0.0453556   -0.14527  -0.154779  -0.136885  -0.151261
 -0.142437  -0.119027  -0.110573  -0.078777  -0.150727  -0.148564 -0.0720918  -0.141015  -0.104779 -0.0632197  -0.151922 -0.0675603 -0.0908784  -0.124232 -0.0820359 -0.0769907  -0.149869      -0.13   -0.10852  -0.117655   -0.10366  -0.122433 -0.0700085  -0.142026  -0.165989  -0.137695  -0.144563  -0.152795  -0.141214  -0.171166  -0.116073 -0.0916773 -0.0724099 -0.0803661  -0.160431 -0.0693169 -0.0590905  -0.150109  -0.128782   -0.15956 -0.0788903 -0.0623076
 -0.137582  -0.136095 -0.0652969 -0.0694094  -0.152357  -0.118135  -0.116276 -0.0686248  -0.139135  -0.162216  -0.164928   -0.11578  -0.143125  -0.153907 -0.0875028 -0.0915495  -0.147312  -0.131672  -0.141874 -0.0369637 -0.0689942   -0.14356  -0.127349 -0.0802674 -0.0822921 -0.0859467    -0.1144  -0.155189  -0.109097  -0.094484  -0.113915 -0.0819861  -0.107814  -0.119617  -0.113984  -0.148694 -0.0526639  -0.156947  -0.104807 -0.0759539 -0.0874665 -0.0848263
-0.0828686  -0.121745  -0.152091  -0.158358 -0.0922924  -0.121752 -0.0530682  -0.117261 -0.0723195  -0.135883    -0.1148  -0.116333 -0.0873207 -0.0808128  -0.090753   -0.15266 -0.0964378  -0.151827  -0.134081  -0.144463 -0.0789008   -0.13127  -0.125941  -0.155397 -0.0617418  -0.069149  -0.156489  -0.155501  -0.151783  -0.115399  -0.127844  -0.148597 -0.0918092 -0.0763969 -0.0559505  -0.145381  -0.161605  -0.110066 -0.0995154  -0.107119  -0.143871  -0.112412
-0.0777405 -0.0871758  -0.127504  -0.149684  -0.102735  -0.124491  -0.166527  -0.112363  -0.129883  -0.148545  -0.170356  -0.135451   -0.14718  -0.116739  -0.157686  -0.141703  -0.124224   -0.10361  -0.102101   -0.13929  -0.105512 -0.0821515  -0.158757  -0.147479 -0.0746775  -0.106816  -0.140296  -0.146591  -0.148028  -0.158748  -0.135878 -0.0822543 -0.0833591  -0.110397 -0.0923929 -0.0822095 -0.0758044   -0.10282  -0.123336 -0.0913376  -0.125622 -0.0883398
  -0.15027  -0.134153  -0.118062 -0.0781194 -0.0881808 -0.0926132  -0.113837  -0.141876  -0.141954   -0.11526   -0.10545  -0.115051 -0.0545434  -0.154032  -0.087254  -0.073251 -0.0945789 -0.0678304  -0.116867 -0.0767789  -0.142142 -0.0841335  -0.070974  -0.133975  -0.102483  -0.146667 -0.0703075 -0.0562036  -0.142935  -0.084623  -0.071455  -0.123994 -0.0695776  -0.111993  -0.158165  -0.151414  -0.137073  -0.134207 -0.0648252  -0.124042  -0.150768  -0.100854
 -0.150858 -0.0670166 -0.0850608  -0.137884  -0.124353  -0.113531  -0.132002  -0.110136  -0.109875  -0.146347  -0.146646 -0.0786001  -0.158311 -0.0898328  -0.108549  -0.107485  -0.105223  -0.142791  -0.149921 -0.0734256  -0.141768  -0.098062 -0.0866486  -0.159666  -0.108159  -0.131631  -0.116205 -0.0677293   -0.15845  -0.115241  -0.119332  -0.146679   -0.13111  -0.128999 -0.0818342  -0.148147  -0.134127 -0.0943246  -0.126952 -0.0767948  -0.104149  -0.102304
 -0.126425  -0.114285   -0.13913 -0.0835169 -0.0945816  -0.133602 -0.0961911   -0.10537  -0.137264  -0.118814  -0.100747 -0.0884597  -0.078813 -0.0958894  -0.178125 -0.0967133  -0.146818  -0.109405  -0.116968  -0.115924  -0.123159  -0.119582  -0.147686  -0.137392  -0.103712   -0.15387 -0.0783645  -0.151038 -0.0883955   -0.11623  -0.131102    -0.1759  -0.147342  -0.168121 -0.0816792 -0.0854656   -0.16819  -0.135034 -0.0798698  -0.104833 -0.0913859 -0.0937114
 -0.119167  -0.140814  -0.132993 -0.0620245  -0.106764  -0.122098 -0.0911279 -0.0785101 -0.0780351  -0.100475   -0.11483  -0.157166  -0.070316  -0.110842  -0.127391  -0.107325  -0.140848  -0.152351  -0.138028 -0.0826652 -0.0790367 -0.0858263 -0.0676815  -0.112999  -0.163293  -0.121778  -0.116523 -0.0601195  -0.135268  -0.121614 -0.0606781  -0.114775  -0.147372 -0.0667801  -0.147002  -0.137761  -0.133219  -0.094278  -0.134436 -0.0453407  -0.120627  -0.157643
  -0.11176  -0.144264  -0.164379  -0.140172  -0.119615  -0.165517  -0.102284 -0.0672532  -0.144807 -0.0754037  -0.152394  -0.110751  -0.147189  -0.160471  -0.120382  -0.112167  -0.106546  -0.139828 -0.0699204 -0.0764783  -0.103209  -0.143435  -0.123566  -0.154051  -0.107986   -0.12784 -0.0811831  -0.101243    -0.0763  -0.124407 -0.0731328 -0.0677043  -0.133622  -0.132288 -0.0775285 -0.0793871  -0.117954  -0.129954  -0.145097  -0.147946 -0.0734984  -0.123432
-0.0924669  -0.113123  -0.094903  -0.133287  -0.134103  -0.144759  -0.158071 -0.0495518 -0.0616087 -0.0918325  -0.138952   -0.15256 -0.0661922  -0.108125 -0.0669974  -0.113179  -0.139245 -0.0780097 -0.0857231  -0.133854  -0.127051  -0.156483  -0.123607 -0.0874332  -0.117679 -0.0687362   -0.17007   -0.13307  -0.112297  -0.117482  -0.138205 -0.0743844  -0.155502 -0.0861495 -0.0688066  -0.159247 -0.0941681  -0.081751  -0.146167  -0.110295 -0.0880726  -0.151404
-0.0868531  -0.128411 -0.0640463  -0.122009  -0.140301  -0.144551 -0.0636623 -0.0950702 -0.0667898  -0.153309  -0.120776  -0.107552 -0.0798686  -0.124546  -0.114169  -0.126752 -0.0603402 -0.0544375  -0.122063 -0.0922591  -0.157692  -0.121971 -0.0166333 -0.0999612 -0.0883468  -0.118798  -0.153853  -0.074108  -0.181049   -0.13424  -0.076782  -0.155165  -0.149276  -0.051197 -0.0471418 -0.0736188  -0.112972  -0.166951 -0.0620647  -0.171498  -0.102371 -0.0280151
-0.0442004 -0.0628313  -0.166427  -0.100588 -0.0574827  -0.133434 -0.0564013  -0.145364  -0.114283  -0.165462  -0.139345   -0.13135   -0.11075 -0.0446304  -0.164069  -0.149798 -0.0584302  -0.125845 -0.0789989  -0.139824  -0.079481 -0.0723091  -0.122305 -0.0620516 -0.0941226  -0.125053 -0.0480872  -0.151184  -0.101906  -0.152614  -0.131074  -0.160785  -0.127563 -0.0807158 -0.0512739  -0.136556 -0.0596167   -0.12231 -0.0702392  -0.148336  -0.038893  -0.147534
-0.0717088 -0.0715904  -0.083355  -0.101209  -0.136065  -0.150866  -0.118652  -0.143143  -0.127969  -0.121796  -0.112784 -0.0957151  -0.115782  -0.152894  -0.145525  -0.166053   -0.15557  -0.127145 -0.0559874  -0.155945 -0.0672463  -0.111018  -0.136366  -0.106825 -0.0662992  -0.129116 -0.0675057 -0.0689973 -0.0675055 -0.0878467  -0.147426  -0.115353   -0.10201 -0.0569777 -0.0721676 -0.0904196  -0.114974  -0.127235  -0.128178 -0.0743436  -0.121662  -0.152553
 -0.138018  -0.132874 -0.0921646  -0.135646 -0.0892313 -0.0813998  -0.103563  -0.148281  -0.166646 -0.0360268  -0.109433 -0.0628341  -0.121315   -0.15617  -0.160644 -0.0470205 -0.0660358  -0.149638  -0.050313  -0.163661  -0.111661  -0.144784 -0.0329567 -0.0472892 -0.0274492  -0.110115 -0.0783847 -0.0999465  -0.147246  -0.053861  -0.135831  -0.109181 -0.0934919 -0.0313658  -0.136348  -0.138379  -0.163269 -0.0971214  -0.137921 -0.0631933  -0.151853  -0.112378
-0.0679287  -0.150991  -0.126412  -0.152263 -0.0704736   -0.12557 -0.0632004  -0.129902  -0.048512  -0.148968  -0.146639 -0.0830127  -0.116993  -0.144909 -0.0965775  -0.111538 -0.0698939 -0.0799191 -0.0894336  -0.123208  -0.111526  -0.112181 -0.0767927  -0.149988  -0.145693  -0.171905 -0.0952769  -0.126234  -0.130638  -0.121569  -0.156767 -0.0934567  -0.104276 -0.0613981  -0.148478  -0.113171 -0.0893034   -0.13646  -0.154201 -0.0472873  -0.140893  -0.109779
-0.0580563  -0.151699  -0.169049   -0.11291  -0.110511 -0.0648369 -0.0661126 -0.0863577  -0.120389 -0.0699314   -0.09933  -0.118375 -0.0789406   -0.13628  -0.145606  -0.142882  -0.153196 -0.0993403 -0.0859984  -0.129362  -0.110863 -0.0626526  -0.144876  -0.113843  -0.133026  -0.120966  -0.101861  -0.081785 -0.0857691  -0.121403  -0.120537 -0.0779428 -0.0832569    -0.1423  -0.153192  -0.123736  -0.112236 -0.0929828  -0.166293 -0.0570284  -0.146901  -0.159063
 -0.162918 -0.0578287  -0.085348  -0.107136 -0.0888982 -0.0903141  -0.144978 -0.0813157   -0.17204 -0.0946306  -0.147708  -0.096067  -0.146329  -0.118827  -0.135309  -0.103885   -0.10261  -0.102465  -0.140919 -0.0730442  -0.162235  -0.127508  -0.151897  -0.155407  -0.062845 -0.0747167  -0.105119 -0.0964491  -0.144076  -0.153899  -0.149658 -0.0887771  -0.109516 -0.0823056  -0.144262  -0.160087 -0.0738142  -0.156997  -0.099851 -0.0837847 -0.0787051 -0.0891995
 -0.100319  -0.128024  -0.139253 -0.0703955 -0.0544812  -0.109805   -0.14031  -0.149796  -0.134592  -0.137016  -0.153682  -0.143496  -0.126081   -0.12963  -0.100916 -0.0530667   -0.14296 -0.0924554 -0.0476222  -0.124408  -0.162987 -0.0708491 -0.0736793   -0.14168  -0.094855  -0.161544  -0.153758  -0.113607 -0.0859364 -0.0587312  -0.140708  -0.111485  -0.121435 -0.0874736  -0.150308 -0.0601902  -0.108289  -0.114754  -0.164891 -0.0573004 -0.0559056  -0.160624
 -0.103625  -0.124513  -0.059699  -0.124484  -0.157665 -0.0997867  -0.110858  -0.165795  -0.174114  -0.136682  -0.139311  -0.115847 -0.0975084 -0.0926177  -0.126294 -0.0945197  -0.162875  -0.153682 -0.0867056  -0.104449 -0.0695505 -0.0741635  -0.114146  -0.118623 -0.0861368  -0.117106  -0.118804 -0.0798377  -0.125986  -0.109761  -0.110052  -0.112634  -0.080161  -0.130731  -0.160499 -0.0923061   -0.10489  -0.128237  -0.129174 -0.0922526  -0.121868   -0.15021
 -0.152601 -0.0923785 -0.0952354 -0.0992102  -0.107199 -0.0734924 -0.0747217  -0.134562 -0.0859816  -0.102332  -0.131559  -0.145586  -0.160347   -0.12561  -0.148425 -0.0787878  -0.161315  -0.148349 -0.0746964 -0.0777022  -0.147627  -0.112337   -0.14517  -0.135203 -0.0943073  -0.117096   -0.11714  -0.105053  -0.141044 -0.0691585  -0.124172 -0.0757335  -0.104526  -0.147108  -0.112422  -0.123803 -0.0988723   -0.16846  -0.143201  -0.144785 -0.0816414  -0.121906
 -0.164315  -0.122254 -0.0930755 -0.0780107  -0.167902  -0.120652  -0.137206  -0.107267   -0.15243   -0.14713  -0.137818  -0.143749 -0.0687166 -0.0718653 -0.0874127 -0.0600521  -0.135809 -0.0659529  -0.120763  -0.122848 -0.0861109 -0.0625016  -0.142923  -0.165078 -0.0810936 -0.0897551 -0.0660934 -0.0856826  -0.144474  -0.147262 -0.0848767 -0.0600951   -0.14012  -0.144801  -0.133929  -0.139812   -0.13681 -0.0939282  -0.105071  -0.140229 -0.0788423  -0.138695
 -0.171123 -0.0754837  -0.103619 -0.0955234 -0.0808732  -0.102991  -0.147944 -0.0793109  -0.100103 -0.0733079  -0.117681 -0.0768549  -0.118341 -0.0995097   -0.12058 -0.0991916  -0.138367  -0.122997  -0.168391  -0.115239  -0.109173  -0.184622  -0.138294 -0.0813919  -0.122695 -0.0711958   -0.17332  -0.103651  -0.143549 -0.0754819  -0.115596 -0.0845948 -0.0906084 -0.0657809 -0.0829861  -0.174751 -0.0968581  -0.116679 -0.0786325  -0.155972  -0.104747 -0.0820253
  -0.11739 -0.0794014  -0.153394 -0.0988656   -0.13416  -0.166941  -0.119399  -0.146117  -0.110581 -0.0669754   -0.17908 -0.0829865   -0.11549 -0.0787373  -0.115157  -0.137531 -0.0746807  -0.100113 -0.0697331  -0.115054  -0.141675  -0.144584 -0.0894696  -0.119845 -0.0606215  -0.118238  -0.150539   -0.16446   -0.13343 -0.0705194 -0.0995336 -0.0799672  -0.127522  -0.064979  -0.120753  -0.162552  -0.102515 -0.0750569 -0.0778668  -0.162554  -0.125016 -0.0964425
-0.0988556   -0.18137  -0.148866  -0.103798  -0.108259 -0.0873256  -0.148474 -0.0777778   -0.11899  -0.112854 -0.0883504 -0.0842782  -0.178262 -0.0609694  -0.107467 -0.0873889   -0.16325 -0.0580062 -0.0578695  -0.123657 -0.0779177  -0.133772  -0.038212  -0.162156 -0.0466587 -0.0721123 -0.0769785  -0.168586 -0.0589989  -0.157291 -0.0798861 -0.0979508 -0.0835692 -0.0514425   -0.17534  -0.149375  -0.166997  -0.122728 -0.0673831  -0.120974 -0.0873233 -0.0977794
-0.0847751  -0.142496 -0.0810794  -0.138302  -0.093664  -0.159196  -0.114925  -0.158856  -0.129628 -0.0809666  -0.154396 -0.0727262 -0.0842257  -0.114667  -0.128313  -0.134607  -0.167152  -0.175725 -0.0670226 -0.0846393 -0.0696796 -0.0750742 -0.0794292  -0.109957 -0.0809004 -0.0823022 -0.0605314  -0.138856  -0.145615  -0.139619  -0.101298 -0.0931633  -0.132164  -0.135472  -0.125396  -0.110866 -0.0755568  -0.100176  -0.139582 -0.0954319  -0.168594  -0.113426
-0.0277365  -0.140099 -0.0229424  -0.159621 -0.0477789 -0.0493808 -0.0616543 -0.0834126 -0.0671682 -0.0692616  -0.108065 -0.0839495  -0.120532 -0.0505345 -0.0757183  -0.112759 -0.0981293  -0.113559 -0.0345283  -0.141471 -0.0550039  -0.139262 -0.0537959  -0.157923  -0.140974  -0.136612  -0.154476  -0.171181  -0.166033  -0.194684  -0.115989 -0.0749007  -0.108608 -0.0517024  -0.135225  -0.107872  -0.164825  -0.128313  -0.122355 -0.0945487 -0.0614696  -0.137416
 -0.108514 -0.0967984  -0.078239  -0.158161 -0.0395468  -0.118683  -0.170344  -0.112934  -0.117284  -0.161625  -0.120735 -0.0788143  -0.115977 -0.0379526 -0.0635116 -0.0810959  -0.120086  -0.119317 -0.0980128 -0.0887923  -0.156286 -0.0930127 -0.0757117  -0.132912  -0.071484  -0.101654 -0.0883188   -0.13951 -0.0603589  -0.069423 -0.0681222 -0.0371559  -0.125321  -0.119646  -0.163418  -0.114546  -0.156711  -0.127968  -0.104666  -0.141929  -0.167564 -0.0632453
-0.0897426   -0.11715   -0.14859  -0.142532  -0.156868  -0.134854 -0.0690379  -0.113967 -0.0865294  -0.104501  -0.132603   -0.12482  -0.121373 -0.0981557   -0.11952  -0.154325  -0.162675 -0.0932695  -0.068826  -0.118586 -0.0628694  -0.123901 -0.0547497 -0.0910573 -0.0596164  -0.127696  -0.113914  -0.073211 -0.0716485  -0.133784 -0.0660561  -0.151969  -0.163634 -0.0637253  -0.118158  -0.116375  -0.152739  -0.129212 -0.0942479  -0.143472  -0.128149  -0.125894
