no weights
   0.0213855    -0.133467    0.0474276    0.0296857     0.170424    0.0805331    -0.239619     0.113369    0.0365329     0.141807     0.286402    -0.119329    -0.133238     0.126191     0.117008     0.109734     0.286014   -0.0228109    -0.221372     0.114206    -0.045316    0.0492595     0.287606    -0.230628    -0.203863     0.117642     0.269023     0.340399     0.221103    -0.226436    -0.152228     0.161943     0.231026     0.215836     0.138652    -0.167128     -0.18551     0.391323      0.11708    0.0942232     0.379021    -0.177005     0.138993    -0.314495    -0.160295    -0.110366    -0.214334    0.0457848
  -0.0618729  -0.00547346   -0.0477071    0.0226129    0.0837238     0.179098   -0.0189059  -0.00240172   -0.0434829    0.0434148   -0.0217061     0.180873    0.0657477    0.0233211    -0.033699     0.100686    -0.212363     0.215574     0.188162    0.0322076   0.00129818    -0.240831     0.276632     0.176337     0.151291   -0.0172977    -0.229745   -0.0426862     0.105338     0.278163     0.239194    -0.267471    -0.052397   -0.0738732      0.12289      0.22958    0.0714134   -0.0389024    -0.212818    0.0151939     0.102153     0.215037     0.114859   -0.0186468    0.0516227     0.173677     0.197813     0.152757
   -0.022648   -0.0585761    0.0052052    -0.123774    -0.147516    -0.129645    -0.186159     0.175213     0.137736     0.113628    -0.276501   -0.0384634     0.123239    0.0148349     0.184693       0.1651    -0.335145     0.302557    -0.060539     0.188548    0.0219013   -0.0663841   -0.0559104     0.118442   -0.0755687    0.0521242     0.288432       0.1517    -0.236118    0.0905566   -0.0543403    -0.100602     0.303809     0.270762    -0.201096   -0.0167621    -0.173242    0.0945478    0.0583048     0.068813   -0.0348773    0.0691436     0.109512     0.186216   -0.0140455    0.0199268   -0.0907558     0.240399
   0.0343663      0.16671     0.284217     0.198674     0.170991     0.202196   -0.0719283    0.0865433    0.0959164  -0.00593152     -0.21033     0.314655    -0.129406   -0.0159975   0.00316253    0.0552329   -0.0859185    0.0651829     0.114178     -0.11522     0.168116  -0.00639438   -0.0637703     0.158076    0.0951245   -0.0741234    0.0135369    -0.113192    0.0773976    0.0456177    0.0696992   -0.0154263     -0.18435   -0.0924993    0.0108775    0.0762692    0.0622882   -0.0344598    -0.161771    0.0239495    -0.122362     0.111764   -0.0447119     0.288512    0.0375551     0.215008     0.145529   -0.0823773
    0.222168    -0.263461    -0.263252    -0.269895     0.115964     0.066403   -0.0699218    0.0900798      0.08292    0.0595153     0.122853    -0.101035     0.220741    0.0912001      0.13755    0.0162562    0.0382065    0.0232628     0.130348     0.236273   -0.0129348     -0.33095     0.249866   -0.0386738     0.104954     0.176341   -0.0905164     0.223639     0.223998   -0.0491926     0.156117    -0.215561      0.33125    0.0523264     0.191904   -0.0277228    -0.172703    0.0412437   -0.0568824    -0.242987    0.0930871   -0.0699079     0.249152   -0.0817802    0.0763036    0.0465367  -0.00969544      0.22324
    0.122461   -0.0311117    -0.279064    -0.138195     0.121534   -0.0538783    0.0868971    -0.102442   -0.0174708   -0.0113273    0.0801222    0.0333506     0.360844    0.0226823  -0.00183003   -0.0692237   0.00551307     0.207617     0.102954     0.294101   -0.0842312    -0.196508     0.204826     0.111838      0.15753     0.153386    -0.135489     0.207685    0.0808828    0.0376644     0.240277    -0.108132     0.138867     0.144062     0.139026     0.145431    0.0348279   -0.0377858   -0.0462618    -0.149779     0.140823    0.0896936     0.259185    -0.119056   -0.0276934    -0.103539     0.140013     0.151278
   -0.403898    0.0963951     0.295485     0.194663   -0.0372586   -0.0892303    -0.274243     0.112675     0.141379      0.18447   -0.0117078    -0.126679    -0.218491    0.0280163     0.136604    0.0344102   -0.0468371   -0.0196361   -0.0278255    -0.121958     0.146587    -0.193537      0.24546   -0.0606529   -0.0668848    -0.175642      0.30668    0.0494188     0.279768    -0.157891   -0.0666261    0.0525052     0.112772     0.258666      0.28867    -0.106005    0.0238291     0.264398    -0.117962     0.170232     0.484006    -0.121612     0.185695    -0.136519    -0.142254     0.133942     0.122413     0.105045
   0.0852522    0.0610107    -0.227898      0.03663     0.154867    0.0591913     0.184012     -0.14076    -0.172182    0.0331151    0.0801685     0.011835     0.293037     0.119903    -0.215818    0.0978976  -0.00460268     0.208733    0.0639397     0.297407    -0.052844      0.23105     0.225602     0.161715    0.0476178     0.114226    -0.249716     0.224397    0.0318629     0.204877    0.0766393   -0.0143535    -0.087507     0.201679     0.050174      0.15076    0.0793517     -0.08517   -0.0929754      0.12125  -0.00978897     0.221835     0.126143    -0.255377   -0.0025761    -0.141249    0.0918231     0.109207
    0.105433    0.0440249   -0.0485552     0.130099     0.165794      0.22504   -0.0047116   -0.0403394    -0.130631     0.126754     0.159856     0.072759   -0.0175201    0.0792198   -0.0396348    0.0708306     0.274978     0.101272    -0.125068     0.242084    0.0175122     0.254224     0.300488    0.0309425   -0.0833156     0.104098     0.065819     0.214707     0.103789    0.0392531    -0.025626     0.236347    0.0697919     0.161896    0.0951594    0.0964191   -0.0227021     0.251153    -0.078823    0.0659996     0.273083    0.0790586     0.124388    -0.299482    -0.348361    -0.373323    -0.183901    0.0938445
  -0.0528371   -0.0524839    -0.186723    -0.327542    -0.433537   -0.0895798    0.0355524     0.187802     0.168573   -0.0240907    -0.142317     -0.19661      0.23115    0.0564673     0.201206   -0.0134252    -0.336903     0.147808      0.26062    0.0818167     0.151103    -0.358023     0.140805    0.0644494     0.324174    -0.146529     0.147362    -0.108496   -0.0654911     0.099244     0.312096    -0.101741     0.288279   -0.0294385     -0.10274     0.167259     0.233107   -0.0292789    0.0216153    -0.149477     0.057059     0.138692     0.345904     0.223563    -0.101637    0.0945357     0.162515     0.377097
  -0.0283304   -0.0160882   -0.0822739  -0.00314816    0.0632545   -0.0681247     0.114606   -0.0109098    0.0275913     0.125466     0.156507    -0.190268    0.0982373    0.0631823     0.117911     0.107321     0.030722    0.0204893     0.146199     0.150195    0.0833933    0.0248289     0.147855   -0.0419698     0.156605    0.0551384    0.0305814     0.126323    0.0763578   -0.0289001     0.183639    0.0313217     0.105448     0.215946    0.0893376    0.0320284     0.181443    -0.069456     0.136854    0.0927788      0.13991    0.0136676     0.199397    -0.106247    0.0721443     0.084166    0.0901962     0.136937
  -0.0944835    -0.115818    0.0344222    -0.196629    -0.287385    -0.238371    -0.016142     0.192612     0.226487   -0.0170796     0.044078    -0.234221   -0.0409778   -0.0643079     0.177408    0.0452143   -0.0654198    0.0701528    -0.114878   -0.0273535    0.0530461   -0.0863818    -0.141468   -0.0653319    -0.107204   -0.0402826     0.283806    0.0207827    -0.180852 -0.000807453   -0.0757592   -0.0443493     0.364849     0.102421    -0.071161    -0.150627    -0.110502     0.121552     0.388411     0.171236     0.128506   -0.0825851   0.00339579     0.155826    0.0730255     0.173316   -0.0825387     0.065529
   -0.111258     0.104059    0.0543456     0.133675   -0.0324201   -0.0100339    0.0494972    0.0303937   -0.0347075    0.0852339   -0.0185846    0.0225934     0.107281    0.0874154    0.0343185     0.119879    -0.125034    0.0264499     0.164466    0.0119331     0.116917    -0.050561     0.173209    0.0747338     0.227501    -0.147867   -0.0860878    -0.115493     0.130013     0.126303      0.19638    -0.123948    0.0602932   -0.0119904     0.130325     0.141187     0.252276    0.0203664    -0.100529    0.0925967     0.192959     0.115014     0.164018   -0.0575394    0.0197169     0.143743     0.207303     0.139334
   -0.134982   -0.0255152     0.108175  -0.00193878   -0.0279379    0.0557444    -0.164362    0.0791117     0.115427  -0.00673782     0.262513    0.0408629    -0.143397     -0.11071     0.110695   -0.0729751     0.412123   0.00100105    -0.427207     0.298325   -0.0818963     0.180562    0.0143377   -0.0247443    -0.333377     0.141663     0.330304     0.131605   -0.0239955    -0.184381    -0.341427     0.307275     0.336264      0.22886     0.087583    -0.127238    -0.371286     0.407892     0.273031     0.080338     0.282358    -0.142513    -0.174776    -0.177426    0.0112214    -0.133095    -0.347493    0.0115606
   0.0718892     0.237172    -0.059156     0.148058     0.121718    0.0209871    0.0891038   -0.0692441    -0.120845    0.0965703    0.0501222      0.11272     0.113968    0.0177655   -0.0994129    0.0561159     0.165186     0.187024  -0.00627803     0.281341 -0.000322444     0.293737    0.0625965     0.175175   -0.0638921     0.094967    0.0749939     0.109379    0.0249594     0.101735   -0.0169367     0.209751    0.0538099     0.199791     -0.02881     0.224217   -0.0125647     0.101553   0.00938103     0.152923    0.0515101     0.165457   -0.0547244    -0.142703    -0.181073    -0.325881  -0.00937014   -0.0431368
    0.152716     0.235942     0.130771    0.0587608   -0.0944608    -0.155105     0.201729    0.0600692     0.103027   -0.0332899    -0.200774    0.0630513     0.131213    -0.102737   -0.0524266   -0.0365042    -0.194545     0.114005     0.123851     0.105726     0.149886     0.120796    -0.177207     0.120639    0.0233819     0.126916     0.111643    0.0118618    -0.150621    0.0670532    0.0893404     -0.04713     0.110647   -0.0969279    -0.230673   -0.0275436    0.0606386   -0.0374537     0.199486     0.051113    -0.219959    0.0233018    0.0518092     0.236789     0.180511    0.0868684    0.0422368    0.0796915
   -0.089901  -0.00797525    0.0820051     0.195318    0.0977466    0.0674996    -0.088396  -0.00462156   0.00126597     0.206836    0.0142346     0.139817    -0.050168    0.0431106  -0.00157323     0.035908    0.0544161    0.0693609    0.0936177    0.0265806    0.0203415    -0.010525    0.0792602    0.0745723    0.0894008   -0.0463699    0.0242352    0.0689615    0.0990537    0.0537577    0.0616263    0.0160651    0.0315264    0.0972076     0.101455     0.113218    0.0158113     0.109944   -0.0799052    0.0960605     0.191252    0.0485049    0.0310967     0.096264     0.112347     0.170171      0.23337     0.100896
   0.0277262    0.0435086     0.151318     0.018407     0.194928    0.0752762   -0.0546945     0.164334     0.145639     0.129931    -0.159118    0.0948375    0.0485168   -0.0154866    0.0199694    0.0607933   -0.0356506    0.0127291    -0.110423     0.106695     0.186051     0.149432    -0.076624    0.0737404     -0.12268     0.110152    0.0382247     0.139797   -0.0455919    0.0331221    -0.153765    0.0404029    0.0441847    0.0612064   -0.0973615    0.0347174    -0.189115   -0.0264675    0.0678101   0.00998676    -0.197359    0.0395969   -0.0703205     0.179124     0.327225     0.232342    0.0532243   -0.0595379
    0.238711  -0.00104148    -0.190588   -0.0471499   -0.0812806   -0.0429283      0.15451    -0.205532    -0.243848   -0.0362108     0.360239   -0.0660084     0.200691    0.0446956    -0.126334     0.108239      0.28354   -0.0288839   -0.0314587      0.14968    -0.276632    0.0984796       0.1676   -0.0884965   -0.0513749      0.16334    0.0896489     0.189736    0.0992044    -0.112032   -0.0132806     0.187443   -0.0342448     0.238596    0.0205275    -0.125507   0.00688303     0.274754     0.013535    0.0887664     0.295006    -0.177338     0.374066    -0.388153    -0.253024    -0.348257    -0.154689     0.363108
   -0.142079     0.428555     0.513412     0.390584      0.32602   -0.0484258   -0.0565735     0.118858     0.143628    0.0740959   -0.0247705    0.0896654    -0.221154   -0.0479115     0.053242    0.0550856    0.0929924   -0.0103169    -0.131237   -0.0722437     0.151494     0.265178    -0.125003     0.118499    -0.116121     0.119251     0.129663   -0.0588694   0.00537348    0.0516249    -0.149469     0.170286    0.0260555   -0.0739049    0.0732683   -0.0641152    -0.133844   0.00795176     0.229663     0.203629   2.6945e-05   -0.0643648    -0.339248     0.161832     0.124187    0.0188841   -0.0701317    -0.378648
  -0.0120718     0.148167     0.153188    0.0235575    -0.117252      0.24382    -0.219282     0.176201     0.174529    -0.113409    0.0694807    0.0847336   -0.0788248    0.0337825     0.144701   -0.0597306      0.20136    0.0492969    -0.123615    0.0656646     0.254496    0.0396104     0.321973     -0.14366    -0.162429    -0.159014     0.359062    -0.206767    0.0233554   -0.0521535    -0.166337     0.181133     0.158559   -0.0432805     0.184499   -0.0915324   -0.0903584     0.385209     0.109632    -0.107126     0.279745   -0.0381406    0.0416884    0.0518928    -0.288408    -0.106128    -0.316659      0.12053
  -0.0778579       0.3351     0.415266     0.356218     0.363434    -0.138145   -0.0114821    0.0720733    0.0525749   -0.0229984    0.0633107   -0.0142041    -0.126089  -0.00277163   -0.0350561   -0.0406891      0.18162    -0.178515    -0.077516    -0.110205     0.150433     0.186389   -0.0339744    -0.123769   -0.0896341    0.0435119     0.222854    0.0795992    0.0922245    -0.170372    -0.157321    0.0360025   0.00830045   -0.0185535     0.141357    -0.220367    0.0845529     0.137743     0.155052    0.0789922    0.0825598    -0.150206   -0.0668382     0.103887    0.0115841      0.11437    0.0164378    -0.191824
    0.129821    -0.101128    -0.080429   -0.0263275    0.0853337    -0.166029    -0.144888   0.00413475    -0.040965     0.262856    0.0903595    -0.203691   -0.0490539   -0.0777813   -0.0270912     0.127588     0.159766    -0.105946    -0.223665     0.149417    -0.217513     0.145144    -0.135324    -0.245197    -0.176461     0.140657     0.143086     0.384728  -0.00700008     -0.31953    -0.165044     0.249657     0.153509     0.407898   -0.0739147    -0.252192    -0.205043    0.0939799     0.107562     0.160484    0.0944409    -0.233849     0.107781   -0.0490856    0.0456505    0.0408626     0.119751    0.0530647
    0.145644    0.0363212     0.141621       0.1765    0.0427447     0.200545    0.0808389     0.106874    0.0981326   -0.0220244    0.0499341     0.183268   -0.0720537     0.107592    0.0995476     0.110548     0.127583    -0.117627     0.161463    -0.210053    0.0239542     0.019347   -0.0772968    0.0881591     0.122259    0.0214914    0.0535305    -0.165965    0.0425264    0.0725457    0.0821644    0.0713455   -0.0770755    -0.160172    0.0717506   -0.0243322       0.1597    0.0743681     0.117696    0.0820173   0.00179164     0.014829   -0.0424222     0.182203     0.201331      0.23676    0.0959537    0.0273377
    0.164323    -0.224789    -0.101509    -0.205004    0.0427072    -0.134385    0.0550522     0.116481     0.144538    0.0226193   -0.0330312   -0.0631633    0.0293385     0.087772      0.16074    0.0928229   -0.0359346    -0.172105    0.0903988    -0.142433   -0.0614238   -0.0686604     -0.37909    0.0739858   0.00074458     0.247234   -0.0620186    0.0668795     0.011485    0.0328701    0.0484908   -0.0583715    0.0934228    0.0127654    0.0236551   -0.0312218   -0.0192746    -0.420163     0.147729    -0.076911    -0.402277    0.0196817   -0.0526106     0.319044     0.541785      0.38179     0.193918   -0.0323226
   0.0456545     0.103229    0.0277365    -0.043714    -0.136124    0.0929655     0.137502    0.0412209    0.0928275    -0.141293   -0.0395145    0.0933002     0.098797    0.0434073     0.022092    -0.041699    0.0158569     0.126455   -0.0296529      0.14469    0.0988149     0.118547   -0.0740526     0.141166    0.0145803     0.120817     0.182491   -0.0742037     -0.16767     0.203202   -0.0535143     0.140967     0.191248   -0.0486361     -0.11924      0.13311     0.115529    0.0322462     0.301452    0.0396676    -0.033811     0.148401   -0.0116745      0.16173     0.046163    0.0371027   -0.0920021    0.0484577
    0.135259    0.0814609     0.134455     0.161389     0.265811   -0.0126801     0.120548    0.0867431    0.0857468   -0.0513363     0.287143    -0.111998   -0.0729667    0.0778365     0.112539   -0.0133285     0.326298    -0.403254    0.0705047    -0.086114    -0.039801    0.0579369     -0.12768    -0.227139    -0.035208     0.174789    0.0133569   -0.0784676     0.198869    -0.178395   -0.0514938     0.206574   -0.0618258    -0.184448    0.0987223    -0.190921     0.131476   -0.0599721     0.180374   -0.0894713    0.0160406   -0.0566409    -0.124928     0.202956     0.221462     0.120637    0.0412931    -0.128712
    0.240055     0.281142    0.0846233      0.34696     0.235458      0.15557     0.193261    -0.181307    -0.209552     0.115955   -0.0102458     0.154958   -0.0776381    0.0693016    -0.104215     0.195003    0.0199946    -0.147095     0.303042    -0.249202    -0.151145     0.191572   -0.0331581    0.0974569     0.312904   -0.0161681    -0.295926    -0.144618    0.0375287     0.126279      0.32265    0.0988726    -0.487111    -0.106167    0.0251968     0.200663     0.333301   -0.0849155    -0.200267      0.20637    -0.141918     0.136188    -0.028941    0.0195951    -0.127186     0.010657     0.344203   -0.0431057
    0.301714    0.0674597   -0.0137491   -0.0971363    0.0767513     0.218417      0.20295     0.139794     0.118708    -0.138221     0.316917    0.0499813    -0.090813     0.124296      0.14637   -0.0701506     0.346911    -0.207545  0.000455101    0.0764711     0.202563     0.144867    0.0882252   0.00713355   -0.0117208     0.204982    0.0811258    -0.127102    0.0735113    0.0709429   -0.0252232     0.219398 -0.000947915    -0.188258     0.137633    0.0683238    0.0245172    0.0454143     0.371403   -0.0138142     0.018759   0.00669279    -0.140535    0.0154805   -0.0914985    -0.219077    -0.306359     -0.15003
    0.244171   -0.0419802    -0.141373    -0.113658     0.168577   0.00270849     0.211971    0.0782973    0.0688209     0.140083    -0.019524   -0.0300387       0.1203    0.0989644      0.16343    0.0883061    -0.124075   -0.0885307     0.289416   -0.0768194    0.0371109    -0.154745    -0.194302     0.166985      0.35323     0.194634    -0.260917   -0.0684644     0.141631    0.0994076     0.377347    -0.120493   -0.0648729   -0.0589585   0.00923427     0.202231    0.0982149     -0.53057    -0.016396   -0.0796548    -0.339025     0.164649     0.012799     0.214411     0.257393     0.199143     0.321807    0.0299313
   -0.111011      0.12926       0.3175     0.240535     0.256897   -0.0216602   -0.0739304    0.0759979      0.16756   0.00989666   -0.0821166   -0.0383261    -0.122719   -0.0609489    0.0279963    0.0636582    0.0921458    -0.140477    -0.188555     0.110127      0.14535     0.289054    -0.139829   -0.0923508    -0.176876     0.179691     0.138245    0.0862638   -0.0628419   -0.0559585     -0.19899     0.156074     0.185045    0.0336251    -0.109899    -0.104247    -0.166068    0.0412745     0.225285     0.135557    -0.184969   -0.0521888    -0.264152     0.160643     0.277202     0.176488   -0.0683046    -0.198531
    0.117472    0.0435874    -0.194125    -0.255746    -0.238457    -0.210209     0.278174     0.153356     0.101123    -0.104501    0.0975249    -0.101866     0.326789    0.0971135    0.0495071   -0.0545623   -0.0883134     0.169956    0.0551602     0.251737     0.205036     0.076313   0.00194566    0.0850953    0.0612846     0.193011      0.17736     0.132265    -0.151001     0.152114    0.0728268   -0.0520386     0.251834   -0.0905595     -0.17579    0.0773072     0.198558  -0.00817432     0.294328    0.0141339   -0.0116105     0.116723     0.144716   0.00347063  8.79132e-05    -0.137579   -0.0524359     0.161446
  -0.0623298    0.0417908    -0.120679    -0.164897   -0.0635173    -0.255435     0.284851     0.124471     0.145431   -0.0189247     0.104954    -0.166581     0.243517    0.0788783     0.113634    0.0291116   -0.0283383      0.10809     0.191483    0.0548719     0.100153   -0.0874818   -0.0271728    0.0456586     0.185387     0.108402    0.0103633    0.0597705      -0.0113    0.0671318     0.217581    0.0298689     0.175556    0.0176283    0.0713731    0.0412003     0.224669   -0.0637905     0.184677     0.113832     0.133329    0.0755714    0.0639875    0.0052276     0.081671    0.0560507     0.134223     0.129698
    0.241936    0.0647806    -0.187505    0.0885626   -0.0335614    0.0884033     0.182233    -0.202872    -0.217632    0.0177843    0.0523244    0.0275289     0.214469    0.0126003     -0.22938     0.174011     0.096269     0.154948     0.164979     0.121463    -0.254743     0.210634   -0.0306787    0.0175061    0.0482277     0.125698    -0.067526     0.252806   -0.0912376    0.0477793      0.09806     0.209208    -0.225276     0.165163   -0.0473085    0.0150042     0.240255     0.223002   -0.0474268     0.156596    0.0464482    0.0776663     0.287716    -0.219489    -0.155224    -0.192275      0.11121     0.329891
   -0.141974    0.0824365     0.365484      0.22528  -0.00150883      0.35431    -0.238453     0.112203     0.181646    0.0707139    -0.189588     0.288165    -0.299205     0.016726     0.192282     0.239511    -0.231285    0.0860227    0.0632636    -0.257797    0.0783425    -0.109044     0.103419    0.0887862    -0.042159     -0.25193     0.134058    -0.181712   0.00836218     0.226971   0.00390566   -0.0823602   -0.0289165    -0.035477     0.096075     0.265803    0.0110292      0.11377     -0.12494     0.124501   -0.0552132      0.25204      0.01277     0.174805     0.057654     0.289018    0.0987816     0.106215
   -0.145715     0.251634     0.430416     0.299324     0.224657  0.000198212   -0.0872472     0.188563     0.165954    0.0288328    0.0126648   -0.0168317    -0.168413    0.0634836    0.0682176      0.14325     0.114246   -0.0796498     -0.10629   -0.0720636     0.187002     0.168096    0.0479864    -0.140075     -0.21155    0.0954844     0.333376    0.0797645    0.0315038    -0.106857    -0.119976    0.0249934     0.133275    0.0929697   -0.0155681    -0.131505    -0.119615     0.198329     0.215707     0.187441     0.121283    -0.120428   -0.0413171    0.0182881   -0.0257661   -0.0195055    -0.139249   -0.0440197
   -0.245707     0.189863     0.428762      0.34421    0.0861102      0.16976    -0.172062     0.213417     0.156375    0.0546352   -0.0713411     0.334993    -0.381292    0.0659324    0.0935483   -0.0116149    0.0332132    0.0834069    -0.042959    -0.333019     0.201502   -0.0522431   -0.0201706     0.163038    0.0130312     -0.10322     0.145255    -0.279723     0.209327     0.174932    0.0700775   -0.0275458    -0.135913    -0.187004     0.201932     0.137952   -0.0287586    0.0835129    0.0844263     0.119551    0.0266328     0.101557     -0.27668     0.268579    0.0262103     0.245249   0.00686499    -0.329671
    0.332313     0.197704   -0.0409488    0.0729347   -0.0573173     0.332968    0.0766788    -0.079568    0.0235714    -0.119378   -0.0765611     0.148574    0.0462959       0.1329   -0.0741179   -0.0746521    0.0621011     0.066381     0.212991   -0.0146919   -0.0258231  -0.00225007   0.00614258    0.0487069     0.210489   -0.0105576    0.0862248    -0.210948   -0.0277311     0.189591     0.221265    0.0702934    -0.175829    -0.216921    0.0345898     0.155032      0.18196      0.14488   -0.0988337   -0.0869857   -0.0807378     0.156216      0.12853     0.243072    -0.242633     -0.14443     0.020334     0.101885
   -0.127621  -0.00838774     0.126074     0.156177     0.151766    -0.064742   -0.0103326     0.102406     0.099226     0.159294 -0.000539889    0.0548364   -0.0941696   -0.0230537     0.114323     0.125943     0.032123    0.0193589    -0.103618    0.0427256   -0.0405302    0.0490669    -0.130808   -0.0052026   -0.0378292    0.0526893   -0.0946663     0.065191   -0.0573561     0.029752   -0.0733006    0.0758796     0.153828     0.162359  -0.00777442   -0.0101893    -0.130511    0.0171782      0.18935     0.142391   -0.0517785  -0.00424376    -0.207643     0.129919     0.418531     0.256613     0.125236   -0.0186216
     0.15699    0.0642308    -0.244767    -0.136444   -0.0652121    0.0185695     0.116708    0.0019463  -0.00983428   -0.0633131   -0.0581871   -0.0240224     0.321127     0.122506   -0.0229059  -0.00104729    -0.196638     0.165535     0.361191     0.119325     0.122349    -0.295585     0.258433     0.171949     0.321263   0.00326321   -0.0554173   -0.0241816    0.0958828     0.187991     0.376384    -0.204029   -0.0445133    -0.125951    0.0331175     0.123769     0.207423   -0.0497135    -0.172199    -0.136194    0.0119755    0.0875215     0.346277    0.0585019    -0.237797    -0.152759    0.0372848     0.244052
   -0.318987     0.090171     0.226833     0.293001     0.114501    0.0803232    -0.198221   -0.0957651   -0.0424914     0.134942    -0.139497     0.275333   -0.0879793   -0.0359121   -0.0314143 -0.000528526    -0.103598      0.25836    -0.106176     0.180079    0.0653722    0.0697603     0.241684     0.143731   -0.0104918   -0.0501384    0.0185247     0.133242     0.164634     0.083121   -0.0820749    0.0284492    -0.113897      0.25146    0.0631374    0.0557227   -0.0322034     0.250323    -0.255762    0.0823779      0.23311    0.0661889    0.0815753    -0.107437   -0.0713604    0.0169703    0.0597993    0.0463894
  -0.0703362    0.0158865     0.106284    0.0623582     0.219404    -0.225803    0.0832598    0.0869652     0.140919     0.217871    0.0567762   -0.0961958   -0.0241831   -0.0649172     0.123195     0.133319    0.0369153    -0.106726   -0.0320222   -0.0515847     0.041761     0.111906     -0.30832    0.0551006    0.0686769     0.208004    -0.214294    0.0993383  -0.00946572  0.000663863    0.0379826   -0.0169204    0.0535424    0.0919104  -0.00639227     0.113942   -0.0666623    -0.318289      0.24345     0.207291    -0.104839    0.0579238    -0.311904     0.130039     0.346137     0.184137     0.294121    -0.241635
   -0.298117   -0.0984478    -0.179285   -0.0841625    -0.285925    -0.148072    -0.184306    -0.167896    -0.161812     -0.16307    -0.174996    -0.188085    -0.147896    -0.172953   -0.0621429   -0.0702768   -0.0865075    -0.088637    -0.225424   -0.0781885    -0.181203    -0.119063    -0.263249   -0.0706478   -0.0561867   -0.0926088    -0.113229    -0.128604    -0.209104   -0.0456286    -0.105798    -0.131009     -0.16248    -0.178991   -0.0737831    -0.153608   -0.0106017   -0.0783705    -0.101615    -0.143934   -0.0989419   -0.0807454
   0.0323069    -0.451765     0.382185   -0.0679372   -0.0699979    -0.540092      0.13592    -0.934008    -0.635858     0.257865    -0.225758     0.739411    -0.307164     0.285204    -0.611431    0.0820092    -0.256414     0.203875    -0.826956     0.215366     0.295275     0.020886   -0.0609789   -0.0238842     0.388899     0.090902   -0.0294609     -1.01402    0.0341428    -0.128217     0.343353    0.0759841   -0.0269139     -1.06418     0.194261      0.26939     0.295877    -0.491656     0.123665    -0.486612    -0.404997    0.0758926
    0.227071    -0.616342    -0.346893     -0.33571    -0.777365    -0.548199     0.215531    -0.311184    0.0590284    -0.412754    -0.111446     0.198632    -0.161471     0.478421    0.0481381    -0.162541    -0.185728    -0.379493     0.294867     0.214231     0.196401     0.213641     0.106611    -0.032977    -0.573787    0.0317452     0.096166    -0.102599     0.143598    -0.818443    0.0141875  -0.00243155    -0.022941    0.0971381    -0.267699     0.200777    0.0223775    -0.189216    -0.156431    -0.593802    -0.142183     -0.16805
    0.122711   -0.0639154    -0.161072    -0.198581    -0.142605     -0.19347   -0.0750896    -0.178999   -0.0246915    -0.309409    -0.191337   -0.0468034    -0.156408    0.0480707    -0.107386    -0.194205    -0.137111    -0.191885  -0.00829465    0.0387535    -0.015532    -0.144115    -0.079011   -0.0969523    -0.365098    -0.159581    -0.209595   -0.0219593    0.0112135     -0.33271    -0.104588     -0.22208    -0.268655    -0.134238    0.0594638     0.021094    0.0189444   -0.0404571    -0.134312    -0.144302    -0.177423    -0.161956
    0.206677    -0.111287    -0.175057    -0.290036     0.133253    0.0873709     0.184619    -0.141386    0.0701103   -0.0508339    0.0458773    -0.155218   -0.0636792     0.251441      0.02398    -0.498214    0.0371485    -0.274819    0.0189444    -0.175045   -0.0278893    -0.265486     0.198987    -0.292645    -0.216468    -0.291691    -0.114194    -0.209016   -0.0963996   -0.0412586    -0.194371    -0.303889   -0.0704007    -0.263452    -0.237904    -0.237958    -0.182711     -0.30594   -0.0425189    -0.186761   0.00268234    0.0261411
   -0.254095   -0.0867216    -0.196418   -0.0672379    -0.179762    -0.189646    -0.191457   -0.0864581    -0.193743    -0.131712    -0.151895    -0.235338    -0.103397    -0.237395    -0.069044    -0.103188    -0.143304   -0.0898022    -0.311677   -0.0661706    -0.125642   -0.0558674    -0.190053    -0.187454   -0.0917851    -0.109215   -0.0453412   -0.0810637    -0.141275   -0.0825666   -0.0813312    -0.170197    -0.187097     -0.15461   -0.0543881    -0.124165    -0.123249   -0.0697997     -0.17572     -0.13487    -0.106058   -0.0849475
   -0.117875    -0.116623    -0.155403   -0.0708406    -0.103134    -0.138544   -0.0571764    -0.166635    -0.238757   -0.0930478    -0.135842    -0.214982    -0.181077    -0.310115    -0.184536     -0.19078    -0.113647   -0.0965405    -0.379374    -0.163466    -0.247935    -0.141405    -0.117762    -0.122236    0.0520546    -0.159424   -0.0284825      -0.1242    -0.190146     0.039296   -0.0498889    -0.174559    -0.125349    -0.211766   -0.0518828    -0.147706    0.0215071   -0.0444297    -0.154997   -0.0798742    -0.151781   -0.0191833
    0.155788    -0.514651    -0.108201     0.187634    -0.441034    -0.524841    -0.199677    -0.443741     0.114733    -0.673495    -0.540206    -0.255988    -0.472134     0.367021    0.0300469    -0.125132    -0.130794    0.0381542   -0.0672157     0.276958     0.380852       0.1863     0.111684   0.00572171    -0.318756   -0.0905095    0.0788714    0.0379245    0.0845865    -0.516297     0.191888    -0.485957    -0.643306   -0.0832945    0.0886663      0.20616     0.188128     0.279032    -0.189336    -0.503539   -0.0843665     -0.36619
   -0.120874   -0.0967259    -0.104533   -0.0948925    -0.248083    -0.153727   -0.0874665    -0.111437   -0.0561697     -0.13772    -0.189002   -0.0751647   -0.0825966   -0.0551986   -0.0377667   -0.0675507    -0.162923    -0.142302    -0.119879   -0.0308068   -0.0469975    -0.120961    -0.173626    -0.211705    -0.412608    -0.120527    -0.291737    -0.158519    -0.127792    -0.324011   -0.0912105   -0.0719609   -0.0921738    -0.102916    -0.182233   -0.0168227  -0.00125478    -0.164161    -0.132351    -0.161132  -0.00994958   -0.0814785
   -0.241597    -0.105229   -0.0356454   -0.0309839    -0.291141    -0.175336    -0.140652    0.0108394    -0.142457    -0.362222    -0.255807    -0.137772    -0.161002   -0.0781454   -0.0244121   -0.0474509    -0.166717   -0.0591739    -0.254441     0.153207     -0.03408    -0.100683    -0.255586    -0.142332     -0.15584   -0.0762412    -0.222154    -0.200925    -0.104643    -0.202558   -0.0123992   -0.0990534    -0.155462    -0.240024    -0.106422   -0.0923386    0.0510347    -0.215694   -0.0657515    -0.125856   0.00634267   -0.0682008
   -0.199026    -0.096768    -0.124795     -0.16673    -0.122301   -0.0859147    -0.026019   -0.0884652   -0.0486268   -0.0874131    -0.123479    -0.179898   -0.0619109    -0.156326   -0.0558133    -0.161924    -0.116874    -0.233355    -0.121853    -0.163828    -0.134274    -0.194635    -0.241565    -0.203369    -0.126942   -0.0702469    -0.279398    -0.139233    -0.237525    -0.096732    -0.221288    -0.170188    -0.072145   -0.0399291   -0.0168692    -0.199775    -0.175215    -0.111015     -0.13378   -0.0698175    -0.120717    -0.160274
   -0.242757   -0.0467938    -0.153935    -0.115416    -0.169289    -0.124643    -0.214439   -0.0893513    -0.182858     -0.11406     -0.17876    -0.199861    -0.122397    -0.278229    -0.156545    -0.108893    -0.121744   -0.0870883    -0.242627    -0.124455    -0.171799   -0.0904463    -0.288649    -0.176647   -0.0968971    -0.100834    -0.186619    -0.121891    -0.220693    -0.133181    -0.130801   -0.0736808   -0.0862304    -0.139468   -0.0605692    -0.125014   -0.0348001    -0.098087    -0.124843   -0.0623978   -0.0836954   -0.0803306
   -0.415188    -0.114542    -0.235549   0.00630005      -0.1815    -0.154562    -0.132638    -0.260236    -0.441111   -0.0572952    -0.104274    -0.146953   0.00578017    -0.418349    -0.246758    0.0153489    -0.106586     -0.06928    -0.328848    0.0263858    -0.337557    0.0666699    -0.142809   -0.0805956    0.0212494    -0.225514    0.0764879    0.0986892    -0.310827     0.095373    0.0160988    -0.233272   0.00125073    -0.215479    -0.168808    -0.142473   -0.0651472     -0.14451   0.00810476   -0.0972771    -0.219905    0.0354324
   -0.405613   0.00797944   -0.0999889   -0.0608616    -0.186938   -0.0842894    -0.240064   -0.0930247    -0.243689   -0.0872855    -0.186482    -0.154194    -0.123017    -0.327695    -0.112527   -0.0412393   -0.0963906    -0.132095    -0.297424   -0.0524352     -0.32044    -0.126551    -0.241909    -0.138135   -0.0270481     -0.11836     -0.15059   0.00604176    -0.262445   -0.0144821     -0.18741    -0.155866    -0.119831    -0.129314   -0.0068603     -0.26287   -0.0529023   -0.0463722    -0.122439    -0.013814     -0.10099   -0.0529633
    -0.22309    -0.112199     -0.19745   -0.0686141   -0.0977683    -0.158197    -0.130758    -0.107461     -0.18028   -0.0876089   -0.0990455    -0.161161    -0.069872    -0.228207    -0.226732   -0.0733087    -0.166963    -0.104249    -0.165593    -0.148381    -0.141048    -0.107659    -0.207667    -0.146632    -0.121914    -0.180502   -0.0666671    -0.124677    -0.122771     -0.09089    -0.130674    -0.197755    -0.172272    -0.175771    -0.097297     -0.10525    -0.220304    -0.119452    -0.105427   -0.0728574     -0.10523    -0.129236
   -0.141323    -0.155327    -0.247939   -0.0415205    -0.106823    -0.122326    -0.140644   -0.0260896   -0.0158051     -0.10346   -0.0832527    -0.314576   -0.0444336    -0.244444    -0.119038    -0.072945    -0.223734     -0.19205    -0.116675   -0.0778433   -0.0283925   -0.0370938    -0.170767    -0.161579    -0.343508    -0.165615    -0.118271    0.0219384   -0.0913542    -0.130722   -0.0703728    -0.122016    -0.204287   -0.0391714    -0.230891    -0.114631     -0.23107   -0.0288686    -0.269667    0.0719443     -0.12207    -0.271019
    -0.33321   -0.0855165     -0.28251   -0.0869027    -0.232302    -0.230249    -0.154005    -0.046856    -0.222392   -0.0434907    -0.159983    -0.196555    -0.103233    -0.368138    -0.145075   -0.0886898   -0.0994837   -0.0995904    -0.307621   -0.0193181    -0.167869    -0.114308    -0.312969    -0.144378   -0.0995166    -0.116852   -0.0660537   -0.0280005    -0.101082   -0.0530227   -0.0179746    -0.105834    -0.136292    -0.208778  -0.00247908   -0.0917915   -0.0314033   -0.0962131    -0.138278    -0.120801   -0.0764837   -0.0669848
   -0.290609    0.0502471  -0.00761526    -0.103077   -0.0439159    -0.020015    -0.388816     0.156099     0.171348     0.127953    -0.104162    -0.321559    0.0121987    -0.273035    0.0994085   -0.0319219    -0.160793    -0.140744    0.0479885    -0.457277   -0.0567212    -0.544495     -0.41287    -0.161771    -0.321307    0.0537188    -0.543828   -0.0541208    -0.015078   -0.0433523    -0.408864     0.120751    -0.143432    0.0922933   -0.0514032    -0.439502    -0.279689    0.0808395    -0.392193     0.118921   0.00580174    -0.440105
    0.139226    -0.177538     0.118108   -0.0569312    -0.311436    -0.402296     0.186521   -0.0548281    -0.147209    -0.593409   -0.0783505  -0.00628847   -0.0946587   -0.0489554    -0.136132    -0.197336    0.0762285     0.173963    -0.224709     0.129933    -0.539334    0.0269345     0.552282    -0.161282     0.126124    -0.403539    -0.240945    0.0702561     -0.65876    -0.109543     0.238775    -0.510581    -0.301101   -0.0444045     0.141408     0.138482    -0.063631     -0.66798     0.270083    -0.702128     0.133672     0.376044
    0.426243    0.0875175    -0.535632   -0.0182023     0.127557    -0.183674     0.318401    -0.276504    0.0129146    -0.667821    -0.214595    -0.254454    -0.074617      0.39766    -0.347325    -0.572059    0.0966744    -0.121951    0.0010378   -0.0125165     0.254191     0.103337    -0.106324    0.0871151    -0.265034    -0.364581     0.156234    -0.255788   -0.0272015    -0.478177   -0.0651451    -0.684978    -0.412808    -0.316398     0.185442    0.0253661     0.304651    -0.273643    0.0171234    -0.438694     0.238398    -0.284593
  -0.0720406    0.0592333   -0.0581169    -0.259531    0.0805874    -0.071046    -0.265847   -0.0154669    0.0203204     0.164461   -0.0167514    -0.168326   -0.0252598    -0.381979    -0.178125    -0.313476    -0.243612    -0.357945     0.221333    -0.590295   -0.0512434    -0.503781    -0.325766   -0.0689872   -0.0563288    -0.120886    -0.121071    0.0726908    0.0706947    0.0881979    -0.487534    0.0120931   -0.0394793     0.112728    0.0489846    -0.287249    -0.376662    0.0428041    -0.323758     0.171958     -0.34286    -0.368718
   -0.420139    -0.101873   -0.0584975    -0.168904     0.123598   -0.0242836    -0.215842    -0.261437    -0.590115     0.364431   -0.0116603     0.104061    -0.039773    -0.505612    -0.538011     0.135316    -0.106347     -0.21543    0.0696527     -0.62256    -0.364884    -0.269004     0.132398     0.056523     0.374571    -0.181663      0.08679    0.0461846    -0.368596     0.276115    -0.310046   -0.0120979    0.0824708     0.106772    -0.300957    -0.426509    -0.544993   -0.0115834    -0.134442     0.160215    -0.481876    -0.105599
   0.0631646    -0.138199    -0.261698    -0.212821    0.0885285   -0.0493101    0.0632979    -0.152398    0.0190486   -0.0628621   -0.0749923    -0.142396   -0.0633189    -0.263748    -0.139468    -0.245201   -0.0737369    -0.193645   -0.0127997    -0.253158   -0.0655435    -0.116571   -0.0654631    -0.154412    -0.172488    -0.337671   -0.0148161   -0.0919366   -0.0494825   -0.0345967    -0.368746   -0.0925053   -0.0344603   -0.0864202    -0.264891    -0.161553    -0.141709    -0.153702    -0.260433    0.0871739    -0.210911    -0.115934
    0.161566    -0.128013    -0.423526    -0.203858     0.114299    0.0794095    0.0700903  -0.00675392     0.016272   -0.0184827   0.00659782    -0.262583   -0.0144172    -0.308674    -0.167592    -0.326844    -0.135102    -0.282904     0.132849    -0.348387    -0.109419  -0.00795369    -0.100483      -0.1331     -0.16681    -0.300512    0.0166707   -0.0131012    0.0296961   -0.0394334    -0.379959   -0.0394252    0.0209081   -0.0591516    -0.411605    -0.188192    -0.261614   -0.0688966    -0.365087     0.140308    -0.202854    -0.224218
   -0.495025    0.0487896    -0.106534  -0.00422266    -0.253817   -0.0895221    -0.249008   -0.0711737    -0.373566   -0.0484202    -0.217151    -0.173086   -0.0965645    -0.365259    -0.130371   -0.0334549   -0.0689721   -0.0796784    -0.425701    0.0401515    -0.387305    -0.139005    -0.384621    -0.128794    0.0183961   -0.0504463     -0.15259  -0.00120835     -0.30661   -0.0293072     -0.15751      -0.1276   -0.0737149    -0.148701   -0.0343268    -0.263008    0.0906965    -0.132788   -0.0376247   -0.0436046   -0.0320669     0.026258
   -0.106648    -0.140453    -0.140072   -0.0400608   -0.0404944   -0.0692688    -0.152581     -0.16174    -0.131623     -0.18416    -0.182758    -0.268113    -0.167835    -0.250275   -0.0925689  -0.00933408    -0.205977    -0.170383    0.0362329    -0.106745    -0.279549   -0.0459863    -0.117192    -0.179752    -0.120746    -0.227155    -0.192844    -0.077365    -0.136353  -0.00997605    -0.224162    -0.104205    -0.140235   -0.0468548    -0.235695   -0.0527858     -0.12507    -0.111891    -0.295342    0.0342288   -0.0353471    -0.224583
   -0.164648    -0.101429    -0.022314    -0.142038    -0.237796     -0.10053   -0.0921556    -0.167061    -0.174717    -0.140488    -0.166932    -0.125883   -0.0913829    -0.109508    -0.104997    -0.104473    -0.167911    -0.233708   -0.0483909   -0.0950065    -0.107222    -0.108285    -0.215466     -0.14217    -0.230643    -0.121564    -0.252614    -0.059247    -0.175603    -0.151865    -0.188853    -0.132512   -0.0728835   -0.0956431    -0.147948   -0.0820084   -0.0905259    -0.142156    -0.138344   -0.0740537   -0.0879126    -0.173664
   -0.112059    -0.104193   -0.0527445    -0.105852   -0.0842354   -0.0385928   -0.0179925    -0.142101    -0.055199    -0.117671    -0.138172    -0.221865     -0.18173    -0.170503    -0.141135   -0.0778191    -0.186701    -0.234359    0.0412693    -0.116255    -0.205592     -0.11319    -0.136836    -0.178751    -0.165039    -0.177505    -0.174235    -0.107516    -0.208986   -0.0645467    -0.235161   -0.0862592    -0.114719    -0.103606    -0.184095    -0.108597    -0.168063    -0.189568    -0.235278   -0.0920346   -0.0411093    -0.192466
   -0.357142   -0.0784941    -0.150045   -0.0197058    -0.335504    -0.180692    -0.192198   -0.0656557    -0.208724    -0.212524    -0.203774    -0.217719   -0.0349971    -0.175346   -0.0639413   -0.0174178    -0.131839    0.0246236    -0.334393   -0.0327149    -0.120566  -0.00434925    -0.269237     -0.20035   -0.0979464   -0.0522874   -0.0649273   -0.0583445    -0.187227    -0.152043    0.0284191   -0.0535995     -0.18505    -0.260371   -0.0705329    -0.133838   -0.0617155    -0.132871   -0.0665553    -0.214143   -0.0119428   -0.0827871
   -0.570109     0.102308   -0.0922403    0.0301759   -0.0994038   -0.0564303    -0.478831   -0.0228077    -0.331581     0.117316    -0.215976   -0.0947189   -0.0899764    -0.376459    -0.146452   -0.0272792    -0.106394    -0.102913    -0.460179    -0.323418    -0.361041    -0.548886      -0.3691    0.0177358     0.132314     0.038019    -0.306564    0.0286307    -0.175665     0.152594    -0.311644   -0.0319994   -0.0404939   -0.0464281    0.0426385    -0.569034    0.0263724    0.0257594   -0.0658419   -0.0323551    -0.234006   0.00804925
    -0.46626    0.0900472     -0.06315   0.00158065   -0.0533427   -0.0763205     -0.34269   -0.0686555    -0.273218     0.172788     -0.19952     -0.10839   -0.0511118      -0.3595    -0.172223   -0.0463193   -0.0228483   -0.0989707    -0.161418    -0.460785    -0.354483    -0.507777    -0.288236   -0.0374831     0.157859   -0.0220735    -0.323231   -0.0618217    -0.266366     0.125781    -0.370607   0.00271706   -0.0681012    0.0567729    0.0322401     -0.51453    -0.116836    0.0635907     -0.10366  -0.00487583    -0.184554    -0.133747
     0.16665    -0.549671    -0.182283    -0.414064   -0.0326528    0.0206008    -0.543611      0.12772    0.0379695    -0.544674   -0.0367946   -0.0912491    -0.540118     0.399763    0.0590272    -0.139478    -0.307197    0.0878401     0.306521   -0.0786464    -0.229749    -0.138376     0.437434    -0.268375     0.184307   -0.0341027     0.140014    -0.325591     0.225062    -0.164433     0.143556    0.0445595   -0.0743278     0.159555    -0.783157    -0.154573    -0.630267    -0.348639    0.0674674     -0.42822     -0.27452     0.128376
   0.0045849    -0.186009    -0.160388    -0.224033    0.0123007    -0.114159   -0.0967398    -0.223025    -0.135455   -0.0255149    -0.102817    0.0178167   -0.0920726    -0.113233    -0.188423    -0.203786    -0.194168    -0.290386   -0.0105841    -0.156042  0.000306729   -0.0311321   -0.0630518   -0.0932007   -0.0357042    -0.100842    0.0345786    -0.185011   -0.0441156    -0.105975     -0.17297   -0.0871636    -0.074343    -0.210173    -0.259286    -0.127047   -0.0960013     -0.10319    -0.211503   -0.0285888    -0.333093    -0.152525
    0.608633     -0.19079     0.628575     -0.55519     0.304471     0.244393     0.394223  -0.00914158     0.208421     0.337616   -0.0534202     0.260377    -0.175663     0.509675   -0.0103312    -0.229913    -0.102778    -0.218905     0.448724    -0.575852     0.312307    -0.336391     0.370273    -0.614433    -0.616658    -0.144308    -0.700821     -1.04172    -0.569142    -0.932736    -0.289769     0.147101    -0.123905      0.14703    -0.302045   -0.0601606    -0.719903    -0.359453    -0.273743     0.043239     0.255989    -0.726673
    0.150292    -0.361578   -0.0787111    -0.510388     0.222918    0.0363099    -0.662874    0.0280579   -0.0211629    -0.453477    -0.129008    0.0654621    -0.390003     0.398349    0.0218527 -6.04208e-05    -0.293866   0.00912158     0.155333   -0.0442921    -0.286529   -0.0724601     0.257592    -0.240187     0.197174  -0.00873296     0.115405    -0.496202     0.211028   -0.0767951     0.194343     0.249834   -0.0641549   -0.0921194    -0.747144   -0.0802698    -0.597565    -0.364868    0.0169598    -0.338847    -0.520183     0.165532
  -0.0862889    -0.202386    -0.227817   -0.0604754    -0.304185    -0.278377   -0.0433158    -0.215919    -0.110313     -0.23672    -0.185633    -0.181258    -0.164367   -0.0584325    -0.164836    -0.150024    -0.151502   -0.0425369   -0.0879654   -0.0537648    0.0142615   -0.0239466    0.0418976   -0.0214076  -0.00157297    -0.113751   -0.0220147   -0.0236352   -0.0937313    -0.157775    0.0126542    -0.281496    -0.292368   -0.0493117   -0.0231311   -0.0497203   -0.0998938   -0.0816731   -0.0749314    -0.314069    -0.124337    -0.172282
