no weights
   0.831024   -0.338194    0.541635    0.204244     1.05901    0.361857   -0.435997    0.928911   -0.167894    0.786158   -0.192025    0.405086   -0.169524    0.407589   -0.454229    0.263685    -0.35071    0.752516    0.102877    0.511465   -0.182416    0.326399    0.543559  -0.0392242    0.477684    0.808422    0.344692    0.709113    0.468221    0.192889     0.83926    -0.79948    0.542385    0.211161  -0.0264902    0.295363    0.453937    0.608512    0.387893   -0.804189   -0.737746  -0.0472217    0.617498    0.065848    0.586409   -0.837147    -0.11658    -0.14725
  -0.251992    0.924928   -0.265462  -0.0383269   -0.836764   -0.416476   -0.741776    0.786509    0.397889    0.356778   -0.431128   -0.135411    0.160618   0.0793145   -0.127635    0.433414    0.176807     1.08134    0.546345    0.828203   -0.658174    0.344317   -0.988369   -0.445996   -0.227216     1.09624    0.168109     1.03324     0.37738   -0.955542   -0.826299    0.489911   -0.395171  -0.0865362    0.207072   -0.205502    0.407294    0.657829   -0.266313   -0.781944    0.949635   -0.703964    0.281363   -0.620836    0.128596    0.391988    -1.24367    0.448221
   0.491052   -0.443206   -0.581284    0.376087    0.600184    0.094704    0.262165    0.762773    0.215462   -0.957261    0.612534    0.518492    0.825074    0.618113    0.964565    0.698421   -0.203918    -0.60496   -0.600115   -0.711469   0.0336371  -0.0576514    0.331494    0.915163   -0.572982   -0.991175    0.744958   -0.354798   0.0593339    0.803272    0.665676    0.151096    0.249688    -1.40212    0.382399   0.0393743   -0.646367     1.00769   -0.340782   -0.382802     1.04524    0.868712    0.347057   -0.591386   -0.222428    0.231928   0.0995634    0.585679
   0.925824   -0.305603     0.76496   -0.330321   -0.906167  -0.0919911   -0.051776   -0.513066   -0.506749    0.100192   -0.453481    -0.60733  -0.0704141   -0.266266    0.197377     1.02741   -0.468708     1.13321   -0.937883     1.15278   -0.524964    0.671912    0.716487   -0.628695    0.158742    -0.14096   -0.316271    0.656783   -0.595409    0.351129   -0.242752   -0.104785 -0.00110617    0.665256   -0.151182   -0.224834    0.149926   -0.213181    0.307832     1.01843    -0.48722   -0.940264    0.703242     0.59151    -0.15173    0.509095    0.563771   -0.278131
   0.900206    0.425245   -0.346468   -0.486901   -0.977349    0.294444    0.471331    0.826361   -0.622626     1.27547    -0.11084   -0.079085    0.439334   -0.988558     1.00257   -0.527935   -0.341162   -0.131562   -0.777965    0.737123   -0.662944   0.0159723    0.253836    -0.43767   -0.535679      -0.497    0.312761   -0.628816   -0.536474    0.786949    0.898816    0.230558    0.986433    0.251464   -0.811172    0.722068   0.0557886   -0.825783    0.173132   -0.488845    0.471141    0.416928    0.610481   -0.236889  -0.0587567    0.824735   -0.486998      1.3012
  -0.623741     1.15546    0.557938   -0.349345    0.784239   -0.160641   -0.443865    0.134739   -0.856334    0.220117     0.81446    0.731361    0.490237   -0.164826    0.934999   -0.120644    0.810681   -0.754528   -0.170735    -1.04988   -0.247213    0.220831    0.324805   -0.907007   -0.455922   -0.486546    0.330518    -1.09365  -0.0814012  -0.0468229     0.90107    0.101367    -1.12843   0.0111188    0.557041   -0.718465   -0.352994    0.451101     1.25292   -0.212945   -0.776632    0.921949    0.590153   -0.056533  -0.0169432   -0.300995    -1.23961   -0.137903
  -0.516447    -1.16901    0.650479    -0.20859   -0.180885   -0.417907    0.248887   -0.461454   -0.663448    -0.74589   -0.497865    -0.08151   -0.675723   0.0125436    -0.71996   -0.278629    0.137938  -0.0349448    0.757613   -0.342283    -1.04741    0.249787   -0.658854    -1.18549   -0.101836    0.514708     1.04755   -0.422283    0.663718    0.195845   -0.118752    0.733795    0.741168   -0.653735    0.735657    0.337201    0.573289     0.38022    0.110671  -0.0493575     1.05643    0.650716   -0.820206    0.370906    0.709849    0.889929    0.970491    0.828468
   0.668447    0.804733   0.0861535   -0.459172   -0.415733    -0.59173   -0.828788    0.888517    0.396447     0.16354     0.61758   0.0932093     0.63445   -0.823239   -0.151725    0.658366   -0.637201   -0.848478    0.360412   -0.755619    0.376609    -1.20136   -0.846713    0.648559 -0.00614822    0.251979     0.24288  -0.0904828     1.01941    -0.90592     0.71798   -0.607902    -0.53615    0.469339   -0.492022   -0.300327    0.465015     0.24321   -0.851672     1.01294    0.134644     0.82447   -0.327008  -0.0759482    0.549097    0.604872    0.295596   -0.777176
 -0.0610351    0.225469    0.370447   -0.808309   -0.823755   -0.931974     1.05454     0.76832   -0.397279    0.520174    0.752854   -0.162188    0.152133    0.677289    0.512615    0.277469    -0.68423  -0.0200937    0.127532    0.379072   -0.809762    0.262196    0.821694   -0.424516   -0.462576   -0.863478    0.389098    0.873848   -0.401102    0.295583    0.819298    -1.25425   -0.687354   -0.938112   -0.229229    -1.19304     1.00294   -0.494574  -0.0713113    0.348522   -0.839392    0.515752    0.265994    0.636395   -0.329639   -0.291172    0.117645   -0.786194
  -0.217262   -0.652716    0.884461    0.568075   -0.191147   -0.147184    0.639436    0.672587    -0.45975   -0.922884   -0.712816  -0.0625171     1.15584   -0.204264    0.432947    0.913247  -0.0982982    0.422834    0.439646   -0.622931  -0.0623411    0.187043   -0.482853    0.764516   -0.931601 -0.00418558   0.0405192    0.570842   -0.126414   -0.293039   -0.775353    -0.37128   -0.844775    0.572264    0.250673    0.766312    -0.56136   -0.616158    0.730683    0.333734    0.354978    0.731659    0.613533   -0.893144   -0.363195   -0.482026    -1.00277    0.925449
  -0.167161   -0.472953    0.115336   -0.512665    0.862039   -0.674683    0.680724   -0.016569   -0.242747   -0.962493   -0.501755   -0.322241    0.286837    0.375952    0.667332   -0.743696     0.60834    0.700575      1.1828    0.441033   -0.823427   -0.626488   -0.835891     0.27199    -0.62054  -0.0476396   -0.797944 -0.00550567    0.423016    0.120835   -0.886453    0.490285    0.351998   -0.843937    -0.93878   -0.356433   -0.578084    0.247471     1.07028    0.718527     0.51794   -0.420391   -0.955614    0.415322    0.835146   -0.458369   0.0579411   -0.458807
  0.0778719     0.35508    0.878537    0.632514    0.762131    0.187826   -0.643893    0.156409   -0.796442   -0.160852    0.526469    0.446169   0.0339493   -0.164277   -0.518093   -0.507671     0.57761    0.939637    0.364608   -0.349073     0.53192   -0.769001   -0.263408    0.381778    0.569034  -0.0751763     1.09656    0.344404   0.0506192    -1.07223   -0.732328   -0.294296   -0.604305   -0.835358   -0.465729  -0.0206809      0.1174    0.768675    0.678797    0.815255    0.858443   -0.761701    0.327698    0.795909 -0.00168584     0.97171    0.371795       -0.15
  -0.337489     1.09816    0.031586    -0.44133    0.100305  -0.0233835    0.163914   -0.466051   -0.177584    -0.23744   0.0345733    0.811099    0.886677     -1.0229    0.556604    0.413101  0.00167394  -0.0492302   -0.340238    -0.62696    0.761236   -0.319924   -0.359289   -0.907306    0.935297    0.171163   -0.305138   -0.294814   -0.835456    0.465004   -0.344504    0.910188    0.753788    0.582448    0.563607   -0.739939    0.593387   -0.463794    0.289744  -0.0555801   -0.839981   -0.873416   -0.929989    0.230827    -1.05213   -0.477879      0.9188    0.154332
  -0.347831   -0.210222    0.795144    0.672137    0.209058    0.701166    -1.24401   -0.379793    0.887691    0.458267    0.583312    0.291474    0.159254   -0.466238    0.880996   -0.212767    0.925404    0.074879   -0.648922    0.563758  -0.0726231    0.314795   -0.680799    -1.02704    0.606448    0.649442    0.851729   -0.400009   -0.181028  -0.0926568    -1.20277    0.699151   -0.342331    0.725604    0.607263   -0.289455  -0.0806749    0.738379  -0.0548315   -0.787518    0.861239    0.306434   -0.454274    0.240456     1.05372   -0.401888    0.360323    0.481835
   0.139398    -1.08224    0.327954   -0.659697    0.286159   -0.564778   -0.881679    0.943309    0.323136    0.940375   -0.560318   -0.734358    0.385289   -0.755335   -0.133824    0.608188     -1.0386    0.484668    -1.12801    0.543781    0.610586    0.392379    0.294984    0.752427   0.0442967    0.257521   -0.710191   -0.120576     1.22811   -0.290255    -0.59613    0.303629   -0.368167   -0.931173    0.424198    0.873901   -0.545518    0.628643    0.179244    0.796146    0.459532    -1.04331   -0.449736    0.478933    0.932191    0.408666    0.688537    0.189139
     1.2861   -0.853378    0.861704    0.936286   0.0233232    0.380189    0.566854  -0.0216199   -0.482156   -0.642719   -0.735084   -0.967292   0.0948509   -0.248988   -0.212351    0.671522  -0.0215251   -0.630598   -0.947691   -0.736011     0.70149    0.703394   -0.893721    0.533853   -0.487456   -0.554089   -0.358868    0.482287    0.583148    0.544911   -0.890214   -0.204723   -0.797344   0.0959318   -0.386448    0.552255   -0.410478    -0.59328   -0.642486     0.34874   -0.231018   -0.754729   -0.755378    0.367727    0.579084   -0.939965   -0.866648   -0.881425
    0.49778   0.0847017   0.0688913    -0.88694    0.272953    0.590072    0.250456  -0.0545544     0.32568   -0.999893    -0.81331   -0.815329    0.258776   -0.943331   0.0748944  -0.0192183   -0.559669   -0.441484    -1.16688     1.02438   -0.757683   -0.266389   -0.436658   -0.819733   -0.936192    0.539269    0.929833   -0.884391  -0.0341761   -0.749288  -0.0260507    0.655813    0.220048   -0.223428   -0.109481    -1.02915     0.48736    0.303145   -0.662078   -0.616629    0.832513   -0.570495   0.0261922   -0.545005    0.306925   -0.272055     0.44712     1.04632
   0.636192   -0.875682   -0.630827   -0.072536   -0.796737   -0.583099   -0.777208    0.736272    0.597183    -1.02564    0.411519    0.258338     1.11614    0.551256    0.196339   -0.352721    0.211342    0.289834    0.100247    0.785901    -0.67591    0.147866     1.15379    0.723613   -0.115543    0.269283   -0.560789    0.182426   -0.457915    -0.33542    0.321028   -0.965771   -0.423134   -0.179061   0.0739364     1.34094  -0.0888526   -0.691861    0.833644    0.711123    0.877463    -0.38981    0.430393   -0.458851    0.755816    0.825839  -0.0881351   -0.457373
  -0.893011   -0.416537     1.20109   -0.333367   0.0869556  -0.0906837   -0.451209   -0.108155 -0.00316688  -0.0550031   -0.590557    -0.90156     1.11941    0.426493    0.323286     1.24282    0.336867  -0.0333429   -0.202775   -0.434104   -0.171752   -0.266147    0.165097   -0.822595   0.0903872   -0.870904   -0.507721    0.520539   -0.728457    0.549502    0.567654   -0.171108   -0.244167   -0.759063   -0.118846   -0.500945    0.363096    0.362938    0.416744    0.882807   -0.287383      0.1321   -0.744939 -0.00367892   -0.605308  -0.0556602   -0.278803   -0.479141
   0.160061     1.20368    0.896865   -0.505883    0.305629    0.499098   -0.475753   -0.459368   -0.511651    0.192091    0.298662  -0.0438039   -0.436065    0.806343   -0.572988   -0.768772    -0.48414    -1.01724    0.301271    0.539275    -0.65832   -0.774279   -0.709015    0.984095    0.362461    0.974617    0.944862    0.424228   -0.713897    0.811233   -0.120811    0.763308     1.00252   -0.430631    0.839578 -0.00255032 -0.00561053   -0.284408   -0.525573    0.533135    0.720281    0.425053   -0.289154    0.852801   -0.932335   -0.124152  -0.0437063  -0.0228798
  -0.966205    0.789046   -0.577121    0.673053   -0.232569    0.825951    0.238261   -0.632316    0.790341    0.496639    0.691918    0.347165    0.707838    0.196009  -0.0884208    0.857704    0.888311    0.869633     0.61354  -0.0773007     0.99527      1.0477    0.645111    0.136065    0.310635  -0.0312003   -0.143209    0.243201  -0.0484737    0.141034   -0.532169   -0.237362    0.172409    0.254573   -0.773881  -0.0189194   -0.578215   -0.767848    0.887225     0.17701   -0.891379    0.473414   -0.190607  -0.0261575   -0.182586   -0.829441   -0.691035    -0.85757
  -0.539543    0.545222    0.831652    0.443628    0.750399    -0.32408    0.292293    0.404216     0.16672   0.0155936    0.137028    0.151877    0.431613   -0.621045   -0.517061    0.219637 -0.00628699    0.054737   0.0263293    0.147943   -0.862659   -0.663517    0.445648    0.581229    0.455664    -0.29585   -0.965796    0.849566     -0.3047   -0.466489   -0.252301   -0.220416   -0.300542     1.18538    -1.10007    -0.51523    0.769307    0.907505    0.889658   -0.264851   -0.428774    0.331377   -0.703718      0.7971   -0.206824   -0.746155    -1.09295    -0.39625
  -0.754608   -0.170236    0.603296     0.67207    0.561192    -0.41707    0.506766    0.373458  -0.0912099   -0.625297   -0.602831    -1.02968    0.477177    -0.12866    0.197555     0.58067   -0.326533   -0.565379  -0.0224469    0.435142   -0.260145    0.137154   -0.147876   0.0968433   -0.311282    -0.32104    0.249475    -0.42513   -0.462194   -0.566033   -0.402247     -1.2355    0.439396    0.637041   0.0820173   0.0216354    0.361917   -0.257798   -0.680149    0.926932   -0.600078    -1.03722   -0.913086   -0.434359    0.563123   -0.715348   -0.240233  -0.0106043
   0.977584   -0.116177    -0.24297    0.782374     1.05335    0.953275   -0.286576   -0.498421   -0.538211    0.380155   -0.136146   -0.708587     1.00978    0.888497     1.08661    0.840051   -0.800608    0.402384   -0.382569   -0.090875    0.357688   -0.553889    0.145813     1.06192   -0.416249    0.919263    0.867853    0.437086    0.413793   -0.405466    0.445226    0.691322   -0.246059   -0.187265  -0.0972369    0.285961   -0.323316    0.807483   -0.919761   0.0504436   -0.484781  -0.0857718    0.205901    0.513284    0.966483    0.763464     0.76591   -0.195074
  -0.658364   -0.677475   -0.246064   -0.216179    0.182917   0.0319406    0.498689    0.234704    0.144424    0.115099   -0.276891   -0.482115    0.535784   -0.730134   -0.574826   -0.703881     0.64579   -0.243543   -0.501797    0.286892    0.548146   -0.598494  0.00516794    0.744541  -0.0586218    0.566495    -1.21543    0.316776    0.634871   -0.749141   -0.754915    0.410843    0.323478    0.784922      1.0319    0.555934   -0.389053   -0.162743   -0.589226   -0.897627   0.0527223     0.43253    0.968459   -0.746368    -1.06015   -0.710703    0.429815    0.401114
  -0.248916    0.122529   -0.484454    0.545173  -0.0240933   -0.716605   -0.431899  0.00488049   -0.033434    0.113866    0.281267    -0.68622    0.480572   -0.621825    0.530734    -0.11795    0.653316   -0.736021   0.0219637   -0.955296  -0.0249039   -0.600092   -0.431267   0.0828197   -0.876478    -0.77008    0.775246   -0.142241    0.062916   -0.739973   -0.223781    -1.01427    -1.24171   -0.190321   -0.258158    0.698422     1.26554    0.671168   -0.926875    0.597073     1.00624     0.72115    0.740241   -0.106952     1.06949    0.318183  -0.0951185    0.805329
  -0.794107   0.0479659    0.903309   -0.477694   -0.799386    0.229022   -0.441466    0.471441    0.650685   0.0465947   -0.384837    0.592237   -0.526092     0.41017    0.656466   -0.412361    0.439315    0.449724    0.813866   -0.772638   -0.214637    0.529058    0.267603  -0.0138229   -0.031653    0.887676   -0.567216    0.772431    0.833981    0.662629   0.0510541   -0.929681    0.867289    0.391308    0.176372    0.321743    0.716053     0.42795   -0.818813   -0.278836    -1.11932     1.27539   -0.888319    0.744016     0.94553   -0.421517   -0.885333   -0.714283
  -0.795243   -0.121243   -0.600569     -0.9449    0.403006    0.455837   -0.953222   0.0620188    -0.12723   -0.579231    0.106011    0.860263  -0.0649895    0.647367    -1.01701    -0.63598    0.696395    0.268421     -1.2926   0.0768262  -0.0558008     0.97512     -0.3725   -0.739116    0.737388    0.813417    0.404488   -0.135499    0.695807    0.138269    0.510701   -0.271041    -0.16503    0.420654    0.530291   -0.729864     0.47245    0.672796   -0.619065   -0.733978    0.378175    0.566317     0.27426    0.502013  -0.0962525   -0.362456   -0.759588   -0.607403
    1.18024     0.29701   0.0686186   0.0815863    0.431414     0.56673     1.36207   -0.516898   -0.387303   -0.761442    0.102866   -0.858146    0.238346   -0.440561   -0.216919    0.289952    0.555113   -0.229222    -0.45544    -1.12517    0.537597     -0.9502    0.492061    0.657721   -0.672212   -0.540233   -0.568863   -0.454102    0.095925   -0.608329   -0.158959   -0.773715   -0.284188    0.656518    0.863782   -0.960488    0.115503    -1.00212    0.996968   -0.869827   -0.817561   -0.350331    0.472582   -0.613014   0.0950495    0.627222     0.14585    0.160912
  -0.471012   -0.860205   -0.460923   -0.799979     1.07918   -0.662504   -0.872718    -0.54902   -0.390601    0.909938   -0.526717    -0.31806   -0.570927   -0.502101    -0.50659   -0.601692   -0.229586   -0.461883   -0.434741    0.318037    0.216169  -0.0183221  -0.0303607   -0.688892    0.925089    0.853861    0.824233   -0.212015     1.16529    0.329792     1.15961     -0.2712  0.00683494   -0.754963    0.118083   -0.735071   0.0469429  -0.0687329   -0.664534    0.750034   -0.183468    0.838017    0.608696   -0.975913   -0.880842   -0.911806   -0.682386    -1.02595
  -0.165474  -0.0629233   -0.630126   -0.897083    0.551894    0.179229    0.785969   0.0661738     0.57281  -0.0385546   -0.199939    0.222109    0.551566    0.404851    0.392045     -0.8835    0.430074    0.385692    0.388472   -0.658524     1.17165    0.977564    0.529139    0.298563   -0.661997    0.896467    0.580325    0.344737    0.442215    0.698663   -0.748766   -0.758439   -0.987802   -0.242123   -0.236178    0.250056    0.440076   -0.876022    0.337209     1.02386   -0.360104    0.743918  -0.0355482   -0.308311    -1.16071    0.384097   -0.311288   -0.757167
   0.852946    0.769632   -0.558571   -0.723452    0.400964   0.0971382    -0.45853   -0.738831    0.399974   -0.651721    -1.08657    0.679009    0.740378    0.748228    0.403385   -0.653656   -0.422868    -0.32398     0.27101    0.958186   -0.833811    0.788522    0.282556   -0.461639    0.766382   -0.617006     1.29272   -0.562383   -0.115271    0.250557    -0.53362   -0.908034   -0.171351   -0.393462    -0.45281    0.470872   -0.927061   -0.650069    0.372529   -0.605486   -0.102584     0.45541   -0.430043    0.344181   -0.737328    0.529455    0.864621    0.704773
 -0.0321225    0.556599  -0.0540179   -0.155119    0.933852  -0.0549386    -0.91587    -0.82563    0.863171    0.377717    0.020428    0.194859    0.357602    0.421075     0.30198    0.918305    0.759734   -0.806309    -1.00953   0.0393687    0.365805   -0.950331  0.00253181   -0.486472   -0.437342    0.591117   -0.746729   -0.568687    0.325432    0.248423   -0.776409    0.987336    0.495336    0.308548   -0.606677  -0.0432731    -1.12036   -0.202337   -0.201942    0.841557   -0.205575    -0.96073   -0.589598   -0.806106   0.0917831    0.399125    -1.11916    0.290827
   -0.37155    0.652215   0.0102929    0.842852    0.621546   -0.298936  -0.0228961   -0.272397   -0.282582  -0.0204164   -0.176654   -0.269509    0.356082  -0.0432646    0.188851    -1.09191   -0.441174    0.502987    0.923232   -0.543766   -0.183973   -0.273786  -0.0254516    0.207404   -0.336058     1.00844    0.309026    -0.94452   -0.260158    0.286321   -0.966507     1.07538   -0.432141  -0.0823833   -0.566557   -0.988565   -0.856511   -0.908042    0.849878    -0.41546   -0.268491    0.422392    -0.45243    0.399134     0.31851    0.128834   -0.812213    -1.07507
  0.0235881   -0.368346   -0.390022     0.41983     1.22305    0.259564    0.815796   -0.311445    0.787512    0.377238   -0.554452     1.11546   -0.189961   -0.325052    -1.11213    -0.80446    0.206148   -0.216002    0.557106    0.486987   0.0738847    0.255507   -0.239649    0.063905   -0.147001  -0.0482801   -0.862882   -0.632949    0.455088   -0.324206    0.143696    0.224051    0.378341   -0.387696   -0.570797    0.893524    0.484843   -0.420494   -0.647787   -0.447118    0.453069    0.607523   -0.812019   -0.159536    0.644034    0.468052     1.15217    -1.05242
   0.427882    0.417354     1.04913    0.485411    0.979327   -0.500337     1.18628    0.892318   -0.962757    0.301396    0.745936   -0.293273     0.56945    0.536136    0.164037   -0.584065   -0.698272    0.572079   -0.583321    0.184632   -0.609675    0.541059   -0.175044    0.473999    0.120556    -1.22161    0.416301   -0.226468    0.421696    0.545716   -0.810638  -0.0837979    0.562778    0.968398   -0.260532   -0.475796     0.35876   -0.201435    0.784004   -0.539197    0.902937    0.476423    -0.10027    0.298274   -0.512756    0.391577   -0.462543     1.04865
    -0.0764    0.371967   -0.772353   -0.777996     0.49705    0.192633    0.792572    0.735676   -0.329579   -0.452863   -0.492794   -0.472225    0.382543    0.913697   -0.103318   -0.322308   -0.440756   -0.796731  -0.0455674   -0.105779      1.0434     1.27554   -0.215413    0.377412     0.65056   -0.784584   -0.562056   -0.473671    0.823232   -0.682101     -0.8301   -0.243949   0.0373156   -0.860462   -0.735212   -0.456299   -0.125586    0.705627    0.849222    0.462012    0.638306    0.509409   -0.552257    -1.09758   -0.984104    0.786951   -0.475077    0.126589
    1.00697   -0.382419   -0.906305   -0.816892   0.0935117   -0.718518    0.422291    0.262474   -0.916084    0.681887    0.453565   -0.350037    0.315297    0.975584   -0.386222    0.196223   -0.452185    0.258412    0.727785    0.977082    -0.20657   -0.532873    0.200286   -0.343643     1.09429   -0.448292   -0.851093   -0.332875   0.0853862   -0.972664   -0.577081    0.155878   -0.400673   -0.173372    -1.17455    0.555816     0.50553    -1.06775    0.522351    0.383887    0.435105    0.512256   -0.776858   -0.556488    0.318155    0.305049     1.32989    0.707712
  -0.338944    0.321395   -0.105346    0.879136   -0.770534   -0.308999   -0.666272    0.519781    0.591499   -0.879876   0.0815074    0.463172    0.111157    0.934297   -0.985729    0.925039   -0.621742    0.626814    0.708267    0.508012     0.38057    0.277315   -0.529904   0.0501806     1.17489    0.243898   -0.113843    0.666419    0.118132    0.569464    0.814853    0.588694      1.1548    0.524274   -0.157652     0.34537   -0.319478    0.787334    0.963868   -0.768126   -0.482197    0.500354    0.119973   -0.447111    0.964383   -0.180283    0.559812   -0.800303
   0.646715   -0.821488    0.341082   -0.821173    0.442488    0.568974    0.468258    0.921718    0.481891   -0.597017     1.04533    0.209874   -0.454665    0.275871  -0.0763668   -0.738735   -0.799686    0.413109   -0.946921   -0.386208     1.16408    0.318102    -0.19482   -0.948996    -0.84181   -0.510099    0.710846   -0.819078   -0.804918     0.83755     1.04826   -0.597992    0.298254   -0.108761   -0.287564   -0.300382    -0.66746      1.2839   -0.187438   -0.331689    0.628395    0.342032     0.51533   0.0972449   -0.686668   -0.868561   -0.144796    0.448175
  0.0220512    -0.52444    0.594536    0.438283    0.464471    0.657047   -0.299889  0.00876256   -0.371954     0.70058  0.00919004    0.918805    0.218964   -0.258593    -1.10954   0.0707959   0.0448435   -0.329303    0.148174   -0.655815     1.14211     1.04274    0.659664   -0.430618    -1.13494     0.39605  -0.0482633    -1.04768    0.691276     -0.3423   -0.849637   -0.179656   -0.143168    0.427635  -0.0374165   -0.107729    0.687026      -1.078   -0.329936   -0.527632    -1.07873    0.321706   -0.918743   -0.691752     0.52693    0.426524    0.618755    0.748013
   0.690056    0.414071    0.618452   -0.953337   -0.882845     0.25242    0.412422   -0.271884    -0.73197    -0.58738    0.562083     -0.4793      -1.052   0.0336153    0.857274   -0.836308    -0.92386    0.294022    0.423854   -0.142621    0.569963    0.499165   -0.229451   -0.477934    -1.03088   -0.805437   -0.275958   -0.730361    -0.25766   -0.203186    0.409207     0.39647    0.135628     0.96229    0.509252    0.842555   -0.262161   -0.514709    0.617876    0.806259    -1.19796     1.01326    0.539643    0.709303    0.924626    0.220878   -0.530979   0.0471395
  -0.817576    0.519715   -0.933667    -1.12303    0.152219    0.345741   -0.292984   -0.377547   -0.509492    -0.92073    0.222406   -0.140568     0.57146     0.51332   -0.160581  -0.0528307   -0.118894    0.762828    0.801923    0.467531    -1.05303    0.355452   -0.601388    0.431458    0.117488    -1.01058   -0.895993   -0.679391  -0.0967053   0.0404764    -1.07901   0.0816447   0.0685907   -0.392596    -1.10008   -0.929671    0.502474   -0.602543   -0.415166    0.173718   -0.497737    0.471474
 -0.0843372   -0.744493    0.366761   -0.810642  -0.0344739   -0.796251    0.512699    0.575895   -0.891038   0.0878252   -0.633777   -0.531202   -0.273456  -0.0718776   -0.293914    0.572237    0.868367    -0.15109    0.290385   -0.226825   -0.452603   -0.712482   -0.603385   -0.426281   0.0548467   -0.587765   -0.612058  -0.0665102   0.0464191   -0.197981    0.185575    0.474471    0.176293    0.726644   -0.263996   -0.476251   -0.515176    -1.07269  -0.0689868   -0.350081    0.170919   -0.615858
   -1.32837    0.726274   -0.622686   -0.200239     -0.6654    0.920759  -0.0542731   -0.422209    0.414647    0.676156    0.100273   -0.541277    0.274212    0.188627   -0.818825    -0.35238     0.52806    -1.19997    0.549054    0.458267    0.307806    0.153773    0.035024     -1.5266   -0.683616    0.937054   -0.344801  -0.0931978   -0.229452   -0.516491   0.0423107   -0.116153    0.244672    0.309376   -0.865597    0.815531     1.11452    -1.02805    -1.18429    0.131695   -0.765423   -0.553541
   0.425965  -0.0978282    0.509933    0.306039    -0.17477    0.973103    -1.35575    0.498792  -0.0477035    0.377192    -1.03607      0.2177   -0.705122    0.166521   -0.208464    0.511327   -0.567651    0.541588     0.39228    0.885475    -0.38195  -0.0448565   0.0824685   -0.536963    -0.86592   -0.972726    -1.08334    -1.19036    0.291273   0.0898085    -1.46002    -1.10098    0.496431   -0.733466  -0.0895337   -0.530825   -0.620301    -1.12661   -0.432648    0.971232    -1.22758    0.312216
   0.111622  -0.0304108   -0.202281    0.295673   -0.142713  -0.0133236  -0.0228151    0.034924   -0.646691   -0.159488   -0.876774   -0.159884    0.473524  -0.0963971    0.874062    0.245842   -0.687601   -0.248344    -1.01639   -0.519239   -0.562519   -0.851519   -0.320644   0.0741981    0.795431   -0.653942   -0.470919    0.633141    -1.23613    0.823664    -1.17745   -0.103091    0.903553   -0.151653    0.199168   -0.740554   -0.253563     1.04892 -0.00879242   -0.594704    -1.07915   0.0841223
  -0.986397   -0.927478   0.0281275   -0.471956    -0.72659    -1.03008    0.106007  -0.0136909    0.638318   -0.440318   -0.850271   -0.326166     0.79398    0.518062    -0.44771    -0.38694     0.90766   -0.728764   -0.825342   -0.939042  -0.0639924    0.669778    0.727234    -1.14417   -0.847236    0.291768    0.243552    0.817755   -0.941875    0.303171  -0.0318614    0.241588    -0.88021   -0.959228   -0.622106     0.27575    0.600228   0.0669482     -1.0541    0.253902    0.350682    0.710514
   -1.00479    0.386622   -0.687145   -0.582682    -0.62377   -0.683461    0.441794     1.08054   -0.621903    -1.16157    0.574063    0.690533    -1.44834    0.363658     0.50258   -0.448462   -0.996086   0.0416956    0.462242    0.748475   -0.430698   -0.755529   -0.903473    0.086192    0.124307    0.266911   0.0155904    0.678635   -0.705431   0.0347057    0.531828    0.447867   -0.206495    0.349339   -0.758194    -1.65163    -0.37174    0.219635   -0.135497   -0.873786   0.0883344   -0.103417
   0.500646    0.217135    0.228426  -0.0698559    -1.24741    0.170942   -0.513764   -0.329169   -0.171197   -0.541846   -0.903667   -0.243955    0.802834     0.20556    -1.31119     1.06972    0.718633   -0.935365   -0.906387   -0.288701    0.245284   -0.142274     -0.3412   0.0766075   -0.896396   -0.995895    0.488018   -0.279304    -1.32026    -0.94598   -0.131631    0.903694     1.06431    0.742079   -0.616172   -0.339966    0.708641    -1.42253    -1.16275    0.944461    0.493176    -1.12731
  0.0310036    0.123345    0.528982    0.789458   -0.392007    0.472646   -0.988225   -0.463959   -0.824578    0.705563   0.0297766   -0.491147    0.831251    0.029619     1.36714   -0.705827    -1.10257   0.0451358     0.60866    -1.00633   -0.747664  -0.0788604   -0.376827    -1.18234   -0.904543    -1.10579   -0.875167   0.0653928     -1.3019    0.141857    0.883069  -0.0181455    0.123631   -0.874626    0.801939    -0.48511     1.32944   -0.873007   -0.820582    0.308047   -0.478979   -0.335975
  -0.414192   -0.507306    0.723211    0.678575    -1.08098   -0.434854    -1.18093   -0.956302   0.0713983    0.455993   -0.301174   -0.605851   -0.314093   -0.968582     1.18246  -0.0136063   -0.824616    -0.13263   -0.400324    0.833611   -0.282225   -0.087331     1.38402     0.58034    -0.93227    -1.16851   -0.165537   -0.113708  -0.0329539   -0.953747    0.663275   -0.547273   -0.221649     1.15636    0.319128   -0.982517   -0.376722    -1.62719    -1.00613   -0.348884    0.631368    0.656539
   -1.04611   -0.298226    0.236729    -1.31847    0.417413    0.362538   -0.630113    -0.27101   -0.948596     1.21654   -0.777649   -0.169033     1.36039     0.11643   -0.351131    0.138059    0.136491   -0.972171    0.437975    0.644882     0.50774   0.0101598   -0.615648    -0.35376    0.815732    -1.24387    0.681017    -1.01963    0.533849     0.22156   -0.676929    -1.10587   -0.415429    -0.29156    0.545903   -0.912663   -0.512406    -1.22304   -0.226045   -0.658093   -0.766109     1.00385
  -0.908987    -0.46563     0.90017    0.879649   -0.640604    0.669517    0.442511   -0.611573    0.506699   -0.819313    0.333342   -0.282687   -0.422533   -0.527451   -0.896478    0.415247    -1.03784   -0.889469   -0.490677   -0.479611   -0.844369   -0.977275    0.880635   0.0442262    0.462807  -0.0657834   -0.337108    0.906929    -0.29298  -0.0339241   -0.461899   -0.709581   -0.479794    0.303349   -0.318753  -0.0186126   -0.978694   0.0438857  -0.0349175    0.177908   -0.079549   -0.298765
  -0.316821   -0.910516   -0.702725   -0.914017   -0.599187   -0.310448    0.755943   -0.247634    0.240978   -0.718065    0.571569    0.587986    0.547477   0.0896063    0.313786    -1.04513   -0.519525   -0.849198    0.991249   -0.187856   -0.749291   0.0430928     1.47976   -0.899302   -0.387393    0.117158  -0.0290352   -0.874367    0.981723   -0.652819   -0.851153   -0.134868    -1.16543    0.607974    -0.11122    -1.04839   -0.247055    0.744014    0.271713   -0.001156  -0.0896204   -0.517245
 -0.0435304    0.055308   -0.629692  -0.0521315   0.0333875   -0.241185   -0.500441   -0.841251   0.0166779    -0.49897   -0.452294   -0.789536   -0.487346    0.459339    0.369378   -0.921817    0.437981  -0.0915289    0.924201    -1.01041   -0.792452    0.781138   -0.626126   -0.632619   -0.388778    0.848651    0.502109    0.362784    0.242243    0.844958    0.114312    0.489148   -0.851141    0.358974    0.672737    -1.06365   -0.422556   0.0115792   -0.820524   -0.748212    -1.04244    0.750491
  -0.191648    0.729578   -0.952763   -0.407615   -0.922163   0.0387893    0.345812   -0.314148   -0.224712   -0.874072   -0.907953     0.33916    0.698746   -0.350398    0.431828     0.22049    0.595067   0.0696039   -0.117735    -1.22091    -1.14163    0.167537    0.759362   -0.620964     0.23845    0.145858    0.527421    0.300663  -0.0100017   0.0410851    -1.17598  -0.0839596   -0.285466   -0.172965   -0.205648   -0.708389    -1.00059   -0.599111   -0.346585   -0.687639    0.061535   -0.803806
   0.137769   -0.649756   -0.978107    0.797411   -0.553026     0.30638   -0.220637  -0.0665013   -0.395111   -0.639675   -0.929779   -0.318855    0.500759    -1.17011   -0.544074    0.712263    0.142156   0.0574133   -0.400077    0.630578    0.395147    0.353565    0.238287   -0.055601   -0.305581    -1.09927   -0.405168   -0.727597     1.03396  0.00162498    0.673699    0.239666   -0.154848   -0.181274   -0.539555   -0.920915    0.229155  -0.0932459   -0.821941    0.736921    0.723509   -0.264395
   0.277855   0.0399045   -0.681377   -0.317704   -0.823642    0.293596    0.780795   -0.853552    0.451647  -0.0157772    0.285694   -0.325399    0.201465    -1.11273    0.445423   -0.761884   -0.898335   -0.256366    0.241958    0.713023    0.693088    -1.08588   -0.441972   -0.353244   -0.192533   -0.756466    0.412763   -0.121094   -0.653491    0.575533   -0.566111     0.15182    0.297002    0.455829    -1.04515    -1.05051    0.794513    0.165221   -0.609576    0.258253    0.227604   -0.430988
  -0.982517  -0.0621603   -0.475505    0.575194    0.409369    -1.32511   -0.797905    -0.85588   -0.345403   -0.481476   -0.186568   -0.783634   -0.853052    -1.43848   -0.606907   -0.929754   -0.868882   -0.791206    -0.88239   -0.728267   -0.404172   0.0925204    0.168302    0.235075    0.871127    -1.12735    0.552442    0.535582   -0.486961   -0.356603      0.4938    0.182786   -0.559296   -0.953369    0.583753    0.577002    0.379067    0.475108    0.274012     1.27539    0.665147   0.0779915
 -0.0092474   -0.365659   -0.810839   -0.732885 -0.00478887    -1.29548   -0.776681     0.64822   -0.902413 -0.00826323   -0.227586   -0.143626   -0.530752    0.334362    0.943318     1.13607    0.336959   -0.997897    0.722385    -1.45528     0.28697    0.709237     1.19971    -1.17731   -0.675936    0.163725    0.299079   -0.824057    -1.08814     0.77783   -0.590603    -1.07145    0.738861   -0.786769    0.679721    0.572441    0.428188   -0.705783  -0.0792116   -0.971935    0.686343   0.0868047
   -1.20081    0.158908    0.488187   -0.568356     -1.2289    0.612697    -0.47974   0.0176571   -0.228456   -0.395597  -0.0664641    -1.03176   -0.865901   -0.315196    0.857068   -0.691003   -0.749912  -0.0890889  -0.0791129   -0.800859   -0.983994   -0.118134   -0.395223    0.484751    0.107152     1.09441    0.916134     1.14328   -0.247114   -0.587897    -1.34056   -0.698365    0.937039    0.107069    0.807997     0.35208   -0.133483   -0.973328     -1.0867   -0.210896    0.861732    0.146947
    0.81428    -1.18125    0.707036    0.105709   -0.297149    0.661514    -1.04348   -0.674527 -0.00778871    0.300441   -0.603662    -1.27044   -0.558389     -1.1153    -1.35769   -0.520663    0.800826    0.231789     1.16845     0.33611   -0.626532    -1.03918   -0.688788   -0.818944   -0.936027    0.921637    0.610624   -0.253363    0.685832    0.227512     0.66239    0.348092   -0.883779   -0.820425    -1.52326  -0.0309096   -0.795338   -0.466891  -0.0594449    0.239628   -0.700034 -0.00335066
  -0.135078   -0.723502   -0.169745    0.359784  -0.0513006   -0.509393    0.748633     1.14266    0.920494   -0.362651   -0.115759    -0.51478  -0.0289845   -0.757697  -0.0128669   -0.569697    0.117494    0.506126   -0.658147    -1.13858    -1.84066   -0.178749   -0.384239   -0.786259    -0.41405    0.974856    -1.31391   0.0323856    0.616696    0.123296    -1.46247    0.614572    0.275711   -0.786433  -0.0391763     -0.2935   -0.380534   -0.438917    0.248476   -0.715047   -0.830585    0.913407
  -0.990252   -0.391769   -0.811204   -0.337959     0.30206    0.525232    -1.25355     1.00434   -0.204418   -0.382794   -0.788442    0.179042    0.593448  -0.0948595    0.854505   -0.862647   -0.148041  -0.0532931     -0.9559    -1.36092   -0.642685   -0.663677   -0.275582    0.451438    0.597708    0.132456   -0.946513   -0.903564     0.12467    0.453244    0.382225    -1.20749     0.16832    0.157217    0.614344   -0.320752    0.553881    0.080818    -1.13277    0.792327   -0.111212   0.0712201
   -1.17061   -0.420327   -0.643781   -0.697558    -2.12177   -0.535346     -0.1255    0.360389    0.943771    0.100036   0.0463811    0.352563   -0.343005    -1.20923    -1.09582   -0.985235    0.562983    0.766699   -0.116705   -0.392035   -0.192434    -1.29106    -0.23032    -1.12945     1.06378   -0.413845   -0.632487     1.07954    0.198662    0.401548    0.760692   -0.884531    0.686397    0.445754    0.385333  -0.0900366    0.652116    0.890563     0.51205   -0.264793   -0.312975   -0.586649
  -0.715241   -0.196526   -0.280841   -0.231912   -0.324952   -0.213002    0.261353    0.816035   -0.353387     0.32762    0.745115    0.354291    0.805214  -0.0821405    -1.03772    0.480349   -0.173566    0.160717   -0.221113    0.147049     -1.0908   -0.394524   -0.592669    -0.94289    0.477126    0.582495    0.280876   -0.157633   -0.703936   -0.923975    -1.36214     0.33214    0.699274   -0.596065   -0.195819   -0.417491   -0.220453    0.240426   -0.340105   -0.346004    0.266756     -1.0677
   0.188236     1.24574   -0.179957   -0.176701    -1.25366  -0.0042335    -1.27738     1.01869      1.2859    0.852785    0.105245   -0.879066   -0.198008   -0.766716   -0.594409    -0.07554   -0.418406   -0.535361   -0.920429   -0.409415    0.469505  -0.0191943   -0.853815   -0.858427   -0.737965   -0.784949   0.0599033    0.479281    0.319355    0.635896     0.21263    0.246249     0.58182    0.472502    0.107553   -0.176274    -1.21784    -1.33788    0.468454   -0.526954    -1.06714   -0.144447
   0.287929    -0.37326    -1.04998   -0.669596     0.35329    0.571693   -0.816256  0.00306262    0.725013    0.449291   0.0904219   -0.341425    -1.03324    0.579672    0.553499   -0.333002   -0.719583   -0.146708    0.470875     -1.1808    0.441669    -1.10783   -0.944202    -1.06959   -0.403882   -0.846663   -0.894693   -0.482736   -0.465649    0.143609   0.0161392    0.510298    0.852407     0.69078   -0.117104   -0.828508    -0.78665   -0.752981   -0.231116   -0.222573    0.607926   -0.194749
   -0.12089   -0.379533  -0.0050739    0.303137    0.196341   -0.321257    0.355698   0.0603209    -0.46064   -0.185598   -0.281725    -0.64983   -0.891318   -0.977589    0.376691    0.680125   -0.495641   -0.307256   0.0547554   -0.345379    -1.02614   -0.483525    0.750815   0.0653809   -0.499374     0.41727   -0.192837    0.161944   -0.919989   -0.796191   0.0666363    0.629927    0.438203    0.400459    -1.04035   0.0235218    0.347169   -0.725324    0.318814   -0.794494     -0.9724   -0.301207
   0.011538   -0.770587   -0.964038   -0.772228   -0.783897   -0.869181   -0.769115    0.129542   -0.234223   -0.168122    0.288002    0.106865  -0.0802478    0.492976   0.0483911   -0.568797   -0.734297   -0.641889    0.180361   -0.888612    0.461372    0.752015   -0.806106   0.0300633   -0.728305    0.373002    0.894167   0.0679108   -0.052858   -0.976583   -0.980374   -0.498676    0.826311   -0.821259   -0.940198   -0.818747    0.239848    0.744055   -0.418856   0.0607115   -0.814931   -0.102606
  -0.330834   -0.429358    0.171827    0.220491    -1.23335    0.293419    0.433859    0.137591   -0.224013   -0.250196   -0.371252   -0.105402    0.705228   -0.411218   -0.583699    0.607381    0.536376    -1.24065   -0.721875   -0.508785    -1.23815  0.00348094   -0.626581   -0.209631    0.607966   -0.661299  -0.0140783   -0.754407    0.580349    0.946091  -0.0403352   -0.921404     0.60298    0.141117    -1.23425   -0.850119   0.0723263   -0.324401   -0.361626    0.114208      0.4464    0.672547
   0.100636    0.918889    -1.66617    0.550864   -0.534055    0.328993   -0.667248   -0.967136    -1.44799    0.820992    0.688155   -0.517523    0.484718 -0.00539949   -0.561492   -0.081344    0.269229   -0.474861    0.213352     -1.0035    0.469138  -0.0147348    -1.10161   -0.187933    0.721513   -0.119561    -1.01419    0.610541    0.754331    0.310292   0.0918066    -1.45746     1.08981    0.987536   -0.100812   -0.621371   -0.601353    0.595912    -1.20473   -0.746408   -0.852094    0.937836
   0.252721    0.649328   -0.867702   -0.867703     0.42224    0.589054  -0.0408313    0.765183    0.247332   -0.177272   -0.396128    -1.01244   -0.507901  0.00494202   -0.949451    0.426803    0.125647   -0.748317   0.0877814    0.598534    0.404487    0.106977    -0.39877   -0.505493    0.358544     0.27459    -1.10448    0.330451   -0.939318   0.0949868     -1.0315    0.522214    0.016613   -0.277959    -1.02615    -0.72217   -0.172271   -0.760298    0.170814   -0.702823   -0.351859   -0.572801
   -1.11456    0.481506   -0.240305     0.71064   0.0601484    -1.68181  -0.0681847   -0.713678   -0.224271     0.98679  -0.0733568    0.441533   -0.600246    -1.13093    0.283051 -0.00542173      1.1422   -0.111056    0.430967     0.36408   -0.744216    0.379811   -0.089659     0.49911    0.382539    0.124425   0.0813315    0.540857   -0.577725   -0.155191    -1.10105    0.761697   -0.244964   -0.331968   -0.920249  -0.0833978    0.335948   -0.358268    -1.22125     1.06366   -0.685932    -1.33956
   -1.24076    0.293386    -0.41241   -0.780344    0.675834    0.226831    -1.01224   -0.198215   0.0678592    0.463592   -0.520741    0.572483   0.0566603   -0.367709   -0.130282    0.340479   -0.143254   -0.392747   -0.247393   -0.827572    0.117732   -0.731371  -0.0241142   -0.104961     -0.7183   -0.326383    0.635329   0.0801335   -0.260359    0.960343   -0.723268    0.612614    0.521149  -0.0630609   -0.995665   -0.354507   -0.659706    0.780016   -0.827414    0.769431   -0.293223   -0.908919
 -0.0118095   0.0859486    -1.15527     0.87976   -0.250237    0.634303   0.0471855   -0.168178   -0.775843   -0.572926   -0.560935    0.300559    0.161826   -0.200168   -0.566686   -0.343946     1.20862    -1.43711    -1.17626    0.622296   -0.874886    -1.52147    0.596051    0.177587    0.538664    0.741439   -0.882879    0.598479    0.261003    -0.84762    -1.04015   -0.393403   -0.728976   0.0452399    0.607118   0.0677457   0.0201944   -0.975485    -1.17647   -0.958142    0.263403    0.727185
