no weights
     1.34892    -0.278869    -0.764109    -0.138341     0.678421     0.163948      0.12425    -0.131459     -0.69743   -0.0288082     0.474353    -0.459474     0.256293    -0.580582    -0.414526    -0.592145   -0.0111159      1.05162      1.21259    -0.759905     0.504435     0.956167    -0.554142     0.382255     0.683237     0.659848     0.901249    -0.443666    -0.508005    0.0711071    -0.579906    -0.484298     0.583246     0.399692    -0.241999    -0.233252    -0.226388     0.750982     0.264667  -0.00727596    -0.420687      1.23943      1.05808    -0.453283     -0.93957    -0.274432     -0.09588      1.02264
   -0.381998      1.07978    -0.791205     0.231582   -0.0283553      1.42045    0.0262096    -0.817372     0.124933     0.108435      0.90664    -0.228647    -0.540642     0.173759    -0.878689    -0.805882    -0.171151      1.08447    -0.837234   -0.0340688     0.197221    -0.784752      1.09823     0.179875      0.58755     0.534859    -0.148978    -0.800871      0.84008     0.636507    -0.602669     0.440159     0.310083    -0.511829     0.411072    -0.543421    -0.390146     0.551039     -0.72127     0.889887     0.455039     0.162007    -0.650844     0.750427    -0.529858     0.215403   -0.0417472      1.10418
     0.97263     0.734841    -0.369007   -0.0618172    -0.289449     0.346756     0.689975     0.577208     0.353651     0.027975     -0.31168       1.1741    0.0560013     0.932304    -0.239074     0.834837    -0.636141     0.237416     0.314709     0.959469     0.982883     0.645872     -0.26435      1.08222        0.227    -0.109917    -0.647688    -0.792925     0.921105     0.478504     0.168098     0.250246     0.882536     -0.90675     0.552718    -0.421615     0.326055     0.735173     0.938747    -0.640651    -0.300876    -0.914983      1.55498     -1.02801     -1.47584     -1.09366     -1.43796    -0.145897
     1.22141     0.411922     0.272981    -0.352384    -0.767274      1.38569    -0.275306    -0.406847     0.154276    -0.604306    -0.246774    -0.790519   -0.0497971    -0.810674    -0.546575     -0.58793     -0.78281    -0.475928     0.672573     0.650935     0.611492     0.100244     0.415111   -0.0852024    -0.323425     -0.71542    -0.918562    -0.743592    -0.749215     0.630023     0.430931      1.17487   -0.0150707     0.922832    0.0996905    -0.118815    -0.958283    -0.583006     0.505726  -0.00359758    -0.426139    -0.776327    -0.992365      1.26516   0.00685933    -0.793878   -0.0335428     -1.27682
    0.596199    -0.677983      1.01976     0.241271     0.114351    -0.435962    -0.261442    -0.283819     -0.74819    0.0072746    -0.054399    -0.821663     0.833299    -0.623671    -0.383365    -0.078292     0.357003    -0.549598     0.166193    -0.161108     0.374041     0.873639     -1.20313    -0.131659     0.268508     0.981333     0.479451      1.14123     0.127341    -0.982922    -0.819656     0.416132     0.498131    -0.569322    -0.100929    -0.137688    -0.482737     0.396891      1.03798    -0.548738    0.0698765   -0.0707512     0.848142      -1.1628    -0.450642    -0.564495     0.212643     -1.03318
    -1.20629     0.236164      1.05591    -0.614415    -0.473633    -0.421676    -0.569415     0.500008    -0.983412     -1.08396    -0.120049    -0.763393      0.64499    -0.472154     -0.46247    -0.629649     0.309337    -0.550824     -1.14308    0.0575228     0.821244      1.19479     0.661884     0.126822     0.584582    -0.733556      1.00446    -0.707056    -0.754411    -0.904612     0.595791      1.54178     0.131596     0.242842    0.0386508     0.307771    -0.568959     0.855762      1.03004    -0.745253     0.775146     0.361853     0.750127    -0.616398    -0.870348     0.871501     0.855123     0.266442
   -0.350932    -0.443753     0.192849    0.0219515     0.445217    -0.770181     0.570772    -0.302019    -0.486521     0.614527     0.371289     0.368665     0.242862     0.426311    -0.989468    -0.530448     0.231523     0.224383    -0.492281    -0.231545     0.192714   -0.0573217    -0.119467     0.460377     0.125739    -0.395053    -0.562506     0.491222       1.1027     0.386748   -0.0604883    -0.875894     0.761769     0.513051     0.776959      1.08537     0.234237     0.189699     0.583281    -0.563866    -0.318144     0.917775     -1.12753      0.46886      1.04627    -0.372436     0.561874     -1.41215
    0.283335     0.306982    -0.407221     0.279183     -1.08296    -0.789372     0.318801     0.681136    -0.411461   0.00750681    -0.461574   0.00140771    0.0953531     0.263726     0.366886    -0.513029    -0.485295       0.5163    -0.599751    -0.307994    -0.353505     0.352133     -1.06507    -0.519579      0.96517     0.567066     0.628001     0.398041     -0.14249      0.22194    -0.555538    -0.965957     0.014158     0.979362     0.204366   0.00755879    -0.805122     0.826213     0.617517     0.172053      1.32235     -0.60972    -0.478201     -1.25285      0.18556    -0.919422     -1.01432     0.268655
   -0.286379     -0.35301     0.309583    -0.595626    -0.185265      1.55106     0.851088     0.731348     0.366711      1.06266    -0.062038      0.57599     0.609925     -1.15976     -0.45706     0.145205     0.904425   -0.0219303     0.207264    0.0703274      0.18626      0.70102    -0.600624    -0.865665     -1.14393   0.00808775     0.584033    -0.358942     -0.82407     0.479653     -1.04276    -0.114019   -0.0177854     0.161161    -0.302291     -1.18575     0.116529     0.140226    -0.120512     -1.03233   -0.0734582    -0.787728     0.583702    -0.278139     0.708876    -0.138726     0.982238     0.328745
    0.385861     0.496432    -0.303057     0.880601     0.471948    -0.299402     0.220669     -1.02097     0.717208    -0.348767    0.0918758     -1.18374  0.000899693       1.3219    0.0677934     0.872295    -0.744511     0.257286     0.239946     0.522758    -0.317175     -1.11279    -0.122838    0.0739741     -0.54437    -0.202839    -0.784126      1.06683   -0.0200465     0.585238      1.08988    -0.628504    0.0791127     -1.40058     -1.03243    -0.611032     0.743325     -1.08798     0.150164    -0.652843     -0.97548     0.302029    -0.567401     0.369167    -0.447214     -1.23566     0.642351     -1.67971
   -0.138487    -0.118426    -0.237297      0.40464     0.614163   -0.0946618     0.750222    -0.609086    -0.658607    -0.698311     0.769121     0.416358    -0.286398      1.12035    -0.761702     0.151577    -0.117413     -0.22532     0.489335     -1.31982    -0.438166     -1.23332    -0.757297    -0.116959   -0.0983423     0.201994      0.65663   -0.0906136     0.678463    -0.321369    0.0404192     0.224208     0.532205      1.09819     0.303881     0.270025    -0.496484     0.445691     0.388055     0.190586    -0.200521     0.134261    -0.397855     0.408307     -0.62621      0.12224     0.116947      1.41248
    0.383466    -0.550853   -0.0901695      1.23872     0.871573     0.931247    -0.430295     0.640303    -0.292506     0.156243     0.924875    -0.971192     0.344994     -0.82725      0.45613   -0.0911019    -0.190444     -1.19084     -1.09298       0.2617     0.930817   -0.0205178   -0.0724821   -0.0230259    -0.355979     0.872681    -0.628706     0.658242     0.937759     0.963239    0.0616804      1.09968    0.0267299    -0.509946     0.869887     0.136123     -0.72474     0.559738     -0.50789 -0.000696926     0.873695     0.870785     -1.01156     0.307155    -0.894671    -0.159911    -0.807767    -0.644977
     0.53449    -0.290412    -0.113073     0.229897    -0.122899     0.264274   -0.0920867     0.327266     0.325216     0.110545    -0.222009    -0.491201     0.202502    0.0258389     0.644949     0.702128    -0.959851    -0.414953      0.71625    0.0983609     0.746702    -0.723868     -0.55569      -1.2051      1.21675      0.68616     0.279821      1.05097    -0.496185     0.600397     0.616987    -0.992591     0.101362    -0.572516    -0.474396    -0.792078    -0.311061     0.249134       0.9981    -0.404949   0.00865525    0.0411911      1.27996    -0.821444     0.468319     0.928231     0.710298     0.223122
  -0.0789798      1.02973    -0.168236     0.584664    -0.528973    -0.193616    -0.794981     0.711106     0.779568    -0.796251     0.252654    -0.319293    -0.799942     0.563942     0.437787     0.940112      0.73098     -1.01989    -0.179698     0.406692     0.233745    -0.841313    -0.313561     0.391606     0.379681     0.454868   -0.0970641     0.766377     0.931739    0.0645547     0.260697     0.184062    -0.892578    -0.137764     0.646483    -0.412772     0.790312    -0.210786    -0.277341   -0.0459186     0.925003   -0.0803286     0.741443     -1.13011    -0.801724     0.839457    -0.211544    -0.915201
     1.53164     0.645134    -0.993723     -1.02889   -0.0143416    -0.300233     0.788986    -0.479825     0.313457     0.638855     0.891217    -0.496519     0.998386     0.655474     0.763013    -0.803627     -0.23397     0.148929     0.881873     0.112539   -0.0577579    -0.521916     0.739049   -0.0315949     0.334687     -0.40861     -0.65163     0.982741      0.40305     -1.08644     0.690645      1.00546     0.267568    -0.402845     0.546265     -1.26429     0.806703    -0.562057    0.0961195     0.887518    -0.310269     0.262771     0.316385     0.352082    0.0645815      -0.8933    -0.922381    -0.176015
     0.90908      0.73668     0.692875     0.805287     0.604236      0.60543     0.441276    -0.130294     -0.26498    0.0935205    -0.541417    -0.634079    -0.480479     -1.26303      1.30467    -0.357148     0.684782     0.656699    -0.596234      1.06918    -0.848457    -0.816606     0.851384    -0.232934     0.259882     0.853047     0.716217    -0.715843    0.0118791     0.453639     -0.92276    -0.265416     0.918766    -0.617926     0.223128     0.566514    -0.521193    -0.699173     0.481642     0.300935     0.597797    -0.024212    -0.224513    -0.685792    -0.233732     0.676856    -0.214608    -0.507663
    0.272112    -0.505273    -0.985517     0.425926     0.150043     0.567252    -0.511305    -0.637579     0.767527     0.284667    -0.498462    -0.474985    -0.649751     0.205585    -0.761535    0.0365879     0.148145     -0.18203     0.395835    -0.798529     0.653889   -0.0787647     0.040978     -0.40918      1.56462    -0.197044  -0.00572564    -0.251137     0.977508      1.10652     0.800826    -0.185166    -0.525181    -0.522586     -1.02957    -0.107956    -0.648915     -0.64484    -0.539954     0.614168    -0.491094      1.22002    -0.660028       1.0783     0.607882    -0.717596      0.24802   -0.0952199
   -0.163079     0.394317     0.614227     0.919249    -0.107861     -1.01203    -0.880041     0.218632    -0.576982    0.0843259    -0.569212     0.465887   -0.0124956     0.450462    -0.927995     0.436316      0.71048     0.783839     0.362841     0.630282    -0.164777     0.661343     0.235562     -1.42974     0.215231    -0.199975      1.38926      1.07347     0.620071    0.0599815      1.11818    -0.682097    -0.546654    -0.536468     0.590693     -1.04881    -0.426641     0.317918    -0.771672     0.761345   -0.0624028    0.0717935    -0.872768    -0.354606    -0.331079    -0.143451    -0.830272    -0.209953
    -1.31891     0.291435    -0.575198     0.714059     0.193173     0.260101    0.0940166    -0.767034    -0.566881    -0.651321   -0.0213588   -0.0496436    -0.722396     0.370026     0.275614     0.799543    -0.758692    -0.790782     0.756128     0.443604     0.121784      0.34722   -0.0454726     0.418364   -0.0427023     0.217043     0.425242     -1.09115    -0.248664     0.346463    0.0540781    -0.560215      1.19113     0.327978      0.54254     0.141481   -0.0758708     0.828644    0.0134001    -0.238244     0.174307     0.340117     0.233401      0.30405     0.423674     0.533101    -0.586709      1.33402
  -0.0691846    -0.265943     0.522822      0.62897    -0.486215    -0.155564     0.206086     0.186981    0.0580249    -0.281799     0.138782     -1.11379    -0.493104     0.855858    -0.687457    -0.594404     -1.30161     0.646357     0.294549   -0.0799328    -0.999547    -0.311775     0.189191     0.568075     0.417495     0.414455     0.372422    -0.779789      1.04885     0.112454     0.572767    -0.668906   0.00663167      0.81598     0.570561    -0.417785     -1.48541     -0.56889     0.585975    -0.281877     0.286109    -0.330631     0.110538      1.05524       1.2993    0.0922275     0.858451    -0.766682
    -1.32976     0.464536    -0.740275       1.0432     0.851509      0.68334    -0.596932     0.634794     0.644852    -0.544941     0.106849    -0.575632     0.791239       -1.152     0.773236     0.179228     0.969746   -0.0405422     0.663309     0.653537       0.6142    -0.202075     0.657707    -0.627397     -0.41346      1.12562     0.687977    -0.365223    -0.689454     0.281583     0.885501     0.641726     0.317195    -0.555492    -0.284171     -1.20186     0.415801      1.03775     0.196912   -0.0987025    -0.773332     -1.22423     -0.12997     0.049461  -0.00988255    -0.254995    0.0471183      1.55263
   -0.572272    -0.405278      1.00126     0.750298     0.762962     0.139085     0.183935     0.143524     0.188748    -0.291279      0.24336    -0.379166     0.518161     0.612338     -1.19062     0.170591     0.515059   -0.0401015    -0.027693     -1.01285    -0.257156    -0.213678    -0.593126     0.607638    -0.421008    -0.312277  -0.00301475      1.00464     -0.63835      0.50788     0.717757     0.110902     -1.20944    -0.673484    -0.135913    -0.821742    -0.722275     0.579883     0.981038      1.15564    -0.662343     0.283011    -0.323496    -0.267108    -0.332291   -0.0786842     0.189988     -1.39546
   -0.893394     0.105299    -0.614102      1.11477     0.630783    -0.984803      1.35208    -0.651938     0.798323     -1.01049    -0.804247     0.615623     0.166089     0.925465    -0.304513     0.546495    -0.746125    -0.113917    -0.861371     0.318448       1.0617    -0.256072     0.586667     -0.62055    -0.877422    -0.942988    -0.964784    -0.482099    -0.431831   0.00799469    -0.665793      0.27888   -0.0868466    -0.396431    -0.266942    -0.980217      0.74159     0.816925    -0.296653    -0.141353      -0.4357    -0.537858     0.554849     -1.07743     0.040323    -0.554092    0.0742086         -1.5
    0.707101     0.801704     0.183881      1.21766   -0.0560392    -0.347562     0.454558    -0.152295    -0.460417     0.604504     0.345554     0.631336     -0.39554    -0.636841     0.355663     0.638947     0.992994     0.125921      1.16148    -0.162838   -0.0403026     0.214609     0.383097    -0.104546     -0.14086     0.360403     0.216379    0.0597596    -0.191522     0.982034    -0.190587    -0.541012     0.502769    -0.766885    -0.497172     0.015076     0.478041    0.0914358     0.558222     0.993763     0.572733     0.520025    -0.127722    -0.286318    -0.503508      0.53929      1.15008     0.847924
   -0.910031      1.39449    0.0992688      1.08817     0.919347   -0.0896652     -0.49572    -0.556916    -0.320879     0.122089    0.0940314    -0.219421     0.466727    -0.700892     0.023283     0.347921    -0.616035     0.388126    -0.233114     0.390138     0.439176    -0.846627     0.371235    -0.931012    -0.897603     0.601943     -1.31778     0.231863    -0.271646     0.740053    -0.101324     -1.06418      1.04121    -0.418717     0.126194     0.831879     -0.79441    -0.299863    -0.600482      0.59149     0.472617     0.905619    0.0802964    -0.654131     0.903118    -0.710261    -0.500912     -1.34333
   -0.287579    -0.342896   -0.0488369     0.292465    -0.745363    -0.912572    -0.174751     0.239583     0.666151      1.00486    -0.849036      1.56771    -0.296947    -0.489594     0.814497    -0.676464     0.714469     0.852124     0.666026    -0.765525    -0.486117   -0.0826235    -0.169442    -0.142047     -1.08504     0.211186    -0.770373      1.04801      0.83182     0.506988     0.485215     -0.27851     0.304668     0.824658      0.80711     0.938874     -1.01168   -0.0269753    -0.523637    -0.333095      0.67699     0.594798     0.862623      1.11416     0.338169    0.0488214    -0.328288    -0.267227
   -0.803505     -0.38919      0.76826    -0.516148    -0.286164    -0.618942      1.05994    -0.511982     0.766403     0.269961     -0.46539     -1.18825    -0.487938     0.618559     0.196274     0.190079     0.223147     0.737599     -0.86466    -0.128817     0.463899     0.439562    -0.146129    0.0213258    -0.129778   -0.0769041    -0.649333     0.487675    -0.838962     0.133447    0.0126773      1.07495     0.880755     0.970415    -0.442944    -0.559801     0.307958    -0.754259    -0.149792     0.523362    -0.722564      -1.0615    -0.819679     0.292491      1.12826     0.600943    -0.479431    -0.934079
    -0.93671     0.730409     0.501319     0.736743     0.966978    -0.137742    -0.832988     -0.55703    0.0757016    -0.317888    -0.201476    -0.167442     0.514811    -0.638237    -0.543694     0.255982     0.334912    -0.824585    -0.337649    -0.902696     -0.43611     0.910009     0.421594     0.686462     0.205664    -0.101223    -0.865606     0.403871     0.270269     0.240061      1.22924    -0.271988    -0.385749     -0.94758     0.349222    -0.522309     0.478228     0.621363      0.53647     -0.62905    -0.033734     -1.31456  -0.00375205     0.293653    -0.446204    -0.752683    -0.841092    -0.719868
     1.86821      0.04472     0.608092      1.06257     0.586607    -0.667713    -0.965099     0.089707     0.509269    0.0791132     -1.03061     -0.93114    -0.602022     0.509232      1.04837       0.6488    -0.263885     -1.25803     0.725693    -0.133868    -0.252602    -0.657997     0.332928     0.275718   -0.0477559     0.494576     -0.77268     0.388391     -0.83147     0.249249    -0.938085       1.0039     0.401957     -0.79122    -0.130503     0.546061    -0.115949    -0.609436    -0.085897    -0.319325     -1.12861      -1.1865      1.35801     0.785046    -0.495253    -0.197961     0.166443    0.0803345
   -0.489302     0.664442      1.06073    -0.609236    -0.560299      1.08355    -0.134406    -0.864046     0.922882     0.921336     0.631742     0.429863     0.510613    -0.145409   -0.0235202     0.573998     0.589762     -1.15257    -0.858054   -0.0790226    -0.773097      1.25202    -0.891876    -0.409464     0.521657    0.0526319    -0.301849      1.20512    -0.419176     0.601178     0.666804     0.642253   -0.0915523     0.904839    -0.523075     0.562975      1.04722     0.164696     0.237322    -0.597701     0.262296     0.378633     -1.09768    -0.449614     -0.66945     -1.16681     0.149521    -0.280738
     1.11383     0.914407     0.338091     0.335519    -0.897143     0.707871    -0.215219     0.152853    -0.413855     -1.00316   -0.0307056      1.03489    -0.944723    -0.652219     0.720482    -0.616395      0.86024     0.914732    -0.855027    -0.325413     0.576619    -0.493747   -0.0881933      1.08586    -0.540616  -0.00602267     0.664529    0.0772998    -0.130678    -0.496009     -1.45672    -0.887747     -0.69121   -0.0732191     0.180591     0.737904    -0.118849     0.596385    -0.049153    -0.970317     0.170478     0.384014    -0.638591      1.18757    0.0420727     -0.47672   -0.0175327   -0.0204369
     1.27411    0.0634082      0.46945    -0.580567    -0.455343      0.27561     0.350143     -1.22627       0.8885     -1.13452     0.850049      -0.5265     0.580494      1.19377    -0.669486     -0.66044     0.560885     0.492961     0.144519    -0.501129    -0.680141    -0.779231     -1.14871    -0.359132    -0.542782     0.323549    -0.735022    -0.377597    -0.123931    -0.823786    -0.595718     0.955039     0.371935     0.763109     -1.12827     -1.12851     0.447263    -0.863386    -0.433711    -0.788139     0.065215     -1.19487      1.23766      1.11462    -0.340113     0.550368     0.783044     0.735579
  -0.0837449     0.445303    -0.378995     0.664157    0.0517904     0.954847     0.606824   -0.0478332     0.156317      0.30851     0.584334     0.954447     0.916749     0.264152     0.629893     0.779637    -0.431818    -0.564189    -0.243525     0.827905    0.0909122    -0.647161    -0.790654     0.398833    -0.274248    -0.591635     0.924762     0.751666     -0.76352     0.275628      0.63707     0.182373    -0.519703    -0.752645    -0.992384       0.7355    -0.712567   -0.0456049      0.46287      1.06426    -0.719615    -0.285981     0.625229    -0.205386     0.865065      1.04156      -1.0043   -0.0467478
   -0.281624      1.02167    -0.593816    -0.387018     0.241622     0.508792    -0.716452   -0.0565937      0.92568     0.383795     0.976866     0.247325     0.189474    -0.853283     0.119116    -0.405926    -0.681668   -0.0809156     -1.16893    -0.478034     0.681134    -0.612655    -0.694953     0.354338    -0.530243      1.06931      1.01038     0.271506    -0.165545     0.925679      0.77185      1.08488    -0.974565     0.583718    -0.277182    -0.553124     0.822354     0.592556    -0.161626    -0.512569      1.03455    0.0354322    -0.990538     -1.00164   -0.0544232    -0.620594    -0.124702     0.781974
  -0.0221444    -0.049597     0.205357     0.487424     0.738943    -0.330534     -1.08698    -0.512622     0.030429    -0.592989    -0.571049    -0.209984    -0.437884      1.09628    -0.242027    -0.510844     0.446652    -0.723783     0.376969    -0.899688    -0.918975     -0.42402     0.524009     0.874152     0.676644     0.210088     -1.21104    -0.637068     0.355409     -1.06313    -0.646073     0.146141    -0.285004       1.2814     0.162589    0.0581807      1.02272    -0.748051    -0.581399       0.2001      1.65693     -1.12418     -1.17341     0.895866    0.0607225     0.789947    -0.446351       1.0554
    0.329184     0.809311    -0.945464    -0.490138    -0.500965    -0.385815    -0.405042     0.374976   -0.0369755    -0.630917     0.138453    -0.904986     0.761586     0.692748    -0.833222    -0.266335    -0.472591    -0.598539     0.998344     -0.68808    -0.824805    -0.763378    -0.889182    -0.876752    -0.630316    -0.517491    0.0825912     0.695113     0.656594     0.294716    -0.707195    -0.169488     0.823225    -0.472342     0.139399    -0.314528     0.183839     0.887908     0.574586    -0.657766     0.560808     0.517903     0.652073     0.100226      -0.5063    -0.302187     0.999272     0.635334
    0.183844    -0.576989     -1.28995    -0.526091    0.0465305   -0.0826152    0.0871795    -0.594204     0.879455      0.27158    -0.385375     0.983342     0.225829    -0.127987     0.569595    -0.207537     0.391569     0.917466    -0.802787     0.820444     0.716252    -0.368611     0.983459    -0.209378     0.854073    -0.500622     0.612565     0.744886     0.219009    -0.538595     -0.13149     0.944023   -0.0793318    -0.565876     0.929981     0.907555    -0.765394     0.246932     -1.08902    -0.649017     0.504719     0.301052      1.55161    -0.587254     0.297869     -0.93237    -0.365631     0.281617
    0.945345     0.809849    -0.398375    -0.470557    -0.352638     0.302716     0.769771     0.430073     0.737561     0.822545     0.775274     0.578992     0.657626     0.393223   0.00093605    -0.341902    -0.210944     0.142629     0.884609    0.0522657      1.04746    -0.711053    -0.391676    0.0609189    -0.121204     0.871222    -0.432389     0.401245     0.258239     0.153365     0.343767     0.682233    -0.546357   -0.0267036    -0.178757    -0.107359     0.196206     0.262524     0.937736     0.410391    -0.189907     0.897285     -1.08575     0.401041    -0.015994    -0.962308     0.699633    -0.228294
  -0.0298858    0.0694792    -0.525232     -1.28722     -0.55696    0.0703391     0.520157    0.0932732     0.622687     0.322826     0.106777     0.767952     -0.17883   -0.0689519     0.435163     0.242695    -0.645133    -0.696647    -0.753584     0.419063     0.260167     0.347518    -0.572268     0.206871     -1.08704     0.961674    -0.679515   -0.0774575    -0.498011    0.0927844    -0.485499    -0.720441    -0.167926    -0.998646    -0.402125      1.03049     0.212078     0.163408    -0.571068     0.257081     0.150963    -0.610804     -1.10327     0.123226     0.767854    -0.322023      1.03809    -0.959968
    0.248681     0.749195     0.621783     0.336764     -0.87268     -0.25989   -0.0784024     0.778204     0.150496   -0.0112504     0.683912     0.368239    -0.507598    -0.228322     0.721426    -0.729052     -0.47671    -0.368126    0.0544251    -0.484395   -0.0643916      1.30353    -0.685955    -0.362672     0.475091     0.651547    -0.300616    -0.390174    0.0337771    -0.565237    -0.230421    -0.465448     -1.31527     0.996398    -0.987914    -0.729958     0.622589     -1.02585     0.416595    -0.502119    -0.596598     0.977908      1.62575   -0.0988591  -0.00934209     0.190196    -0.411227     0.196338
    0.202257   -0.0807049     0.287639    -0.404303      1.18747    -0.804276    -0.841087     0.369235     0.359728     0.247365    -0.559011     0.596245    -0.844721     0.297513      0.82354   0.00693299    -0.257747    0.0506438    -0.617332    -0.430603    -0.661842    -0.580184     0.355996    -0.269297    -0.118949     -0.30769   -0.0296123      1.16428    -0.722483    -0.207941     0.143869    -0.799053     0.441348      1.04791    -0.224314     0.360779    -0.657847    0.0734395    -0.209913    -0.531411     0.563081      0.12487    -0.198833    -0.397546    -0.887269    -0.627556      1.15961     0.354778
  -0.0336433    -0.770815     0.269155      0.05962     -1.23735      -1.5748    0.0273686     0.580089      1.00611     0.762657    -0.876919     0.017959    0.0864352    -0.548012     0.428211     0.479441     0.112744     0.672986     0.621477     0.307272    -0.606541     0.526309    -0.660595      1.17727    0.0437124  0.000541054      1.10006     0.614538    -0.970277     0.464699      0.47413     0.982494    -0.677795    -0.365733     0.819284     0.140228     0.224264    -0.200083      0.90913     -0.46153      1.16728     0.301898    -0.253446    -0.264211      0.75449     0.476616     0.191044    -0.442701
    -0.24688     0.643686     -1.00996   -0.0581712     0.840918     -1.10525    -0.144135     0.353753     0.863876      1.02257      1.10539     0.582951      0.47784     0.490618     0.425347     0.528495      0.77848    0.0672898     0.217607     0.767564     -1.22896    -0.904838    -0.445043     -1.15655    -0.774552     0.401282   0.00757189    -0.523957   -0.0441303      -1.0398    -0.900772    -0.317636   -0.0620967    -0.916386     0.880091     0.141788     0.767801     0.197297     0.745353    0.0768136     -1.08679     0.508029     0.471364    -0.495911     0.795156      1.68379     0.744644      1.26099
    0.404807     0.813005    -0.699144     0.955104    -0.256066     0.734523      0.23907    -0.536046    -0.382046     0.637299     0.116991    -0.446861     0.458654    -0.692445     0.122477    -0.835239    0.0204685      0.66245     0.845263     0.422144     -1.14723    -0.274906     0.557542    -0.259737    -0.272975    -0.880299    -0.930551     0.588505    -0.698508    -0.221255    -0.842754    -0.600673      1.25125     0.786829      0.30815     0.605923    -0.385868    0.0606655    -0.201837    -0.137181      1.13158    -0.542291     -2.17544     0.239696     0.813454    -0.787395      0.14901     -1.40207
    -1.00394    -0.654787     0.985075    -0.388629    -0.518156    -0.295426     0.323184      0.18554     0.684464     0.760282     0.798029     0.883381     0.124217    -0.649095   -0.0655013     0.578159     0.142993     -0.13568    -0.934973     -1.19716     0.333067     0.595029    -0.372749     0.757973      1.10715    -0.316294    -0.505237      0.24393     0.875212    0.0704958    -0.517576     0.551151     -1.41148      0.90068     0.324502    -0.773716   -0.0494279     0.259335    -0.527575     0.117772      1.11876   -0.0971475     -1.40294     -0.25159      1.16659     0.169521      1.06008    -0.272432
    -0.37928      1.08518    -0.310882      0.40502   -0.0115685     -1.25854     0.126274     -0.93826     0.121513     0.563574     0.432544    -0.164701     0.782448    -0.405378    0.0471992     0.307345     -1.35602   -0.0612735     0.145681    0.0649418     0.514808    -0.290652    -0.623387     0.261011      0.70726    -0.772623   -0.0568527    -0.712703    -0.724532    -0.709755     0.842034     -1.08779     -1.11683    -0.200144     0.160481    -0.111766     0.670425     0.730322    0.0981274     0.268104     -0.21433    -0.271698      1.54823     0.308061    -0.844272     -1.12825     -0.24363     -0.42874
     1.00633     0.162117     0.711323     0.320735     0.620298   -0.0341069      -0.4093     0.552467     0.374508    0.0497134     0.295591    0.0901293     0.744936     -0.92393     0.545535    -0.112449    -0.720187     0.674147    -0.400053   -0.0924762     -0.95394    -0.997422    0.0888173      1.21239     -1.01493     0.477039       0.6753     -1.27457     0.548117    -0.757482    -0.690543    -0.539568     0.975708    -0.818059    -0.233528   -0.0165871     0.662956      0.39553    -0.815485   -0.0995323      1.31545    -0.111653    -0.118759     0.375828    -0.818279     0.763218    -0.658024     0.231535
    0.308345    -0.250355    -0.691977    -0.733186     0.792844    -0.814653     0.468612     0.712387      0.53602    0.0152738    -0.696986    -0.812197     0.225426    0.0538163    -0.129711    -0.646708    -0.400117     0.592581     0.572982    -0.205717     0.439659    0.0327583    -0.685093     0.549852     0.981144      0.22376     0.892196     0.726672     0.976259     -0.50343     0.595293     0.987665    -0.445202    -0.919887      0.72267    -0.877337     0.198132      1.05745     0.279353   -0.0530153    -0.224658    -0.671612    -0.253746    0.0800464      0.94649      0.84911    -0.239368     0.562357
    -1.24848   -0.0846387     0.798302    -0.206379     0.304145     0.200147   -0.0403021     0.115414      0.69375    -0.801125     0.942792    -0.979179    -0.166558     -0.57786     0.106696    -0.222512   -0.0077385    -0.745252    -0.566597   -0.0283937        1.399      1.11202      0.93954    -0.213386    -0.759433    -0.240892      -0.3283      1.29904     0.252134      1.20397      0.30193    -0.774524    -0.663815     0.579883    -0.696404      1.02116    -0.655865     0.538603     0.509579    -0.326275     0.384602     -0.20769      0.78938     -1.09488     0.118616    -0.056638    -0.039505     0.513048
     1.00553    -0.100225    -0.632417      0.42483     0.740339     0.878383    -0.691227     0.526962     0.619386     0.172058    -0.580117    -0.673517    -0.348817     0.659927    -0.604905    -0.481527     0.126051     0.820521    -0.797028    -0.100455     0.786463     -0.35918    -0.649259    0.0322649     0.415176     0.225587    0.0629385    -0.663964      1.30332     0.607598     0.691441     0.304258     0.738548     -0.41394       0.8805    -0.698017     -0.57731     0.325122     0.445545     0.347207    -0.502744    -0.540746    -0.330478    -0.612977     -1.44654    0.0492234    -0.204944    -0.882657
    0.789288     0.382392     0.627567     0.743172    -0.940839      0.61714     0.100531    0.0997788     -0.39377     0.907736     0.733625     -1.17592     -1.04473     0.205852     0.566262     0.219124    -0.444097    -0.500562     -0.14236     0.815166     0.809069    -0.473362     0.751084    0.0688752   -0.0321408    -0.379825     0.389574     0.856446      0.70664    -0.961556    -0.210005    -0.815819     0.781297     0.107986    0.0587811    0.0708884     0.269652    -0.632954    -0.107048     0.793627     0.677357     0.513784      1.25365    -0.417567     0.689418    -0.734573    -0.737884     0.810906
   -0.234006    -0.378693     -0.63558   -0.0184451     0.136679    -0.410067     0.278865    -0.357591      0.30735    -0.274564     0.104254    -0.968276    -0.948043    -0.302558    0.0875093    -0.860496     0.363787    -0.536824      1.02043     0.796556     0.885672    -0.214993     0.255879    -0.269208   -0.0367952     -0.67211    -0.350859    -0.519316     0.747169     0.110049     0.191918    -0.847424     0.496585   0.00669826     0.248462     0.500772     0.696115   -0.0227121    -0.898686     0.300649       0.3483    -0.368095    -0.725339      0.50035     0.834286      1.02706    -0.454816     -1.26501
   -0.652667    0.0560871    -0.577461    0.0302748    0.0133456     0.132622     0.277523    -0.314314   -0.0645303      1.11095     0.894401     0.356501     -1.33262     0.415573    -0.465814      1.26447     -0.14534    -0.253318     0.175933    -0.107464    -0.749639     0.710985     -0.25273    -0.426717     0.490547     0.788735    -0.104988    -0.656374    -0.148487    0.0785926    -0.127891    -0.648927      1.34332     0.603408   -0.0468368    -0.594479     0.300921    -0.789472     0.136257     0.403051     0.490472      1.27769     0.246759     0.575278      -0.4194     -0.19616    -0.809683    -0.147193
    0.352312    -0.500794      0.95349      0.81974     0.613257     0.583503     0.264098     0.446385    -0.590621     0.895921      0.87472    -0.884096     0.208038     0.166356      -0.7391    -0.100541    -0.283218      1.02897    0.0400487    -0.346892     0.356329    -0.275963     0.188093     0.840901     0.137408    -0.367608     0.928143    -0.398366    -0.659042     0.528549     0.240851     0.383077    -0.346046    -0.763031     0.506272      0.64828     0.298935    -0.256281     0.845401    -0.150065    -0.327664    -0.714614     0.612018     0.260448    0.0539913     0.379052     0.942036      1.08167
    0.317034    -0.386636      0.65788     0.232998       1.2506      0.53894    -0.656956     0.525782     0.665483    -0.913355    -0.636044     0.991389    -0.296313    -0.218086    -0.581744     0.709849     0.106236      0.98884     0.737923    -0.818246    -0.684776     0.370121    -0.527862     0.957672      0.50793     0.745309      0.56307      0.36343    -0.714687     0.399305     0.722445    -0.762595    0.0552692     0.275407     0.678369    -0.539371    -0.548245    -0.638218     0.743699      0.15843   -0.0730013      1.02843    -0.075976     0.752022    -0.945444    0.0025846      -1.2532    -0.790335
   -0.111659  -0.00856771    -0.499535    -0.699063      1.06478    -0.683453     0.905323      0.21056     0.576449    0.0198582    -0.542987      1.16976     0.814116     0.886827     0.476782       0.3423    0.0366169    -0.404852     0.836844   -0.0437413    -0.823318      1.12134    -0.497233    -0.450759     0.509757     0.406705    -0.125127     0.866515      0.26364    -0.169498     0.628941      -0.3076     0.829279     -0.53282     0.873847     0.989684     0.584305     0.120532     0.219767   -0.0187447    -0.102994     0.941528     0.130534     0.921413    -0.665371    -0.425477    -0.179195     0.378275
    -0.34215    -0.136938     -1.09438    -0.762001     0.483367     0.448433    -0.690221    -0.902202     0.772627     0.295381    -0.575694     -0.73697     0.836871     0.702828     0.498295    0.0163337    -0.394394      1.18244    -0.182711    -0.130926     0.352711     0.509102     0.672849    0.0398199     0.217623      1.03854     0.684817    -0.556779     -1.05881     0.449102   0.00941109    -0.399299     0.617185      1.45642     0.273695     0.936117 -0.000176745     0.218854     0.137195     0.615075    -0.315374     0.843333     0.190838   -0.0709587     0.876057     0.831298     -1.03753    0.0787625
    -1.53019       0.3511     0.183123     0.609297    -0.266267    -0.188532    -0.914137     -1.03455     0.349688     0.397335    -0.739714      0.89151   -0.0398764    -0.708173     0.377629   -0.0881624     -1.05311     0.956975      0.73987    0.0445605     0.683028    -0.202309    -0.131027     0.156088    -0.845717    -0.572535     0.789244    -0.382594     -1.00017    -0.316084    -0.398403    -0.661719    -0.464788    -0.116801      0.87055  -0.00774757     0.617829    -0.823947    -0.867197    -0.409041    -0.661347    -0.807037      1.21827     0.399026      1.10082    -0.383075     -0.28123    -0.571249
     0.76589    -0.277917      1.15163      1.09479     0.596819    -0.534587      1.01796    -0.685589    -0.238228     0.863525     0.292977   0.00723956    -0.189048    -0.870632    -0.464581    -0.116506    -0.682988    -0.923672    -0.532588    -0.764055    -0.553317     0.491898    0.0676319     -1.15463    -0.891041    -0.976864    -0.411723    -0.940296    -0.789461    -0.769219     0.388118     0.489338     0.343048    -0.736813    -0.109837    -0.518537    0.0440077    -0.302669     -0.32803     0.297784     0.927101     0.757186      1.50055    0.0256442    -0.266174    -0.254506    -0.234293     0.358572
   -0.832988     0.843839     0.520668    -0.489814    0.0967786    -0.445018    -0.816847     0.211045    0.0647656    -0.482822    -0.627738    -0.536283    -0.799852    0.0278271      0.18107    -0.431515     0.514085       0.9464    -0.658475     0.251322    -0.420105    -0.835645     0.814657    -0.619392    -0.795938     0.312324    -0.864207     0.934718    -0.461397    -0.352488     0.133095    -0.958978    0.0176266     -0.80789    -0.441427     0.153634    -0.937367      0.80589      0.63049    -0.538418    0.0622014     0.595706    -0.182983    -0.848552     -1.08122    -0.555263   -0.0381196     0.769944
    0.728034    -0.773219     -1.37376    -0.462066    -0.444326      1.44338     0.496632     0.347637    -0.071237    -0.475072     0.569479     -0.10823     -1.53805     -1.09054    -0.196414    -0.610076     0.992082       1.0727     0.788404    -0.189457     0.729457     0.794865     0.069516    -0.695563     -0.94626    -0.520096    -0.382201    -0.215315     -1.16664    -0.434869     0.105691    -0.810931     0.778215     0.148771     -0.83639     -1.26385     -0.24387    0.0891353    -0.974534    -0.938678    -0.325295     0.777152     0.694665    -0.715443   -0.0463256     -1.33449     -1.04145     0.988842     -1.28223   -0.0148655     -1.77528    -0.121414     0.219973     -0.14702    -0.703652    -0.478975     0.239376     0.237958    -0.111169    0.0876124
    -1.21882     -1.34957    -0.451446     0.218432     0.435394     0.606666     -1.00843     0.857652     0.217476    0.0289274     -1.06353    -0.684165    -0.875523    -0.274977    -0.694979      0.24152   0.00250558    0.0969032     0.288331     0.912355   -0.0482095     -1.06834    -0.858085    -0.822641    -0.962631     0.427804      1.24218     -0.69058     0.536894    -0.682734     0.805279     0.153038     0.284002    0.0402357     0.160865    -0.742187    -0.981879     0.396763     0.398442     -1.02829   -0.0281271     0.603671     0.171274     -1.24248    -0.949022    -0.778958     0.727565     0.612713     0.537176     -0.12213     0.576495      1.25105   -0.0648289    -0.602581     0.407201     -1.14228     0.246615     0.156468     -1.24301    -0.885185
   -0.714554     0.352019     0.531725    -0.943018     0.714271      0.24006    -0.687698      1.15331    -0.844122     -1.20819    -0.480893     0.241479     -1.10597     0.439982    0.0831801   -0.0842965     -1.26175     0.295742    -0.893873    -0.931616     -0.51418      1.05813    0.0510564    -0.750457    -0.782307     -1.74724       1.1946     0.319894     -1.41533    -0.482664     0.521886     0.335319  0.000701598      0.20124     -1.03526     0.767652    -0.904615     0.329524    -0.698893      0.89247    0.0502992    -0.753179    -0.528731    -0.622018     -0.11685     0.916083     0.672176     0.117797     0.525492    0.0341026    -0.486682     0.573512      1.04103    0.0685603     -1.18348    -0.272357    -0.676133     0.306439     0.982219    -0.811836
   -0.816288     0.235444    0.0804558      1.05555     -1.26672    -0.357736    -0.946817    -0.793371     -1.08693     0.308951     0.864832    -0.203172     0.803766    -0.635546    -0.855506      0.33406    -0.282572      0.32281     0.587129   -0.0936922     -0.97651     0.435005    -0.580843     0.652694      0.54453     -1.14538    -0.614178    -0.062156    0.0581189   -0.0667999    -0.641593     0.456056     -0.85713      1.07164     0.358122    -0.770238      -1.3594   -0.0848256     0.382427    -0.798349     0.755041     -1.22128    0.0351276      0.36194     -0.57346   0.00708597     0.657336     -1.51496     0.600927     0.626764     0.307736     -1.32711    -0.182349     -0.16831    -0.763294     -1.09711     0.188395    -0.603846     0.839914      1.15588
     -1.2436    -0.365139    -0.734345     0.414867     -0.41749      1.10413    -0.753494  -0.00832489     -0.12085    -0.475783    -0.302063     0.159477    -0.664889     0.114389     0.953554   -0.0619848     0.278882     0.190903    0.0216577     0.397488    -0.720032    -0.441593      0.42315     0.500676     0.594801    -0.783937     0.606178     0.110138     0.379874     0.734576    -0.947407    -0.437149     -1.52566    0.0381158     0.533068    -0.879155      1.04134     0.235518    -0.428511      -1.4281      1.35459    -0.357354   0.00981552     -0.28263     0.255521     -1.03563     0.175212     -0.35088    -0.334641     0.760303    -0.612313     0.231227     0.703695     -1.04645      -1.3217     0.621004    -0.348034    -0.284579      -1.2863     0.136913
    0.874609     0.123793     -1.21602      1.09382     -0.39088     -1.37291    0.0364727    0.0081156      0.30452     0.763792    -0.959846     0.917489    0.0189663     -1.03872    -0.163956       0.4491     0.761807     -1.18101     0.442584    -0.712924    -0.960373    -0.519734     0.357808     0.375346      0.91686     -1.17233    0.0211437     -1.60848      1.39728     -1.26455      1.07235    -0.608675     0.222299    0.0887054    -0.396502    -0.712608     -0.65676     -1.01753     0.187216    -0.213245     0.570797     -1.11952    -0.378397     0.958777     -1.88947    -0.877343   -0.0746503    -0.421396     0.333751    -0.280808   -0.0937234     0.652391    -0.585237      -0.2915    -0.493547     0.231059    -0.323928    -0.661834    -0.192681  -0.00133868
    0.518244     0.206321     0.198056    0.0131697     0.121798     -1.19173     0.429095     0.366437    -0.725943     0.218186     0.409347    -0.237141     -1.13365    -0.941958    -0.271491     -1.22979    -0.395205     0.730262     0.487085    -0.487643    0.0550446     -0.29465     0.114748  -0.00487025     -1.13567    0.0171726    -0.271829     0.703404    -0.378026    -0.143164    -0.716876    -0.919809    -0.463606   0.00640823     -0.75472    -0.192275    0.0618143    -0.691043     -0.36653    -0.847148    -0.100345    -0.610516     0.266487    -0.149116     0.312372     0.301823     0.348958    -0.540497   -0.0245344     0.292187    -0.997463    -0.426498     0.845447    -0.915502  -0.00134059    -0.569328     0.548438    0.0513119     0.310017     0.726148
    0.209295     0.108923     0.704223      1.03852     0.556353     0.124702    0.0174303    -0.160112     0.315506    -0.677808    -0.486639      1.21858      -1.7896     -1.07948    -0.924868    -0.394217    -0.198904      0.29694    -0.678919     -1.37299    -0.776605     0.160682    -0.830557     0.297687     0.266977     0.376005    -0.870736      0.41221     0.395588     0.547579      1.28789     0.533243     -1.11118     0.271285    -0.440374     0.268457     0.065791     0.261766     -1.02881     -0.35101    -0.641393    -0.581958    -0.702955    -0.348619    -0.626166    -0.549083    -0.659204    0.0246513     -1.02167      1.06841     -1.23678    -0.243531      0.59955    -0.824548     0.693851   -0.0709872    -0.602909    -0.173216     0.590204    -0.297239
   -0.150346   -0.0912531    -0.345475   -0.0710122    -0.313439     0.700124    0.0349383      1.43306     -1.38098    -0.989193    -0.528144      1.15568     -0.58883    -0.409814    -0.449034    0.0767187     0.497747       1.4523    -0.874015    -0.687619     -0.88378     0.514998      1.32352    -0.496015    -0.136196    -0.826985    -0.805603    0.0152477    -0.679009     0.716604    -0.175739     -0.93328    -0.375506     0.167894     -1.23325    -0.173592      1.14938   -0.0781445    -0.257702    -0.730518    -0.502391     0.620555    -0.780646    -0.312811   -0.0633502      1.18636     -1.12256     0.101854    -0.564829     0.689645    -0.648681    0.0376716     -1.05471    -0.945042     0.570652    -0.633732     0.722251    -0.951106   -0.0167192     0.124528
    -1.07789     0.707531    -0.512579     0.464813    -0.968643     -1.48219     0.188335     -1.00749     0.136717    -0.626149    -0.970733   -0.0778997     -1.72869    -0.557398     0.607919     -1.13803     -0.98668     0.943014     0.404865     0.473697     0.015123     0.501693     0.504936  -0.00592175    -0.112713    -0.970996     0.406515     0.889422    -0.663172     -1.16256     0.329472    -0.827654     0.436474     0.311993     -1.37294      0.59144     0.735583     0.115995     0.785067    -0.753216    -0.142036     0.418738     -1.25089     0.132518     0.578043      0.55885     -0.06139     0.105296    -0.483098    -0.294614    -0.146251    -0.548788     0.329438    -0.700808      0.35547    0.0759704     -1.00596      1.28811   -0.0839586     -0.97128
    0.836017    -0.973853    0.0270146    0.0388817   -0.0584168    -0.618501     0.135954    0.0797254     0.409231     0.572784    -0.957499    -0.289118    -0.244336     0.430357    -0.660287     0.383714    -0.355202     0.343831     -1.11693     0.295543   -0.0298379     -0.33866      0.22691     0.175745     -0.64715     0.388579    -0.115694     0.530005     0.593693    -0.790397    -0.298701    -0.559568    -0.806321    -0.489418    -0.590458      -1.0115    -0.377366   -0.0502372      0.22512    -0.700376     0.885541     -1.01292    0.0620653    0.0779846    -0.335875    -0.195898     0.355635    -0.876349     0.175621    -0.676769     0.338729    -0.310607     0.689654    -0.636969    -0.942082     -1.00749   -0.0441134       0.1858    -0.344321     0.438183
   -0.704727    -0.720856     0.323358    -0.580546     -0.33323     0.137892     0.595484     0.507413      -1.0763     0.559082     -1.30206     -1.91244     0.819884      -0.8917    -0.830165     0.493147    -0.285073       1.1085     0.277642     0.193083     0.313148    -0.970487     0.553478    -0.615416     0.471885    0.0343258    -0.151311     0.257305   0.00176241     -1.55136     -1.33941     -1.44587    -0.218949    -0.900688     -1.08347    0.0959735      0.95183   -0.0641887   -0.0134868     0.347291    -0.707127     0.982189     0.679566    -0.974443    -0.973598     0.933711     -1.37887     0.415479     0.955879    -0.660986     -1.12017     0.272298     0.186918     -0.51108    -0.337887    -0.991832    -0.647681      1.22828     0.381521    -0.498263
    -1.55442     -0.24853     -1.54728    -0.613388    0.0171078    0.0534128     0.877051     0.205946     0.273611     0.948168    0.0979769    -0.275532   -0.0472473    0.0762337      0.94794    0.0392476    -0.240654     0.473023    -0.807115     0.632286     0.692355    -0.195186     0.895131     -1.09813     0.440451     -1.38226     0.747612      1.09982     0.754465    -0.126089    -0.947682      1.32468     0.548586    -0.276161     0.437269     0.465364     -1.50245    -0.026908    -0.590679    -0.886266    -0.926307     0.106614    -0.916885     0.530482    -0.329489    -0.210115    -0.536566     0.442941      -1.3477     -0.97372     -1.44837    -0.526815    -0.918656   -0.0592489     0.393908    -0.816583     -1.43323     0.442997     0.637979    -0.573134
    0.600155    -0.910071     0.707286     -1.28201    -0.699548    -0.199222    -0.228583    -0.583348    -0.922954     0.198574    -0.845426    -0.814155    -0.344696    -0.892285     0.459077      1.03338      0.65112     -1.37331     -1.05958      1.15162     -2.16429     0.965545    -0.370565    -0.981481      1.26855     0.117218     -1.04192     -0.22601      1.55692    -0.802366      1.11129     0.613709    -0.968492    -0.311831    -0.715858      -0.3734    -0.617835     0.252493     0.301896     0.256307      0.33539    -0.788992    -0.201228    -0.814826     -0.38467     0.996013    -0.152399     -0.74235     -1.12978     0.200138   -0.0549379   -0.0827057    -0.260789    -0.705529   -0.0374281    -0.604528     0.656617     0.780926      1.33432     0.624417
   -0.645666     0.378232      1.25523     0.652145      -1.4396     0.973368    -0.893463    -0.224329     0.556902    -0.343716     -1.50329     -1.39443    -0.262224     -0.98364     0.948752     0.842991      1.09944     0.402599    -0.166299     0.887113    -0.280393     0.182957     -1.26963    -0.607282    -0.817595      -1.7312     0.514826     0.503575     0.944884    -0.718047    -0.816621     0.543774    -0.612171     0.447346    -0.150979     -1.13173     -0.62147      0.02969     -0.56808     -1.01172   -0.0175559    -0.744051      1.07898    -0.812963     -1.10037     0.303413    -0.646097     0.486686     0.510042    -0.704233      1.13305     0.515041    -0.986319     -1.09253     -1.00179     -1.02439    -0.334422     0.666322    -0.433283     0.385332
   0.0481238    -0.375762      0.57225    -0.258523     0.871097     0.475866      -1.7273    -0.671099     0.116585       1.2548    -0.758549    0.0143763     0.267129     0.380905    0.0519415     0.823542    -0.526439     0.351708    0.0262381    -0.847546     -0.91941   -0.0549258      1.35419    -0.739776     0.844488     -1.17733    -0.587473     0.194145      0.22321     0.139831    -0.590568    -0.883312     0.252579     -1.24535    -0.645601   -0.0119827     0.427629 -0.000440109     0.505313      1.02953   -0.0154522     -1.31954      -1.6243    -0.613195    0.0788543     0.798298    -0.493213    -0.210112    -0.451898     0.203668     0.762713     0.589592    -0.952311    -0.799063    0.0188977     -1.13097     -1.14544     0.304985    -0.119213     0.788511
    0.481995   -0.0546928     -1.55936    0.0186506     -1.51726     0.234648    -0.753092     -1.14138     0.115829    0.0986746     -1.03844     0.966865     0.274377     -0.24874    -0.412322    -0.406511      1.29241    -0.257334    -0.551556     0.527172     0.786986     0.831667     -1.17702    -0.457147      1.13111    -0.922031   -0.0910374     0.795363     -1.20653     0.253554     -1.29314    -0.950936    -0.425509    -0.986727      -0.9387     0.581718     -1.53297    -0.365772    -0.929473     0.888039     -1.03198    -0.408219     -1.81131     0.722718     0.981306    -0.503246     -1.72144     0.757525     0.730799     0.612307     0.198026     0.351812    -0.481022    -0.671124     0.535915    -0.139751   -0.0831292    -0.231707    -0.950519     0.183527
    0.576663     0.735738      0.29037    -0.223249   -0.0607107    -0.211892    -0.108468    -0.956408    0.0688503    -0.995889     -1.43802    -0.169658    -0.675535     -1.12142     0.399695    -0.470847     0.818826    -0.446856    -0.679768     -1.53294    -0.401139     -1.04788    -0.383587    0.0339993    -0.915439    -0.385298     0.415821    0.0474267     -1.14073     0.267523     0.493732        -1.39     0.255724    -0.215124     0.580386    -0.495053      1.28568    -0.266669     0.238424     0.397444     0.579463     0.825979     -1.71601    -0.528945    -0.990387     0.696844    -0.966097     0.372103     0.304852     0.143852       0.9753    -0.484329    -0.289501    -0.611774     0.424249    -0.775934     0.808806    -0.497294     -1.16429    -0.154536
   -0.823693     -1.12778    -0.582153     0.312875     0.328394    -0.318016     0.594644   -0.0253577     0.111497    -0.705333     0.571561     0.446797   -0.0198056    -0.119059     -1.22855    -0.471783   -0.0655052      1.29102    -0.752303  -0.00716331    -0.553682     0.693869   -0.0632999     0.361687     0.495452     0.219673     0.857351     0.556118   -0.0420247     0.235112    -0.898405     0.361951    -0.204827     -1.20353    -0.202148      -1.0381     -1.12726     -1.04699    -0.455374     0.365902       1.4159     0.296602     0.206715    -0.677074    -0.236276    -0.402647     -1.27998    -0.242811     0.443787     -0.93484   -0.0701658    0.0199471      1.30875    -0.443214    -0.429511    -0.797746    -0.455076    -0.154453    -0.509942    -0.279765
    -1.19911    -0.491735     -1.42724    -0.577368     -0.65002   -0.0705176   -0.0187958    -0.050033     0.525022     0.480926     0.954508    0.0409316     -1.07628      0.56436     0.105482   -0.0763765     -1.16587     0.372671    -0.314715   -0.0198156  -0.00984328   -0.0221079      0.64963     0.579029     0.847963    -0.322592     -1.11211     0.933922     -0.65909     -1.27753   -0.0776841     0.102887     0.142342    -0.709657     0.286498     0.218814     0.831342    -0.657025     -0.32662    -0.566984    -0.334255     -1.31895     0.467046     0.455165      0.58457     -1.16253      0.94624    0.0475253     0.997281     0.221741    -0.762781     0.179967     0.027485    -0.838359     0.665656     -1.51917      -1.3686    -0.676382    -0.127399     0.257985
   -0.797047   -0.0619476      1.12903     0.403448     0.386706     -1.37186    -0.650745     0.272124     -1.15295       1.2565     0.847327    -0.612422    -0.718646    -0.121731    -0.380421     0.189237     0.700348     -0.78961     0.170131     -1.12577    -0.809568     -1.28763     -0.90178     -1.09096     -0.83269    -0.580891    0.0146198    -0.646173      1.03486    -0.330252     -1.20465     0.289705     0.188982      0.41635    -0.122341     0.428716      1.03115  -0.00145637     0.295978   -0.0361029     -0.26448     -1.09112     0.146255    -0.423409    -0.765629    -0.573768    -0.368368     -1.26765   -0.0819231   -0.0896895     0.679336    0.0630252     0.755372    -0.263617    0.0550912     0.617266     0.829126    -0.346459     0.389371     0.354677
    -0.49043    -0.962617     -1.08067    0.0703051   -0.0231456     0.368821    -0.548362    -0.453517    -0.128589     0.359147     0.247737    -0.902808   0.00205986    -0.165338     0.229925     -1.87906    0.0436564    -0.973051      0.41783      0.45251     0.789665    -0.447598    -0.768238     -1.03094     0.221698     -0.27338     -0.88372    -0.935914      1.03852     -1.57357   -0.0600503     0.379671    -0.251063     0.442405      0.11991       1.0199     0.316038    -0.410958     0.192572     -0.13679    -0.290867     0.990537     0.286743     -1.07098    -0.416774      1.19242    -0.115158    -0.193992     -1.60305     -1.20797     0.179329     0.705377     -1.03058   -0.0074961     -1.31583     0.264307    -0.101291    -0.744397      0.54775     0.889379
  -0.0549191    -0.348844     0.554832     0.039271    -0.226572    -0.495676     0.167071     0.156157     0.592704     -1.42084    -0.785787     0.867218     0.669965     0.563773   -0.0241958     0.944213    -0.237801    -0.199944     -1.62419    -0.966784     0.105999    -0.821468    -0.775444     0.610533     -0.94293     0.803678      0.50427     -0.65593    -0.421531     -0.67887    -0.249011    -0.990512    -0.539952    -0.178944    -0.988271     -0.25757     0.499093    -0.346593     0.198281   -0.0575776     -0.22345    -0.683858    0.0892525    -0.811756    -0.335714     0.900679     0.814799     0.890645    -0.553269     0.817597     0.163425    -0.178725    -0.886489    -0.915262     -1.77256     0.063628      -1.1201     -1.29188     0.636083    -0.287106
   0.0932986     0.282696     0.541655     0.576481     0.878343     0.175136    -0.419402     0.619326     -1.40504     0.414814     0.301374     0.205162     0.477628     0.811295   -0.0239758     -1.79741     0.113598     0.178288     -1.37788    -0.306565     -1.15591     0.439234   -0.0739921     0.332938    -0.666572    -0.388442    -0.077231     0.739139    -0.855825     0.273987     0.132468      1.05369     -1.38286     -1.29518    0.0773249     0.276902     0.169932    -0.596543     0.546616    -0.894251     -0.29251    -0.744776     0.495893     -0.63163     0.328282     0.303045     -1.54562    -0.355369     0.383557     0.273976      0.18866     0.809808     -1.07673     0.397224    -0.671281    -0.657735    -0.118323     0.388037    -0.668249    -0.509812
    0.627768     0.816952     -1.53041     -1.08253    -0.831503    -0.831121    0.0225106      -1.0646    -0.960934      1.51616     0.300109    -0.574476    -0.911857     -0.21904     -1.32086    -0.877823     0.662337    -0.787357      0.57195     0.693146    -0.639607     0.602095     0.131714     -1.11885      1.77771     0.265623    -0.316323   -0.0318491    -0.982402    -0.496292    0.0729071     -1.37608     -1.16423    -0.602173     0.518555     0.470998     -1.64403     -0.75145    -0.358431    -0.385032     0.193522    0.0114198     0.994317      1.26259      1.28875      1.05695     0.846853    -0.516355    -0.260208    -0.720936     -1.69631    -0.418255     0.723977     -1.19241     0.327654   -0.0998436     0.180141     0.378715     -1.65359    -0.691863
     0.35388    -0.653863    0.0748845    -0.728654      1.18895     -1.52849     0.162783     0.200955    -0.125001      1.44096    -0.234308     -1.24225    -0.618355     0.666796     0.229256      0.73511     0.504806     0.416077     -1.33728     0.119304     0.325789     0.864374   -0.0311789     0.311645    -0.398779        0.354     0.212816     0.905327     0.513983    -0.758227 -0.000126068     0.530903    -0.201824     0.380143     -1.57627     0.787312    -0.500954     -1.24271     0.602868    0.0565059    -0.639324    -0.340012    -0.969399     -1.30679     -1.31652     0.227976    0.0906726    0.0960855     -1.19734      1.35449    -0.174164    -0.971855    -0.618296    -0.720974     0.497968     -1.07544    -0.821364     0.405313    -0.987386    0.0391088
   -0.790746     0.239166     0.813102     -1.24841     -1.09919    -0.149081     0.370009      1.56273    0.0434727    -0.263547     0.715123     -1.40153    -0.720399    -0.659666    -0.157298     -1.12447     -1.11141   0.00153917    -0.708739    -0.325374     0.586482     0.765329    -0.768323    -0.770492     0.180431   -0.0040902    -0.398643     0.333501    -0.557583   -0.0671774    -0.347689     -1.40529     0.322713    0.0063877      1.32894   -0.0893804     -1.76897    -0.245806    0.0316057    -0.553833    -0.180097     0.642121    -0.767852    -0.536669    -0.114909     0.744533     0.584452    -0.142563     0.788344    -0.265222     -1.12867     -1.27333    -0.648904     0.538713    -0.291297   -0.0682318     0.612414    -0.325179    -0.510098    -0.104601
   -0.741958     0.235207    -0.379934    -0.852194     0.309525     -1.76115     -1.15429       1.6705     -1.05675    -0.776658    -0.290655    0.0621733     0.559937     0.327837    -0.194174    -0.391202     -1.23982     0.512183     0.133056     0.539545    0.0633642     -1.16035     0.449734    -0.875494    -0.712418     0.571826    -0.518838      0.35236    -0.791217    -0.346001     0.321369      1.25114    -0.552207      0.93886      1.64879     0.173214     0.581092    -0.500784     0.793482      1.25281     0.828082     0.101645     -1.15362    -0.980806     0.471738     0.773568    -0.636052    -0.713746     -1.00458    -0.595267     0.286478    -0.384961     0.600897     -1.24218      0.25013    -0.531945    0.0715292    -0.824592     0.348098    -0.436452
    -1.58208     0.333865     0.242571     0.202212    -0.369414     0.378852    -0.371729     0.600519     0.356998      0.33514    -0.250023     0.209632     -0.16637     -1.05469     -1.23527     0.121772    -0.891478    -0.508354    -0.775216     -1.25696     -0.38202    -0.866147      1.40137      -0.6317     0.993256     0.648917     0.113736     -0.65033    -0.377468     0.502358     0.905495    -0.581945    -0.725676   -0.0576312     0.249049    0.0506202  -0.00104836    -0.664179      1.66947     0.917113    -0.845041    -0.233196     0.936599    -0.524802     0.575928    -0.114364    -0.915752     -1.28943     0.681226     0.227932     -1.45013     0.170457    -0.413516    -0.157719     -1.12301     0.770942    -0.463467     0.648131     0.261697   -0.0115826
    0.050129     0.726908    -0.613595      1.16787    -0.287831   -0.0198508     0.738431     0.722549     0.226914    -0.173867     -1.10477    -0.133837     0.501018     0.190137      0.81292     -0.36017     0.961598     -1.08337     -1.25987     0.200109     -1.80725    -0.510624     -1.09432     -1.14802    -0.795001    -0.696286     0.455191     -0.18677     -1.13793     0.365251     0.872861    -0.168823    -0.203871    -0.448825    -0.938753    -0.202999    -0.152899     0.146366      1.49616      -1.2811     0.103189    -0.504098    -0.584148     0.784393      1.24428     -1.09256     0.479223     -0.21332     -1.13133    -0.511922     -1.24112      1.20378     -0.20735     -0.44581     0.852943      0.71082    -0.842993    -0.846743     -1.24393     0.447411
    0.897579     0.798963      0.55167    -0.944351    -0.027618     -1.40649     0.481354     0.721497     0.839545     -1.91482   -0.0203617    -0.567859    -0.725378     -1.15458     0.561668    -0.327241      0.51002     -1.29211    -0.190671   -0.0620332    -0.978396     -1.10608     0.666662    -0.794162     0.280806     0.887647    -0.496744    -0.804195     -1.35857     -1.25555     0.363888      1.37107    -0.581667    -0.997944    -0.612421   -0.0445757     0.836891    -0.695311    -0.888539     0.845435    -0.467555     0.115525      1.24786     -2.04205     -0.12324    -0.163974    0.0537614     0.641062     -1.27718     0.411568     -1.16244     -1.54649    -0.633304     0.370669      0.21208    -0.961925     0.169511     0.132899     -1.33737     0.613057
     1.05666     -1.36566    -0.753365      0.46891     -0.37242     0.307002     0.860502     0.615651    -0.604818     -1.18623   -0.0995806      0.25468    -0.380009    -0.734927    -0.475648     0.501221     -1.15774    -0.967295     -1.30904     0.114427    -0.260176      1.02202    -0.201346    -0.508603      -1.1689    -0.929152     0.681255    -0.613542     0.292194     0.665289    -0.651939      1.08398    -0.752635     0.260113     -1.02261     0.113799    -0.221084     0.705204    -0.935463      1.14526    0.0257019    -0.335495     0.598465     0.586966      1.15945   -0.0289973     -1.31895    -0.299299      1.09342    -0.022419      -1.1719    -0.913045    -0.934163     -1.13905    -0.470585     -0.63303     0.787812    -0.780424    -0.826379    -0.817134
    0.589607    -0.772127     0.929865    -0.619787    0.0454146     0.470027     0.680309     0.557099    -0.484564    -0.245198    -0.230119     0.697641      0.51325    -0.479695    -0.223646    -0.677848    -0.196809     0.431569     0.635028   -0.0299259    0.0958035    -0.729294      -1.0732    -0.379891     -1.08486     -1.13903   -0.0212215     0.654087     -1.30083     -1.19961    -0.139277    -0.179563    -0.954927     -1.27884      1.27413     0.319111     -0.92355   -0.0439682    -0.075248     -1.05727     -1.05734    -0.532303    -0.337422     0.259565     -1.25873    -0.659499      1.01564     -0.23168     -1.62056     0.764652    -0.585796      1.13121      1.25326     0.412311     0.504877     -1.01952     0.412388    0.0680655    -0.297867      0.39355
   -0.361721   -0.0409471    -0.221877     0.159188     0.135158     0.601964    -0.797122      1.12834     0.711534     -1.12136   -0.0376834    -0.687424    -0.242336   -0.0272486     0.224601    -0.821737     0.450849     0.630082     0.038087    0.0446028     0.407806     -1.00616     -0.18302    -0.553342    -0.313113     0.768482    -0.115579     0.366235     -1.01934    -0.788015    -0.305174     0.312997     0.146472     0.157244    -0.355932     0.488638    -0.500259     -1.59939    -0.367099    -0.232299      1.48959     0.196095    -0.704407     0.222955     -1.35911    -0.168827     0.302019    0.0534724     0.907255     0.062605    -0.304079    -0.881676    -0.580123    -0.425925    -0.199978     0.185071     -0.68498    -0.141346     -1.12884      1.62016
   -0.284891   -0.0499835     0.656081    -0.651038    -0.320861     -1.30995    -0.555188     0.952031     0.040849     0.425441     -0.21674     0.480242     0.204016    -0.624228    -0.099288     0.383365     -0.36987      0.42446      -1.0014    -0.742461   -0.0543072     0.179341     0.192672   -0.0989295     0.681194    -0.772431      0.88555     0.435985    -0.506401    -0.192709     -0.14205     0.687966    -0.484614    -0.665039     -1.20047     0.574211    -0.479901    -0.255888     0.879235    -0.598941    -0.221372    -0.363819      0.20202     0.172136    -0.762796     -1.06836     -0.69809   -0.0314323     0.451979    -0.353245     0.783308    -0.398426     0.334545   -0.0130069   -0.0269495    -0.237886     0.191482    -0.265272    -0.602096    -0.692157
    0.626971    -0.114397    -0.922261     -1.27849    -0.929711     0.313781     -1.54415    -0.325331    0.0581365     -1.05395    0.0537388    -0.896373     0.037617     0.208297      -1.3884     0.303877    -0.515818    0.0488353     0.213852     -1.04047     0.776639     -1.26256     -1.06464     -0.28633      -1.0056     -1.25353    -0.261119   -0.0217278     0.760364     0.951665      1.14053       1.0837    -0.382086    0.0681307     0.868794      0.47539      -1.0354    -0.994418     0.726484    -0.365954      -1.0887    0.0769782     0.895773     -1.38104      0.15646    -0.724441     0.485937     0.638572    -0.339457    -0.518922    0.0308236    -0.619926     0.374198     -1.19597     0.690149     0.155478    -0.727614   -0.0951916    -0.155348     -0.26509
