no weights
   0.0793503    -0.338828   -0.0433401   -0.0114598     0.215139     0.169994    -0.330345      0.13205     0.119391     0.219776     0.589939    -0.316184    -0.229579     0.369488     0.258874     0.323521     0.389446    -0.162733    -0.174677   -0.0226234    -0.128412   -0.0874225     0.415842    -0.391821    -0.148732     0.187366     0.350888     0.550609     0.424623    -0.257552   -0.0573225     0.145924     0.280694     0.284958     0.208072   -0.0568736    -0.222469     0.492892     0.191976     0.132104     0.559387     -0.10007     0.143727    -0.459777    -0.244924    -0.114228    -0.208084   -0.0112269
   -0.184585    -0.192632    -0.117627   -0.0443632    0.0466188     0.275923    -0.179826    0.0049587   -0.0495816    0.0574467    0.0801236     0.244585   -0.0084893    0.0476624  -0.00423007     0.190636    -0.304377     0.269569    0.0459743    0.0483769  -0.00753699    -0.409095     0.429224     0.196504    0.0151325   -0.0365661    -0.488762   -0.0345551      0.13103     0.442654     0.163763    -0.538722 -0.000765861    -0.158092     0.191555     0.378853    -0.163192    0.0434287    -0.260878    0.0335477     0.180146     0.298985    0.0332247    -0.176223     0.157503       0.1855     0.172257     0.138757
    0.182551    -0.157903  -0.00816261    -0.199977    -0.253701    -0.120812    -0.222946     0.227874     0.166651     0.216402    -0.399197     0.200898     0.174918   -0.0157182     0.292379     0.352618    -0.468741     0.603939    -0.122877     0.235934   -0.0692529    0.0205216    -0.182936     0.383492    -0.143926    0.0958584     0.372657     0.257787    -0.399005     0.303764    -0.107566    -0.149799     0.431388      0.39895    -0.306656    0.0973688    -0.398112     0.195003    0.0873824     0.230381    -0.168348     0.157014     0.221659     0.269875    0.0179236   -0.0763596    -0.220988     0.503609
   0.0439277     0.110501     0.313845     0.211982     0.186665     0.323127      -0.1863     0.144483     0.113805   -0.0342146    -0.546751     0.589231    -0.123923    -0.124249    -0.125083    -0.147158    -0.124365     0.191324      0.11587   -0.0887013     0.315355    0.0610023     -0.18612     0.296648  0.000941213   -0.0643097  0.000751573   -0.0760377    0.0776037   -0.0766013    -0.113846    -0.067171    -0.348844    -0.130197  -0.00478634    -0.135929   -0.0318718   -0.0879319     -0.45439    -0.190239    -0.354674     0.105991   0.00477495     0.412287     0.185759     0.291554     0.176928    -0.140307
    0.354484    -0.631003    -0.482744    -0.471609    0.0341447     0.266407    -0.222703     0.124446     0.160303    0.0534735     0.282783    -0.145564     0.151303     0.180686      0.22586   0.00790005     0.125148   -0.0806329     0.199634      0.16582   -0.0934718    -0.603292     0.365733    -0.137809     0.144722      0.24053   -0.0869936     0.280617     0.487079    -0.194263     0.188951    -0.474055     0.564981     -0.13559     0.350634   -0.0670994    -0.259008    0.0813627    -0.150172    -0.449493     0.168563   -0.0617905     0.376133   -0.0752538     0.179462       0.1958   -0.0167148     0.304513
     0.12576    -0.253086    -0.476516     -0.33012    0.0793838    -0.125623    0.0553479    -0.121418   -0.0259442   -0.0373896     0.136348     0.137122     0.402907    0.0308237  -0.00116468    -0.166761     0.055612     0.327496     0.107651     0.353345    -0.158989    -0.391455     0.206632     0.201161     0.207957     0.213895    -0.240921     0.256521     0.211002   0.00740448     0.254247    -0.173485     0.209506     0.167503      0.25396     0.153989   -0.0933477   -0.0470921   -0.0990739    -0.293936     0.186817    0.0935414      0.28265    -0.210291   -0.0225615    -0.145387    0.0758626     0.150985
   -0.728429  -0.00610788     0.317907     0.235441   -0.0519372    -0.360322    -0.297069     0.179908     0.203084     0.311292     0.106049    -0.316857    -0.317459    0.0929535     0.196143    0.0119741 -4.84585e-05   -0.0681461    0.0312661    -0.302306     0.117424    -0.421204     0.200707     -0.13511     0.025568    -0.203676     0.323474     0.156537     0.491053    -0.343406   -0.0101125    0.0912614     0.137189     0.459919     0.474572    -0.188902     0.165837     0.257844    -0.114518     0.266931     0.772584    -0.215136     0.290792    -0.309181    -0.102849     0.254973     0.331566     0.182823
  0.00317563   -0.0708933    -0.306302   -0.0528867    0.0559563     0.120232     0.128523    -0.239731     -0.22394    0.0220111    0.0720706    0.0172808     0.266866     0.226208    -0.306666     0.186155     -0.14066     0.304609    -0.118704     0.495941     0.149919     0.391308     0.378609     0.235028    -0.141307    0.0748059    -0.566711     0.398732    -0.104421     0.407359   -0.0999375   -0.0754542    -0.230769     0.307061    0.0406446     0.271077    -0.156762    -0.120387    -0.204862     0.220809   -0.0858472     0.348262      0.11148    -0.523884  -0.00425756    -0.347289    0.0639758    0.0144012
     0.13958    0.0277946   -0.0612431     0.111812      0.14956     0.353594   -0.0571862   -0.0260754    -0.162881     0.186494     0.226684     0.100927    -0.074364     0.130808    0.0326909     0.131884     0.326165     0.149342    -0.209889     0.422124     0.230329     0.477233     0.524756    0.0456682    -0.152297    0.0800651   -0.0114001     0.237026    0.0824376     0.154443   -0.0848512     0.342841   -0.0235862     0.222867     0.119699     0.203978    -0.173111      0.30782     -0.16157    0.0882178     0.285017     0.171918     0.224331    -0.589867    -0.590808    -0.704384    -0.351239    0.0455559
   -0.120714    -0.207513    -0.367875    -0.558653    -0.659246    -0.102165   -0.0130941     0.262024     0.226327    0.0105668    -0.133168    -0.363918     0.186721    0.0142403      0.35078   -0.0842356    -0.314326    0.0844917     0.303743    0.0643139    0.0964341    -0.465902      0.10028   -0.0576613     0.431409    -0.214993      0.23279     -0.24874    -0.103472    0.0401279     0.379622   -0.0611511     0.501861   -0.0308158    -0.165665     0.255588     0.283534   -0.0363094    0.0946938    -0.276466    0.0977232     0.195568     0.346436     0.299169     -0.13995     0.184146     0.220951     0.487919
   -0.157506     -0.15682    -0.160469   -0.0894203   -0.0782717    -0.188799     0.126119  -0.00629743    0.0352148     0.191017     0.322121    -0.568868    0.0241266     0.116244     0.193785     0.162778    0.0672292    -0.234966     0.171048     0.127599    0.0537936  -0.00158609     0.178719    -0.309813      0.18586    0.0103842    -0.024125     0.139725    0.0830007    -0.214948     0.190677     0.107944    0.0977235     0.340289    0.0702604   -0.0443467     0.285167    -0.114261     0.190822     0.101241     0.240741   -0.0505046     0.305837    -0.294342    0.0643938     0.148273     0.175687     0.218897
  -0.0325242     -0.19783  -0.00929817    -0.319725    -0.564015    -0.420905     0.193144     0.246006     0.197333    0.0191606     0.218628    -0.470951     0.083255    -0.168371     0.246308     0.194677    -0.089402    0.0468976   -0.0523172    -0.178252    -0.164491    -0.172005    -0.207171    -0.145799   -0.0759032    -0.148717     0.400658   -0.0964349    -0.331948    0.0274148  -0.00434187    -0.213531      0.65478  -0.00188454    -0.136945    -0.205815    0.0241294     0.264386     0.714143      0.40597     0.305437    -0.158845    0.0155219     0.270008     0.148073      0.38012   -0.0965069     0.257459
   -0.291395     0.037373    0.0670329      0.10554    -0.146531   -0.0940887     0.117483    0.0337418   -0.0814697     0.124236     0.108071    -0.101128     0.110403    0.0623072    0.0565016     0.139789    -0.135494   -0.0400801     0.153779    0.0215554     0.159968    -0.104116     0.300778   -0.0160914     0.242573    -0.288097    -0.246152    -0.212898     0.118622      0.12883     0.205278    -0.284069      0.15319     -0.10053     0.188348     0.147041     0.338024    0.0459278   -0.0624726     0.161608     0.355439    0.0998594     0.190061    -0.208405    0.0468883     0.240177     0.279713     0.174533
   -0.266271   -0.0759311     0.123358   -0.0443178   -0.0263682  -0.00672781    -0.191848    0.0657833      0.12804    0.0318054     0.385484     0.101121    -0.185987    -0.189609     0.186275     -0.10084     0.532869    0.0870289    -0.587567     0.469926    -0.119504     0.232473     0.116442     0.025027    -0.374481     0.124572     0.381644    0.0691783    0.0119413    -0.127777    -0.392253     0.429493     0.546324     0.332613     0.221017   -0.0415923    -0.600038     0.540242     0.415458      0.15129     0.404895    -0.161239    -0.393054    -0.156146   0.00755897    -0.170036    -0.501838   -0.0640985
 -0.00267233     0.290364    -0.124021    0.0672625    0.0502124    -0.066867    0.0518737   -0.0972286    -0.169009     0.201769   -0.0518139     0.222626    0.0491088     -0.05752   -0.0866306       0.0453     0.108943      0.42745    -0.168251     0.522214     0.105364     0.499955    0.0423813     0.412236    -0.142203    0.0780027  -0.00756097     0.124847     -0.11888     0.332137   -0.0822352     0.384358    0.0393159     0.353986    -0.108613     0.488351    -0.233859     0.100457   -0.0118737     0.248568   -0.0223203     0.321402    -0.249965    -0.321034    -0.460206    -0.714552    -0.100969    -0.260144
    0.231913     0.389164     0.233969     0.040137    -0.230019    -0.350537     0.339305     0.107018     0.026674   -0.0874639    -0.550286     0.225642     0.301505    -0.410773    -0.236064    -0.266633    -0.236082     0.312787     0.059001     0.282953     0.283378     0.402719    -0.395236     0.248009   -0.0973637    0.0919819     0.207808   -0.0182527    -0.416548   -0.0539659   -0.0967364   -0.0976928     0.189857    -0.196906    -0.424787    -0.335755    0.0381063    0.0105309     0.206964     0.035327    -0.366769    -0.158464     0.155029     0.361743     0.220539    0.0446719   -0.0265804     0.160387
   -0.274661    -0.210257   -0.0322861    0.0862181    0.0227311  -0.00234594    -0.260928    0.0497395   0.00355452     0.342652   -0.0376193     0.238204    -0.196217    -0.022156    0.0135009   -0.0596758     0.153222     0.131755   0.00756141   -0.0571541   -0.0356991    -0.107538   -0.0489037     0.131557    0.0281518    -0.110904   -0.0451891    0.0767605     0.163009   0.00211943   -0.0468411    0.0936763    0.0108302     0.200887      0.18962     0.136546   -0.0835013     0.119274    -0.246462    0.0252579     0.227724     0.102436    0.0216496     0.118007     0.251314     0.295159     0.484101     0.134928
    0.131283    -0.166612    0.0435843    -0.108761     0.134365     0.247197    -0.190008      0.23008     0.170785     0.147928    -0.438384     0.352489    0.0814508    -0.121672   -0.0753078   -0.0634036   -0.0348686     0.148873    -0.216767     0.280929     0.350378     0.375267    -0.142625     0.184067    -0.338154     0.139427    0.0104198     0.253547     -0.15576    0.0139961    -0.439052    0.0178977   -0.0471429    0.0685588     -0.16781   -0.0789231    -0.369778   -0.0830356    -0.174933    -0.176106    -0.494142     0.139715   0.00742981     0.367198     0.633706     0.365214     0.162298  -0.00248484
     0.45976    -0.017528    -0.205097    -0.107389    -0.206814   -0.0740271     0.265989    -0.253053    -0.323588   -0.0834043     0.540414    -0.144036     0.257367    0.0779393    -0.115572     0.201784     0.372323   -0.0894734    0.0572814    0.0675722    -0.386921    0.0727298     0.202219    -0.154611    0.0224484     0.144664     0.135977     0.197894    0.0984573    -0.166511    0.0908297     0.292096     -0.09363     0.303108   -0.0251257    -0.189007     0.161004     0.363934     0.106074      0.11812     0.428126    -0.269138     0.762126    -0.560753    -0.372993    -0.396116    -0.233534     0.716653
   -0.248166     0.695366     0.786017     0.592362     0.519975    -0.199777    0.0127933     0.161716    0.0905832     0.115176   -0.0464051     0.124339    -0.170452    -0.198608     0.055084    0.0460718    0.0755804    0.0489521    -0.158926   -0.0521266     0.172326     0.311024    -0.144513     0.189428    -0.141861    0.0823359    0.0951081     -0.14424   -0.0623213    0.0830749    -0.159471     0.156046    0.0718008   -0.0716783    0.0765931    -0.114134    -0.182064     0.030011     0.295438     0.261214   0.00757435    -0.129908    -0.504401     0.146911    0.0854975   -0.0278266    -0.150317    -0.606761
    0.066249     0.177211     0.171586   -0.0364325    -0.210729     0.514954    -0.216403     0.280328     0.178882    -0.152052     0.159041     0.122517   -0.0655806    -0.044465     0.303945   -0.0924688     0.319127   -0.0193717      -0.1922     0.290022     0.538056     0.287839     0.749036    -0.268072     -0.24806    -0.344732     0.449496    -0.568755   -0.0584742    0.0930611    -0.255649     0.264381     0.237574    -0.192367     0.275368   -0.0272599    -0.101218     0.485531      0.17697    -0.167075     0.319101    0.0483313    0.0962215     0.130183    -0.416616    -0.155715    -0.570392     0.192156
  -0.0953889     0.505885     0.617089     0.521133     0.525401    -0.442548     0.155418    0.0730203    0.0108181    -0.168513   -0.0257224   -0.0585918    0.0506772    0.0206575    -0.256556    -0.184545     0.249116    -0.253687    0.0368165    -0.219389     0.305293     0.229829   -0.0838877    -0.225566    -0.147116    0.0135268     0.287476     0.212187     0.119778     -0.41608    -0.293555    -0.133004   -0.0478444    -0.180511      0.19124     -0.65763     0.232057     0.126394     0.105869   0.00448622    0.0847202     -0.34013    0.0999193     0.161137    0.0453311     0.194964    0.0140531     -0.29079
    0.280075    -0.183232    -0.184939    -0.117951    0.0315197    -0.333234    -0.181395   -0.0111305   -0.0497105     0.436724    0.0260628    -0.365118   -0.0958345   -0.0967343    0.0214084     0.125283     0.275939    -0.234019    -0.186507     0.121079    -0.374273     0.187162    -0.356541    -0.373374   -0.0692654     0.141392     0.269986     0.501732  -0.00163636    -0.594799   -0.0998406     0.530647     0.172149     0.649428    -0.127719    -0.380224    -0.101333    0.0253681   0.00721187     0.146434    0.0698832    -0.382863     0.340639    0.0941107     0.152517      0.17188     0.494526     0.279083
    0.258509    -0.123066    0.0432665    0.0627847    -0.163252     0.320085    0.0346354     0.145816     0.106015    -0.145786     0.150077     0.104056    -0.140103     0.161637    0.0763293     0.139075     0.235464    -0.272846      0.22438    -0.588253    -0.210491    -0.179697    -0.273406 -0.000538462  -0.00244922  -0.00710246     0.166038    -0.217787    0.0189654   -0.0535501   -0.0479648   0.00401447    -0.143509     -0.35159    0.0256462    -0.240463      0.23864      0.13717     0.123959   -0.0255278   -0.0370255  -0.00519197   -0.0365325     0.294489     0.314215     0.415004    0.0530217    0.0797243
    0.310061    -0.392983    -0.175323    -0.281415    0.0552841    -0.105924    0.0250449     0.106155     0.175896    0.0116307    0.0280978   -0.0496135    0.0581882     0.162008     0.208608     0.183025    0.0864714    -0.272089     0.104549    -0.366343    -0.412869    -0.199941    -0.646334   -0.0102714   -0.0420773     0.335244    0.0831299     0.182636    0.0145965   -0.0664519    -0.043296   -0.0013628      0.19393    0.0527769  -0.00959772     -0.11762    0.0263232    -0.499222     0.163309    -0.190737    -0.539835    0.0481233   -0.0365898     0.604016     0.913505     0.761026     0.383696     0.120432
    0.116242    0.0617858     -0.10089    -0.240524    -0.432426     0.157054     0.187978    0.0205131    0.0905504    -0.320824   -0.0824866     0.260203     0.132105   -0.0284481   -0.0336776    -0.116059     0.056387     0.296126    -0.160173      0.22908    0.0726497     0.285043    -0.129428     0.266964    -0.175827     0.081825     0.379772    -0.201403    -0.396977     0.406678    -0.270861      0.21964     0.341049    -0.151177    -0.239673     0.227575    0.0813609    0.0988223     0.490893    0.0184293    -0.121914     0.325165    -0.101551     0.303245  -0.00942357  -0.00606708    -0.363379     0.155972
     0.18478    0.0204442    0.0577331     0.106612     0.240342   -0.0349952     0.228699    0.0974145    0.0991569    -0.148269     0.454501    -0.425418   -0.0164174     0.245068     0.202088   -0.0987246     0.559629    -0.888314     0.220302    -0.224693   -0.0914341   0.00670362    -0.140883     -0.64415  -0.00265212     0.171521    0.0815334    -0.135755     0.272542    -0.514467    -0.137755     0.284237   -0.0943057    -0.334408     0.117036    -0.463819      0.38718    -0.134584    0.0715169    -0.400316   -0.0657114    -0.104077   -0.0341948     0.333352      0.32544     0.293837     0.151033    -0.123107
     0.36301     0.322319    0.0669634     0.346685      0.17384     0.211924     0.128044    -0.193679    -0.259714     0.159555   -0.0395959  0.000810675    -0.175088     0.128887    -0.107107     0.311848   -0.0218371    -0.324712      0.32059    -0.405385      -0.2457     0.194806    -0.236796   -0.0323127     0.286171   -0.0254264    -0.406866   -0.0844925     -0.11603    0.0569089     0.339842     0.345632     -0.86138    0.0916498    -0.219659     0.202545     0.383848   -0.0819313    -0.290908      0.17913    -0.257146     0.133414    0.0480289    -0.129054    -0.229801    -0.106766      0.48416   -0.0443591
    0.492497   -0.0387184    -0.162441    -0.287449   -0.0402502     0.553907     0.235548        0.187     0.153257    -0.228269     0.554323   -0.0376384    -0.122648     0.221983     0.268964    -0.060031     0.502934    -0.355961   -0.0415515       0.1936      0.45635     0.317031     0.404922    -0.101856   -0.0762762     0.176001    0.0773985    -0.273216    0.0754585     0.217219   -0.0609068     0.243258  -0.00350202    -0.430177     0.180249     0.197402   -0.0395387    0.0752124     0.487424   -0.0854013    0.0182904     0.144999    -0.339276   -0.0184401    -0.234587    -0.388368    -0.524344    -0.411454
     0.34852    -0.183667    -0.286261    -0.263559     0.204637    0.0016755     0.112676     0.104389    0.0854431     0.264021   -0.0106524    -0.123974    0.0529692     0.114645     0.298397    0.0841855  -0.00679624    -0.239779     0.334889    -0.136884    -0.121102    -0.226191    -0.379611     0.111821     0.412287     0.275111    -0.240095  -0.00398854     0.206536   -0.0753743      0.38838   -0.0127843    0.0573421   0.00932499  -0.00479308     0.176499     0.126279    -0.753652       -0.156    -0.303079    -0.510518     0.183314    0.0599274     0.286231      0.35752      0.28608       0.5393    0.0665303
    -0.22051     0.219624     0.433251     0.358816     0.330362   -0.0131174   -0.0757227     0.062254     0.191383   -0.0186812    -0.212684    -0.152625   -0.0887901   -0.0905881   -0.0342082    0.0227276     0.063492    -0.277531    -0.264677     0.267923     0.248715     0.527503    -0.135669     -0.25956    -0.291413     0.176611     0.152153     0.115563    -0.209036    -0.173768    -0.360151     0.145459     0.220127  -0.00671501    -0.192159    -0.265994    -0.216841   0.00764761     0.175322     0.100401    -0.366339     -0.10148    -0.347983     0.302747     0.456055     0.271616   -0.0365136    -0.286754
     0.14559   -0.0260654    -0.314271    -0.469252    -0.615076    -0.378608     0.545486     0.211349     0.100526    -0.256956     0.113939    -0.132043     0.489888     0.101144   0.00203513     -0.14527    -0.107464      0.26918    0.0323608     0.300715     0.431625     0.226236    0.0240523     0.106144   -0.0442375     0.158639     0.274028     0.119698    -0.294486     0.233412   -0.0821157     -0.20867       0.2874     -0.33666    -0.274668   -0.0246589     0.301834    0.0365531     0.479162    0.0941499    0.0292092     0.154693      0.23602   -0.0371285   -0.0898265     -0.25168    -0.240464     0.191484
   -0.323989   -0.0601063    -0.246347    -0.345794    -0.316958    -0.642894     0.492697     0.159768     0.144354   -0.0100061     0.243428     -0.34401     0.310026     0.090459     0.194376   -0.0580856    0.0335883     0.139966     0.232657   -0.0415239  0.000567028    -0.240108    -0.202105    0.0192856     0.300614    0.0835243    0.0197246    0.0378263   -0.0189433   -0.0105738      0.25136    0.0713984     0.275202    0.0422558    0.0857912   -0.0083748     0.333105   -0.0569369     0.352336      0.17649     0.290705    0.0310876   -0.0165156   -0.0765271    0.0543785    0.0475268     0.173239      0.12356
    0.465801    0.0438567    -0.209948    0.0294678    -0.339543     0.133094     0.134265    -0.267247      -0.2933    -0.065892   -0.0627907   -0.0244011      0.13059     0.103892    -0.365367     0.282667    0.0453365     0.158764     0.174274   -0.0822277    -0.336882     0.294811    -0.282495   -0.0139166   -0.0669479    0.0539271   -0.0271813     0.395948      -0.3309   -0.0340737   -0.0116718     0.444567    -0.603986     0.339129    -0.322887    -0.143055      0.32321     0.309041    -0.128259     0.213388   -0.0399792    0.0214391      0.71971    -0.462382    -0.327533    -0.356249    0.0849839     0.626205
    -0.13743    -0.105834      0.31888     0.174091    -0.142642     0.778743    -0.605723     0.163034     0.243895    0.0958688    -0.152702     0.400154    -0.536939     0.125392     0.367472     0.516962    -0.347953    0.0985976   -0.0867772    -0.448157     -0.10437    -0.239179     0.143439     0.115257    -0.304028    -0.302294     0.139648    -0.221254    -0.107431     0.518983    -0.192142    -0.117455   -0.0173177   0.00773516   0.00447682      0.57309    -0.193993     0.193037    -0.245168    0.0573852     -0.19909     0.605576  -0.00772969     0.178675     0.129976     0.368019    0.0193612      0.25465
   -0.144688     0.451455     0.675237     0.516373     0.346088   -0.0308592    -0.018337     0.230757     0.167706   -0.0323999   -0.0108835    -0.103066    -0.074576    0.0849747    0.0222293     0.212841    0.0572891    -0.129259   -0.0640947    -0.129188     0.296437     0.265804     0.120805    -0.263968      -0.2762    0.0997539     0.433516     0.155901   -0.0206485    -0.150438     -0.16912    -0.130208     0.123634  -0.00631307   -0.0849767    -0.305467   -0.0813444     0.303562     0.277904      0.26546     0.147585    -0.215316    0.0514196   0.00281646   -0.0465908   -0.0212748    -0.249573   -0.0726528
   -0.423255     0.129414     0.393884     0.320111      0.10673     0.169125    -0.251526     0.337161     0.202401     0.118607   -0.0196572     0.526869    -0.473359   -0.0341094     0.143552   -0.0766567     0.102061     0.272242   -0.0958157    -0.516517      0.13658    -0.249868   -0.0600921      0.33826   -0.0132445    -0.122406     0.231091    -0.402052     0.351897     0.310583    0.0617863   -0.0918441   -0.0874917    -0.278185     0.344592     0.260652     -0.14121      0.19011     0.184759     0.168988      0.17904      0.19677    -0.664788     0.373548  0.000596876     0.304248   -0.0378766    -0.650108
    0.652555     0.164241    -0.200544   -0.0568254    -0.197332     0.618903   -0.0667759    -0.139951     0.044227    -0.350427    -0.156427    0.0993409    -0.016811     0.229645    -0.210416   -0.0827003    0.0686045   -0.0379816     0.293628    -0.174171    -0.124906   -0.0615007    -0.093124   -0.0562482     0.153652   0.00101044     0.248971    -0.198748    -0.132021     0.150058     0.220767     0.100391     -0.24178    -0.380823    -0.181231     0.147191     0.207647     0.217796    -0.112626    -0.310926    -0.221949     0.232131     0.234567     0.329646    -0.422943    -0.205917    -0.118057     0.152076
   -0.346913    -0.113819     0.110614     0.102736     0.113721    -0.166079    -0.056224     0.122539    0.0829356     0.282436   0.00535978      0.12268    -0.115113    -0.133528     0.209201      0.11153    0.0602033    0.0720633    -0.227234    0.0638381    -0.241224   -0.0534403    -0.283606    0.0583169   -0.0963277  -0.00289258    -0.231364   -0.0146527     -0.13387    0.0556572    -0.171355     0.200733     0.232048     0.357405    0.0678652    0.0341035    -0.233036   -0.0212927     0.128475     0.143244    -0.100427    0.0208198     -0.35623     0.288208     0.776502     0.495787     0.364642    0.0396665
    0.308892    0.0357993    -0.337278    -0.232695    -0.116598    0.0653514     0.146355    0.0205955  -0.00402711    -0.172779   -0.0628625    -0.108017     0.427121     0.143687   -0.0619626  -0.00835182    -0.290787     0.208206     0.493853    0.0672925     0.122553    -0.457203     0.279487     0.182227     0.390707      0.02565   -0.0861659   -0.0185782    0.0741698     0.184828     0.494789    -0.423388    0.0246189     -0.29668 -7.67832e-05    0.0621888     0.171642   0.00287644    -0.136106     -0.19904   0.00982068     0.039647     0.424901    0.0331683    -0.359583    -0.274749    -0.128195     0.238731
    -0.53722   0.00927247     0.249946     0.300554     0.157449   -0.0146741    -0.291299    -0.102281   -0.0645086     0.231697    -0.309484     0.626558    -0.139021    -0.146867     -0.12887    -0.189028   -0.0686028     0.587768    -0.250187     0.442466     0.296144     0.256994     0.293738     0.431824   -0.0794047   -0.0342939   -0.0830516     0.273168     0.253537     0.135705    -0.239088     0.219924    -0.307428     0.572143     0.155979     0.127417    -0.214323     0.251366    -0.437999    0.0518776     0.254919     0.159007     0.149706    -0.309478   -0.0787546    -0.101156    0.0780623    0.0468367
   -0.321525    -0.108762    -0.032691   -0.0684574     0.192167    -0.533411     0.120704     0.201291     0.160256       0.4834     0.102359    -0.271748   -0.0433961    -0.171031        0.304     0.115047    0.0225579    -0.119888   -0.0850877   -0.0382441   -0.0431666   -0.0098125    -0.487102    0.0618376     0.128925     0.217696    -0.399942    0.0589492   -0.0140889  -0.00764054    0.0782076    0.0209079     0.140461     0.218919    0.0468353     0.211887    -0.146497    -0.450556     0.253117     0.279868    -0.101595    0.0729494    -0.652497     0.187832     0.530373     0.257832     0.620334    -0.509132
   -0.486261    -0.207146    -0.222429   -0.0275245    -0.561316    -0.256042    -0.307712    -0.253184    -0.243601    -0.237444    -0.294163    -0.265068    -0.186856    -0.262182     0.100607   -0.0186516   -0.0288712      -0.0565    -0.398191    0.0545121    -0.298429   -0.0721979    -0.363902  -0.00591323    0.0290618    0.0387068    -0.109849    -0.076395    -0.268014    0.0220226   -0.0326214    -0.167905    -0.103983    -0.170402   -0.0475326    -0.178971     0.135163    -0.014778   -0.0136619    -0.251064   -0.0272917    0.0401679
  -0.0228085     -0.58474      0.49239    -0.129359    -0.060125    -0.687938     0.140361     -1.15182    -0.843142     0.374138    -0.307527     0.882546    -0.431409     0.326702    -0.798507    0.0772567      -0.3657      0.20863     -1.02033     0.157198     0.345349   -0.0769651    -0.118766   -0.0827337     0.433748      0.11672    -0.099176     -1.32161    0.0169322    -0.183854     0.330454     0.123915   -0.0391252       -1.287      0.21334     0.236533     0.283112    -0.638371     0.105457    -0.600199    -0.571972    0.0677281
    0.253924     -1.02443    -0.620982    -0.727681     -1.20412    -0.898122     0.477104    -0.525698  -0.00279407    -0.498067    0.0157517     0.543185    -0.140584     0.549596    0.0351426    -0.195056     -0.36085    -0.831007     0.475896     0.222831     0.207032     0.244383     0.159515   -0.0573506    -0.874119    0.0862079     0.174532    -0.151038     0.150111     -1.18028    -0.021785     0.234878     0.244482     0.201858    -0.652556     0.212043   -0.0184006    -0.379704    -0.294954    -0.877451    -0.336044    -0.192682
    0.478282     0.240562    -0.143752    -0.503369    -0.245398    -0.368375   -0.0529755   -0.0313911     0.152302    -0.532447    -0.202831    0.0631095   -0.0733481     0.109847    0.0510071    -0.642628    -0.298362    -0.589752      0.17619     0.203866     0.131699    -0.317138    -0.375785   -0.0973251    -0.744987    -0.236371    -0.538717      0.22808     0.255941    -0.620296    -0.229874    -0.456712    -0.522711   -0.0771578     0.521059     0.207818     0.221052      0.11764    -0.275882   -0.0362205    -0.335648    -0.255876
    0.340538    -0.100751    -0.359754    -0.640125     0.276127     0.234445     0.421665     -0.15654     0.198875    0.0344751     0.171819    -0.337076   -0.0372563     0.684253     0.321895     -1.06062     0.209532    -0.570154   -0.0289084    -0.216974   -0.0249829    -0.730201     0.529289    -0.771022    -0.412891    -0.651016    -0.203704    -0.360216   -0.0852301     0.180567     -0.40257    -0.864037   -0.0197673     -0.74735    -0.378682    -0.577933    -0.133315     -0.75645     0.210567    -0.387197     0.235762      0.45682
    -0.40182   -0.0514167    -0.276799   -0.0180881    -0.279282    -0.295244    -0.382186    0.0170535     -0.17044    -0.224168    -0.194662    -0.348703   -0.0963778    -0.381401   -0.0217536   -0.0615101    -0.201577    0.0481644    -0.510112   0.00414188    -0.037361   -0.0193766    -0.320745     -0.19854   -0.0911117   -0.0408551    0.0434749   -0.0486933   0.00984546   -0.0347816    0.0801209    -0.146018    -0.334739    -0.246166    0.0352399    -0.082263    -0.152803   -0.0134023    -0.182883    -0.147071     -0.12847   -0.0804922
    0.146107   -0.0381672    -0.241225    0.0241989     0.267738    -0.106173     0.179792     -0.36146    -0.422701    0.0246715   -0.0320589    -0.368343     -0.27421    -0.499265    -0.450819    -0.575209    0.0212615   -0.0204903    -0.697761    -0.298267    -0.540385    -0.189776   -0.0248036   0.00124849     0.354812    -0.348729     0.244017   -0.0868791    -0.217894     0.208075    0.0525567    -0.482429    -0.176043    -0.435602     0.224908    -0.138344      0.23074    0.0853773   -0.0993207   -0.0708919    -0.242068     0.154741
    0.119899    -0.868432   -0.0399343     0.381925    -0.679985    -0.778571    -0.614078    -0.685939       0.2042    -0.879901     -1.02178    -0.538137    -0.977709     0.517224     0.200355   -0.0489627    -0.293102     0.192598    -0.224912     0.281003     0.483215      0.14255    0.0944253   -0.0263006    -0.516346   -0.0169724    0.0396097    0.0646736     0.207583    -0.758089     0.257794    -0.770228     -1.09678   -0.0975177     0.162543     0.189692     0.233675     0.568051    -0.382749    -0.658285    -0.107701    -0.653888
  -0.0999254   0.00358057   -0.0520343    -0.232046    -0.559536     -0.10933    -0.128821    0.0874239     0.163938     -0.30808    -0.247685    -0.129301    0.0265527     0.149261     0.186391    0.0299969    -0.274928    -0.310845    -0.132617     0.164445     0.182744    -0.103176    -0.513613    -0.606446    -0.866657  -0.00262383    -0.792568    -0.229547    0.0659051    -0.800277     -0.03557     0.157705   -0.0153046    -0.239807    -0.358234      0.14133     0.166868    -0.291852    -0.286676   -0.0542143     0.203455    -0.172144
   -0.571447   -0.0234981      0.21742     0.147317    -0.505731    -0.213806    -0.304533     0.293372    0.0216297    -0.836516    -0.586026    -0.270953    -0.246263     0.131812     0.220629     0.141298    -0.226491     0.268683    -0.603206     0.335472     0.130174    0.0225725    -0.533808    -0.413245    -0.486402    0.0329971    -0.693649    -0.554994    -0.081712    -0.552621      0.24567   -0.0128277    -0.353386    -0.578169    -0.184219    0.0473753     0.200087    -0.573125    0.0856299    -0.228808     0.267926   -0.0348075
   -0.348535   -0.0646583 -0.000104333    -0.145524    -0.277315   0.00437872    0.0971675   -0.0240713    0.0748336   0.00257137    -0.120424    -0.282513   -0.0297694     -0.22405     0.117085    -0.149182   -0.0789953    -0.385774   -0.0441501   -0.0557272    -0.165068    -0.257739    -0.359762     -0.33634    -0.290801  -0.00522583    -0.521311   -0.0985822    -0.438524   -0.0595546    -0.370342    -0.216931    0.0037069    0.0621625    0.0851229    -0.234343    -0.115087   -0.0918538    -0.117827   -0.0028866    0.0480532    -0.233067
   -0.395013    0.0108599    -0.163989    -0.062875    -0.293381   -0.0984935    -0.272595   -0.0115478    -0.199186   -0.0561559    -0.163851    -0.311682    -0.081799    -0.413047    -0.107857   -0.0562493    -0.102694    -0.012424    -0.424448   -0.0583032    -0.180317    -0.043466    -0.416415    -0.289094    -0.222765    -0.089857    -0.310703    -0.119941    -0.338146    -0.107916    -0.074599   -0.0252164   -0.0885555    -0.229385   -0.0392878    -0.113598  -0.00517082    -0.120615    -0.126244  -0.00749435    0.0444556   -0.0861892
    -0.71281    -0.281457    -0.662663    0.0754167    -0.425591    -0.353126    0.0720517    -0.698187    -0.935206   -0.0935519   -0.0111586   -0.0435742    0.0928256    -0.649281    -0.727683     0.171229    -0.168065    -0.252238    -0.541594     0.343112    -0.698061     0.478713   -0.0844301    0.0298272     0.238179    -0.628957     0.564429     0.269374    -0.687287      0.23744       0.2843    -0.530899     0.188824     -0.44456     -0.59828    0.0646368   -0.0061506    -0.305832     0.174363   -0.0884217    -0.596927     0.345665
   -0.581282    0.0739758   -0.0387205    0.0207355    -0.351355   -0.0194868    -0.405573    -0.110536    -0.450752   -0.0689512    -0.333964    -0.274958    -0.119301    -0.462587    -0.126949    0.0355279   -0.0851211    -0.104974    -0.467616     0.094554    -0.579204   -0.0584085    -0.389527   -0.0976415    0.0862102    -0.117743    -0.272084    0.0446781    -0.507462    0.0501372     -0.32099    -0.207361    -0.150429   -0.0796809    0.0835377    -0.366237    0.0754329    0.0374837    -0.110419    0.0769336   -0.0610858   -0.0103677
   -0.342747    -0.126937    -0.246881   0.00263734   -0.0710552    -0.184874    -0.187245     -0.11141    -0.228548   -0.0276446   -0.0339722    -0.231257   -0.0321805    -0.353873    -0.362789    0.0273309    -0.197414   -0.0166792    -0.153709    -0.155364   -0.0872308  -0.00773364    -0.182394     -0.12738    -0.113576    -0.232196    0.0436951   -0.0799374    -0.167728   -0.0346993   -0.0293761    -0.197579    -0.227134    -0.125461    -0.173662   -0.0319154    -0.410095   -0.0629573    -0.151633  -0.00127734    -0.140046    -0.239343
   -0.269989    -0.324766    -0.543008    0.0830062    -0.216929    -0.180163    -0.376792     0.108198     0.225637    -0.200904    0.0266002    -0.590364    0.0152355    -0.530761    -0.032566     0.152669    -0.570531    -0.238102    0.0435571     0.113759     0.244489     0.252255    -0.337494    -0.301045      -0.7824    -0.286034    0.0610256     0.204667     0.163886    -0.149612     0.114023    -0.058338    -0.418883     0.123308    -0.578194     0.156833    -0.623353     0.192209    -0.680118     0.306882    -0.158675    -0.618625
   -0.510635   0.00772506    -0.543763   -0.0323594    -0.403206    -0.397254     -0.22441  -0.00296124    -0.302412    0.0140943    -0.105374    -0.340144    -0.018904    -0.559958    -0.227326    -0.129432    -0.118623   -0.0770236    -0.570031    0.0850914    -0.143664    -0.053709     -0.52877    -0.113379    -0.161837    -0.158863    0.0520957    0.0568042 -2.69934e-05    0.0484458     0.110099    -0.193663    -0.171614    -0.416531     0.147488   -0.0218122    0.0848693   -0.0321243    -0.170007   -0.0594977    -0.116848    0.0140653
   -0.664325    0.0702762     0.150057    0.0180522    -0.107532    0.0112825    -0.787158     0.295003     0.488572     0.170255    -0.272516    -0.628101    -0.059504    -0.388271     0.448265     0.204283    -0.305802   -0.0209141     0.107782    -0.762844     0.188311    -0.949895    -0.669689     -0.47817    -0.875717     0.261891     -1.11893    -0.150191     0.186363    -0.137025    -0.625031     0.258001    -0.308183     0.172797    -0.131954    -0.760147    -0.525654       0.1498    -0.780711     0.122193     0.370168    -0.859466
    0.240086    -0.245285     0.280176    -0.119678     -0.51213    -0.640972     0.376933    0.0585265    -0.271162    -0.892545   -0.0225688    0.0492597    -0.152017    -0.133008    -0.170764     -0.32767     0.123928     0.268925    -0.385468     0.130303      -1.0162   -0.0090873     0.888682    -0.352337     0.267181     -0.77202    -0.460165     0.121138     -1.17011    -0.119305     0.322165    -0.841729    -0.477341  -0.00343298     0.187151     0.173054    -0.193605     -1.15454     0.398585     -1.06648     0.260352     0.612082
    0.537754     0.335677    -0.902913    0.0865645     0.442963    -0.161578     0.525826    -0.438557   -0.0519997    -0.972215    -0.339348    -0.469563   -0.0230828     0.506171    -0.779335     -1.00239     0.195322    -0.134312    -0.108541   -0.0326703      0.33985     0.177937    -0.389414     0.203132    -0.354002    -0.704147     0.269956    -0.531039   -0.0726172    -0.749659    -0.116924     -1.05435     -0.70587    -0.697815     0.339117      0.02482     0.460937    -0.530442    0.0782739    -0.651882     0.370161    -0.501615
    0.105204     0.116019  -0.00070937    -0.734511     0.230096    -0.144505     -0.52944    0.0351271     0.148138     0.293157     0.111494   -0.0886693   -0.0415747    -0.528407    -0.310855    -0.844568    -0.551082    -0.838685      0.48671    -0.934807    0.0281754     -1.06878    -0.600684    0.0390061   -0.0131529   -0.0723516    -0.100648     0.152121     0.302133     0.146172    -0.714488    0.0706367   -0.0272575     0.254074     0.452338    -0.469432    -0.706779     0.177912    -0.554491      0.17109     -0.92175    -0.668267
   -0.670328    -0.278449    -0.035854    -0.284355     0.261983   -0.0709341    -0.261356    -0.565204     -1.07586     0.512222     0.100847     0.469079   -0.0998337    -0.625721     -1.02457     0.327304    -0.213101     -0.26494      0.23079    -0.986149    -0.666979    -0.272534     0.542732    0.0772421     0.675479    -0.356031     0.379117   0.00665861    -0.770516     0.308743    -0.387798    0.0409581     0.151626     0.236879    -0.713654    -0.630738      -1.0927   -0.0556532    -0.107778     0.174448    -0.910523   -0.0459853
     0.24383    -0.107679    -0.585679    -0.310782     0.248449   -0.0120848     0.399906    -0.382582    0.0966746     0.122501    0.0247234    -0.223447    0.0251353    -0.586069    -0.374987    -0.562224   -0.0151047    -0.413522    0.0402347    -0.421723    0.0941528   -0.0499804   -0.0725258    -0.139398    -0.324665     -0.81054     0.201439   0.00341179     0.100986     0.129864    -0.694951     -0.13642    0.0702127    -0.383654     -0.56284    -0.252653    -0.128482    -0.365531     -0.47231     0.226178    -0.415218    0.0659499
    0.440392    -0.140058    -0.907526    -0.414703     0.263085     0.173413      0.29683     0.259693     0.135235    -0.207066    0.0708487    -0.621123   -0.0065972      -0.6101    -0.310777    -0.693451    -0.165951    -0.542869     0.321312    -0.697062    -0.399368     0.291583   -0.0501141    -0.224172    -0.317044    -0.731876     0.242072    0.0764613    0.0743564   -0.0498329    -0.636682   -0.0242768    0.0697326     0.192014    -0.929418    -0.273091    -0.647622   -0.0339178    -0.734806     0.241767    -0.297306    -0.475167
    -0.69936     0.184079    -0.114714    0.0767951    -0.601985   -0.0851901    -0.335944    -0.128887    -0.732345   -0.0741863    -0.454761     -0.28934   -0.0670007    -0.513143   -0.0904316  -0.00386561    0.0110405    -0.108428    -0.752805      0.33276     -0.76239    -0.102706    -0.638375    -0.121087     0.100932   -0.0516657    -0.399534    0.0311892    -0.693964    0.0411118    -0.201675    -0.321015   -0.0102116    -0.418635     0.126116    -0.398426     0.361049    -0.189534     0.146446   -0.0018683     0.155448     0.283778
   -0.117598    -0.245344       -0.065      0.10683   -0.0401311    0.0402385    -0.161347    -0.219429   -0.0834986    -0.341492    -0.292415    -0.411373    -0.280325    -0.395362  -0.00366492     0.162325    -0.316509    -0.228243     0.214607    0.0692165    -0.530644     0.160949    -0.142894    -0.171505      -0.1507     -0.28066    -0.240058   -0.0156218    -0.271794    0.0632833    -0.307932   -0.0457027    -0.139272     0.123741    -0.468346     0.105017    -0.064791 -0.000507269    -0.533829      0.17984    0.0671582    -0.386266
   -0.270078   -0.0336489     0.140337    -0.214743    -0.513872   -0.0692031    0.0914724    -0.129711    -0.117284    -0.120896    -0.165729    0.0183832   -0.0169924    -0.134289    0.0537288   -0.0462747    -0.133679    -0.510133     0.112804    0.0584756    -0.196208    -0.126822    -0.379588    -0.187005    -0.529743   -0.0370528    -0.579816     0.029504    -0.377761     -0.38193    -0.382928   -0.0779354    0.0866021    0.0846553    -0.103812    0.0215743    0.0766414    -0.171385   -0.0963705    0.0140352    0.0701873    -0.181512
  -0.0215256    -0.176623     0.117527   -0.0244165   -0.0610463    0.0656373     0.173855    -0.165225    0.0230164    -0.166417    -0.125349    -0.314242    -0.221915    -0.277338   -0.0742511    0.0583151    -0.191267    -0.338214     0.253334   -0.0596553    -0.390796    0.0400464   -0.0107667    -0.219776     -0.26219    -0.255049    -0.313474   -0.0613089    -0.479163   -0.0592159    -0.389674   -0.0762842   -0.0805075     0.093228    -0.372645    0.0331104    -0.266763    -0.141642     -0.39841    0.0145972     0.134804    -0.383662
   -0.578793  -0.00942785    -0.255844    0.0322422    -0.554571    -0.317652    -0.334301    0.0774849    -0.238149    -0.403724    -0.298889    -0.355007     0.017809    -0.329887    0.0375883    0.0298627    -0.128485     0.217112    -0.623696    0.0674033   -0.0457614    0.0801064    -0.447846    -0.344389    -0.158511    0.0444411    -0.044976   -0.0805808    -0.180296    -0.178151     0.270425   0.00161166    -0.324465    -0.546357    0.0357219   -0.0650165   -0.0152371    -0.317821    0.0545587    -0.435138     0.151224    0.0478989
   -0.718387     0.179244    -0.097186     0.127449   -0.0836825   -0.0059986    -0.779469  0.000830109    -0.582778     0.222038    -0.483346    -0.123672    -0.184012    -0.421334    -0.124578   -0.0648674    -0.103102   -0.0101338    -0.911151    -0.545535    -0.584247     -1.07057    -0.549183     0.113733     0.386931     0.183628    -0.513495    0.0265296   -0.0185332     0.218747    -0.533687  0.000320048   -0.0636108    -0.209991     0.162931    -0.988592     0.360346     0.112825    0.0329058  -0.00124773     -0.44145     0.266714
   -0.695212     0.160083     0.185527     0.118538     0.130582   -0.0117032    -0.549656   -0.0343867    -0.552312     0.286081    -0.289171   -0.0925574   -0.0779242    -0.444866    -0.403745    0.0229587    0.0831693   0.00646193    -0.229602    -0.943825    -0.596178    -0.970567    -0.437652     0.049153     0.439084    0.0944366     -0.69319     -0.12124     -0.63452     0.132241    -0.687703    0.0584515   -0.0982384     0.260089     0.272565    -0.855603     -0.21527     0.109039   -0.0954169   0.00191211     -0.21411    -0.377811
    0.166062    -0.830114    -0.276438    -0.520469     -0.26383    0.0136928    -0.734886     0.261035     0.105715    -0.799873  0.000138863    -0.360368    -0.855787     0.453078     0.181251     -0.27748    -0.375822     0.166057     0.409079    -0.128939    -0.432059    -0.258842     0.611746    -0.418362     0.258365    -0.105692     0.147238    -0.129182     0.226897    -0.161205     0.149821   -0.0660564     -0.15255     0.455814    -0.980447    -0.299782    -0.881054    -0.468534     0.133728    -0.702961    -0.172623     0.204399
    0.215535    -0.363831    -0.471168    -0.530203     0.278192   0.00555782   -0.0274926    -0.771209    -0.401581     0.184704    -0.032289     0.513764    -0.076772    0.0293575    -0.561461    -0.347022    -0.321253    -0.693209    0.0948371     -0.16232       0.2713      0.16969    -0.132697     0.105476     0.198093   0.00834182     0.293847    -0.602468     0.228183   -0.0602806    -0.332003    0.0114349    0.0828256    -0.745203    -0.655986   -0.0952209     0.112496   -0.0165809    -0.344147     0.143162    -0.895439    -0.227679
     0.61331    -0.256215     0.761174    -0.650764     0.300247      0.20326     0.428121   -0.0575541     0.150457     0.381631    -0.120461       0.3631    -0.265695     0.564108    -0.071556    -0.224485    -0.160791    -0.219488     0.425864    -0.734257     0.328937    -0.430407     0.411994    -0.759039    -0.721991    -0.140282    -0.908839     -1.29769    -0.785206     -1.17696    -0.340096     0.172409     -0.20293     0.164456    -0.336938   -0.0654022    -0.879612    -0.444083    -0.348363    0.0265939     0.277447    -0.915955
    0.106631    -0.351435   -0.0398398    -0.676149     0.502129    0.0921751    -0.976449    0.0025088    -0.127654    -0.531244    -0.253913      0.25987    -0.452489     0.427887   -0.0740417     0.141836    -0.487645    0.0429711    0.0671395   -0.0667589     -0.40563    -0.079346     0.174333     -0.29764     0.315408    0.0660052     0.110877    -0.956444     0.261216   -0.0483077      0.27932     0.419338   -0.0626927     -0.40084    -0.915809   -0.0815725     -0.76522     -0.48335   -0.0241884    -0.285139    -0.915314     0.210954
   -0.304554    -0.500614     -0.28131     0.134243    -0.516828    -0.588761   -0.0891563    -0.591246    -0.295392    -0.396807     -0.32076    -0.313463    -0.299671    -0.261068    -0.519464    0.0133881   -0.0419562     0.180452 -0.000186628   -0.0921579      0.17195    0.0520272     0.448666     0.205007     0.426776   -0.0219789     0.240643     0.103479    -0.311399   0.00734413     0.129655    -0.584131    -0.679506     0.247811     0.179774  -0.00425551    -0.200693      0.17091    0.0189361    -0.619045    -0.184139    -0.475827
