no weights
   0.0863671  0.000215742    0.0726067    0.0460854     0.123148    0.0653174  -0.00606752    0.0947798    0.0259964    0.0870913    0.0636375    0.0218296   0.00719298    0.0596109    0.0707189    0.0459232    0.0784615    0.0662072   -0.0184979    0.0633391    0.0138381     0.056637     0.112458   -0.0351737   0.00891032    0.0831261    0.0962955     0.120241    0.0799273   -0.0127026    0.0523638    0.0974155    0.0855631     0.054628     0.030916   0.00213471    0.0338684     0.147485     0.067888    0.0776775     0.118947   -0.0151443    0.0937779   -0.0322072    0.0247739    0.0689342   -0.0102793    0.0470646
   0.0363099    0.0827599    0.0656462    0.0479952      0.11411    0.0870406    0.0784954    0.0866015    0.0391273    0.0500784    0.0734387    0.0788463    0.0613516   0.00934257    0.0246108    0.0689023   0.00544687     0.115308    0.0942646    0.0889743     0.055197    0.0189229     0.117689    0.0862646    0.0424086     0.080289    0.0286307    0.0799755    0.0221688     0.127269     0.105214   0.00042119    0.0318203    0.0176542    0.0390216    0.0747778    0.0584384    0.0547977    0.0463505    0.0857725    0.0920549     0.108889    0.0554699    0.0677172    0.0887548     0.110949     0.126337    0.0876718
    0.065119       0.0388    0.0784722    0.0509519    0.0800619    0.0112853    0.0172305    0.0929658    0.0448795      0.10532    0.0452433    0.0330001     0.107516    0.0622676     0.115689     0.100315  -0.00476587     0.122953    0.0386211     0.118109     0.017371    0.0222317    0.0284377    0.0775893    0.0425411    0.0938509     0.127229    0.0626559   -0.0195514    0.0645062    0.0598059    0.0464749    0.0894623     0.138853   0.00131439   0.00174771    0.0220151     0.118898    0.0626156    0.0679243      0.10038    0.0813145    0.0447128     0.115757    0.0535266    0.0598395     0.022077    0.0825808
   0.0771527     0.066264     0.143354    0.0723287     0.128533    0.0838465    0.0528221     0.074717     0.071017    0.0100232    0.0349326     0.132608    0.0299465     0.009664    0.0296587    0.0850504    0.0491519    0.0876974    0.0664742    0.0742418     0.106474    0.0560678    0.0338685    0.0836157    0.0549952     0.023861    0.0683613    0.0912348    0.0608677   0.00903655    0.0389287    0.0309234    0.0103959    0.0470118    0.0126816    0.0603065    0.0742683    0.0528862    0.0159696    0.0748856    0.0550157    0.0853979    0.0622468     0.126547    0.0512855      0.11653     0.107057     0.041156
    0.123673    0.0409655    0.0312718    0.0275162     0.130181     0.051188    0.0504675    0.0745784    0.0784304     0.100415    0.0637638 -0.000579787    0.0888888     0.069485    0.0927369    0.0602539    0.0830229    0.0172565     0.097651     0.117918    0.0298485   -0.0216032    0.0783119    0.0330909    0.0665442    0.0902858    0.0373574     0.110851    0.0844259    0.0548904     0.101256    0.0123165     0.132206    0.0326455    0.0842422     0.037156  -0.00539061     0.105543    0.0302325    0.0172664    0.0494333   0.00875501    0.0903185    0.0290094    0.0560256    0.0707761    0.0621893     0.107567
   0.0839196    0.0878556    0.0398801    0.0597119     0.121534    0.0232911    0.0602453   0.00895684    0.0892383    0.0478193    0.0868904    0.0696214     0.147778   0.00909479    0.0964815   0.00771765    0.0923783    0.0812646    0.0300872      0.12095   0.00997337   0.00572396    0.0789727    0.0717963    0.0626867    0.0778536    0.0552116     0.117881    0.0268194   0.00817463     0.130997    0.0158646     0.119326    0.0794519    0.0952451    0.0931395    0.0520208    0.0561318    0.0948243    0.0100882     0.100383    0.0800733     0.118807    0.0232586     0.052859    0.0398587     0.126989    0.0387652
  0.00652002    0.0926072     0.132961    0.0592825    0.0424645    0.0417622    0.0218045    0.0500433    0.0877954    0.0862507    0.0496854     0.010009    0.0329769    0.0117723    0.0778827    0.0184703    0.0351184   0.00835865    0.0687707    0.0346389     0.103022    0.0315926    0.0791599    0.0727055   0.00603046    0.0354656     0.129902    0.0710905     0.112317    0.0261168    0.0150297    0.0957315    0.0588537     0.134076      0.12878    0.0347105    0.0610934    0.0988744    0.0128908    0.0658743      0.16303    0.0392929     0.102512   0.00607136    0.0522512    0.0861602     0.107633     0.070395
   0.0696661    0.0959464    0.0199695    0.0724242     0.100316    0.0705734    0.0969086    0.0672441    0.0232193    0.0197251     0.073129    0.0320168     0.138036     0.099142  -0.00511001    0.0651189    0.0692213    0.0967012    0.0413387     0.113542    0.0515795     0.145683     0.124843    0.0939633    0.0340362    0.0415734    0.0202492    0.0807984    0.0688693    0.0906859    0.0573367    0.0452326    0.0640251     0.100714    0.0666251    0.0556906    0.0602266    0.0204506    0.0723782     0.099604    0.0169945     0.126981       0.0701   0.00546916     0.104545    0.0627899     0.053634    0.0770777
   0.0813203      0.01592    0.0627815    0.0991814     0.102728     0.113798    0.0879954     0.086552     0.018232     0.102762    0.0538432     0.024975    0.0295358    0.0564342    0.0599223    0.0509723      0.13125    0.0437964 -0.000436404    0.0909534     0.079662     0.101593     0.109244      0.04702    0.0300551    0.0858756    0.0632708     0.126352    0.0584327    0.0368628    0.0828091     0.123166     0.122384    0.0689611    0.0435823     0.083645    0.0810487      0.10751    0.0276345    0.0526523     0.135686    0.0764622    0.0582787    0.0418258    0.0153646   0.00326838    0.0214853    0.0833642
   0.0315959    0.0671597    0.0609596    0.0152693   -0.0115489    0.0256992    0.0707251     0.093031     0.067899    0.0738976    0.0881165  -0.00323733     0.132053    0.0318089    0.0749463    0.0803925   0.00400905    0.0250753      0.10513    0.0964939    0.0349502   0.00556107    0.0804826    0.0591734     0.139796    0.0024132    0.0569394    0.0392988    0.0172048    0.0520148     0.122057    0.0702713      0.13016    0.0300291  -0.00265844    0.0775578    0.0897955     0.100841    0.0636738  -0.00617341    0.0371096    0.0869593     0.112848     0.116689    0.0593784    0.0780062     0.119828     0.138159
   0.0368864    0.0656207    0.0369958    0.0890766     0.122654    0.0613355    0.0699003    0.0106435    0.0465454    0.0968237    0.0932334   0.00792205    0.0485708    0.0370938     0.105566    0.0837306    0.0942312    0.0628203     0.112032    0.0925626    0.0953358    0.0973306    0.0941152    0.0196865     0.107617    0.0376638       0.1196    0.0721891    0.0587371    0.0150162      0.12906    0.0731688    0.0882761      0.13537    0.0805326    0.0396496     0.122861    0.0301245      0.12166    0.0761362    0.0806582    0.0481748     0.125479    0.0422235      0.10046     0.114109    0.0463282    0.0775841
   0.0534959      0.01264    0.0974921    0.0290917    0.0448543     0.012929      0.06712    0.0530292     0.108258    0.0244507    0.0898923    0.0167306    0.0324718   0.00293556    0.0839058     0.057191    0.0651689    0.0842307    0.0343269    0.0423224    0.0644758     0.066599    0.0194875    0.0234522    0.0533434   0.00820879     0.131209    0.0359781   -0.0190414     0.097165      0.06984    0.0317547     0.143978     0.102721    0.0489738  -0.00909801   0.00848886    0.0942943     0.146347     0.105167    0.0913137     0.051318    0.0422486     0.119547    0.0556451     0.136754     0.030104    0.0273035
   0.0361533     0.100442    0.0681353     0.105053    0.0577475    0.0152257    0.0436595    0.0736444    0.0174409    0.0551121    0.0411165     0.059096     0.119153    0.0742628    0.0598127    0.0929893    0.0369556   0.00353688    0.0592344    0.0821683    0.0878406    0.0893797    0.0492426     0.058168     0.106466   0.00253626    0.0365168    0.0105233     0.086511    0.0682044    0.0692731    0.0392748     0.115449    0.0619845    0.0711824     0.076282     0.106722    0.0729149    0.0417361    0.0427889     0.109177    0.0812744    0.0839003    0.0204903     0.117892    0.0904749     0.105181    0.0792102
   0.0123137    0.0354261    0.0864491    0.0553397    0.0270137     0.106699    0.0551429    0.0444843    0.0823404     0.032505     0.118123    0.0563365    0.0390925  -0.00930435    0.0929144    0.0211669     0.172369    0.0210118   -0.0470827     0.137039    0.0111527    0.0966333    0.0333622    0.0791136    0.0303461     0.077993     0.125346     0.047556  -0.00105568  -0.00979367    0.0334084     0.122311     0.097452    0.0982878    0.0758541    0.0274028    -0.027536     0.135509    0.0753872    0.0992431     0.126047    0.0153446  -0.00956089    -0.013941    0.0896386    0.0471722   -0.0182966    0.0791207
   0.0940147     0.108353    0.0448427      0.10469    0.0546396     0.035911    0.0742904    0.0678417    0.0136474    0.0799325     0.060044    0.0719991     0.099677    0.0456802      0.03531    0.0806984     0.120327    0.0738105    0.0824675     0.112605    0.0823337     0.113621    0.0515022     0.100456   0.00726581    0.0356072     0.103036    0.0419311    0.0882061    0.0177145    0.0505963    0.0910463     0.105603     0.128605    0.0258544     0.124544    0.0298067     0.078973    0.0596644     0.104445    0.0505272    0.0998334    0.0177012    0.0470398    0.0791311  -0.00311017    0.0768016    0.0309582
    0.106114      0.12451      0.12013     0.105733    0.0240609   -0.0151141     0.115581    0.0198241    0.0624227    0.0661446     0.047347    0.0949571     0.059461  0.000173497     0.021999    0.0431304  0.000560834    0.0663955    0.0998064     0.103213    0.0929566    0.0727552    0.0605909    0.0615452    0.0466501    0.0830911    0.0740223    0.0599511    0.0576755    0.0543943     0.100755    0.0206219     0.110834    0.0119805   -0.0149717    0.0355898    0.0309247    0.0775576     0.106184    0.0537925  -0.00399394     0.057375      0.07544    0.0771503     0.139404    0.0897375     0.075374    0.0790716
   0.0290273    0.0134722    0.0598452     0.130172    0.0768288    0.0593891     0.032922    0.0266091     0.041706     0.129971    0.0828527    0.0974991    0.0351834    0.0834098    0.0383199    0.0251118    0.0921661    0.0471709     0.102575    0.0965466     0.085128    0.0747742     0.053857    0.0690609    0.0775874     0.045173     0.081421      0.10952    0.0431931    0.0673346    0.0475718     0.057445    0.0625965     0.065694    0.0372421     0.095734    0.0481845    0.0707721     0.072172    0.0804112     0.133602    0.0531116    0.0339043    0.0985397     0.105531    0.0810039     0.113138    0.0974237
   0.0588631    0.0880163    0.0988617    0.0293738     0.124364    0.0860235    0.0843574    0.0953187    0.0763111     0.112595    0.0240803    0.0490695     0.114696    0.0486976    0.0315263    0.0642642    0.0515894    0.0266093  -0.00163013    0.0862319     0.115411    0.0758791    0.0677988    0.0675584    0.0213535    0.0547265    0.0706834    0.0806561    0.0452396    0.0579259  -0.00425976    0.0858299    0.0549486    0.0409913  -0.00247124    0.0920887  -0.00141875    0.0908944    0.0751835    0.0695647     0.032266    0.0505244    0.0521807    0.0833044     0.159303     0.142409    0.0432418    0.0486903
    0.113594    0.0468636    0.0678066    0.0510129   0.00497514   0.00833508    0.0928954   -0.0172124   -0.0276565    0.0107136     0.135158    0.0549622     0.113952     0.014783     0.020317    0.0961611    0.0995542   0.00767503    0.0329037    0.0473596   -0.0334041    0.0494113    0.0549574    0.0355729    0.0136791    0.0962238    0.0983345    0.0572453    0.0755772    0.0262578    0.0464917    0.0618623    0.0408678     0.130609    0.0145274    0.0271164   0.00561769    0.0883571     0.049509    0.0755685    0.0916972   -0.0278694     0.136892   -0.0274688    0.0619159    0.0132924     0.039218     0.121552
   0.0330788     0.148527     0.159635     0.106625      0.10217     0.029119    0.0345527    0.0578802    0.0844722    0.0603246    0.0375378    0.0347597    0.0295036    0.0481577    0.0671263    0.0835678    0.0527016    0.0923349    0.0268634    0.0408687    0.0842705     0.123041    0.0693205      0.10389    0.0524913    0.0976588    0.0818449    0.0433769    0.0323315    0.0868862   0.00704339     0.101495    0.0663251    0.0157966     0.093039   0.00410793  -0.00470196    0.0377137    0.0967817     0.100889    0.0971608    0.0188968   0.00598035     0.107233     0.118845    0.0283199     0.031117   -0.0163478
   0.0991491    0.0854638    0.0933496    0.0594212    0.0405428     0.116947  -0.00249161    0.0856455     0.100118    0.0282048    0.0709276     0.050586    0.0772641    0.0236885    0.0377266    0.0638732     0.116086    0.0829097    0.0377094    0.0386084     0.112396    0.0985702     0.103999   -0.0177848     0.014181   -0.0112945    0.0873446  -0.00361642   0.00746701   0.00562873    0.0187175    0.0759982    0.0523437    0.0373851     0.108995  -0.00716473    0.0335646     0.130051    0.0907143  0.000629028     0.119993    0.0352184    0.0161694    0.0444829   0.00295644    0.0755096    0.0213446    0.0803343
   0.0682493     0.113705     0.141407     0.102312     0.154088    0.0126423      0.04814    0.0451438    0.0318748    0.0041416    0.0735276     0.027655    0.0329867    0.0193114    0.0297061    0.0214789    0.0765926    0.0090407    0.0103247    0.0132311    0.0965994     0.114711    0.0606945    0.0139825    0.0525339    0.0353392     0.137511     0.097005     0.029504    0.0198061   0.00145982    0.0126222    0.0581098    0.0795533     0.103901   0.00414506       0.1189    0.0990753      0.10664    0.0478079    0.0681897     0.026201    0.0680837    0.0970979    0.0488851      0.11379     0.081424    0.0341811
    0.110873    0.0325119    0.0276544    0.0407612    0.0554299    0.0255549    0.0192527    0.0406751  -0.00117674     0.117066    0.0838878    0.0537373    0.0308519  -0.00978947     0.029592    0.0665919    0.0678713    0.0305228   -0.0204105    0.0658292     -0.01477    0.0412205    0.0138558   -0.0375216   0.00912253    0.0523488    0.0629066     0.112188    0.0413643  -0.00708689    0.0279473     0.124681    0.0588681     0.133925   0.00522346   0.00330916   0.00837214     0.035949    0.0724141    0.0940558    0.0745559    0.0226663    0.0931494    0.0660758    0.0344463    0.0961852    0.0758669     0.016987
   0.0981274     0.015731    0.0648992     0.126192    0.0880039     0.107314    0.0695109    0.0853183    0.0727462    0.0217284     0.047067     0.121259    0.0643227     0.102382    0.0957094     0.108846     0.112229   0.00695236     0.104953    0.0213688    0.0332505    0.0678268    0.0443713    0.0763187    0.0907293    0.0748311     0.103123    0.0321212    0.0231894    0.0721857    0.0419719    0.0878396    0.0651151    0.0410748    0.0512708   0.00484072    0.0864609     0.117321     0.111547    0.0665845     0.082003    0.0258169    0.0371036    0.0775317     0.141063     0.121241    0.0887664    0.0881705
   0.0823549   0.00127239     0.027386    0.0157372    0.0564763   0.00609725    0.0599056    0.0317416    0.0349252    0.0147279     0.040992     0.041415    0.0583469     0.091453    0.0768981    0.0713866    0.0590454   0.00292117    0.0660627   0.00858429   0.00724973    0.0563086   -0.0221507    0.0822421   0.00919781     0.107585     0.104661    0.0564447    0.0684475    0.0927087    0.0750494    0.0267299    0.0703093    0.0572098    0.0904532     0.027377    0.0547832   -0.0257556    0.0762042    0.0546815   -0.0300306    0.0241585    0.0752241     0.114995     0.170487     0.126531     0.056498    0.0243638
   0.0367646    0.0531444    0.0739013    0.0581848    0.0404081     0.103733    0.0771006    0.0168069    0.0386161   0.00176035    0.0327754    0.0659838    0.0855525    0.0829883    0.0342023    0.0481304    0.0779903    0.0543546   0.00661733     0.098432    0.0616827    0.0772035    0.0441955    0.0623681    0.0801952    0.0921435    0.0996572     0.022205  -0.00923164     0.103168   0.00823445    0.0953839     0.136203    0.0395517   0.00837947    0.0700953    0.0997889    0.0685118     0.151823    0.0716563    0.0775007    0.0651069    0.0578893     0.075911    0.0751899      0.10727    0.0638581    0.0420721
   0.0975306    0.0247383    0.0895781     0.114079     0.137703     0.048219    0.0692729    0.0710172    0.0697589    0.0100974     0.105618    0.0207615    0.0621587    0.0401161    0.0825961    0.0603199     0.102256   -0.0190234    0.0933766    0.0837577    0.0117448    0.0622539    0.0340445   -0.0197379    0.0180709    0.0917713    0.0807252     0.052564     0.112398     0.022088    0.0239185     0.110704    0.0504556    0.0114645    0.0401852   -0.0115516     0.112781    0.0336641    0.0990128   0.00887812     0.105091    0.0758979    0.0552323     0.128703      0.13221    0.0817298    0.0530449    0.0725964
      0.1237    0.0878336    0.0916428     0.136676      0.10334    0.0524448    0.0978731    0.0308345   0.00488075    0.0440946     0.032379    0.0818218    0.0433747    0.0313328     0.073253     0.093685    0.0424544    0.0138166     0.134379   0.00648913    0.0139334     0.117241    0.0959245    0.0606656     0.132887    0.0649343    0.0193366    0.0671117    0.0290423    0.0395782      0.12073    0.0380692   -0.0220768    0.0419899    0.0353538    0.0978158     0.122282    0.0600106    0.0581247     0.104102   0.00870074    0.0781035    0.0486669    0.0745756    0.0615051    0.0948295     0.147698    0.0709095
    0.158111    0.0273566    0.0536425    0.0184561     0.100057      0.10442     0.134553    0.0896816    0.0753804    0.0225546    0.0778352    0.0632563    0.0244257    0.0689131    0.0574514    0.0363555     0.134412   -0.0105064     0.077145    0.0897437    0.0961819    0.0940797     0.101174    0.0574716    0.0689339     0.095815     0.103825    0.0543829    0.0352131    0.0628576    0.0374963     0.101657    0.0479935    0.0728731     0.102579    0.0682644    0.0585666    0.0968951     0.158358    0.0883358    0.0717732    0.0239852   0.00859764    0.0954276    0.0631769      0.04353  -0.00523825    0.0195397
   0.0998319    0.0801666    0.0470704    0.0727506     0.106639    0.0614117     0.139641    0.0651529    0.0505079    0.0883817     0.067577    0.0354686     0.102679    0.0677066     0.086162    0.0649584    0.0324339    0.0456023     0.106158    0.0301221     0.020833    -0.010455  -0.00688528    0.0955337     0.132079     0.111083    0.0722896    0.0414198     0.116111    0.0415967     0.149868    0.0218972    0.0201448    0.0728926    0.0126286    0.0942088    0.0381778   -0.0502447    0.0608735    0.0492928  -0.00683031     0.110304    0.0682284     0.133499     0.137955     0.126133     0.132255     0.103135
   0.0161665    0.0288288     0.115532     0.113467     0.120569    0.0499539    0.0563291    0.0203461    0.0757369    0.0131005    0.0157974    0.0260048    0.0550665    0.0194514    0.0456505    0.0821633    0.0795132    0.0169742    0.0154525     0.100817     0.101965     0.106243    0.0640084    0.0113284     0.046955     0.102673    0.0789787    0.0585013    0.0459734    0.0649586    0.0310195     0.104855     0.128337     0.038264  -0.00718157    0.0284857    0.0345874    0.0948746    0.0798805     0.107051  -0.00217257    0.0567101   0.00380984    0.0752304     0.137536     0.120389    0.0125266     0.026274
   0.0810004    0.0773962    0.0350974     0.027044    0.0466562   -0.0203705    0.0802435    0.0997269    0.0503592    0.0496862      0.11799    0.0644088     0.124902    0.0880387     0.034554     0.045281    0.0427191     0.060661    0.0267198     0.109844    0.0919884    0.0988999    0.0478543    0.0445243     0.064283     0.105751     0.108105    0.0955894    0.0122676    0.0741058    0.0672779    0.0326662     0.118921  0.000353865   -0.0124051    0.0547391     0.102309      0.10275      0.08854    0.0470787     0.027549    0.0678968    0.0507481      0.02676    0.0900335    0.0437488    0.0838017     0.073201
   0.0223929    0.0914408    0.0280187    0.0100771     0.108391   -0.0206938     0.112915    0.0894801      0.11378    0.0246701    0.0597959    0.0240247     0.122657    0.0575924    0.0622385    0.0863805    0.0768525    0.0781335     0.105372    0.0358176    0.0712157    0.0623601    0.0211424    0.0343851    0.0746359    0.0778868    0.0626734    0.0744255    0.0162811    0.0505848     0.109422    0.0888385     0.117739    0.0289956    0.0933142    0.0172842    0.0906825    0.0766121     0.058809    0.0979509    0.0918532    0.0792339    0.0207699    0.0487212    0.0878759    0.0884196     0.101517    0.0918581
   0.0793265    0.0338522    0.0160971     0.074401    0.0379462    0.0594289    0.0447977    0.0170615    0.0107025    0.0213799    0.0416419    0.0448763    0.0704712   0.00325248   0.00870222     0.117399    0.0823411     0.070963     0.102244    0.0714911  -0.00545687    0.0755466   0.00716879   0.00358373    0.0253791    0.0940026    0.0178109     0.127742    0.0181958    0.0377052    0.0774101     0.107064  -0.00256261    0.0494632    0.0659154    0.0398888     0.113847     0.131227    0.0913336    0.0721841    0.0271696    0.0614303    0.0925603   -0.0135629     0.025067    0.0226042    0.0922528     0.137719
   0.0318533    0.0542072     0.141716    0.0691154    0.0957949     0.111479    0.0579825    0.0526473     0.103679    0.0377379    0.0362913     0.109463   -0.0165309    0.0156578     0.109156     0.112842   0.00778266    0.0512763    0.0732325   0.00474034    0.0398455    0.0296141    0.0666691    0.0169873  -0.00357308     -0.02505    0.0971938     0.061533    0.0245156    0.0730912    0.0177245    0.0332563    0.0487382    0.0527477    0.0975635     0.123033    0.0647314    0.0767464    0.0635965    0.0942477    0.0231439      0.10961    0.0734082    0.0553272    0.0823739    0.0906868     0.103862     0.102825
   0.0237786    0.0857586     0.157741     0.101172     0.132753    0.0753556    0.0822646     0.110033    0.0921236    0.0297176    0.0576491    0.0634028    0.0232271    0.0729114    0.0345044     0.103908     0.110858    0.0307377    0.0539281   0.00732636     0.106837    0.0797044     0.070389   0.00313209   -0.0104146     0.103875     0.134464    0.0489816    0.0440349     0.018557    0.0745477    0.0169545    0.0824245     0.104009    0.0281743    0.0288601    0.0188415    0.0847816     0.117276     0.101072    0.0897759    0.0247431    0.0541972    0.0642822    0.0810956     0.038482    0.0367499    0.0828599
 -0.00651635    0.0483764     0.143461     0.133705     0.056756    0.0601657    0.0388292     0.112019    0.0521111    0.0532715    0.0543692     0.112322  -0.00887551    0.0987836    0.0373717    0.0216839     0.087097     0.109173   0.00569084   0.00298498    0.0965376    0.0754997    0.0682387    0.0601306    0.0514967    0.0508958    0.0977121    0.0374047    0.0966059      0.09618    0.0954315     0.018306   0.00425975    0.0523053     0.107434     0.065969    0.0187041    0.0804324     0.120119    0.0638161    0.0421127    0.0582716    0.0276385     0.137212    0.0954321     0.124797    0.0541647   -0.0161922
    0.157823    0.0558472    0.0939468    0.0961907    0.0321241      0.14798    0.0647302    0.0211504      0.10541    0.0480418    0.0422934    0.0273511    0.0587558     0.101087    0.0408115    0.0306162    0.0933366      0.07283    0.0861374    0.0965021    0.0303994    0.0762369    0.0351219    0.0107535     0.115467    0.0506896     0.106514    0.0295463    0.0108096     0.102223     0.103085    0.0285579    0.0217141    0.0270015    0.0917589    0.0712713    0.0619728     0.124734    0.0625417    0.0559555    0.0206745    0.0723571    0.0758046     0.140977    0.0275268    0.0336547     0.092245    0.0719562
   0.0373508    0.0421425     0.051143     0.132665     0.108667    0.0289492    0.0871603    0.0747808    0.0643752     0.105442    0.0378207    0.0829245    0.0214928    0.0662662     0.108742     0.102416    0.0777306    0.0756804    0.0377071     0.077521     0.040615    0.0661938    0.0409343    0.0110184     0.084103    0.0309418    0.0104432    0.0759534   0.00740085    0.0624725    0.0480749    0.0833469     0.125631     0.090334    0.0130889    0.0226635    0.0288717     0.101947     0.121772     0.101765    0.0486009    0.0449109  -0.00026971    0.0872136     0.185569    0.0891636    0.0679815    0.0933489
   0.0937182    0.0738138    0.0464567    0.0543143    0.0785249    0.0369764    0.0775284    0.0752759    0.0649768    0.0682511    0.0866071    0.0222833     0.133828    0.0725239      0.04218    0.0799539    0.0529017    0.0402514      0.15728    0.0914579     0.114483  0.000983883       0.1113      0.10911     0.128597    0.0557267    0.0806295    0.0905042    0.0924834    0.0806395     0.148887  -0.00438711    0.0167356   0.00177153    0.0322005    0.0372987    0.0853105     0.071935    0.0311767    0.0239271    0.0288549    0.0355772     0.117068    0.0844342   0.00620192     0.020581    0.0553792    0.0869537
  -0.0201111    0.0275873     0.139438     0.115463    0.0918577    0.0484208    0.0253057 -7.02154e-05    0.0430843    0.0901474    0.0378445     0.118162    0.0312684     0.025765     0.101026    0.0206734    0.0213992    0.0772172  0.000919816     0.130369    0.0841319    0.0917491     0.087239    0.0650597    0.0866061    0.0554958      0.03507     0.123375     0.103005    0.0492558    0.0323787    0.0548021    0.0164448     0.108723    0.0162716     0.022068    0.0756072     0.128749   0.00701117    0.0484006     0.122394    0.0354463    0.0877124    0.0634144    0.0822273    0.0702396    0.0898903     0.060268
   0.0436962    0.0652818     0.108086    0.0890394     0.118757   0.00704114    0.0646611     0.045995    0.0958966      0.10021    0.0705468    0.0474042      0.10076 -0.000131721    0.0999994      0.10369    0.0954504    0.0363656    0.0358484    0.0274828    0.0690694    0.0961276   -0.0125103    0.0586539    0.0911852     0.110267   0.00977708     0.105677    0.0290155    0.0247075     0.054631    0.0152055    0.0779787    0.0937616    0.0244863     0.100631    0.0214545    -0.010625     0.110338     0.117973    0.0876914    0.0997146   -0.0116651     0.102031     0.124143    0.0612113      0.12411    0.0264051
  -0.137342   -0.104098    -0.13953   -0.115026   -0.153574   -0.112304   -0.126412   -0.161237   -0.112878   -0.141953   -0.143157   -0.145083   -0.145366   -0.094333  -0.0848629  -0.0839799  -0.0922421   -0.097926   -0.112869   -0.139649   -0.111141   -0.128504   -0.163554  -0.0814189  -0.0860647    -0.11361   -0.113253   -0.157486   -0.178823  -0.0779517   -0.130262   -0.111153   -0.165655   -0.163938   -0.100915   -0.127216  -0.0726343  -0.0904016   -0.116069   -0.119514  -0.0994409   -0.114263
  -0.112775   -0.153623  -0.0487437  -0.0817196   -0.106265   -0.171257  -0.0956917   -0.222944   -0.175417  -0.0641121   -0.131406   0.0410423   -0.132789  -0.0809384   -0.176868  -0.0657306   -0.124655  -0.0490375   -0.210405   -0.047732  -0.0431253   -0.095158   -0.134063  -0.0880422  -0.0271292  -0.0594711   -0.112707   -0.231631  -0.0647452    -0.12357  -0.0216755  -0.0638365  -0.0926891   -0.221146   -0.053336  -0.0460156  -0.0204283   -0.162504  -0.0813627   -0.158177   -0.140922  -0.0877489
 -0.0704151   -0.180622   -0.159443   -0.152845   -0.202601   -0.184898  -0.0484706   -0.130184  -0.0892023   -0.114452   -0.116695  -0.0604237  -0.0968638  0.00131452  -0.0755625   -0.113275   -0.113705   -0.162519  -0.0305205  -0.0688603   -0.081665  -0.0534378  -0.0850127  -0.0854848   -0.160211  -0.0814281  -0.0670164   -0.127657  -0.0692293   -0.226767   -0.119082  -0.0686222  -0.0769911  -0.0314544   -0.134315  -0.0762559   -0.108932    -0.14071   -0.121052   -0.192255  -0.0980305   -0.121123
 -0.0489369   -0.106535    -0.11983   -0.167371  -0.0892574   -0.120396   -0.117597   -0.151578    -0.10382   -0.156276   -0.136298   -0.057204   -0.133127  -0.0680778    -0.11758  -0.0986804   -0.110136   -0.131292  -0.0826068      -0.062   -0.123079   -0.159924  -0.0774451  -0.0898373   -0.138194   -0.118515    -0.16242  -0.0804535  -0.0565761   -0.174113   -0.107973   -0.109398   -0.154035    -0.13309  -0.0417917  -0.0931034  -0.0694496  -0.0662521   -0.116341   -0.100135   -0.165297   -0.125535
  -0.087089   -0.104402   -0.114608   -0.125743  -0.0638715  -0.0540213  -0.0549546   -0.121498  -0.0974218  -0.0875695  -0.0590637   -0.138069    -0.11127  -0.0198581  -0.0481272   -0.168493  -0.0473564   -0.151774  -0.0794927   -0.127229  -0.0973347   -0.177042  -0.0218922   -0.166759   -0.103783   -0.136923   -0.131076   -0.139887   -0.142901  -0.0718051   -0.109586   -0.156103  -0.0947342    -0.14885   -0.150184   -0.176145   -0.156509   -0.170962  -0.0858897   -0.164593   -0.079354  -0.0632572
  -0.109752   -0.106683   -0.132302  -0.0974909   -0.104881   -0.133399   -0.118616   -0.107401   -0.157511  -0.0972797   -0.115701   -0.162671   -0.106537   -0.117601  -0.0742198   -0.121655   -0.129451   -0.137666   -0.160119   -0.106046   -0.106996  -0.0725617  -0.0864539   -0.175977  -0.0898214    -0.12167   -0.066176   -0.108409   -0.148605   -0.100315   -0.137968   -0.152264   -0.141666   -0.105405   -0.091737   -0.108438   -0.138603  -0.0850992   -0.172918   -0.117597  -0.0920522     -0.1021
 -0.0863898   -0.122143   -0.117754  -0.0966245   -0.127594   -0.101984  -0.0761806   -0.090217   -0.159451   -0.100641   -0.125924   -0.166139    -0.14697   -0.181954  -0.0957104   -0.138554   -0.134146  -0.0991364   -0.185845   -0.135189   -0.125133   -0.129337  -0.0890238   -0.136812  -0.0536913    -0.11967  -0.0843919   -0.139947   -0.145188  -0.0456236  -0.0902549   -0.108779   -0.109308   -0.132635   -0.101559   -0.147076  -0.0503904  -0.0554695   -0.156085  -0.0737142    -0.12377  -0.0649701
 -0.0454822   -0.181281  -0.0685349  -0.0549288   -0.114483   -0.166336   -0.127381   -0.183677   -0.068753   -0.195424   -0.191824   -0.118232   -0.167296  -0.0183996   -0.106114   -0.115753  -0.0900044   -0.081369  -0.0743936  -0.0277373  0.00349728  -0.0457435  -0.0564505   -0.115986   -0.123953   -0.127048  -0.0628526   -0.100797   -0.111651   -0.176059  -0.0551857   -0.163613   -0.187494  -0.0947188  -0.0779154  -0.0347053  -0.0547295  -0.0255036   -0.147076   -0.176584   -0.135657   -0.164762
  -0.139569   -0.114101   -0.109475  -0.0806994   -0.158253   -0.148074  -0.0782243   -0.137485   -0.102885  -0.0698035    -0.15592  -0.0642259  -0.0897692   -0.119019  -0.0792411  -0.0735689   -0.148553   -0.127271   -0.113113   -0.108206   -0.099212   -0.124708  -0.0797741   -0.150261   -0.189364   -0.133419   -0.162079   -0.153814   -0.139356   -0.185612   -0.111069   -0.088807  -0.0742499  -0.0836674   -0.164093  -0.0657445  -0.0520321   -0.151036    -0.12577   -0.160105  -0.0717932  -0.0611427
  -0.151992   -0.127798  -0.0639666  -0.0644511   -0.165211   -0.124882   -0.118162  -0.0543012   -0.145557   -0.180597   -0.174551   -0.114981   -0.143795   -0.150418  -0.0805078  -0.0841653   -0.147229   -0.120994   -0.152131  -0.0104274    -0.06911   -0.141612   -0.142619  -0.0879372  -0.0828409  -0.0862968   -0.127389   -0.160639   -0.107377   -0.105395   -0.103767  -0.0841102   -0.109741   -0.136409   -0.113793    -0.14631  -0.0381304   -0.161848   -0.100765   -0.079323  -0.0791682  -0.0828559
 -0.0935723   -0.119621   -0.148483   -0.159844  -0.0933646   -0.115891  -0.0485219   -0.112105  -0.0715534   -0.129004   -0.113495   -0.118646  -0.0810415  -0.0847063  -0.0867028    -0.15188  -0.0988377   -0.159671   -0.133459   -0.144349  -0.0856624   -0.136714     -0.1334   -0.159709  -0.0646362  -0.0683456   -0.165583   -0.154106   -0.159408   -0.111663   -0.133124   -0.151685  -0.0864179   -0.070283  -0.0493105   -0.148772   -0.163719   -0.111778   -0.100707   -0.105169   -0.145476   -0.114144
 -0.0878876   -0.081165   -0.129912   -0.145202     -0.1077   -0.124266   -0.169626   -0.109162   -0.134551   -0.144614   -0.170306   -0.137424   -0.143155   -0.129427    -0.15779   -0.136239   -0.123147   -0.102062   -0.111648     -0.1382   -0.109569  -0.0825862   -0.165579   -0.151915  -0.0768566   -0.105639    -0.14378   -0.142618   -0.154007   -0.156521   -0.133528  -0.0803222  -0.0830644   -0.113014  -0.0899895  -0.0854749  -0.0712795    -0.10223   -0.123539  -0.0888647   -0.121473    -0.08792
  -0.173712   -0.128523   -0.123863  -0.0718072  -0.0918228  -0.0944205   -0.119603   -0.151453   -0.165691    -0.10062   -0.102579   -0.118797  -0.0457552   -0.178681  -0.0995916   -0.062415  -0.0985601  -0.0694994   -0.130718  -0.0753105    -0.15628  -0.0743884  -0.0815977   -0.129687  -0.0952071   -0.152038  -0.0612958  -0.0367867   -0.161018  -0.0596852  -0.0672982   -0.128631  -0.0568805   -0.119198   -0.161053   -0.153127    -0.13434   -0.134172  -0.0588817   -0.116942    -0.15191  -0.0898916
  -0.166758  -0.0588152  -0.0839538   -0.130023   -0.127209   -0.109478   -0.136785   -0.108442   -0.119658   -0.140233   -0.150338  -0.0805766   -0.153976   -0.108604   -0.108109  -0.0998834   -0.105273    -0.14243   -0.155035   -0.072965   -0.152437  -0.0998869  -0.0914031   -0.159478   -0.101979   -0.131042   -0.118831  -0.0589902   -0.166328   -0.103403     -0.1234   -0.146297   -0.129812   -0.130338  -0.0768416   -0.155032   -0.129468  -0.0906298   -0.127696  -0.0720274   -0.104869  -0.0985724
  -0.132127   -0.112548   -0.145021  -0.0812049  -0.0933381   -0.137062  -0.0984455   -0.104485   -0.140459   -0.113769  -0.0989476  -0.0948657  -0.0767742    -0.10477   -0.182882  -0.0921698   -0.148858    -0.10816   -0.121168   -0.119089   -0.121583   -0.117741   -0.154111   -0.138896   -0.107533   -0.155666  -0.0772686   -0.146152  -0.0914968   -0.113242   -0.130359    -0.17738   -0.149602   -0.169174  -0.0838978  -0.0872947   -0.173218   -0.131525  -0.0820148   -0.100072   -0.090337  -0.0982059
  -0.117623   -0.140825   -0.142966  -0.0595292   -0.102201   -0.120675  -0.0943667  -0.0704253  -0.0720386  -0.0967799   -0.105127   -0.170598  -0.0663333   -0.120648   -0.127537  -0.0998174   -0.149343   -0.153974   -0.140958  -0.0829401  -0.0696596  -0.0817449   -0.080433   -0.119944   -0.180777   -0.123863   -0.118106  -0.0492882     -0.1307   -0.125026  -0.0585784   -0.114357   -0.153551  -0.0650499   -0.155534   -0.136698   -0.145299   -0.084231   -0.146309  -0.0268086   -0.118179    -0.16806
  -0.128278     -0.1366   -0.173314   -0.136677   -0.126317   -0.170628   -0.104445  -0.0631031   -0.147216  -0.0698961   -0.151792   -0.114107   -0.141721   -0.174898   -0.121634   -0.109067   -0.105435   -0.135069   -0.087323  -0.0741876   -0.104915   -0.140995   -0.138137   -0.155615   -0.110122   -0.125415  -0.0831723  -0.0918962  -0.0791936   -0.117753   -0.067167  -0.0691306   -0.132148   -0.138522  -0.0729446   -0.079885   -0.112363   -0.126369   -0.146092   -0.144824  -0.0736822   -0.119093
  -0.104258  -0.0998605  -0.0954671   -0.128658   -0.132595   -0.141352   -0.166563  -0.0332502  -0.0536039  -0.0788461   -0.136382   -0.161539  -0.0609054   -0.114882  -0.0596763   -0.105854   -0.135508  -0.0793059  -0.0872732   -0.146402   -0.124896   -0.176098   -0.139877  -0.0917727   -0.124811  -0.0621414   -0.186071   -0.125048   -0.106208   -0.114556   -0.146102  -0.0655211   -0.157647  -0.0750815  -0.0668213   -0.172662   -0.101426   -0.069854   -0.156362    -0.09174  -0.0873693   -0.163268
 -0.0710786   -0.134297  -0.0586359   -0.113792   -0.152222   -0.169639   -0.053497  -0.0973784  -0.0760319   -0.185114   -0.118764   -0.104325  -0.0830787   -0.124278   -0.114665   -0.134569   -0.052182  -0.0427125   -0.120514  -0.0798035   -0.178532   -0.110361   0.0162671    -0.10325  -0.0808923   -0.140138   -0.164132   -0.065492   -0.210559   -0.138969  -0.0593854   -0.172989   -0.158886  -0.0492755  -0.0327143  -0.0626354   -0.107079   -0.195954  -0.0367797   -0.211369  -0.0811139  0.00194184
 -0.0141295  -0.0654203   -0.185772  -0.0964976   -0.054781   -0.139121  -0.0367741   -0.154344    -0.10619   -0.199616   -0.145117   -0.134833   -0.112585  -0.0114295   -0.175346   -0.168458  -0.0520391   -0.122372  -0.0719999   -0.132385  -0.0516557  -0.0620375   -0.120113  -0.0483564   -0.104839   -0.135076  -0.0347852   -0.165917  -0.0973649   -0.179027   -0.124309   -0.187802     -0.1477  -0.0927787  -0.0401242   -0.121984  -0.0327886   -0.134855  -0.0688187   -0.169745  -0.0182777   -0.160519
 -0.0773427   -0.064053  -0.0796475   -0.113912    -0.11938   -0.148715   -0.131439   -0.131521   -0.120552  -0.0945983   -0.105647   -0.105754    -0.10847   -0.167423   -0.149906   -0.173406   -0.160384   -0.138537  -0.0433718   -0.181512  -0.0703869   -0.137435   -0.148059    -0.10206  -0.0616821   -0.127192  -0.0693103  -0.0555485  -0.0635438  -0.0719613   -0.164431   -0.107913  -0.0997664  -0.0423481   -0.060389    -0.10054   -0.134719    -0.11018   -0.134704  -0.0494111   -0.139071   -0.162978
  -0.159033   -0.127788  -0.0958554   -0.136176  -0.0754603  -0.0815385    -0.11407   -0.156596   -0.191276  0.00227423   -0.101783  -0.0650602   -0.111097    -0.18833   -0.181142  -0.0315693  -0.0698465   -0.157287  -0.0373492   -0.199639   -0.127531    -0.15199  -0.0278544  -0.0365845 0.000202718   -0.114451  -0.0671566  -0.0773907   -0.158166  -0.0163577   -0.152009   -0.103888  -0.0773817  -0.0161729   -0.142449   -0.160195   -0.184514  -0.0828143   -0.137366   -0.042214   -0.166177   -0.118533
 -0.0581784   -0.151709   -0.132601   -0.158564  -0.0536012   -0.116321  -0.0518119   -0.134096  -0.0403783    -0.14257   -0.137898  -0.0909333   -0.111699   -0.152632  -0.0986764   -0.123805   -0.071637  -0.0897788  -0.0891134   -0.132331   -0.104886   -0.114368  -0.0756885   -0.152661   -0.149325   -0.190018  -0.0910233   -0.125142   -0.124617   -0.117497   -0.178285  -0.0937771   -0.097067  -0.0637133   -0.155895   -0.116261  -0.0954438   -0.139399   -0.162954  -0.0295966    -0.14318   -0.110409
 -0.0488922    -0.15286   -0.184876   -0.116523  -0.0931517  -0.0530059   -0.057211   -0.082668    -0.11145   -0.069123  -0.0907777    -0.13058  -0.0750116   -0.150324   -0.150328    -0.15559   -0.150508   -0.113379   -0.079309   -0.141251   -0.107676  -0.0592002   -0.146448   -0.116436   -0.131519   -0.133294  -0.0974796  -0.0798773  -0.0777517   -0.119874   -0.140027  -0.0749344  -0.0739302   -0.136733   -0.164881   -0.126122    -0.11833  -0.0919077   -0.181162  -0.0354762    -0.14843   -0.163982
  -0.187986  -0.0448634  -0.0834198  -0.0970865  -0.0970942  -0.0872983   -0.151025  -0.0788637    -0.18466  -0.0867352   -0.152516  -0.0974858   -0.139773   -0.136445   -0.133774  -0.0954835  -0.0991254   -0.101046   -0.155173  -0.0688526   -0.176285    -0.13028   -0.164462   -0.154165   -0.057612   -0.072429   -0.109585  -0.0850575   -0.155665   -0.138133    -0.14992  -0.0882704    -0.10357  -0.0864862   -0.137142   -0.166266  -0.0634856   -0.155818  -0.0966634   -0.079831    -0.07699  -0.0802263
 -0.0960406    -0.12772   -0.136019   -0.063245  -0.0506838   -0.102135   -0.139555   -0.151873   -0.137734   -0.142686   -0.154148   -0.156278   -0.131002   -0.142439   -0.100332  -0.0436215   -0.149154   -0.102228  -0.0375137   -0.121829   -0.176305  -0.0702675  -0.0769945   -0.144527  -0.0902212    -0.16933   -0.155131   -0.107074  -0.0918148  -0.0474577   -0.148855   -0.108007   -0.122257  -0.0813766   -0.157392  -0.0597046   -0.109279   -0.115922   -0.178611   -0.040959  -0.0524743   -0.163262
  -0.109137   -0.120203  -0.0528513   -0.125935   -0.163703  -0.0996897   -0.110757   -0.166263   -0.177634   -0.137116   -0.141669   -0.114121  -0.0960665  -0.0914701   -0.124142  -0.0950615   -0.160792   -0.160221  -0.0830566   -0.103847  -0.0739339  -0.0782787   -0.124374   -0.119247  -0.0984028   -0.116014   -0.132185  -0.0765719   -0.128655    -0.11092   -0.116408   -0.115692  -0.0778758   -0.124752   -0.158209  -0.0894831   -0.104446   -0.130587   -0.126403  -0.0908759   -0.119699   -0.148228
  -0.148723   -0.093279  -0.0889082  -0.0966075   -0.105462  -0.0695886  -0.0684739   -0.137361  -0.0859963   -0.106917   -0.131348   -0.153228   -0.162696   -0.129324   -0.148689  -0.0771139   -0.163201   -0.158515  -0.0626185  -0.0795586   -0.154679   -0.112948   -0.145176   -0.138114  -0.0961919    -0.12432   -0.118768    -0.10446   -0.146901  -0.0637018   -0.135461  -0.0776551   -0.105703    -0.14233   -0.117962    -0.12141   -0.104061   -0.172873   -0.151847   -0.137524  -0.0769915   -0.123857
  -0.182325   -0.113842   -0.100241  -0.0699726   -0.181933   -0.124019   -0.139537  -0.0997612   -0.156633   -0.148137   -0.145175    -0.14977  -0.0608243  -0.0844746  -0.0842986  -0.0527997   -0.133364  -0.0543732   -0.137023   -0.118245  -0.0904194   -0.056729   -0.151688   -0.170409  -0.0848422  -0.0839881  -0.0669433  -0.0814283   -0.149799   -0.148392  -0.0746847  -0.0550972   -0.142869   -0.156084   -0.126997   -0.142366   -0.129392  -0.0991153   -0.103991   -0.146791  -0.0712577   -0.133997
   -0.20164  -0.0569277   -0.101872  -0.0838987  -0.0860666   -0.100201   -0.163909   -0.073627   -0.111161  -0.0583049   -0.125519  -0.0768169   -0.114537   -0.117857   -0.117451  -0.0923187   -0.132648   -0.121249   -0.181831   -0.127019   -0.121334   -0.204621   -0.145795  -0.0728832    -0.10643  -0.0620406   -0.181785  -0.0881881   -0.142622  -0.0507131   -0.125029  -0.0819897  -0.0857981  -0.0635326  -0.0757888   -0.196633  -0.0905644   -0.102162   -0.078974   -0.147684   -0.113121  -0.0777754
  -0.139687   -0.065083      -0.152  -0.0908198    -0.13404   -0.164297   -0.128759   -0.141357   -0.118877  -0.0504996   -0.182606  -0.0858146   -0.111177  -0.0953252   -0.116984   -0.131118  -0.0705952   -0.099984  -0.0720713   -0.130977   -0.152478   -0.161082  -0.0949473   -0.114446  -0.0484986   -0.112342   -0.156662   -0.153773   -0.138264  -0.0509006   -0.111598  -0.0782118   -0.124877  -0.0573852   -0.112098   -0.178681   -0.102677  -0.0636226  -0.0797011    -0.15364   -0.130181  -0.0985471
 -0.0834295   -0.202268   -0.146528   -0.125378   -0.105523  -0.0803428   -0.166645  -0.0631523    -0.10939    -0.13803  -0.0890617  -0.0877066   -0.200002  -0.0300705  -0.0978961  -0.0972187    -0.16901  -0.0491391  -0.0307103   -0.124323  -0.0864319   -0.138335  -0.0104567   -0.165056  -0.0348177  -0.0710766  -0.0616548   -0.186036   -0.035497    -0.16403  -0.0695497  -0.0869475  -0.0842649   -0.036259   -0.208129   -0.150187   -0.188456   -0.139607  -0.0604083   -0.141135  -0.0985625  -0.0855122
 -0.0796592   -0.149502  -0.0860704   -0.148382  -0.0853876   -0.154022   -0.116403   -0.164007   -0.128993  -0.0787178   -0.146128   -0.062084  -0.0872541   -0.114848   -0.133857   -0.142625   -0.170987   -0.187574  -0.0660805  -0.0920643  -0.0625939  -0.0694083  -0.0786357    -0.10846  -0.0731898  -0.0832298  -0.0507923   -0.143653   -0.133144   -0.137678    -0.10796  -0.0964984   -0.125688   -0.144063   -0.137514   -0.112315  -0.0777775    -0.10145   -0.148057  -0.0878989   -0.186454   -0.118975
   0.018773   -0.142568   0.0227708   -0.176789  -0.0251908  -0.0259492  -0.0310166   -0.079358  -0.0453078  -0.0501416   -0.104023  -0.0664178   -0.123448  -0.0170822  -0.0721613   -0.122026  -0.0958028   -0.118075  0.00347628   -0.162338  -0.0384045   -0.144055  -0.0293742   -0.181853   -0.169677   -0.131289   -0.176261   -0.226172   -0.186661   -0.243297   -0.125706   -0.062253   -0.111849  -0.0368065   -0.144813   -0.109494   -0.196607   -0.141103    -0.12824   -0.094932  -0.0383715    -0.17393
 -0.0932192   -0.113444  -0.0817804   -0.183436  -0.0237947   -0.103291   -0.203752  -0.0988012   -0.107246   -0.181025   -0.127177  -0.0774978   -0.133061  -0.0108285  -0.0584595  -0.0788342   -0.126823   -0.111267  -0.0776113  -0.0898263   -0.166708  -0.0962846  -0.0610432    -0.13728  -0.0556385  -0.0952665  -0.0733141   -0.162881  -0.0416218   -0.080078  -0.0533263  -0.0132167   -0.120906   -0.113227   -0.198127   -0.114089   -0.183136   -0.144501  -0.0960263   -0.157344   -0.189425  -0.0477598
  -0.087308   -0.126764    -0.15886   -0.134644   -0.169464   -0.146376  -0.0670966   -0.122073  -0.0890456   -0.114668   -0.135029   -0.131534   -0.125191  -0.0956999   -0.123134   -0.156907   -0.163857  -0.0913326  -0.0680406   -0.117721  -0.0555876   -0.113304  -0.0449834  -0.0828128  -0.0561861   -0.124608   -0.104546  -0.0712955  -0.0762304   -0.136406  -0.0650013   -0.159113   -0.173441  -0.0616301   -0.110738   -0.113276   -0.151644   -0.126497  -0.0958332   -0.160019   -0.127655   -0.134162
