no weights
    0.174455    -0.401809   -0.0725477    0.0476896     0.292556     0.258662    -0.363174     0.127375     0.209679     0.244918     0.671288    -0.318689    -0.258418     0.506428     0.286572     0.411509     0.412107      -0.1566    -0.179801  -0.00573055    -0.138313   -0.0721018     0.477423    -0.460363   -0.0794301     0.330938     0.506653     0.746551     0.582987    -0.296935    0.0359581     0.104701     0.241396     0.295443     0.175741   -0.0061682    -0.295644      0.60565     0.243117      0.20043     0.696502   -0.0848946    0.0896717    -0.458529    -0.281817    -0.145489    -0.241312    -0.103739
   -0.204839    -0.270682    -0.163233   -0.0773167    0.0565987     0.343848    -0.223397    0.0329405   -0.0367874    0.0995022      0.17046     0.200511   -0.0361257    0.0852665    0.0298041     0.254992    -0.433027     0.215619   -0.0466456    0.0932543    0.0830506    -0.500165     0.551774     0.104095   -0.0637542   -0.0628148    -0.756267     -0.02148      0.09856     0.556102     0.127165    -0.800199    0.0302368    -0.221757     0.196531     0.499218    -0.273607     0.147685    -0.198861     0.126964     0.258472     0.337236   -0.0401636    -0.205323     0.222014     0.176756     0.230971     0.105207
    0.300879    -0.182998    0.0255001     -0.19477    -0.248994    -0.196585    -0.258899     0.250167     0.190563     0.279194     -0.38938     0.365646     0.157001   0.00437354     0.373357     0.453137    -0.493194     0.807003    -0.140344     0.183995     -0.23593   -0.0993053    -0.329955     0.628422     -0.18367     0.126426     0.417529      0.32173    -0.401568     0.358488    -0.131527    -0.187961     0.527252     0.494119    -0.230695    0.0624294    -0.539999     0.263447    0.0889573     0.375786    -0.150951    0.0954079     0.302523     0.321337     0.033823    -0.187924    -0.326677     0.667568
   0.0980549    0.0641513     0.318685     0.206486     0.162885     0.407614    -0.221797     0.200285      0.13683  -0.00751781    -0.602094     0.658377    -0.153821    -0.151783    -0.108433    -0.219521   -0.0937055     0.203211     0.132764   -0.0669697      0.40343     0.089042     -0.18374      0.37573   -0.0538582   -0.0314742    0.0497835   -0.0485988      0.16094    -0.192262    -0.205799   -0.0558928    -0.409173    -0.208789     0.063847    -0.296001   -0.0191234    -0.203223    -0.664225    -0.328269    -0.499567      0.12662     0.115215     0.471164     0.274854     0.321801     0.212986    -0.201867
    0.541242    -0.711021    -0.541192    -0.466436  -0.00993208     0.453635     -0.26873     0.117748     0.207787    0.0571151     0.290701     -0.11769     0.119933      0.24283     0.225685    0.0458476    0.0641713   -0.0365504      0.27837     0.164574    -0.108138    -0.704462     0.438038   -0.0875684      0.18841     0.310435    0.0113232     0.364084     0.648685    -0.259061     0.262779    -0.744956     0.681518    -0.375537     0.385866    -0.111264     -0.24065     0.109066     -0.24883    -0.447784     0.205293   -0.0744004     0.501156   0.00756286     0.206407     0.248746     0.015711      0.36969
    0.122589    -0.315226    -0.523386    -0.343952     0.104706    -0.275219     0.085387    -0.148974   -0.0140847    -0.048831      0.14349     0.317393      0.44416    0.0614493   -0.0273391    -0.209421    0.0302239     0.530612     0.105751     0.386166    -0.256754    -0.548953     0.127775     0.333712     0.275412     0.274622    -0.273232     0.330893     0.304343   -0.0248792     0.287755    -0.238194     0.255349     0.178318     0.377896    0.0899168    -0.179246   -0.0172682    -0.109932    -0.258261     0.217608    0.0358579      0.33127    -0.223735   -0.0336135    -0.219461   -0.0217382     0.109241
   -0.949362   -0.0305331     0.329863     0.286944   -0.0259739    -0.442401    -0.331345     0.226299     0.268905     0.356724     0.106094    -0.316291     -0.37712     0.128903     0.221189    -0.014965    0.0093881   -0.0715169      0.05333    -0.448366    0.0317299    -0.566204    0.0588076    -0.101561      0.05376    -0.223732     0.320469     0.155555     0.521904    -0.392663   -0.0013987     0.176627     0.180349     0.691412     0.612504     -0.21676     0.241339      0.26778    -0.108214     0.337592     0.918204    -0.241667     0.270705    -0.294686   -0.0398882     0.292035     0.396183     0.402594
   0.0197637    -0.137862    -0.342224    -0.125758    0.0121791     0.231508      0.11639    -0.410646    -0.262418   -0.0841693     0.104689   -0.0726405      0.26967     0.379536    -0.447029     0.245751    -0.255656     0.226198    -0.216862     0.656074     0.320968     0.452759     0.572412     0.126142    -0.221154   -0.0457994    -0.854917     0.508465    -0.220343     0.514029    -0.156537    -0.108413    -0.229688      0.36164     0.102252     0.350973    -0.287519    -0.123743    -0.261246     0.246695     -0.12802     0.417157    0.0966996    -0.556441    0.0147693    -0.387165     0.111065   -0.0626222
    0.159643   -0.0223908   -0.0835521    0.0705267     0.106913     0.355469   -0.0820505    0.0205074    -0.180836     0.259697     0.239148    0.0893239   -0.0971573     0.134045    0.0909899     0.172606     0.325795     0.181949    -0.254801     0.461905     0.308335     0.510526     0.567819     0.058779    -0.204396    0.0420812   -0.0952463     0.235249    0.0634686     0.175395    -0.129113     0.456462   -0.0492317     0.309694     0.236714     0.175383    -0.319492     0.298321    -0.289379    0.0844734       0.2676     0.199317     0.286389    -0.765994      -0.7435    -0.937358    -0.469628   -0.0402733
   -0.268143    -0.262673    -0.423324    -0.601782    -0.734595   -0.0152028   -0.0484523     0.333972     0.259899    0.0808119    -0.168292    -0.468382     0.156116   -0.0648907     0.441967    -0.106207    -0.397548    0.0626059     0.339708    0.0519901     0.121051    -0.469665     0.135636     -0.16071     0.562487     -0.27698     0.163617    -0.407738    -0.183554    0.0431899     0.487136   -0.0746244     0.633184    0.0260579    -0.151698     0.312053     0.261521   -0.0153172     0.121351    -0.293801     0.104792     0.245179      0.36144      0.35348    -0.126403     0.236745     0.219196     0.619508
    -0.20592    -0.168494    -0.160162   -0.0712239   -0.0975925   -0.0949149     0.138422  -0.00901932    0.0490666     0.212776      0.35553    -0.758751    0.0132706     0.150442     0.211106     0.195141    0.0292671    -0.391586     0.198025     0.168197     0.151996    0.0685713     0.303443    -0.518644     0.265865   -0.0533646    -0.092646     0.102845    0.0426051    -0.286524     0.271464     0.142853    0.0556695     0.470077    0.0659989   -0.0736242     0.333636   -0.0913605     0.208189     0.133401     0.350737   -0.0920882     0.395275    -0.299708    0.0715264     0.194221     0.234605      0.37552
  0.00934372    -0.219904   0.00257879    -0.361633    -0.659144    -0.429761     0.276468     0.269239     0.150656     0.080282     0.284637    -0.477096     0.162434    -0.244772      0.31525     0.319346    -0.131032    0.0936056   -0.0218828    -0.260307    -0.330897    -0.268812    -0.241999   -0.0890326   -0.0394547    -0.269289     0.367751    -0.227574    -0.452103     0.110656    0.0686456    -0.483732     0.781589    -0.100201    -0.219167    -0.205695    0.0493003     0.452062     0.913182     0.651816     0.462602    -0.305735    -0.130994     0.361176     0.196679     0.461456     -0.10492     0.382277
   -0.382877    0.0110645    0.0729561    0.0401625    -0.215034    -0.126505     0.135581     0.043011    -0.159082     0.155753     0.169997     -0.21255     0.109505  -0.00711391    0.0697926     0.158301    -0.179317    -0.195315     0.054383    0.0713998     0.235894    -0.105511     0.408055    -0.211333     0.203081    -0.475278    -0.510813    -0.376224   -0.0294706     0.124402     0.165028    -0.430364     0.243455    -0.150684     0.176984     0.129335     0.307971     0.124631    0.0106966      0.19351     0.447438    0.0289874     0.178507    -0.303021   0.00132598     0.257459     0.296254      0.23261
   -0.289882    -0.098452     0.148392   -0.0482689    0.0069903   -0.0465327    -0.151264 -0.000448549     0.126723 -0.000824877     0.442792     0.140953    -0.141471    -0.185823     0.144554   -0.0740457     0.576991     0.182962    -0.664364     0.580705    -0.113425     0.314491     0.222302    0.0782842    -0.374184    0.0974403     0.429788    0.0917107    0.0156625   -0.0783217    -0.390497     0.426792     0.640348     0.349938     0.319349   -0.0667426    -0.779444     0.640702     0.543978     0.292657     0.484221    -0.240301    -0.569847   -0.0790658   0.00948238    -0.190584    -0.655088    -0.155155
  -0.0174924     0.319759   -0.0990399    0.0618698    0.0558309    -0.161109    0.0901307    -0.135117    -0.196454     0.228675   -0.0770204      0.32566    0.0785236   -0.0598383   -0.0993004    0.0686286     0.149627     0.546123    -0.177639     0.605222    0.0877442     0.555653 -0.000885856     0.548446    -0.151295    0.0351794  -0.00373664     0.140252    -0.159662     0.440116   -0.0795048     0.546822    0.0253698     0.437325   -0.0909566     0.602741    -0.316452     0.153604   -0.0270018     0.294456    -0.060337     0.380297    -0.476285    -0.397813    -0.614818    -0.881629    -0.175697     -0.52237
    0.293546     0.431883     0.295155   0.00232412    -0.327635    -0.491881     0.406055     0.111553   -0.0470731   -0.0921452      -0.6512      0.34225     0.354379    -0.527067    -0.256972    -0.338047    -0.231077     0.396226   0.00150087     0.382309     0.318566     0.472875    -0.456039     0.306017    -0.131625       0.0266     0.212159   -0.0816917    -0.488441    -0.160346    -0.182869    -0.221793     0.213564    -0.340114    -0.507684    -0.537186    0.0150247     0.029365     0.188907    0.0445906    -0.380761     -0.33894     0.239529     0.347507     0.187323    0.0113837   -0.0784906     0.197903
   -0.435371    -0.299405   -0.0908644    0.0395744   -0.0188941   -0.0882404    -0.309309     0.120545    0.0257636     0.424051   -0.0309151     0.379323    -0.250764   -0.0260588    0.0641494     -0.10407      0.26409     0.217711   -0.0442449    -0.133366   -0.0541176    -0.140665    -0.129641     0.242382  0.000797603     -0.16339   -0.0376834    0.0512701     0.181168    0.0242821   -0.0985536     0.225882   -0.0167835     0.320618     0.314263     0.144082   -0.0712217     0.105149    -0.346135     0.025069     0.284057     0.168035    0.0805921     0.158925     0.341082     0.318102     0.607117     0.278712
    0.267888    -0.344587   -0.0812965     -0.22964    0.0249196     0.383089    -0.258456     0.255635     0.201305      0.16777    -0.440262     0.426668     0.056465    -0.112141   -0.0719029   -0.0948659    0.0301599     0.180634    -0.288958     0.466063     0.464196     0.498124   -0.0419578     0.227406     -0.48991     0.154529    0.0568531     0.331484    -0.131156   -0.0328554    -0.609071   0.00630855   -0.0943341   0.00451153    -0.154969     -0.15691    -0.410071    -0.116375    -0.301147    -0.243164    -0.590286     0.182836     0.126186     0.467732     0.804267     0.440682     0.250167    0.0510781
    0.594781    0.0399733    -0.126322   -0.0790316    -0.189774    -0.106296      0.32061    -0.270299    -0.387128   -0.0826776     0.575486    -0.063458     0.307176     0.032524    -0.129444     0.238347     0.418047   -0.0366378    0.0653685   0.00124676    -0.492911    0.0187993     0.149526   -0.0890858     0.076971     0.100579     0.147587      0.17346    0.0849372    -0.218959     0.162222     0.349873    -0.125638     0.364407   0.00168896    -0.309647     0.201051     0.420984     0.156767     0.197052     0.508334    -0.438771      1.04973    -0.599018    -0.394144     -0.40203     -0.26673     0.993679
   -0.315802     0.809551      0.90995     0.619575     0.560725    -0.366586    0.0930375     0.173554   0.00704087     0.141668   -0.0293126     0.158428    -0.101765    -0.322536    0.0803349    0.0541187    0.0582253     0.108949    -0.161165   -0.0946214     0.128664     0.254185    -0.159303     0.276478    -0.117051  -0.00592698    0.0035093    -0.269812    -0.127384     0.154335    -0.126869     0.128975     0.136572    -0.109317     0.105312    -0.118005    -0.225707    0.0414817     0.341777     0.285895  -0.00995413    -0.169201    -0.623665    0.0638667   -0.0312838    -0.115168    -0.277402    -0.809519
     0.13113     0.176147     0.177037   -0.0769584    -0.292333     0.712859    -0.220911     0.403707     0.150149    -0.056331     0.153935    0.0550504   -0.0552415    -0.221415     0.439752   -0.0810907     0.313517    -0.143267    -0.268564     0.460456      0.71426     0.485292     0.998439    -0.442585    -0.327848    -0.490555      0.42063    -0.869063    -0.179325     0.130781    -0.332271     0.262841     0.296817    -0.313954     0.283779   -0.0399608    -0.116866     0.474877     0.157088    -0.214282     0.265164    0.0860019     0.115225     0.225207    -0.395727   -0.0729436    -0.597981     0.201582
  -0.0543367     0.546647     0.675297     0.520607     0.516311    -0.627304     0.227033    0.0166291   -0.0589268    -0.248296   -0.0727273   -0.0128347       0.1203    0.0170857    -0.354283    -0.256616     0.267444    -0.250754    0.0298178    -0.209225     0.346883     0.237546   -0.0882288    -0.222779    -0.181767   -0.0392603      0.27683     0.237193       0.1236    -0.536164    -0.390521     -0.30081     -0.10075    -0.352927     0.157294    -0.882827     0.255459    0.0725142     0.025482   -0.0658972    0.0504556    -0.446049     0.178855     0.212857    0.0734631     0.256821    0.0245284    -0.392148
    0.343612    -0.209165    -0.212776     -0.11697   -0.0152255    -0.369589    -0.204511   -0.0310022   -0.0163468     0.451449    0.0141919    -0.400334    -0.139797   -0.0362707    0.0189185     0.120152     0.293568    -0.259677    -0.184984    0.0992017    -0.428112     0.147868    -0.433835     -0.39115   -0.0512274     0.194332     0.384877     0.616876    0.0752611     -0.74752   -0.0906678     0.597337     0.099133     0.776853    -0.144402    -0.495353    -0.026602   -0.0135322   -0.0614291     0.159784     0.177025     -0.47204     0.461989     0.157013       0.2313      0.23129     0.635071      0.44484
    0.379823    -0.161682    0.0166871    0.0444671    -0.217796     0.460233    0.0352423     0.148827     0.110882    -0.176231     0.261821    0.0767227    -0.156613     0.198213      0.09004     0.202014     0.348702    -0.253691     0.294748    -0.791531    -0.368201    -0.258811    -0.321008     0.123022  -0.00886233   -0.0085262     0.311428    -0.227074     0.057108   -0.0431263   -0.0161809   -0.0530352    -0.202238    -0.486848     0.022661    -0.312219     0.278074     0.222529     0.196169    0.0879294     0.029147   -0.0871222    -0.128969     0.388519     0.388298     0.465392    0.0283964    0.0851819
    0.401671    -0.461699    -0.226735    -0.322873   0.00843519    -0.117546    0.0268348   0.00449061     0.185508   -0.0806621    0.0954065  -0.00904056    0.0710272     0.267613     0.174108     0.233746     0.119613    -0.243026    0.0455197     -0.34821    -0.579912    -0.267859    -0.684394    0.0670616    -0.136338     0.397019     0.203993      0.29668    0.0621223   -0.0699992    -0.147022    0.0159269     0.255528 -6.89149e-05    0.0208753    -0.146207    0.0385087    -0.575242     0.169267    -0.195214    -0.604702    0.0633087   -0.0276793     0.677471      1.03669     0.867341     0.376825     0.178232
    0.120262   -0.0388281    -0.209439    -0.396401    -0.531506     0.105085     0.218802   -0.0312562    0.0577092    -0.373697  -0.00872972      0.35634     0.161653   -0.0258245   -0.0432947    -0.127023     0.224395     0.328972    -0.235957     0.266691   -0.0189162     0.328694    -0.115131     0.290151    -0.258624   -0.0303708     0.483485    -0.295423    -0.451795     0.508659    -0.383044     0.333002     0.531344    -0.172834    -0.151901      0.30295    0.0842927     0.126737     0.603902    0.0187157   -0.0868984     0.390735    -0.227133     0.373219   -0.0621687    0.0320798    -0.449923     0.187402
    0.249468    0.0273143    0.0391173     0.118229     0.227281    0.0867816     0.314773     0.089663      0.10441    -0.198015     0.521208    -0.569878    0.0495563     0.318742     0.226833    -0.125816     0.643778     -1.14726     0.228961    -0.156087    0.0102337     0.134307   0.00319974    -0.822612   -0.0628931     0.165413     0.125896     -0.16459      0.28314    -0.587822    -0.237438     0.305021    -0.138338    -0.456911     0.104059    -0.526605     0.530773    -0.155448    0.0234539    -0.493105    -0.125735   -0.0757926   -0.0786851     0.387344     0.375909     0.352849     0.187822    -0.181841
    0.474706     0.346173    0.0648578     0.337488     0.198504     0.241212     0.140085    -0.144644    -0.273304      0.21044    0.0159455    -0.105292    -0.170759     0.141864     -0.05934     0.367826  -0.00468352    -0.444294     0.356554    -0.471956    -0.260273     0.177096    -0.311253    -0.109033     0.294644   0.00455361    -0.484305   -0.0375675    -0.166209    0.0300073     0.389631     0.543849     -1.13937     0.310022    -0.357391       0.2367     0.452228   -0.0561671    -0.262655     0.162044     -0.24813     0.121993    0.0812614    -0.241803    -0.261804    -0.168432     0.582225   -0.0606472
     0.68975    -0.173578     -0.30511     -0.44032    -0.158898     0.855283     0.323715     0.199562     0.147949    -0.225487     0.618094    -0.149104   -0.0318059     0.229878     0.294936    -0.037577     0.524493    -0.412937  -0.00562504     0.253196     0.607715      0.44295      0.59842    -0.161072    -0.021792      0.15493    0.0547337    -0.295944    0.0691659     0.314771    0.0111141     0.180874   -0.0325531    -0.592213     0.150328     0.286978   -0.0950277     0.134939     0.526507   -0.0773472    0.0187371     0.219591    -0.683266   0.00530214    -0.268174    -0.419149    -0.554252    -0.801936
    0.395752     -0.17098    -0.297415    -0.264515     0.214739    0.0249647     0.103101     0.116366     0.083728     0.296754  -0.00960706    -0.122931    0.0388726     0.107277     0.339833    0.0851801    0.0246625    -0.237749     0.348194     -0.16158    -0.158856    -0.219776    -0.416043     0.154482     0.404615     0.321305     -0.18669    0.0100334     0.239996   -0.0942176     0.376685    0.0918154     0.141845   -0.0399801    0.0825805     0.152735     0.164706    -0.926647    -0.302084    -0.412815    -0.668529     0.272245     0.180352     0.346626     0.436137     0.320139     0.619589    0.0757968
   -0.275332     0.237738      0.46425       0.4017     0.362193    0.0992116   -0.0522889    0.0235685     0.211058   -0.0388824    -0.218803    -0.263426   -0.0497336   -0.0529969   -0.0523582   0.00466195    0.0997126    -0.396072    -0.299634     0.468735     0.399414     0.739191    0.0335403    -0.417817    -0.292103     0.160637     0.180198     0.148757    -0.237888    -0.247619    -0.382832     0.155218     0.254679   -0.0817442    -0.212555    -0.316401    -0.218127  -0.00174053     0.135996    0.0707423    -0.419523    -0.117117    -0.404722     0.376288     0.551885     0.338947    0.0262593      -0.3556
    0.175279    -0.120448    -0.396204    -0.608962    -0.796768    -0.485925     0.648644     0.214979    0.0685683    -0.278703    0.0919634   -0.0645302     0.565702     0.102078   0.00103109    -0.195286   -0.0955847     0.292123   -0.0325202     0.409547     0.563949     0.306708    0.0964864    0.0139782   -0.0571646    0.0946804     0.290179     0.102169    -0.304719     0.202817    -0.154021    -0.398469     0.250409     -0.55231    -0.377967   -0.0965478     0.311042     0.120331     0.531373     0.138679    0.0884404    0.0710712     0.222484   -0.0283909     -0.13698     -0.24257    -0.237342    0.0802658
   -0.587608   -0.0946376     -0.26965     -0.40597    -0.387087    -0.898325     0.614019      0.17221     0.118058    0.0117159     0.261644    -0.264102     0.387021     0.086421     0.233694    -0.103357     0.113208     0.285273     0.268099     -0.16405    -0.100379    -0.308769    -0.350075    0.0692862     0.481177    0.0320708    0.0244753   -0.0033463   -0.0383581   0.00185981     0.363109     0.125412     0.320831    0.0859259     0.118525  -0.00650143     0.331104    0.0243887     0.441145     0.249866      0.40294   -0.0164528    -0.151512    -0.131714    -0.006992   0.00422084     0.145208     0.109503
    0.570338     0.110614    -0.120997    0.0737994    -0.390527     0.060652    0.0804779    -0.404777     -0.33873    -0.183825    -0.102963  -0.00568221    0.0643628     0.229803    -0.500757     0.332536    0.0550101     0.204073     0.207888    -0.230906    -0.450748      0.20824    -0.409602    0.0839801   -0.0896658   -0.0392092     0.005873     0.495206    -0.376777    -0.088022   -0.0184874     0.712493    -0.856254     0.586803    -0.312878    -0.260043      0.37837     0.307897    -0.204838     0.271926   -0.0274099   -0.0937146      1.06764    -0.568931    -0.418649    -0.427928    0.0688417     0.844188
   -0.164776    -0.150038     0.308071     0.179924    -0.145502     0.954681    -0.767548     0.185323     0.302766     0.114735   -0.0879699     0.373851    -0.665163     0.194797     0.436085     0.624115    -0.375379    0.0258936    -0.133751      -0.5846    -0.188542    -0.339025     0.149925     0.145035     -0.46686    -0.329021     0.141821    -0.222609    -0.141827     0.691799    -0.299969   -0.0267973     0.116242     0.100041     0.097619      0.78051      -0.1902     0.145269    -0.319223    0.0013675    -0.287346     0.872676    0.0111047     0.238868     0.202791     0.425187    0.0656934      0.34455
   -0.126514     0.514383     0.755063     0.567346      0.35272  -0.00731144   -0.0070186     0.211642     0.150184    -0.070951    -0.036921    -0.184469   -0.0581306    0.0789855    -0.013052     0.236412   -0.0154344    -0.201752   -0.0706851    -0.124619     0.359241      0.29463     0.190813    -0.351976    -0.282584     0.108292     0.454417     0.189728   -0.0139234    -0.247945    -0.167174    -0.360642    0.0695651    -0.135405    -0.209017    -0.452365   -0.0970667     0.377005     0.337653     0.339158     0.207351     -0.40032  -0.00494225  -0.00650638   -0.0811178   -0.0270519    -0.312618    -0.119177
   -0.556493    0.0571955     0.324195     0.279396     0.139002     0.099657     -0.24961     0.438008     0.239954      0.20825    0.0590317     0.555756    -0.474104   -0.0777925     0.233147   -0.0781733     0.169913     0.341907   -0.0555676    -0.700216    0.0737435     -0.37311   -0.0665298     0.405374     0.141088    -0.085941     0.333003    -0.441601     0.491758     0.319597     0.229403    -0.167132   -0.0819016    -0.412657     0.395042     0.288303    -0.189415     0.311615     0.315176      0.25808     0.240573      0.14398      -1.0017     0.370773     -0.11642     0.246715    -0.134262     -1.01072
    0.893743     0.127527    -0.279748   -0.0891399    -0.230994     0.874118    -0.201491    -0.319342    0.0661363    -0.533755    -0.138377   -0.0693515    -0.126276     0.378601    -0.391498   -0.0238124     0.111538    -0.118626     0.365548    -0.263027    -0.233605   -0.0502916   -0.0726304    -0.107296     0.139966     0.012246      0.41573   -0.0779735    -0.122657     0.129188     0.272811     0.161825    -0.207331    -0.496937    -0.224763     0.172562     0.181902     0.212255   -0.0991287    -0.358254    -0.300544     0.266666     0.258502      0.38759    -0.497281    -0.183506    -0.188032    0.0696621
   -0.508219    -0.166798    0.0862607    0.0519911    0.0527419    -0.269902   -0.0686234     0.114074    0.0704086     0.308016    0.0430799     0.221987    -0.127493    -0.149183     0.245906     0.110733     0.121543     0.114677    -0.306146    0.0510743    -0.395992    -0.150605    -0.391856     0.199427    -0.188856   -0.0913852    -0.276852   -0.0858754     -0.20574    0.0816058     -0.27709     0.354718     0.285233     0.527298     0.202403   0.00476055    -0.215668   -0.0494199    0.0843418      0.17856    -0.120809    0.0137391    -0.430702     0.364957     0.914757     0.543404     0.418471     0.183373
    0.446585    0.0591232    -0.339294    -0.220272   -0.0743039     0.158525     0.184949    0.0213653   -0.0122958     -0.19283   -0.0421302    -0.222183     0.484327     0.144704   -0.0897007    0.0198268    -0.424798     0.275969     0.620693    0.0306041      0.13804    -0.562087     0.314952     0.187436     0.519805    0.0564008    -0.210349   0.00957084    0.0681032     0.156454     0.656023    -0.676461     0.101399    -0.414482    0.0264323   -0.0371063    0.0778384    0.0852743   -0.0620098    -0.104314    0.0396682   -0.0996593     0.493986   -0.0142157    -0.449014    -0.418306    -0.280422      0.20763
     -0.7328   -0.0853067     0.210781     0.219664     0.147761    -0.304308    -0.275077    -0.121072   -0.0713344     0.229943    -0.333332     0.867383    -0.122681    -0.114281    -0.159651    -0.294031     0.034076       0.7574    -0.343501     0.489151     0.315921     0.247057     0.197691     0.571715   -0.0607431   -0.0164446   -0.0870951     0.393723      0.32494    0.0835677    -0.305464     0.444227    -0.458181     0.825724     0.236512    0.0717471    -0.285634     0.227451     -0.49626  -0.00546841     0.280726     0.152445     0.237019    -0.415278    -0.123459    -0.192577    0.0449808     0.109518
   -0.469973    -0.164999     -0.10009    -0.115938     0.173102     -0.64273     0.182021      0.38357     0.187574     0.688977     0.147049    -0.314529  -0.00422506    -0.252177     0.502236     0.123214    0.0457965    -0.150089    -0.102901   -0.0643195  -0.00507007   -0.0254429    -0.522866    0.0670635     0.150548     0.220489    -0.474374   -0.0330468   -0.0211422    0.0363038    0.0998504   0.00767539    0.0720296     0.219618    0.0423091      0.27191    -0.146767    -0.423253     0.252125     0.352887   -0.0766379    0.0981664    -0.999855     0.204887     0.596278     0.220736     0.757277    -0.781964
  -0.662269   -0.693334   -0.232518 -0.00380784   -0.870986   -0.390797   -0.383711   -0.575956   -0.393703   -0.343551   -0.497448   -0.367226   -0.445132   -0.330336    0.460033   0.0244053    0.141802  -0.0488796   -0.509894    0.175249   -0.494407   -0.075068   -0.419623    0.139531    0.203856    0.341734   -0.111059  0.00561751   -0.362196    0.146134   0.0210939   -0.255279    0.151209   -0.108841  -0.0752544   -0.346621     0.38115   0.0857883    0.134125    -0.61355    0.181613    0.217031
 -0.0475105   -0.641351     0.55744   -0.148807   -0.073714   -0.779656    0.135546    -1.22374   -0.911541    0.402468   -0.355262    0.919793   -0.501125    0.354941   -0.862004   0.0847672   -0.401651    0.236456    -1.12722    0.132343    0.358587   -0.134424   -0.133802   -0.109671    0.425307    0.131816   -0.145423    -1.43852 -0.00756012   -0.233335    0.336244    0.135669  -0.0656692    -1.34275    0.256385    0.219598    0.270069   -0.715868    0.107432   -0.691857   -0.633408   0.0696119
   0.247396     -1.1641    -0.72911   -0.829995    -1.28762    -1.00084    0.554196   -0.643702  -0.0510119   -0.531601   0.0527753    0.614985   -0.163497    0.543095   -0.004499   -0.206006   -0.399097   -0.937595    0.476059    0.192224    0.177154    0.262048    0.211628  -0.0401225   -0.929483   0.0850863    0.235211     -0.1822    0.112011    -1.25045  -0.0238787     0.28102    0.317811    0.235836   -0.783028    0.182604  -0.0577768   -0.456719   -0.315434    -1.00222   -0.399945   -0.200117
   0.630743    0.384787   -0.144283   -0.759983   -0.306431    -0.55709   -0.112388   0.0398137    0.181565   -0.662131   -0.221156    0.188952  -0.0705457    0.140842     0.10581   -0.959617   -0.478808   -0.802335    0.203407    0.251433    0.146533   -0.535379   -0.531869  -0.0838139    -0.89483   -0.347607   -0.756744    0.352252    0.338712   -0.774607   -0.338555   -0.690281   -0.765948  -0.0956695    0.768555    0.266847    0.287074    0.251671   -0.413207   0.0315561   -0.623284   -0.307296
    0.31599   -0.113033   -0.392549   -0.747795    0.262745    0.242649    0.413926   -0.157751     0.21038   0.0683409    0.173461   -0.395278  -0.0607035    0.779515    0.429702    -1.14894    0.234675   -0.651152  -0.0755701   -0.235499  -0.0418019    -0.92927    0.575601   -0.922435   -0.473484   -0.703807   -0.269464   -0.421085   -0.099871    0.212455   -0.455938    -1.00976 -0.00687518   -0.868876   -0.405383   -0.722866   -0.110826   -0.857982     0.28988   -0.490621    0.284298     0.55776
  -0.532298   0.0381803   -0.480937 -0.00753554   -0.321368   -0.548635   -0.681757    0.248236   -0.171006   -0.362268   -0.195253   -0.462673  -0.0961819   -0.583371  -0.0120284  -0.0718701   -0.394313    0.267192   -0.795146   -0.014146    0.196771  -0.0697519   -0.482908   -0.194187  -0.0026523   0.0874538    0.299432     0.01425    0.381755   0.0577211    0.255649  -0.0991628   -0.715965   -0.450622    0.235307  -0.0693907   -0.451957    0.187382   -0.266468   -0.201722   -0.419563   -0.119846
   0.468668  -0.0233684   -0.352476   0.0570814      0.5628   -0.115693    0.318345    -0.55419   -0.598267   0.0855054  0.00159787   -0.630236   -0.552518   -0.677611    -0.65521    -1.06086   0.0743805   0.0405488    -1.00518   -0.634461   -0.839789   -0.402269   0.0625719   0.0635499    0.467005   -0.545863    0.355719  -0.0962266   -0.270663     0.25544   0.0892337   -0.771723   -0.335713   -0.626213     0.47943   -0.239382    0.347082    0.287423    -0.18204   -0.122663   -0.382385    0.197216
   0.176493   -0.971602  -0.0360877    0.396133   -0.739853   -0.834082    -0.75031     -0.7639    0.288724   -0.934295     -1.1708   -0.627336    -1.14164    0.627087    0.309989  -0.0739253   -0.382521    0.186544   -0.282206    0.278243    0.482324    0.110327   0.0575248  -0.0497645      -0.643  -0.0125402   0.0186092   0.0438849     0.30314   -0.901787    0.244851   -0.852008    -1.18398   -0.126322    0.148671    0.167312    0.297507    0.630106   -0.496228   -0.706739   -0.117121   -0.727338
 0.00518786   0.0539704   -0.144183   -0.551782   -0.742613   -0.084193   -0.251959    0.189113     0.28424   -0.368784   -0.250829   -0.145684    0.131599    0.305701    0.231328   0.0710874   -0.497902   -0.670599   -0.081253    0.181113    0.309178   -0.182307    -0.71412   -0.964834    -1.08083  0.00871291    -1.05067   -0.326313    0.288162    -1.08569  -0.0515256    0.374588    0.141363   -0.468249   -0.721739    0.168525    0.218707   -0.469835   -0.624582   0.0666327    0.296138   -0.251044
  -0.778393  -0.0672068    0.427617    0.314434   -0.546248   -0.198893   -0.401224     0.34559   0.0872358    -1.04811    -0.83272   -0.374674   -0.417997    0.310419    0.268255    0.201327   -0.238635    0.497797   -0.805911    0.327529    0.124381   0.0891257   -0.596752   -0.506923   -0.617338   0.0314987   -0.940305   -0.915409   -0.162726   -0.727962    0.320115  -0.0275439   -0.512462   -0.712963    -0.30131   0.0493827    0.220709   -0.788116    0.219577   -0.324822    0.310727   -0.044726
  -0.642088   -0.162778    0.140925   -0.134923   -0.560784    0.145926    0.389086   0.0491626    0.275985    0.200799   -0.131298    -0.61275  -0.0227136   -0.371509    0.331181    -0.27837   0.0730943   -0.722073    0.112076     0.11334   -0.285668   -0.492382   -0.495831    -0.66572   -0.424903   0.0854095   -0.762526  -0.0966268   -0.867722    0.198611   -0.600808   -0.558207    0.151599    0.232562    0.357761    -0.54693    -0.20238   -0.167576   0.0600049  0.00793451    0.236571    -0.41699
  -0.524132    0.117672   -0.260135  0.00952961    -0.38564  -0.0364212   -0.348964    0.151976    -0.26868    0.119987  -0.0407689   -0.460155   0.0475972   -0.608058  -0.0803406     0.02541  -0.0431331    0.126909   -0.590787    -0.02465  -0.0785796   0.0327595    -0.52052   -0.561487   -0.385007    -0.12264   -0.393861   -0.105302   -0.480631  -0.0124124   0.0648722    0.118049  -0.0744582   -0.370505  -0.0874628   -0.109476   -0.105881   -0.217246   -0.165276    0.112633    0.234125   -0.128131
  -0.857834   -0.421528   -0.860654   0.0497059   -0.576249   -0.453627    0.155438   -0.880887    -1.04314   -0.145119   0.0192451   0.0250133    0.130525   -0.714476   -0.896171    0.242509   -0.261893   -0.448267   -0.621984    0.482395   -0.854379    0.618725  -0.0865872   0.0402761    0.249127   -0.834151    0.683091    0.284244   -0.852512    0.229479    0.370759   -0.649166     0.28634   -0.562619   -0.891973    0.163397  -0.0190242   -0.458831    0.207717  -0.0944748   -0.779673    0.450224
  -0.691728    0.142558   0.0950662   0.0762766    -0.45737   0.0704207   -0.575472   -0.171808   -0.606862   -0.119935    -0.50414   -0.384256   -0.125415   -0.554601   -0.206588    0.140177   -0.109215  -0.0970853   -0.438802    0.260283    -0.78925   0.0875856   -0.483055   -0.056391    0.200688   -0.201514   -0.397371     0.10544   -0.775662    0.101599   -0.529068   -0.305206   -0.267944    0.103868    0.148723   -0.444798   0.0965618    0.170679   -0.153948    0.219311  -0.0665474  -0.0988119
  -0.598283   -0.190662   -0.419355    0.138109   0.0795266   -0.368235   -0.350946  -0.0708332   -0.468075    0.150689    0.184091   -0.345103    0.110194   -0.523254   -0.798398    0.215954   -0.316029    0.278234 -0.00489461   -0.301894    0.196717    0.145451  -0.0457047   -0.151813  -0.0764618   -0.448331    0.239292  -0.0636481   -0.254901   0.0583075    0.273162   -0.221041   -0.532965   -0.057639   -0.438462    0.148902   -0.895632  -0.0191764    -0.29308    0.146487   -0.312863   -0.571439
  -0.352252   -0.519159   -0.810484   0.0777465   -0.344955   -0.298516   -0.575204    0.192889    0.407311   -0.333622    0.100088   -0.757042    0.022686   -0.675782  0.00440296    0.204963   -0.876056   -0.392185   0.0986576    0.213777    0.391952    0.345275   -0.518773   -0.515227    -1.11759   -0.471974    0.174863    0.246158    0.328671   -0.263328    0.220496  -0.0462729   -0.637317    0.175058   -0.845311    0.272585   -0.885672    0.258903   -0.937695    0.389916   -0.272277   -0.795128
  -0.645971    0.156346   -0.917175  -0.0598326   -0.553373   -0.686313   -0.308503   0.0832651   -0.443631    0.242643   0.0867836   -0.451793    0.140513   -0.726073   -0.427804   -0.382672    -0.19369   -0.188407   -0.816519     0.12738 -0.00567931   -0.136016   -0.786848  -0.0676436   -0.318538   -0.320749    0.222464    0.180436    0.288296    0.138086    0.216905   -0.370113   -0.218548   -0.663488    0.349042   0.0220719    0.273057   0.0977498   -0.319211   0.0830352   -0.375347    0.117945
  -0.788321   0.0745356    0.168337    0.070634  -0.0986928   0.0109185   -0.920593     0.32566    0.542661    0.182935   -0.347063   -0.744799  -0.0989484   -0.443367     0.52261    0.271352   -0.357923    0.079691   0.0923108   -0.890928    0.260355     -1.0605   -0.734087   -0.594188    -1.01313    0.304933    -1.24495   -0.209257    0.270997   -0.167671   -0.686566    0.307339   -0.400764    0.174099    -0.17351   -0.873506   -0.623656    0.175731   -0.900093    0.102662     0.45457   -0.939992
   0.298153    -0.24581    0.327338   -0.180479   -0.574258   -0.715137    0.425879    0.122707   -0.276847   -0.980243 -0.00320942   0.0635892   -0.174935   -0.115956   -0.161332   -0.410619    0.119842    0.273905    -0.44389    0.110661    -1.13466  -0.0483247      0.9423   -0.443598    0.246556   -0.889055   -0.563126    0.102285     -1.2735   -0.175607    0.320757   -0.914099   -0.543759  0.00123989    0.196895     0.16883   -0.250098    -1.29513    0.400008    -1.16787    0.290018    0.663977
   0.538848     0.37915    -1.00413    0.135932    0.517961   -0.156318    0.569459   -0.496637  -0.0819528    -1.06674   -0.394073   -0.531581  -0.0178296    0.532843   -0.927468    -1.08281    0.228562   -0.114853   -0.142342  -0.0398273    0.357238    0.233581   -0.477353    0.250615   -0.366185   -0.777808     0.30783   -0.665906   -0.091776   -0.847083   -0.116274    -1.10758   -0.788261   -0.798859    0.356747   0.0318766    0.478711   -0.622901    0.102662   -0.734223    0.412282   -0.583473
    0.19623    0.119446  0.00474245   -0.937054    0.231745   -0.217692   -0.630501   0.0245322    0.135336      0.3093    0.156034 -0.00930235  -0.0691487   -0.575711   -0.405909    -1.06604   -0.680405    -1.01326    0.471681     -1.0132    0.034828    -1.23686    -0.69614    0.104142   0.0399655  -0.0798138  -0.0543249    0.165461    0.312487     0.13829   -0.758259   0.0401238  -0.0437259    0.267988    0.602082   -0.535784   -0.794965    0.194801   -0.610544    0.123563    -1.16088    -0.73962
  -0.749725    -0.40036   -0.065361   -0.369911     0.28947   -0.103313   -0.288029   -0.692297    -1.16892    0.521187    0.139693    0.560033     -0.1535   -0.660788    -1.13279    0.341263   -0.274653   -0.302065    0.292383    -1.15266   -0.765705   -0.299732    0.694515   0.0524905    0.668378   -0.439227    0.443669  -0.0482059   -0.900402    0.251555   -0.464761   0.0650812    0.151585    0.299574   -0.880603    -0.74686    -1.29599  -0.0866423   -0.146668    0.133118    -1.04542  -0.0872959
   0.210813  -0.0797626   -0.687624   -0.262887    0.227518  -0.0618793    0.481091   -0.693233    0.194981    0.277692   0.0171339   -0.201753    0.086207   -0.861462   -0.517719   -0.626813   0.0750004   -0.457945   0.0230235   -0.444797    0.368369  -0.0883402   -0.117839   -0.158636   -0.564408    -1.06684    0.224545    0.114209    0.139894    0.165803   -0.863634   -0.124335   0.0860973    -0.65403   -0.701727   -0.312836  -0.0600461   -0.742124   -0.602905    0.280722   -0.511911    0.369579
   0.531452   -0.154672    -1.10415   -0.530802    0.300966    0.209707    0.376973    0.499141    0.144236   -0.390256   0.0807076   -0.841008   -0.035065   -0.673008   -0.407968   -0.874171   -0.199153   -0.613804    0.309501   -0.910765   -0.703541    0.428997   0.0154229   -0.267337   -0.318613   -0.872937    0.312404   0.0552332   0.0791111  -0.0991058   -0.702808  -0.0162929   0.0824168    0.374279    -1.08434   -0.309994   -0.860191   0.0625903   -0.855036    0.219995   -0.294151   -0.687794
  -0.778181    0.392257  -0.0968714    0.082336   -0.813365  -0.0285666   -0.308077   -0.203875   -0.919991  -0.0833817   -0.659045    -0.31779  -0.0061729   -0.600173  -0.0551095    -0.03209   0.0681623    -0.26102    -1.03844    0.508676    -1.05148   -0.142932   -0.824953   -0.157381    0.128104   -0.118242   -0.684614   0.0146633   -0.992677    0.059025   -0.326908   -0.517359    0.121093   -0.745875    0.239484   -0.532318    0.567865   -0.397813    0.276739   0.0598969    0.275762     0.51071
  -0.184609   -0.466451  -0.0147503    0.308062   0.0222691    0.172829   -0.357867   -0.457467   -0.198405   -0.662377   -0.655153   -0.617308   -0.633459   -0.543402   0.0483584    0.297409   -0.571923   -0.294735     0.31544    0.266054   -0.896031    0.353766   -0.302332  -0.0952176  -0.0537323   -0.417457   -0.286349  -0.0184932   -0.432766    0.203813   -0.435352   0.0196284   -0.186043    0.216679   -0.726285    0.218855    0.143454    0.153578   -0.820051    0.290204   0.0966274   -0.521376
  -0.454792   0.0383488    0.301802   -0.553049   -0.867778  -0.0776467    0.345009   -0.255459   -0.290041   -0.134026   -0.223741    0.465024   0.0753942    -0.17093    0.127168  -0.0421055   -0.126962   -0.887492    0.251258    0.171721   -0.554994   -0.288297   -0.602428   -0.184032   -0.839835 -0.00415013   -0.862595    0.147355   -0.764448    -0.85923   -0.750284    -0.06384    0.334714    0.297109   -0.196168    0.129785    0.333945   -0.387276 -0.00927907   0.0682197    0.122607   -0.130049
   0.189355   -0.427341    0.352329  0.00658998  0.00794242    0.143553    0.528815   -0.395422   0.0483044   -0.312066  -0.0676392   -0.447154   -0.420368   -0.411163   -0.130366     0.12527   -0.158391   -0.550055    0.340847   -0.144346   -0.743183    0.163178    0.349959   -0.309598   -0.340166   -0.503005   -0.588959  -0.0499891   -0.890267  -0.0816727   -0.644687   -0.239817  -0.0455251    0.254237   -0.629631    0.136055   -0.575826   -0.203095   -0.594286   0.0267103    0.324993   -0.627096
   -0.71119   0.0606947   -0.560898   0.0112124   -0.712176   -0.548481   -0.464352    0.199496    -0.40305   -0.551369   -0.344239    -0.48245    0.121883   -0.552839    0.073699   0.0310056  -0.0680461    0.352086   -0.869603   0.0601565   0.0848988    0.117071   -0.547716   -0.585029   -0.124797    0.140578    0.181905   -0.104851   -0.177136   -0.177926    0.414866   0.0762568    -0.50442   -0.801208     0.19985  -0.0772416  -0.0800543   -0.637982    0.197992   -0.909957    0.318219      0.2257
  -0.756328     0.19537    -0.14308    0.102881 -0.00688007    0.011507   -0.939484   0.0313436   -0.650427    0.273961   -0.644908   -0.102295   -0.299536   -0.424613  -0.0478819   -0.179656   -0.145707   0.0322866    -1.25264   -0.725134   -0.652294    -1.34804   -0.649265    0.171612    0.425728    0.262068   -0.575972  -0.0305077    0.315355    0.197778   -0.649555   0.0541914  -0.0785372   -0.450955    0.161344    -1.17853    0.611857     0.17028   0.0488383 -0.00799034   -0.646125    0.500608
  -0.783534    0.177686    0.313378    0.131181    0.236557  -0.0135405   -0.607149  -0.0573524   -0.716358    0.290753   -0.326285  -0.0500252   -0.115907   -0.473532   -0.671831   0.0292579    0.167154   0.0727978  -0.0264173    -1.19308   -0.709474    -1.15696   -0.461971   0.0898989    0.525059    0.123209   -0.889324   -0.199228   -0.977207   0.0818828   -0.817547   0.0537165   -0.156646    0.483215     0.39268   -0.971508   -0.482728   0.0926544  -0.0805776  -0.0469234      -0.206   -0.704325
   0.158815   -0.973913   -0.333527   -0.574658   -0.518185   0.0109658   -0.793319    0.348892    0.179812   -0.890485   0.0543325   -0.614076    -1.03264    0.460549    0.278503    -0.41311   -0.361719    0.195204    0.443729   -0.201762   -0.559755   -0.389067    0.689829   -0.535892    0.273065   -0.162907    0.131283    0.112577    0.212209   -0.165049    0.115209   -0.167677   -0.184366    0.756426    -1.05886   -0.446744    -1.00376   -0.540591    0.203424    -0.89811    0.042426     0.24502
   0.259995   -0.526675   -0.617226   -0.735198    0.326653   0.0638487  -0.0733781    -1.02752   -0.654061    0.213164   -0.063675    0.719335   -0.128454    0.160231   -0.705811   -0.472771   -0.472399   -0.905027    0.138369   -0.179018    0.320224    0.190218   -0.213488    0.180644    0.325102    0.132378    0.287472   -0.930864    0.283343   -0.102674   -0.444608  0.00785163    0.100867    -1.01436   -0.836555    -0.11552    0.245946    0.083737    -0.44632    0.205994    -1.12049   -0.359236
   0.630217   -0.289836    0.768908   -0.710852    0.326755    0.180772    0.434287  -0.0732138    0.123958    0.404092   -0.129342    0.401279    -0.31086    0.601591   -0.119843    -0.25167   -0.174258   -0.196187    0.393418   -0.835336    0.339722   -0.478568    0.453767   -0.809367   -0.749771   -0.145328   -0.955725    -1.42363   -0.866812    -1.26746   -0.351191    0.177039   -0.241048    0.156962   -0.356771   -0.088569   -0.970828    -0.49318   -0.365136  -0.0113247    0.253591   -0.972965
  0.0919618   -0.302825  0.00311501   -0.758041    0.733151    0.128124     -1.1603   0.0268534   -0.174764    -0.61383   -0.358127    0.425736   -0.461377    0.452797   -0.114407    0.260277   -0.627308   0.0807639   0.0187934  -0.0659255   -0.450695  -0.0492621    0.114743    -0.32711    0.339098    0.116987   0.0939295    -1.29197    0.283299  -0.0615991    0.341928     0.53376  -0.0853628   -0.710607   -0.981386  -0.0368422   -0.870672   -0.538085  -0.0866091   -0.210873    -1.19653    0.219894
  -0.506079   -0.706937   -0.352911    0.123789   -0.604951   -0.753756  -0.0567979   -0.807469   -0.541565   -0.524236   -0.361946   -0.398593   -0.431509   -0.514433   -0.902052   0.0291332     0.05755    0.255903    0.127964   -0.243193    0.235753  0.00989311    0.668256    0.281881    0.661315 0.000969985    0.287472   0.0666888   -0.622132    0.157252   0.0968243   -0.739868    -0.90025    0.430396    0.282843  -0.0735724   -0.508851    0.206719    0.109493    -0.88089   -0.244111   -0.733315
