no weights
   0.0818312   -0.0126589    0.0655791    0.0400665     0.121317    0.0666625    -0.030411    0.0954397    0.0259007    0.0910348    0.0781356   0.00862675   -0.0107225    0.0627748    0.0730082    0.0511385    0.0926764     0.056068   -0.0391074    0.0653888   0.00725821    0.0556509     0.122923   -0.0524357   -0.0118228     0.084249     0.108127     0.133072    0.0879132   -0.0311147    0.0337007     0.103332    0.0949272    0.0650457    0.0373061   -0.0130622    0.0120458     0.165191    0.0717762    0.0799368     0.136505   -0.0317643    0.0958552   -0.0569789    0.0040754    0.0494683   -0.0305808    0.0482389
   0.0328407    0.0793491    0.0615973    0.0465626     0.110085    0.0915431    0.0770822    0.0831843    0.0364791    0.0491974    0.0690093    0.0846855    0.0617214    0.0103102    0.0236666    0.0709288  -0.00540712     0.120618     0.100358    0.0846607    0.0517387   0.00770714     0.120164    0.0927173    0.0489147    0.0764052     0.016505     0.072742      0.02315     0.136906     0.112415   -0.0107474    0.0275647     0.012026    0.0396593    0.0850356    0.0610019    0.0492068    0.0362333    0.0824664    0.0888784     0.117651    0.0567396    0.0664968    0.0899125     0.115702     0.130595     0.090133
   0.0594104    0.0323034    0.0744863    0.0422621    0.0697916   0.00206932    0.0073987    0.0963787    0.0488149      0.10699    0.0338189     0.029091     0.108581    0.0599149     0.119838     0.104051    -0.016934     0.131178    0.0306441     0.123605    0.0145571    0.0185017    0.0254399    0.0782697    0.0346834       0.0923     0.136291    0.0689533    -0.029048    0.0638173    0.0515981    0.0403857     0.102407     0.148075  -0.00677655  -0.00105917   0.00960427      0.12201    0.0646003    0.0700185    0.0978743    0.0781888    0.0446188     0.118243    0.0508667    0.0570431     0.014803    0.0897477
   0.0746232    0.0726416       0.1531    0.0802443      0.13053    0.0893145    0.0508262    0.0756983    0.0737333   0.00829529    0.0235303     0.140636    0.0249782     0.009862    0.0298358    0.0834599    0.0423325    0.0861005    0.0691127    0.0682539     0.111839    0.0563896    0.0290386     0.086789    0.0573169    0.0209191    0.0670501    0.0832324    0.0606121    0.0100112    0.0394627    0.0289009  0.000887655    0.0397499    0.0108747    0.0596365    0.0752624    0.0481287   0.00883774    0.0730916    0.0443952    0.0866804     0.056771     0.136013    0.0547438     0.122663     0.108892     0.034375
      0.1299    0.0268173    0.0169176    0.0125399     0.128739    0.0496719    0.0449841    0.0757875    0.0778902      0.10026    0.0682188  -0.00892555    0.0946682    0.0689523    0.0950797    0.0579032    0.0834177    0.0169119    0.0997745     0.122022    0.0243016   -0.0371475    0.0828963    0.0289333    0.0686664    0.0952702    0.0344838     0.118671    0.0914386    0.0451464     0.104124   0.00435819     0.143816    0.0355033     0.088351    0.0305052   -0.0137947     0.104531    0.0267907   0.00425909    0.0527214   0.00264157    0.0969067    0.0226046    0.0536434    0.0671228    0.0584373     0.110038
   0.0843943    0.0817672    0.0254644    0.0498023     0.120678    0.0150692    0.0612254   0.00493759    0.0855926    0.0467095    0.0864652    0.0650495     0.158015     0.010074    0.0934111   0.00364607    0.0892076    0.0873519    0.0337451     0.128755   0.00426626  -0.00558826    0.0820873    0.0729536    0.0679761    0.0819192    0.0501845     0.125929    0.0301785    0.0050726     0.136361    0.0121154     0.123051    0.0866782    0.0968881    0.0926525    0.0510036    0.0537257    0.0886977   0.00292612     0.104625    0.0777246     0.125794    0.0169611    0.0485034    0.0325532     0.129171    0.0439448
  -0.0106465    0.0903542     0.138095    0.0642283    0.0391656    0.0379147   0.00455763    0.0524043    0.0896641    0.0924669    0.0481031   0.00271099    0.0180771    0.0127331      0.08072    0.0199344      0.03457   0.00407141    0.0606528    0.0272569     0.102659    0.0226107    0.0856876    0.0639823  0.000572125    0.0260386     0.137894    0.0710815     0.120209    0.0143072   0.00919795    0.0969944    0.0612286     0.142043      0.13697    0.0259798    0.0554748     0.108402   0.00643382    0.0712356     0.178743    0.0286268      0.10553  -0.00310834     0.041162    0.0851316     0.107148    0.0730911
   0.0693475    0.0929255    0.0079591    0.0696529     0.100971    0.0703361     0.102207    0.0583489    0.0155298     0.020493    0.0718475    0.0298947     0.146527     0.100605    -0.014463    0.0652816    0.0647708     0.102389    0.0429962     0.125183    0.0506592     0.152333     0.130352      0.09739    0.0349326     0.044612   0.00751671    0.0885895    0.0657935    0.0956072    0.0572754    0.0423421    0.0579819     0.105716    0.0657775    0.0595386    0.0614811      0.01423    0.0633746    0.0998051    0.0135707      0.13308    0.0733264  -0.00520379     0.101752    0.0538025    0.0564747    0.0779216
   0.0838745    0.0128458    0.0577272    0.0975755     0.103034       0.1178    0.0799641    0.0836068    0.0122603     0.107466    0.0588487     0.025062    0.0247682    0.0552051    0.0575405    0.0537544        0.139    0.0458328  -0.00969467    0.0966181    0.0760229     0.108206     0.115912    0.0446987    0.0224987    0.0852951    0.0655414     0.132533    0.0596869    0.0324814    0.0758125     0.129292     0.123825    0.0767165    0.0461397    0.0796373    0.0723877     0.115438    0.0240909    0.0546344     0.143882    0.0722255     0.063165    0.0242275  -0.00085893     -0.01307    0.0122509    0.0846813
   0.0296642    0.0571136    0.0440182  -0.00491254   -0.0348391    0.0194237    0.0737425    0.0958525    0.0717336    0.0692139    0.0774563   -0.0154189     0.139606    0.0339654    0.0793411    0.0745676   -0.0117358    0.0291656     0.117331    0.0944841    0.0386135   -0.0119826    0.0798082    0.0585891      0.15357  -0.00392613      0.05821    0.0333057    0.0132527    0.0520917     0.134188    0.0625571      0.13521     0.027696  -0.00889547    0.0814191     0.100408    0.0921207    0.0606534   -0.0152121    0.0362455    0.0910023     0.124551     0.122086    0.0533337    0.0811564     0.125556     0.150117
   0.0360517    0.0597611    0.0308828    0.0831389      0.12036    0.0567215    0.0706662    0.0103724    0.0465169    0.0994028    0.0974197  -0.00321256    0.0502735    0.0388113     0.108099    0.0851253    0.0938339    0.0581635     0.113357     0.095769    0.0938137    0.0940322    0.0955315    0.0146903     0.110135    0.0386857     0.116433    0.0761236    0.0596909   0.00974698     0.131441    0.0734543    0.0916173     0.141061    0.0809349    0.0378909     0.123971    0.0264156     0.122414    0.0749648    0.0830107    0.0452754     0.128113    0.0362978    0.0999157      0.11312    0.0492884    0.0800465
   0.0496805   0.00365312    0.0957343    0.0161376     0.030337   0.00317205    0.0612917    0.0622872     0.115128    0.0232027    0.0918253    0.0061925    0.0272165 -0.000691837    0.0913688    0.0588014    0.0630189    0.0814714    0.0236778    0.0369858    0.0640299    0.0594371    0.0116221    0.0179117    0.0434528   0.00473899     0.137761    0.0338566   -0.0277981    0.0933383    0.0617369    0.0297335     0.155905     0.102469    0.0447072   -0.0161661  -0.00270143     0.098325     0.162639     0.109142    0.0935632    0.0433428    0.0367399      0.12423     0.060352     0.141053    0.0237039    0.0274934
   0.0309469     0.100864    0.0692047     0.106532    0.0547942     0.014125    0.0464958    0.0724335    0.0152692     0.057227    0.0378147    0.0559186     0.120457    0.0747482    0.0590595     0.094667    0.0300227   0.00175945    0.0654239    0.0800713     0.091671    0.0863066    0.0541482    0.0570131     0.113136  -0.00539267    0.0296545   0.00465213    0.0863509     0.069349    0.0754204    0.0322146     0.113626    0.0587175    0.0730068    0.0775155     0.114493    0.0698746    0.0364452    0.0449207     0.110553    0.0819418    0.0868864    0.0179964     0.114168    0.0940134     0.110556    0.0812436
  0.00356486    0.0298615    0.0853126    0.0493577    0.0224523     0.103556    0.0342301    0.0442074    0.0808724    0.0319861     0.129793    0.0558164    0.0195962   -0.0181648    0.0920356    0.0175855     0.190707    0.0172402   -0.0807416      0.14758  0.000940445     0.103664    0.0313023    0.0710144 -0.000411294    0.0797933     0.135046    0.0512673  -0.00448974   -0.0214594   0.00391048     0.137153     0.111818     0.108096    0.0766593     0.017195    -0.056705     0.154635    0.0891103     0.101158     0.138159   0.00136109    -0.023763   -0.0315393     0.078426    0.0297434   -0.0424135    0.0732545
   0.0904084     0.111751    0.0400643     0.105224    0.0576125    0.0319608    0.0745207    0.0633043   0.00923907    0.0825147    0.0607962    0.0717024     0.100805    0.0434664    0.0315264    0.0793313     0.123152    0.0784505    0.0760235     0.122934    0.0787979     0.121423    0.0521037      0.10249   0.00294923     0.039093     0.102506     0.046727    0.0857422    0.0199424    0.0462678    0.0965943     0.108041     0.133771    0.0246451     0.128485    0.0253556    0.0806733    0.0596601     0.107559     0.051853     0.101047    0.0127993    0.0386984       0.0708    -0.016195    0.0737843     0.027322
    0.107471     0.129674     0.123303     0.105048    0.0193466   -0.0230991     0.122037    0.0221862    0.0644763    0.0611736    0.0366496     0.094069    0.0649851  -0.00509386    0.0187678    0.0395109  -0.00931266    0.0681657     0.101566     0.103295    0.0962682    0.0739309    0.0499022    0.0642866    0.0463148    0.0859787    0.0739388    0.0582967    0.0490437    0.0542788     0.100838    0.0153079     0.109153   0.00651629   -0.0248816    0.0309497    0.0322084    0.0730627     0.110883    0.0539741   -0.0137098    0.0543023    0.0733521    0.0850205     0.145518    0.0925087    0.0743665    0.0778469
   0.0225954   0.00990616      0.06202     0.132608    0.0770588      0.05907    0.0252947    0.0270315    0.0406905     0.136793    0.0819997    0.0970569    0.0287011     0.080312    0.0392819    0.0272168    0.0932404    0.0451565    0.0998643    0.0921958    0.0802981    0.0712738    0.0531322    0.0666781    0.0766592     0.039742    0.0787895     0.107675    0.0448269     0.064244    0.0469557    0.0578865    0.0637287    0.0686911    0.0405353    0.0954254     0.043876    0.0748966    0.0658007    0.0818529     0.136538    0.0516509    0.0326086    0.0996815     0.109842    0.0881045     0.121656    0.0973187
   0.0554179    0.0846417     0.103135    0.0296068     0.126516    0.0850048    0.0773521     0.100206    0.0809857     0.115159    0.0181575     0.049205     0.109665    0.0475765    0.0334113    0.0663239     0.049814      0.02311  -0.00912327     0.086694     0.119843    0.0819773    0.0607654    0.0650131    0.0120822    0.0571126    0.0711867    0.0858539    0.0405031    0.0547021   -0.0141078    0.0852296    0.0536139    0.0417774   -0.0080113    0.0875737  -0.00991997    0.0864955     0.075501    0.0684957    0.0215039    0.0497628    0.0460705     0.087623     0.170334     0.148569    0.0462764     0.042812
    0.121813    0.0404547    0.0516265    0.0410813  -0.00183024   0.00415972     0.092188   -0.0267817   -0.0408375    0.0101414     0.148542    0.0483193     0.116743    0.0139746    0.0135034    0.0976899     0.111868   0.00583214    0.0257581    0.0504525   -0.0505388    0.0490141    0.0596428     0.027957   0.00836974     0.099249    0.0997697    0.0660308    0.0778014    0.0151602    0.0418679    0.0694216     0.039491     0.139557    0.0148489    0.0153163  0.000808028     0.101083    0.0483878    0.0757192     0.105853   -0.0408213     0.149512   -0.0492271    0.0421446  -0.00761493    0.0271797     0.135628
   0.0246975     0.161517     0.177499     0.119333     0.110564    0.0267979    0.0263473    0.0612661    0.0878134     0.060367    0.0334635    0.0362351    0.0148119    0.0422073    0.0659496    0.0833774    0.0540464    0.0866381    0.0139426    0.0361442     0.087871     0.131616    0.0602611     0.103365    0.0386413    0.0970305    0.0861305    0.0383761    0.0277619    0.0842915  -0.00510513     0.104111    0.0655183    0.0109992    0.0907315  -0.00257958   -0.0164402    0.0393671      0.10508     0.108545    0.0926431    0.0112175   -0.0135707     0.111363     0.119224    0.0267269    0.0229212   -0.0344107
   0.0941285    0.0847622    0.0945733    0.0552326    0.0330724     0.122938   -0.0160984    0.0899801     0.103563      0.02322    0.0728591    0.0500006     0.067043    0.0237895    0.0434917    0.0596954     0.123754    0.0772215    0.0238989    0.0412364     0.117719    0.0992014     0.113682   -0.0277679  0.000598544    -0.019374    0.0997273   -0.0125857   0.00580368  0.000481783   0.00460858    0.0845431    0.0589993    0.0372306     0.113753   -0.0142688    0.0222306     0.143528    0.0942666   -0.0020925     0.127571    0.0277839    0.0141308     0.044578  -0.00908452    0.0665817   0.00420154    0.0822883
   0.0628454     0.122686      0.15454     0.113504     0.161999   0.00751918    0.0447409     0.046485    0.0328155   0.00165328    0.0744456    0.0260787    0.0245762    0.0189324    0.0268535    0.0189917     0.083598  -0.00210694   0.00437013   0.00716016    0.0987743     0.119531    0.0564323   0.00527073    0.0427146     0.035493     0.143618    0.0964769    0.0320908   0.00873392  -0.00987352    0.0135468    0.0554854    0.0734751     0.104474  -0.00939354     0.116691     0.103457     0.109966    0.0487538    0.0688844    0.0165024    0.0612383    0.0964849    0.0461242     0.113399    0.0748793    0.0237356
    0.113974    0.0221711    0.0191918    0.0353082    0.0568625    0.0177108   0.00519578    0.0381079  -0.00417576      0.12678    0.0877079    0.0371867    0.0210585   -0.0147137    0.0269799    0.0709434    0.0759674    0.0187386   -0.0363543    0.0699705     -0.02988    0.0454531   0.00577801    -0.052554  -0.00390089    0.0572245    0.0665219     0.126057    0.0404297   -0.0283472    0.0156215     0.132576    0.0642598      0.14821   0.00170502   -0.0129639  -0.00803056    0.0414952    0.0758151     0.098663    0.0781017   0.00363007    0.0917116     0.055797     0.032148    0.0907442    0.0757874    0.0170947
    0.101657    0.0132093    0.0687667     0.127418    0.0823329     0.113486     0.068714    0.0867453    0.0746527    0.0199256    0.0478075      0.12347    0.0569949     0.102699    0.0958109     0.111665     0.112791    0.0010843      0.10653    0.0092806    0.0320731    0.0662523    0.0389275    0.0767214    0.0905553    0.0705253     0.102183    0.0237229    0.0223992    0.0712963     0.042922    0.0859429    0.0589435    0.0318418    0.0519421    0.0007111     0.088901     0.117487     0.112981    0.0703607    0.0789575    0.0232001    0.0350564    0.0831624     0.147193     0.129732    0.0888141     0.088708
    0.084755   -0.0104093    0.0209805   0.00541964    0.0521973  0.000290843    0.0603129    0.0350017    0.0410708    0.0134041    0.0373815    0.0386078    0.0561661    0.0926046    0.0809093    0.0717824    0.0553301  -0.00504941    0.0692384  -0.00101432   0.00144222    0.0497983    -0.041135    0.0837766   0.00852928     0.113828    0.0999537    0.0557332    0.0657507    0.0905747    0.0723693     0.024851    0.0715574    0.0543772    0.0876301    0.0254026    0.0551435   -0.0446111    0.0775009     0.046712   -0.0500292    0.0280659    0.0706267     0.128809     0.190986     0.142238    0.0636838    0.0260913
   0.0352248    0.0514154    0.0729059    0.0531751    0.0329915     0.102625    0.0791885    0.0180298    0.0422178  -0.00368529    0.0312386     0.067627    0.0848463    0.0814279     0.033796    0.0458616    0.0761073    0.0561883   0.00326158     0.100236    0.0633668    0.0801052    0.0383834    0.0658774    0.0754021    0.0927478     0.101106    0.0188148   -0.0166149     0.108198   0.00338426    0.0974879     0.140147     0.037804   0.00491857    0.0729947    0.0982539    0.0660024     0.160132    0.0716548    0.0716036    0.0695959    0.0515703    0.0807548    0.0796882     0.108936    0.0577213    0.0414761
   0.0996631    0.0253009    0.0904048     0.115488     0.142148    0.0482952    0.0713733    0.0714616     0.070404   0.00651124     0.115098    0.0134141    0.0567696    0.0425124    0.0836347    0.0568248     0.114632   -0.0389649    0.0918638    0.0771569   0.00926707    0.0639618    0.0290717   -0.0319208    0.0133313    0.0946297    0.0796233     0.046879     0.115866    0.0112812     0.017282      0.11469    0.0455582   0.00161511    0.0424837   -0.0219094     0.114169    0.0314079       0.1018   0.00280139     0.101297    0.0704431    0.0466125      0.13445     0.138313    0.0860584    0.0525656    0.0649972
    0.130183    0.0976824    0.0930931     0.146832     0.107732    0.0581069     0.103318    0.0216648  -0.00456611    0.0462396    0.0268475    0.0828017    0.0397696    0.0340433    0.0652878     0.100275    0.0353434   0.00464858     0.146638  -0.00880637   0.00708029     0.117275    0.0884307    0.0617547     0.143467    0.0593916   0.00202243    0.0561905    0.0265175    0.0442592     0.132783    0.0348534   -0.0448929    0.0319362    0.0309426     0.102425     0.136048    0.0504384    0.0439456     0.107256  -0.00208602    0.0818929    0.0475976    0.0738234    0.0550231    0.0947881     0.159746    0.0666863
     0.16697     0.026483     0.051815    0.0120727    0.0983477     0.109996     0.135906     0.093367    0.0784243    0.0158523    0.0918644    0.0592297    0.0182162    0.0713292    0.0623715    0.0348514     0.145022   -0.0218274    0.0698619    0.0888434     0.100475    0.0974906     0.100368    0.0525784    0.0608943     0.102047     0.104251    0.0504549    0.0356186    0.0605472    0.0316363     0.106055    0.0479058    0.0624594     0.102992    0.0640169    0.0535489    0.0966572     0.172431    0.0866277    0.0703753    0.0189272   0.00266713    0.0906864    0.0600875    0.0331149   -0.0200962    0.0135428
    0.105618    0.0713791    0.0337003    0.0609298     0.102532    0.0582284     0.145492    0.0650327    0.0516861    0.0893016    0.0584069    0.0317301     0.104357    0.0705387    0.0892559    0.0635861    0.0202599    0.0394347     0.121953    0.0192502    0.0189071   -0.0231921   -0.0218612        0.102     0.147556     0.114693    0.0550044    0.0335386     0.117783    0.0428385     0.163351    0.0117499    0.0129255    0.0622746      0.01112     0.098149    0.0465105   -0.0778413    0.0503454    0.0389493   -0.0285615     0.115959    0.0673185     0.140459       0.1443     0.131912     0.143843     0.101061
   0.0094901    0.0308692     0.125226     0.117835     0.125324     0.049194     0.045784    0.0234777    0.0819447    0.0129176    0.0112101     0.021127     0.043318    0.0155635    0.0456523    0.0821773    0.0811425   0.00660759  0.000985401     0.102534     0.103969     0.116509    0.0543081   0.00329407    0.0325897     0.105257    0.0838521     0.060472    0.0387856    0.0568481    0.0167006     0.108298     0.133859    0.0388758   -0.0131922    0.0203928    0.0212428    0.0938958    0.0889012     0.108977   -0.0111777    0.0492272   -0.0111372    0.0809973     0.146868     0.125216   0.00809529    0.0157403
   0.0820053    0.0723611    0.0236541    0.0125088    0.0345442   -0.0300182    0.0895316     0.102911    0.0531478    0.0434356     0.118289    0.0577884      0.13536    0.0886781    0.0354412    0.0408926    0.0379187     0.065904    0.0271404     0.116591    0.0980082    0.0979997    0.0463367    0.0463151    0.0636729     0.111024     0.110581     0.100202   0.00642297    0.0770641    0.0665419    0.0265157     0.125786  -0.00327949   -0.0188949    0.0546734     0.103938    0.0983582    0.0982877    0.0450676    0.0262917     0.070061    0.0525851    0.0256164    0.0879741    0.0362793    0.0771158     0.074569
   0.0170442    0.0870609    0.0209199   0.00141528     0.101272   -0.0327618     0.120916    0.0916286     0.115666    0.0233894    0.0618368    0.0165843     0.128954    0.0594322     0.065704    0.0831533    0.0729452    0.0796352     0.110418    0.0347853     0.071273    0.0528428    0.0171522    0.0345661    0.0817897    0.0792004    0.0592556    0.0743569     0.016459    0.0497611     0.115165    0.0863328     0.120396    0.0300644    0.0940673    0.0171745    0.0949899    0.0719072    0.0634387    0.0976053    0.0939336    0.0781634    0.0209201      0.04789    0.0884808    0.0875369     0.103315    0.0925172
   0.0885374    0.0295109    0.0039367     0.071928    0.0302368    0.0622778    0.0509445   0.00716425  -0.00119531    0.0228639    0.0435686    0.0438279    0.0776065   0.00300204  -0.00147088     0.121325    0.0834495    0.0748089     0.105303    0.0722783   -0.0206768    0.0798109    0.0039322   0.00324258     0.026531    0.0946581    0.0114773     0.134222    0.0125294    0.0355394    0.0773816     0.111325   -0.0131939    0.0562808    0.0607222    0.0357989     0.119072     0.137266    0.0829608    0.0753625    0.0280074    0.0610837     0.105516   -0.0270958    0.0178751    0.0134486    0.0925805     0.149836
   0.0229212    0.0539228     0.153855    0.0772613    0.0880999     0.125172     0.040795    0.0555939     0.108348    0.0393154    0.0260827     0.115831   -0.0352292    0.0160568     0.112533     0.122095   -0.0047765    0.0496278    0.0705201   -0.0112957    0.0412365    0.0244426    0.0666813    0.0189814  -0.00962654   -0.0375238    0.0978306    0.0488894    0.0209898    0.0813165    0.0142474    0.0281478    0.0437389    0.0475097    0.0965173     0.129982    0.0605712    0.0786827    0.0551225    0.0980752    0.0172043     0.117697    0.0691271    0.0611668    0.0838489     0.102686     0.103784     0.103021
   0.0176202    0.0912612      0.17112     0.108849     0.134558    0.0729213    0.0702992     0.114879    0.0961832    0.0303094    0.0566068    0.0581021   0.00982686    0.0723578     0.037467     0.108649     0.112329    0.0223304    0.0413492   0.00172612     0.110167    0.0861109    0.0681521  -0.00712683   -0.0246533     0.103239     0.146283    0.0513802    0.0418484    0.0101947    0.0612706    0.0179534     0.084748     0.103179    0.0237279    0.0180054   0.00735949    0.0933262     0.125229     0.107703    0.0913807    0.0137643     0.048046    0.0602009    0.0743855    0.0341366    0.0246239    0.0769906
    -0.01841    0.0524691     0.157564     0.143284    0.0565773    0.0660413    0.0266568     0.118493    0.0597246    0.0522896    0.0486359     0.122906    -0.028507    0.0988526    0.0408268     0.022606    0.0834297     0.107291   0.00108458   -0.0144038     0.103411    0.0704389      0.06459    0.0638838    0.0467331     0.043856     0.101634    0.0231183      0.10098     0.101007    0.0922693    0.0134897  -0.00347724    0.0383792     0.110911    0.0685195    0.0127673    0.0825726     0.121357    0.0693418    0.0405568    0.0596503    0.0109325      0.14494    0.0943898     0.131524    0.0486776   -0.0318414
    0.168575    0.0597545    0.0885849    0.0956202    0.0282292     0.159636    0.0655536    0.0172672     0.103603     0.040317    0.0378007    0.0313687    0.0586559     0.103675    0.0351183    0.0279696    0.0913863    0.0708873    0.0940856     0.090779    0.0285732    0.0734492    0.0339167    0.0113667     0.119931    0.0484476     0.105737    0.0209432   0.00868891     0.106499     0.109424    0.0287977    0.0131673    0.0154515    0.0878733    0.0761605    0.0690305     0.125968    0.0566597    0.0495323    0.0147061    0.0784191    0.0797079     0.147208    0.0199521     0.030685     0.091087    0.0736876
   0.0278906    0.0381639    0.0558795     0.133743     0.109513    0.0259198    0.0811735    0.0757495    0.0657047     0.109016    0.0379491    0.0817303    0.0146152    0.0617072     0.109823     0.105707    0.0773821    0.0720887    0.0273718    0.0773216    0.0352939    0.0680626    0.0330928   0.00912286    0.0756428     0.030099   0.00470928    0.0753416   0.00136715    0.0608449    0.0396815    0.0851796     0.128114    0.0956965    0.0118989    0.0204739    0.0187435     0.100138     0.125801     0.105455    0.0437314    0.0420635   -0.0116049    0.0892583     0.199854    0.0987951    0.0709187    0.0896236
   0.0990648     0.070994    0.0306842    0.0430242    0.0699558    0.0335206    0.0839487    0.0734944    0.0626432    0.0616629    0.0799767    0.0161252     0.145894    0.0772555    0.0404821    0.0762969     0.038457    0.0444884     0.173658    0.0900618      0.11703     -0.01613     0.116769     0.112651     0.142188    0.0543345    0.0719973    0.0856909    0.0938641    0.0836821     0.163224   -0.0171178    0.0113374  -0.00624155    0.0325288    0.0384157     0.095093    0.0621247    0.0205665    0.0146871    0.0247424    0.0381576      0.13147    0.0820559  -0.00640424     0.011333    0.0535468    0.0933977
  -0.0349933     0.029053     0.144565     0.122571    0.0907784    0.0482654    0.0163269  -0.00338826    0.0403749    0.0921472    0.0312167     0.125273    0.0264882    0.0227382    0.0974175    0.0192083    0.0165891    0.0855842  -0.00713861     0.135554     0.084087    0.0927727    0.0936262    0.0681457    0.0800185    0.0530338     0.035597     0.126099     0.105403    0.0496164    0.0238335    0.0543921    0.0121465     0.116395    0.0170959    0.0222519    0.0684454     0.135259  -0.00287409    0.0502907     0.127262    0.0358172    0.0864451    0.0548697    0.0791107    0.0681027     0.087194    0.0596838
    0.035868    0.0603549     0.107948    0.0882182     0.122598  -0.00294799    0.0631378     0.047859    0.0989247     0.107589    0.0687268    0.0406529    0.0942051  -0.00287595     0.101398     0.106823    0.0923804    0.0309682     0.030495    0.0260044    0.0673179    0.0997373   -0.0254809    0.0574716    0.0884312     0.113958   0.00084764     0.107631     0.025558    0.0237401    0.0515447    0.0136555    0.0787808    0.0957571    0.0223854     0.101725    0.0143347   -0.0226384     0.115745     0.123964    0.0784176    0.0989546   -0.0267148     0.105323     0.137948    0.0697558     0.133707    0.0153989
  -0.146929   -0.103205   -0.140658    -0.11314   -0.159985   -0.113854   -0.128834   -0.161236    -0.11578   -0.141764   -0.144867   -0.145793   -0.145092  -0.0967224  -0.0832915  -0.0833203  -0.0917024  -0.0978907   -0.118143   -0.137303   -0.114528   -0.129154   -0.168254  -0.0809217  -0.0838627   -0.112172   -0.114291   -0.155404    -0.18133  -0.0753789   -0.129467    -0.11152   -0.164421   -0.165144  -0.0999455   -0.129275  -0.0694573  -0.0901106   -0.116054   -0.120733    -0.10027   -0.112719
  -0.105557   -0.168947  -0.0348811  -0.0815672   -0.109323   -0.187684  -0.0859368   -0.251413   -0.190715  -0.0591337     -0.1357   0.0752986   -0.140781  -0.0646993   -0.190543  -0.0601629   -0.130752  -0.0339199   -0.238329  -0.0310804  -0.0294302  -0.0866411   -0.132222  -0.0827932 -0.00853756   -0.051933   -0.106057    -0.26393  -0.0594886   -0.128932 -0.00211889  -0.0616233  -0.0914516   -0.258198  -0.0409591  -0.0283593 -0.00172603   -0.174775  -0.0692181   -0.177468   -0.150301  -0.0799564
 -0.0547192   -0.197427   -0.163543   -0.161242   -0.223596   -0.197378  -0.0382492   -0.137883  -0.0811086   -0.128072   -0.116921  -0.0503417   -0.102122   0.0297975  -0.0694258   -0.117938   -0.114848   -0.168202  -0.0167039  -0.0557909  -0.0676551  -0.0403417  -0.0752823  -0.0832768   -0.174946  -0.0747133  -0.0612929   -0.133086  -0.0597819   -0.253606   -0.113246  -0.0675363  -0.0774716  -0.0254907   -0.137381  -0.0631573   -0.104943   -0.144073   -0.120855   -0.210191  -0.0993855   -0.124258
 -0.0361318   -0.103497   -0.120195   -0.171338  -0.0900595   -0.124399   -0.117822   -0.154535  -0.0991559   -0.165058   -0.140847  -0.0546337   -0.137306  -0.0600385   -0.117938   -0.103757   -0.112865   -0.133583  -0.0772011   -0.055254   -0.115196   -0.160027  -0.0753256  -0.0912669   -0.153139   -0.120319   -0.167391  -0.0789937  -0.0522264   -0.186423   -0.108156    -0.11581   -0.162837   -0.132161  -0.0351532  -0.0846368  -0.0659107   -0.064383   -0.117075   -0.103586   -0.169471   -0.127432
  -0.070597   -0.109894   -0.114558    -0.13781  -0.0513444  -0.0430035  -0.0423264   -0.125485  -0.0851601  -0.0851247  -0.0511035   -0.138768   -0.108877 -0.00240073  -0.0427516   -0.185401  -0.0421149   -0.159439  -0.0754937     -0.1309  -0.0963794    -0.18469 -0.00872396   -0.175485   -0.112092   -0.144192   -0.132727   -0.148837   -0.140893  -0.0749869   -0.115398    -0.16308  -0.0943567   -0.154791   -0.155925   -0.181606   -0.160911   -0.178918   -0.083897   -0.168042   -0.073921  -0.0599202
  -0.119507   -0.103488   -0.136204  -0.0945113   -0.108458    -0.13697   -0.120933   -0.104259   -0.159292   -0.097601   -0.118167   -0.166512   -0.105074   -0.126013  -0.0729917   -0.119413   -0.129607   -0.133478     -0.1696   -0.104697   -0.106915  -0.0715108  -0.0928237   -0.177312  -0.0907513   -0.120048  -0.0648049    -0.10535   -0.148346  -0.0991806   -0.134676   -0.152662   -0.144356   -0.108771  -0.0886139   -0.110344   -0.138544  -0.0828808   -0.174124   -0.118109  -0.0929642   -0.101495
 -0.0890306   -0.120892   -0.120921  -0.0938552   -0.125967    -0.10375  -0.0767578  -0.0946918   -0.162234   -0.100321   -0.125378   -0.171632   -0.149236   -0.192508   -0.100727    -0.14197   -0.130184   -0.100358   -0.200776   -0.139642   -0.136176   -0.131531   -0.093145   -0.134269    -0.04537   -0.121148  -0.0797501   -0.136756   -0.148395  -0.0357224  -0.0881937   -0.111364   -0.108983   -0.134725  -0.0980381   -0.147685  -0.0451988  -0.0516546   -0.157013  -0.0721507   -0.124556  -0.0619022
 -0.0300667   -0.198129  -0.0695393  -0.0466252   -0.125674   -0.180816   -0.127094   -0.195895  -0.0593492   -0.218118   -0.203394   -0.118186   -0.180321  0.00429789  -0.0991566   -0.120118   -0.091517  -0.0767058  -0.0723393  -0.0117668   0.0248227  -0.0320987  -0.0446965   -0.107964   -0.132879   -0.125193  -0.0558177   -0.101492   -0.100619    -0.19533  -0.0445239   -0.173959   -0.203294  -0.0945851   -0.072831  -0.0213811  -0.0447778  -0.0144726   -0.147046   -0.193284   -0.133781   -0.172842
  -0.137503   -0.112104   -0.108698  -0.0817899    -0.16344   -0.148359  -0.0809881   -0.135587   -0.101245  -0.0743194    -0.15855  -0.0629897  -0.0892176    -0.11437   -0.076931   -0.072008   -0.148675   -0.126748   -0.115226    -0.10253  -0.0963239    -0.12559   -0.085847   -0.155018   -0.204577   -0.131487    -0.17207   -0.154749   -0.138453   -0.195125   -0.108813  -0.0872055   -0.075427  -0.0859266     -0.1661  -0.0631788  -0.0478547   -0.152083   -0.124705   -0.160868  -0.0674048  -0.0611463
  -0.160355   -0.124244  -0.0626921  -0.0611648   -0.173783   -0.129228   -0.119838  -0.0470714   -0.148554   -0.192575    -0.18065   -0.115285   -0.144472   -0.146691  -0.0763461  -0.0800928   -0.147877   -0.115361   -0.159476  0.00436325  -0.0683947   -0.139979   -0.152065  -0.0921038  -0.0846977  -0.0858147    -0.13464   -0.164028   -0.106813   -0.112411  -0.0978162   -0.085183   -0.111713   -0.146069   -0.113229   -0.144371   -0.029812    -0.16532  -0.0980828   -0.082215  -0.0735538     -0.0815
  -0.100698    -0.11775   -0.146608   -0.160571   -0.094387   -0.112575  -0.0464807   -0.109241  -0.0709891   -0.125076   -0.113169   -0.121162  -0.0779451   -0.087816  -0.0843342   -0.151708   -0.100347   -0.164686   -0.133066   -0.145094  -0.0897594   -0.140404   -0.139625   -0.162434  -0.0665731  -0.0679422   -0.171919    -0.15286   -0.164498   -0.109201    -0.13756   -0.153259   -0.083576  -0.0668748  -0.0459611   -0.151623   -0.165082    -0.11232   -0.101953   -0.103035    -0.14565   -0.115851
 -0.0963783  -0.0776522   -0.131268   -0.142412   -0.111024   -0.124144   -0.171963   -0.107073   -0.137583   -0.142135   -0.170442   -0.139306   -0.140794   -0.138694   -0.157789   -0.133203    -0.12265    -0.10107   -0.118589   -0.137617   -0.112526  -0.0830424    -0.17154   -0.154101  -0.0777819   -0.104863   -0.145914   -0.140093   -0.157841   -0.154615   -0.132571  -0.0792445   -0.082868   -0.114707  -0.0882414  -0.0877199  -0.0686705   -0.101598   -0.123596  -0.0869968   -0.119025  -0.0874337
  -0.192054   -0.124932   -0.128359  -0.0664851  -0.0948016  -0.0955162   -0.123084    -0.15681   -0.181415  -0.0924484   -0.101226    -0.12134  -0.0401403   -0.197764   -0.107317  -0.0552576  -0.0996685  -0.0697093   -0.141795  -0.0733353   -0.166851  -0.0683797  -0.0882363   -0.126588    -0.08897   -0.155094  -0.0550911   -0.024343   -0.172026  -0.0446043  -0.0645843   -0.132115   -0.049912   -0.123915   -0.162004   -0.154785   -0.132079   -0.133613   -0.055148   -0.112354   -0.153684  -0.0828176
  -0.180313  -0.0532934  -0.0835597   -0.125009   -0.129218   -0.107075   -0.140684   -0.107051   -0.125907   -0.136022   -0.152365  -0.0823551   -0.151211    -0.12281   -0.108059  -0.0951643   -0.105011   -0.142015   -0.159904  -0.0727178   -0.160189   -0.101246  -0.0969085   -0.158716  -0.0974483   -0.130228   -0.120548  -0.0530999   -0.171424  -0.0956372   -0.126266   -0.145944   -0.128683   -0.130736  -0.0731808   -0.159859   -0.126241  -0.0876479   -0.127886  -0.0682109   -0.105074  -0.0961734
  -0.136836   -0.111821    -0.14853  -0.0797883  -0.0930828   -0.138913   -0.100127   -0.103995    -0.14269   -0.110935  -0.0982219  -0.0988885  -0.0755344    -0.11194   -0.185887   -0.089837   -0.150107   -0.107581   -0.124124   -0.121037   -0.121434   -0.116951   -0.157969   -0.139539   -0.109254   -0.156987  -0.0765674   -0.143354  -0.0934499   -0.111205     -0.1301    -0.17848   -0.151088   -0.169691  -0.0850469  -0.0885602    -0.17636   -0.129667  -0.0834346  -0.0972878  -0.0903399   -0.100701
  -0.117333   -0.141141   -0.149486  -0.0576072    -0.10031   -0.120047  -0.0967146  -0.0655575   -0.068503  -0.0948836   -0.100561   -0.179935  -0.0634267    -0.12806   -0.127532  -0.0959209   -0.154859   -0.155629   -0.141796  -0.0831521  -0.0652665  -0.0790703  -0.0878372   -0.123674   -0.191984   -0.125925   -0.118731  -0.0424222   -0.128076   -0.126183  -0.0583604     -0.1142   -0.157143  -0.0635165    -0.16083   -0.136024   -0.152304  -0.0784354   -0.154222  -0.0161293   -0.117358   -0.175083
  -0.140845    -0.13194   -0.178806    -0.13367   -0.131062   -0.173749   -0.106418  -0.0606307   -0.149797  -0.0665971   -0.151634   -0.116845    -0.13824   -0.186301    -0.12257   -0.107031   -0.104718   -0.132308   -0.099612  -0.0724669   -0.106876   -0.139737   -0.148537   -0.155885   -0.110473   -0.123949  -0.0836822  -0.0859497  -0.0811677   -0.113094  -0.0639662  -0.0700927   -0.131477   -0.142557  -0.0692166   -0.080583   -0.108454    -0.12381   -0.146306   -0.142637  -0.0737299   -0.116272
  -0.112673  -0.0911493  -0.0951373   -0.126076   -0.131222   -0.138094   -0.173379  -0.0227201  -0.0483895  -0.0691558   -0.134835   -0.167841  -0.0571187   -0.121316  -0.0550694   -0.101796   -0.134841  -0.0810826  -0.0867839   -0.156146   -0.124045    -0.18921    -0.15258  -0.0939221   -0.129165  -0.0578859   -0.196882   -0.119861   -0.103109   -0.110675   -0.153635  -0.0587739   -0.158013  -0.0671954  -0.0655594   -0.182377   -0.106285  -0.0618022   -0.163662  -0.0790739  -0.0862984   -0.171353
   -0.05939   -0.139223  -0.0542463   -0.110206   -0.160377   -0.184001  -0.0452787  -0.0988357  -0.0796554   -0.206461   -0.117999   -0.101755  -0.0855084   -0.119682   -0.115015   -0.139106  -0.0460045  -0.0333829   -0.121692  -0.0701198   -0.190473   -0.103396   0.0394594   -0.105111  -0.0758065    -0.15149   -0.169227  -0.0614203   -0.227445   -0.143564   -0.046262   -0.185931   -0.166019  -0.0487551  -0.0232238  -0.0538048   -0.103628   -0.214907  -0.0206667   -0.237797  -0.0695524   0.0205422
 0.00868938  -0.0667586   -0.197615  -0.0944786  -0.0523123   -0.143622  -0.0224628    -0.16102   -0.100184   -0.222707   -0.148771    -0.13643   -0.114207   0.0127894   -0.181653   -0.181223  -0.0466079   -0.120401  -0.0666351   -0.126018  -0.0341456   -0.053819   -0.116194  -0.0405751   -0.112248   -0.141323  -0.0256149    -0.17477  -0.0933879   -0.196908   -0.119069   -0.205514   -0.159791   -0.100432  -0.0317438   -0.112193  -0.0159611   -0.142197   -0.065981    -0.18495 -0.00597261   -0.167426
 -0.0795444  -0.0577596  -0.0781082    -0.12118   -0.109423   -0.146098   -0.139055   -0.124258   -0.116175  -0.0775177   -0.100887   -0.111119   -0.103511   -0.179217   -0.152536   -0.178365   -0.163775   -0.146476  -0.0342012    -0.19985  -0.0722625   -0.154072   -0.156679  -0.0991575  -0.0590237   -0.126307  -0.0709668  -0.0468199  -0.0604108  -0.0610525   -0.177782   -0.102418   -0.097225  -0.0324284  -0.0538342   -0.108218   -0.146422  -0.0996102   -0.140472  -0.0330323   -0.149403   -0.170558
  -0.175933   -0.123148  -0.0975642   -0.135967  -0.0662075  -0.0789803   -0.121455    -0.16015    -0.20741   0.0277854  -0.0963748  -0.0645019    -0.10417   -0.214352   -0.194631  -0.0215926  -0.0712365    -0.16138  -0.0304439   -0.223284   -0.139437   -0.158159  -0.0251205  -0.0292143   0.0195081   -0.116521  -0.0604982  -0.0632753   -0.165734  0.00833997   -0.162848   -0.099466   -0.066807 -0.00563384    -0.14666   -0.175638   -0.199027  -0.0735471   -0.137727  -0.0266073   -0.177013   -0.121069
 -0.0509806   -0.152188   -0.137504   -0.162786   -0.043585   -0.110895  -0.0449879   -0.136138  -0.0357773   -0.138043   -0.132883  -0.0949975   -0.108546   -0.157975   -0.100289   -0.131259  -0.0723959  -0.0959303   -0.086646   -0.139271   -0.101643   -0.115676   -0.074555    -0.15416   -0.152057   -0.200478  -0.0882235   -0.124452    -0.12107    -0.11419   -0.191487  -0.0936503  -0.0926169  -0.0647613   -0.161793   -0.118818  -0.0995275   -0.141123   -0.168988  -0.0194984   -0.145657    -0.11163
 -0.0410353   -0.153535   -0.195065    -0.11981  -0.0822182  -0.0454323   -0.051537  -0.0799232   -0.105984  -0.0670722  -0.0854195   -0.137747  -0.0723702   -0.159146   -0.152817   -0.163494   -0.149569   -0.121921  -0.0724231   -0.150404   -0.106555  -0.0574806   -0.146197   -0.118079    -0.13202   -0.141166  -0.0943155  -0.0784131  -0.0730505    -0.11774   -0.152787  -0.0727795  -0.0682237   -0.133004   -0.174075   -0.128615   -0.123435  -0.0911978   -0.190876  -0.0228348   -0.150395   -0.167774
  -0.208153  -0.0363325  -0.0825732  -0.0902029   -0.102655  -0.0854699   -0.155646  -0.0769311   -0.193269   -0.081569   -0.155289  -0.0990952   -0.135506   -0.150568   -0.132913   -0.089879  -0.0967365  -0.0997732   -0.166617  -0.0658542   -0.186364   -0.131941   -0.175305   -0.152694  -0.0529817  -0.0703134     -0.1122  -0.0772162   -0.163344   -0.127794   -0.150435  -0.0879041  -0.0997686  -0.0890678   -0.131653   -0.170893  -0.0563162   -0.153964  -0.0941768    -0.07647  -0.0753887  -0.0743575
 -0.0945857   -0.127559   -0.134825  -0.0595156  -0.0483254  -0.0976323    -0.13972   -0.152696   -0.138913   -0.145308   -0.154861    -0.16463    -0.13361   -0.150834   -0.099954  -0.0385765   -0.153332   -0.107777  -0.0315407   -0.120804   -0.184827  -0.0694464   -0.079551   -0.146407  -0.0887671   -0.173974   -0.156771   -0.103162   -0.095237  -0.0411358   -0.154424   -0.106142   -0.122505  -0.0776815   -0.162415  -0.0596072   -0.110083     -0.1159   -0.187284  -0.0316702  -0.0507005   -0.166011
  -0.112677   -0.117938  -0.0493575   -0.127013   -0.167866  -0.0996015    -0.11051   -0.166612   -0.179209   -0.137393   -0.143376   -0.113751  -0.0953456  -0.0908552   -0.122805  -0.0953138   -0.160355   -0.164823  -0.0808035    -0.10348  -0.0767602  -0.0807861   -0.131068    -0.11999   -0.106314   -0.115713   -0.140614  -0.0747419   -0.130938   -0.112224   -0.120982   -0.117214  -0.0765605   -0.121576    -0.15718   -0.088314   -0.103882   -0.131947    -0.12563  -0.0899162   -0.118115   -0.148083
  -0.146172  -0.0940436  -0.0857728  -0.0959398    -0.10414  -0.0670294  -0.0651253   -0.138708  -0.0854203   -0.108873   -0.131503   -0.158216   -0.164228   -0.131686   -0.148833  -0.0764676   -0.164885    -0.16443  -0.0552685  -0.0813356   -0.159105   -0.113355   -0.145152   -0.140223  -0.0982427   -0.128711   -0.120784   -0.104291   -0.150563  -0.0612265   -0.142541  -0.0786349   -0.106227   -0.139237   -0.122037   -0.120421   -0.107613   -0.175114   -0.157445   -0.133347  -0.0745805    -0.12623
  -0.194998   -0.109362    -0.10403  -0.0650017   -0.191256   -0.126745   -0.141949  -0.0956043   -0.159923   -0.149566   -0.149463   -0.153715  -0.0568136  -0.0917213  -0.0825492  -0.0487417   -0.132253  -0.0478199   -0.148987   -0.114548  -0.0928765  -0.0535071   -0.158632   -0.173158  -0.0862117  -0.0805715  -0.0671213   -0.078807   -0.153066   -0.148804  -0.0686284  -0.0528952   -0.144917   -0.163193   -0.122449   -0.143638   -0.124723   -0.101549   -0.102536   -0.150817  -0.0667291   -0.130743
  -0.225797  -0.0441244   -0.100833  -0.0762152  -0.0883608  -0.0975539   -0.176092  -0.0691292   -0.119168  -0.0467448   -0.129459   -0.076926   -0.111435   -0.134155   -0.116327  -0.0872612   -0.129334   -0.120084    -0.19203   -0.135219   -0.130915   -0.218159   -0.154661  -0.0668909  -0.0943717  -0.0555934   -0.187028  -0.0777078    -0.14334  -0.0336207   -0.132131  -0.0790299  -0.0818855  -0.0610874  -0.0698972   -0.212475  -0.0860874   -0.092112  -0.0788209   -0.140144   -0.117824  -0.0744958
  -0.157228   -0.055232   -0.150709  -0.0857694   -0.133268   -0.161549   -0.136039   -0.137566   -0.124402   -0.038656   -0.184055  -0.0873264   -0.107949   -0.109834   -0.118481   -0.126772  -0.0681896  -0.0999675  -0.0743904   -0.142156   -0.160339   -0.172508   -0.101525   -0.110395  -0.0394428   -0.108175   -0.160932   -0.146459   -0.141929  -0.0376682   -0.120336  -0.0758928   -0.122321  -0.0516487   -0.106044   -0.190607   -0.102742    -0.05571  -0.0807539   -0.145994   -0.133025   -0.099475
 -0.0698681   -0.216578   -0.144797   -0.138796   -0.102046  -0.0759982   -0.177914  -0.0547718   -0.102378    -0.15392  -0.0879626  -0.0872856   -0.213769 -0.00657922  -0.0909054   -0.101795   -0.173318  -0.0432461  -0.0127278   -0.123704  -0.0896403   -0.139542     0.01041   -0.168418  -0.0276777  -0.0695002   -0.052296   -0.198194   -0.020987   -0.169233  -0.0612801  -0.0798567  -0.0844378  -0.0270866   -0.230921   -0.149379   -0.204188   -0.150178  -0.0551786   -0.154224   -0.105003  -0.0775884
 -0.0750945   -0.153519  -0.0894136   -0.154531    -0.07963   -0.151108   -0.116623   -0.167721   -0.128967  -0.0765478   -0.141974  -0.0560878  -0.0887956   -0.114415   -0.137242   -0.147361   -0.173222   -0.194861  -0.0638369  -0.0968259  -0.0585805  -0.0666117  -0.0775689   -0.107863  -0.0697369  -0.0842401  -0.0452183   -0.147087   -0.126533   -0.136487   -0.112173  -0.0974626   -0.121955   -0.149115   -0.145615   -0.113542  -0.0794265   -0.102303   -0.153258  -0.0836568   -0.196958   -0.122459
  0.0557056   -0.145756   0.0537214   -0.191126 -0.00765135 -0.00917602 -0.00950158  -0.0752715  -0.0282381  -0.0365533  -0.0998895  -0.0531495   -0.125965   0.0117517  -0.0672373   -0.128085  -0.0943575   -0.121263   0.0326775    -0.17673  -0.0232241   -0.148249 -0.00880947   -0.197787   -0.189111    -0.12907   -0.192524   -0.263812   -0.198664   -0.276027   -0.131158  -0.0520963   -0.112264  -0.0252762   -0.152483   -0.107609   -0.218861   -0.150434    -0.13193  -0.0935619   -0.022516   -0.196167
 -0.0798737   -0.125281  -0.0822853   -0.199011  -0.0132118  -0.0951932   -0.223224  -0.0911859   -0.100742   -0.193609   -0.128934  -0.0738915   -0.144344   0.0107834  -0.0539279  -0.0773842    -0.13202   -0.106005  -0.0635803  -0.0893474   -0.171064  -0.0967316  -0.0469089   -0.141341  -0.0465115  -0.0910954  -0.0640701   -0.178994  -0.0287859  -0.0867411  -0.0428602 0.000796236   -0.118666   -0.109561   -0.222067   -0.112598   -0.200953   -0.155032  -0.0904299   -0.167518    -0.20196  -0.0384197
 -0.0856177   -0.132385   -0.164486   -0.130463   -0.177235   -0.153784  -0.0658042   -0.127475  -0.0903246   -0.121416   -0.137285   -0.135133   -0.128004  -0.0927788   -0.125867    -0.15836    -0.16411  -0.0895255  -0.0681309   -0.115927  -0.0511114   -0.107366  -0.0390464  -0.0785384  -0.0536832   -0.123556   -0.099272  -0.0701343  -0.0784195   -0.138548  -0.0627269   -0.164909   -0.180273    -0.06079   -0.105992   -0.110628   -0.150555    -0.12498  -0.0959962   -0.170426   -0.127661   -0.138384
