no weights
    0.194661    -0.117921   -0.0738774    -0.185358    -0.236367     0.100449    -0.170593   -0.0293575     0.161673    -0.156185    -0.374911     0.297574    0.0161893   -0.0130823   -0.0611178   -0.0608589    -0.100177     0.212878    0.0194502    0.0625335    -0.182548    0.0975017    -0.446672     0.137092    -0.126291     0.162855     0.276879     0.128328    -0.242789   -0.0278921    -0.209272      0.25939     0.187865     0.198233    -0.288013  -0.00842542   -0.0707639    -0.053063   -0.0774662    -0.261771    -0.483038      0.24083     0.204046       0.4466     0.406706     0.245574   -0.0454463     0.484106
  -0.0694875   -0.0109069   -0.0653072    -0.173388    -0.127066   -0.0147287    0.0673965   -0.0151595    0.0625911  -0.00308888    0.0404118    0.0188681    0.0739764   -0.0627938    0.0538664     0.171127     -0.21875     0.210714    0.0471916     0.120692    -0.114816    0.0704681    -0.060777     0.212814    0.0803573     0.100448    -0.113632    0.0247707    -0.123224     0.325672     0.100858     0.114796     0.139024     0.211773   -0.0786855     0.389104   -0.0567947    -0.172871     0.296117     0.162736    -0.209614     0.206837    -0.348882     0.164584    0.0819292    0.0797901    -0.131897   -0.0124629
    0.166909    0.0943113    -0.030876    0.0272031    0.0430387      0.22042     0.196487     0.013938   0.00962873    -0.177822     0.270738  -0.00317438   -0.0891698     0.171348   -0.0831924   -0.0407527     0.368406    -0.443452    0.0330757   -0.0675853     0.119997     0.229689   -0.0219543    -0.141216    -0.146307    0.0165834  -0.00971482    -0.127422     0.124725   -0.0892966    -0.208607     0.145551    -0.145619     -0.34802     0.141994    -0.172402     0.118814   -0.0198194     0.104371   -0.0760714    -0.124926    0.0992008    -0.209347      0.27564      0.22157      0.17657    0.0651751    -0.284784
     0.18169     0.299775     0.167784     0.220893    -0.091854     0.281233    -0.217358    -0.116472   -0.0782588  -0.00781364   -0.0607658   -0.0508351    -0.238282      0.26086   -0.0295671      0.34978   -0.0708395    -0.126614     0.194287      -0.4816    -0.414033    -0.213131    -0.242158   -0.0926704   -0.0532996   -0.0783114     0.273434    0.0809225   -0.0846194    -0.022574    0.0826662     0.232199    -0.301095     0.202382    -0.290554 -2.05258e-05      0.25389     0.283128    -0.120307    0.0668554    0.0238156    0.0793751     0.212742    0.0237157    -0.333764   -0.0206872    0.0282031     0.277124
    0.456696     0.275668     0.210087    0.0507214   -0.0534619     0.127287     0.163711    0.0207548     0.136971    -0.338743     0.132183    -0.152045    0.0759555      0.21217   -0.0636946     0.100309    0.0358926     -0.19329    -0.167746     0.095481     0.246438     0.420033    0.0982163    -0.214541     -0.32884     0.253081     0.127025     0.176748    -0.281644    0.0540003     -0.15092  -0.00856156   -0.0875519    -0.307113     -0.31636    -0.249323  -0.00433478    0.0755928     0.425424     0.111313    -0.172166    -0.144911     0.225284    0.0110739   -0.0753669    -0.280586    -0.366117    0.0541917
    0.159221    -0.164495    -0.109872    -0.164304   -0.0393752    -0.144251     0.177306     0.214009     0.188899     0.154389    -0.300922  -0.00382036     0.235986      0.05863     0.106673   -0.0311895    -0.244151    0.0063028     0.332822   -0.0333302     0.280479    0.0554235    -0.210254     0.153358     0.176793     0.146074    -0.112167    0.0821707  -0.00742782  -0.00329818    0.0910129    -0.217446     0.050702    -0.209207    -0.103243  -0.00706252      0.20531    -0.450139   -0.0713743    -0.112425    -0.383062      0.16319      0.19559     0.230605      0.29634     0.171792     0.306163    0.0408092
    0.102996    -0.360949    -0.104787    -0.291718   -0.0249065    -0.019031     -0.28988     0.174372     0.264382     0.276768    0.0135242    -0.345397    -0.219314   0.00775316     0.421759     0.156196     0.123733    -0.332405    -0.145805    0.0607381    -0.135625    0.0217568    -0.246501      -0.2973   -0.0688584     0.140938     0.318692     0.192485    0.0645843    -0.391081    -0.116379     0.333067     0.551723     0.384954   -0.0118195   -0.0721712    -0.185201    -0.216331     0.191474   -0.0627143    -0.197937    -0.118438    0.0990823     0.324425     0.495389     0.425784     0.283973     0.297464
   -0.113725    -0.117948    -0.318599    -0.351565    -0.329837     -0.21566     0.188887     0.146157     0.123439    -0.138198    0.0765429   -0.0990111     0.169045    0.0205073    0.0897169    -0.196981    0.0239236     0.220383     0.126961    0.0429761     0.105736    -0.210886    0.0891891    0.0493138     0.242259   0.00403166     0.224529   -0.0710062      0.02521    0.0659706     0.144011   -0.0392841     0.238769   -0.0816143    0.0274574    0.0610027     0.207915    0.0802197     0.189732   -0.0908643     0.288139     0.102237   -0.0117686     0.167163    -0.155922     0.020767    0.0201875    0.0412776
   -0.163263     -0.14473    -0.314837    -0.220506    -0.207765    -0.151468     0.217481   -0.0406399   -0.0554265     0.120147  -0.00429224    -0.011885     0.174748     0.167045     0.135908   0.00312893    -0.179409     0.228581     0.236707   -0.0314552   -0.0555659    -0.323603     0.166836     0.223941     0.470556   -0.0722382    -0.268721    -0.104061     0.178535     0.258899      0.44968    -0.126641    -0.085123    0.0952931     0.154064     0.342341     0.110133    -0.105393    -0.137482     0.117115     0.155711     0.132104     0.125842     -0.18865    -0.264881    -0.204347     0.182481    0.0596671
   -0.111486    -0.209423    -0.205388    -0.016774     -0.35051    -0.143342    -0.039102   -0.0215436   -0.0849117    0.0858095    -0.326793     0.152514     0.159698     0.138261    -0.170909      0.13741      -0.1784     0.345287     0.129157   -0.0814043    -0.172864   -0.0234198    -0.153187     0.137154     0.121532    -0.115064  -0.00236895     0.323184    -0.150418   -0.0394816   -0.0261532    0.0573146    -0.323869     0.456474   -0.0493057    -0.134118     0.138098     0.159143    -0.427319    0.0697229    0.0346724  -0.00780012     0.597422    -0.197855   -0.0633524    0.0595016     0.290218     0.616105
  -0.0794298    -0.258319     0.144432    0.0123846   -0.0907124     0.414403    -0.360643     0.124268     0.180202      0.19285   -0.0129811   -0.0985905    -0.173992     0.129309      0.29264     0.424582    -0.243591    -0.093269    -0.185912     0.238311     0.164607     0.195897     0.464863     -0.16584    -0.326861    -0.116454   -0.0175367     0.107121   -0.0907336      0.19388    -0.244997    -0.221436     0.246808     0.151837    -0.016557      0.16136    -0.278712   0.00779962    -0.162736   0.00516573    -0.133114      0.24398     0.153477    0.0756839     0.343467     0.257364   -0.0386755      0.23412
   -0.015484     0.450427     0.408405     0.430301     0.171572     0.126024     0.091149    0.0102144   0.00590561    -0.190109  -0.00995559      0.21511   -0.0906686    0.0417193     -0.17426     -0.02104    0.0952492    0.0434272   -0.0517265   -0.0282153     0.163819     0.444353   -0.0900393    0.0121093    -0.259618     0.180215      0.22115     0.111032   -0.0743652    0.0979107    -0.295693     0.100278    -0.233211    -0.135498    -0.143575    -0.166442    0.0018129     0.168047     0.219403     0.128457   -0.0984838    0.0336527    -0.188722   -0.0907315   -0.0466819    -0.143891    -0.264476    -0.258871
   -0.167615   -0.0835402    0.0129143   -0.0236906   -0.0670539     0.167808    -0.152758     0.179873     0.181713   -0.0313339     0.280339     0.143304    -0.313643    0.0730093     0.277644    0.0708259     0.160445    0.0280391     0.024368    -0.319541     0.117525    -0.310936     0.192661     0.203869     0.127323   -0.0553109    0.0997905    -0.265812     0.319619     0.312101     0.121276   -0.0277834    0.0218844    -0.265591     0.270277     0.356446   -0.0551509     0.143872      0.25119    0.0450036     0.215261     0.190344     -0.37213     0.135862    -0.150881    0.0768449    -0.183557    -0.430345
    0.202036   -0.0109644     -0.11196   -0.0542949    0.0684837     0.136641     0.145031   -0.0441938    0.0151361     -0.11654    -0.121764    0.0983931     0.269806    0.0624063    -0.259298   -0.0183276    0.0623436     0.108809     0.119335    0.0625951   -0.0102294     0.141012   0.00148702    0.0853519   -0.0915847      0.11276   -0.0303987     0.175377    0.0258772    0.0302091    -0.116284    -0.204774     0.079461    -0.192113  -0.00311778    -0.137565     0.067493   -0.0597424    -0.117287    -0.195972    -0.122169      0.10586     0.163014     0.173647     0.196545     0.178976   -0.0275114     0.114712
  -0.0190481     0.161066    0.0835173     0.265809     0.104752     0.235102    -0.050724    -0.197297    -0.149391     0.124417     0.184165  -0.00561873    -0.121311     0.110547   -0.0344633     0.283121    0.0239374    -0.109122   -0.0185161    -0.150077    -0.361397    0.0299945   -0.0602614    0.0139026   -0.0591641   0.00623292    -0.250419    0.0486047   -0.0810898      0.20747    0.0383195      0.34642    -0.391687     0.289381   -0.0481002     0.291118    0.0252975    0.0677109     -0.16053     0.145999   -0.0331268     0.194336     -0.23648     -0.12123    0.0346509    0.0424687     0.223017   -0.0724538
    0.229638   -0.0205141     -0.29659    -0.335078    -0.250162    -0.160675     0.177213     0.139691    0.0845279    -0.142396     0.119334    -0.307123     0.280858     0.188124      0.18526   -0.0254198    -0.142468     0.148492      0.15322      0.33133     0.331016   -0.0947642     0.371697   -0.0805762     0.139856    0.0654564    0.0914101   0.00206071   -0.0677423    0.0975883      0.23137     -0.22699     0.345917    -0.165625   -0.0138971    0.0497913    0.0540382   0.00916603     0.184418   -0.0437214      0.17377   -0.0609419      0.34092    -0.106467    -0.401128    -0.365778    -0.315494     0.133903
   -0.463713    0.0516236     0.241317    0.0986896    -0.261381     0.244669    -0.197816      0.14757     0.197118    -0.187744    -0.399387     0.587445   -0.0762161    -0.176384    0.0386175    -0.239268    -0.338041     0.567783    -0.144392     0.105103     0.324614    -0.133914     0.135954     0.471727   -0.0730978    -0.150219    0.0519014    -0.319531    0.0380489     0.439345    -0.195804    -0.236391     0.065251    -0.173718     0.045481     0.331306    -0.213378     0.242307   -0.0452082   -0.0267678   -0.0286417     0.370726     -0.25775     0.181394    0.0397224     0.153607    -0.381715    -0.132565
   -0.302348   -0.0977667    0.0215948  -0.00999525   -0.0223655    -0.190292    -0.147156    0.0417402     0.188062      0.19915    -0.190179      0.17676    -0.163897    -0.123597     0.149053  -0.00738764   -0.0915716     0.367231    -0.216068     0.147117    -0.204871   -0.0446016    -0.399886     0.309086   -0.0619082     0.087614     0.172799     0.184682   -0.0691242     0.102001    -0.028944     0.208105     0.428068     0.380806   -0.0275033      0.27232    -0.275664   -0.0941309     0.186346     0.158113    -0.117837       0.1329    -0.249226     0.274966     0.387634     0.294483     0.340768   -0.0895053
 -0.00827104   -0.0810994    0.0679262    0.0134694     0.102302    -0.358701     0.194722     0.126352     0.135987     0.138526      0.20133     -0.29635   -0.0610222   0.00589819   -0.0345291      0.18502    0.0737388    -0.143504     -0.10219    0.0634576    0.0246102     0.214621    -0.264857  -0.00204967    -0.251916     0.235152    -0.199615     0.230755    -0.105684    0.0241999     -0.19352   0.00205821     0.159062   -0.0614741   -0.0151847    -0.067536    -0.183151     -0.14321     0.377871     0.239275    -0.176731   -0.0117556    -0.403862   -0.0702007     0.345808    0.0759846    0.0402872    -0.373615
  -0.0925999     0.169116     0.295213     0.183124     0.115488    -0.351371     0.181667     0.224241     0.116413  -0.00495585    -0.159791      0.13578   -0.0296834    -0.108788     0.076571    -0.293654     0.341694    -0.146453   -0.0573401    -0.102853     0.202834     0.245477      -0.4546   -0.0163143    -0.147997     0.118245     0.305653   -0.0436057    0.0862297    -0.351913    -0.330077     0.211601    0.0573199    -0.210226    0.0422671    -0.480879     0.158058    -0.128284     0.116517    -0.144731    -0.258856    -0.181266    -0.173828     0.517799     0.487059     0.306102      0.16762    -0.117577
    0.368608      0.17137    -0.196482    0.0449268     0.107966     0.367137    0.0182823    -0.174662    -0.182435   -0.0376249    0.0722093     0.244188   -0.0202663     0.148516   -0.0485543  -0.00599079     0.144768    0.0887918    0.0580066    0.0765018     -0.13141   -0.0272238     0.120233     0.162258     0.176157     0.104283    -0.264989   -0.0920497    0.0985878     0.202948     0.215481     0.312822    -0.442377     0.121728   -0.0337885      0.33658   -0.0849076     0.220818    -0.249737    -0.126529    0.0976309      0.16481    0.0704896    -0.353258    -0.587913    -0.602857    -0.145019    0.0252807
  -0.0832682     0.117997     0.246974    0.0429454    -0.181782   -0.0412957    -0.220311      0.11294     0.150702    0.0520765     0.125684    -0.295833    -0.208076     0.043353     0.262075      0.29302   -0.0257579   -0.0601841    -0.357579     0.108921    -0.163292     0.116404   -0.0931831    -0.149829    -0.273898     0.045273     0.344202     0.185645    -0.272664    0.0200124     -0.21095     0.159261     0.352292     0.307091    -0.291588     0.107706    -0.207108     0.269687     0.478494     0.366946    0.0996155   -0.0841755    -0.106947    -0.100091  -0.00961766    -0.102993    -0.231004     0.205277
    0.357353   -0.0773078   -0.0171103   -0.0925893   -0.0621856     0.467449   -0.0504804     0.171728     0.163647  -0.00424394     0.205979    -0.039497    -0.239885     0.151497     0.233745  -0.00649327     0.217418    -0.456088     0.264574     -0.34629    0.0529732     -0.29699   0.00954115    -0.200584     0.230164   0.00169922    0.0524878    -0.402567     0.213526    -0.128621     0.232526   -0.0591281    0.0445903    -0.526469     0.106673    0.0586483      0.19695   -0.0643976   -0.0935086    -0.402762   -0.0991577    0.0686689    0.0366883     0.348954    0.0201249     0.238577     0.105956   -0.0310136
   0.0878852    0.0481335   -0.0925562     0.189509     0.183536     0.132022   -0.0878247    -0.122977    -0.120681     0.284038     0.134902    -0.161104    -0.218477     0.194898     0.048348     0.367025   -0.0802877    -0.356547     0.272102     -0.45267      -0.3685    -0.405664    -0.181605   -0.0506163     0.226717   -0.0878567    -0.649916    -0.162999     0.137798     0.161973     0.363694      0.10425    -0.535862     0.191841     0.131552      0.23003     0.107041    -0.216289    -0.322902      0.17008   -0.0696958    0.0609425   -0.0933826     -0.12763    0.0703138    0.0698257      0.57733   -0.0555245
   0.0597897   -0.0125136   -0.0157722    -0.167154    -0.452855   0.00518951    0.0316949     0.115638     0.156067    -0.171879    -0.392864    0.0777774    0.0044361   -0.0736491  -0.00567543    -0.135112   -0.0681385     0.038769   0.00433126    -0.121465   -0.0177064      0.13362    -0.396169    0.0894982   -0.0387498   -0.0350424      0.37466    -0.191443    -0.340102    0.0110261    -0.232972      0.10548     0.202126    -0.193122    -0.288742   -0.0525262     0.170279   -0.0200004     0.112854     -0.11112    -0.351451     0.198708   -0.0312984      0.62015     0.335762     0.438659    0.0907061     0.264846
  -0.0028412     -0.02281    -0.182896    -0.144697    0.0446499    0.0635323    -0.146761    -0.055075   -0.0581854    0.0542316     0.211625     0.211064   -0.0720144    0.0516093   0.00198728    -0.102718     0.458671     0.201035   -0.0947244     0.276534    0.0898106    0.0618437     0.296696  -0.00783894    0.0259609   0.00736007      0.35574      0.11074     0.335231    -0.140498    -0.050457     0.303078    0.0963586     0.153944     0.342885   -0.0391889   -0.0371103     0.251798   -0.0767285   -0.0893723     0.422953   -0.0910304     0.156765     -0.21738    -0.560487    -0.437733    -0.234675    0.0409513
   0.0815671   0.00378988    0.0524454    0.0105552    0.0110911    0.0728358   -0.0473838     0.108591    0.0838443   -0.0615275     0.297006     0.107901    -0.191755    -0.104001   -0.0111327    -0.215941     0.402871   -0.0985001    -0.150382    0.0407183   -0.0460086    0.0625135   -0.0528997    -0.125215    -0.224849    0.0571595     0.224312    -0.160335     0.222588    -0.261797     -0.24935     0.242252      0.18826    -0.153343     0.178392    -0.231741      -0.1696     0.241335     0.212624    -0.110236      0.21361    -0.118388    -0.194433    0.0425088    0.0562939    0.0496293    -0.196903    -0.168566
    -0.28328    0.0171747   -0.0400239    0.0795206    0.0720014    -0.408462     0.134138    -0.167414   -0.0662869   -0.0221608     -0.40141   -0.0191307     0.290819    0.0436082    -0.384866    -0.122916    -0.293921     0.398861     0.040537     0.449302     0.210889     0.227194  -0.00852516     0.211937  -0.00597337    0.0597294   -0.0668776     0.410916   -0.0938025   -0.0221447   -0.0488524    -0.326539     0.143085     0.251726   -0.0565784    -0.173427   -0.0141742   -0.0680981    -0.162394     0.144136   -0.0618041   0.00752085     0.135243    -0.157031     0.101343    0.0505155     0.170077     0.174392
    0.280972    -0.410995    -0.726879    -0.618254    -0.338392    -0.192802     0.274566   -0.0626394   -0.0198412   -0.0816371     0.085727    -0.250902     0.457277     0.130831     0.090851    -0.110409    -0.107538     0.198809      0.29132     0.341656   -0.0551237    -0.237643     0.102049    0.0634006     0.235519      0.15033    -0.116821     0.199854    0.0165103    0.0167068     0.220503   -0.0827269     0.324115     0.124627 -0.000228354    0.0844133    0.0778137    -0.276358    -0.138541    -0.374784    -0.082747     0.202033     0.396886  -0.00410973   -0.0262579     -0.15956    0.0677041     0.297979
    0.106988    0.0637958    0.0732159     0.220246     0.210976     0.323015   -0.0344281    -0.101325    -0.105257     0.178737     0.196349     0.167943    -0.151166     0.125154    -0.110667     0.177741      0.19379    -0.017726   -0.0557773    -0.018849     0.060431     0.329632     0.125114    0.0402022   -0.0777885   -0.0388929     -0.33144    0.0485602    0.0141718      0.21342   -0.0517326     0.250505      -0.4708     0.101001    0.0699916     0.193489    0.0419384   -0.0569543    -0.241575      0.13913   -0.0986607     0.216641    0.0132627     -0.27778    -0.055481    -0.103335     0.121357    -0.132487
   -0.105106      0.31277     0.325878     0.232456   -0.0707628      0.38029    -0.223512    0.0890237     0.137296    0.0548412    -0.235709     0.105832    -0.261058    0.0199449      0.17066     0.157995    -0.147562   -0.0832882   -0.0430531    -0.227933     0.120299    0.0668594   -0.0519692   -0.0285986    -0.152859    -0.278503    0.0941231    -0.418124    -0.242805     0.254388   -0.0520978       0.1032    -0.110936    -0.261773    -0.148163     0.183125   0.00128315     0.089806     -0.10808     0.132397    -0.241892     0.155938    -0.158028     0.461956    0.0917319     0.311642    0.0751611    -0.137963
   -0.133944     0.235397     0.383778     0.332237   -0.0709288    -0.006695    -0.174508     0.146369      0.19509    0.0598423    -0.182782   -0.0502505    -0.166148    0.0808103  -0.00286069      0.31265    -0.280714     0.124296   -0.0660032    -0.276139    -0.137975    0.0487251     -0.27962    0.0474273    -0.221516  -0.00119802     0.318208     0.195954     -0.25459    0.0835893    -0.123806   0.00667466   -0.0799067     0.130115    -0.243124    0.0299975    -0.016641     0.230341     0.197401     0.370609   -0.0901491    0.0628101   -0.0842271      0.10862    0.0612977    0.0641646   -0.0459854   -0.0354792
   -0.330851     0.106044     0.147249     0.154076     0.211026    -0.160517    -0.100039    -0.202813    -0.106353  -0.00343979     0.191118    0.0645978   0.00943632     0.106197    -0.150979     0.106673    0.0619874     0.216917    -0.258222     0.319961    -0.053427    0.0935095       0.3338    0.0366038    -0.204721   0.00683784   -0.0361725      0.31589    0.0906044    0.0522778   -0.0755812    0.0957702     0.111706     0.367579     0.239304     0.124159    -0.291075     0.286273    0.0501021     0.237311     0.347031   -0.0664704    -0.177602    -0.335923    -0.196896    -0.217902    -0.112003    -0.173314
    0.119218    0.0862307    -0.127376   -0.0489213    -0.185788    0.0419295     0.131559    -0.152235   -0.0495206    -0.124978     0.177861    -0.325367    0.0746104     0.197514    -0.145676     0.217015    -0.170103   -0.0701433     0.176108    0.0692832    0.0436478  -0.00665286     0.313281   -0.0923951    0.0733367    0.0223055   -0.0934397    0.0530137   -0.0968355     0.136174     0.186546    -0.157264    0.0043829   -0.0466082   -0.0863387    0.0879442     0.152192     0.108339    0.0812988     0.217711     0.226049   -0.0777135     0.308744     -0.27083    -0.428521    -0.324477    -0.236142     0.256269
   0.0899747   -0.0458039     -0.41114    -0.419615    -0.317763    -0.228892     0.336912     0.078705    0.0464263   -0.0865417     0.304918    -0.138764     0.199851     0.136757     0.163615   -0.0125324     0.104982     0.270075   -0.0640372     0.409852     0.163201     0.076713     0.123687     0.203031     0.061324     0.176525     0.272228    0.0488565    -0.116512     0.347529     0.127406      0.14201     0.365067   -0.0193153    -0.111752     0.269263    0.0673843    0.0612269     0.569887    0.0722699     0.206729     0.210857    -0.059184    -0.132721    -0.473787    -0.526769    -0.419227   -0.0739223
   -0.412164     0.442223     0.539797     0.473566     0.343032    -0.253639    0.0199897    0.0683775   -0.0289854     0.261366    -0.127191    0.0672678    -0.220569    -0.123689    0.0442365    0.0181264    0.0147369   -0.0281518   -0.0754058    0.0507572     0.151099      0.28926   -0.0808635     0.100932   0.00517499    0.0324083     -0.16984   -0.0154148    0.0506836   -0.0636789    0.0041352    0.0701933   -0.0234657    0.0586923    0.0310796   -0.0785381     -0.10086  -0.00357729    -0.018388     0.270857   -0.0228484    -0.101027    -0.245523    -0.146368    0.0963201    0.0112765     0.205251    -0.334774
   -0.360221    -0.190416      0.15929  -0.00667352    0.0193721     0.155747    -0.565652     0.197871     0.197083     0.224014   -0.0335123    0.0223157    -0.291211   -0.0247484     0.362798     0.197608    -0.171866    0.0908948     -0.17657      0.12709     0.142711    -0.184984     0.566714    -0.131278   -0.0641823    -0.171071     0.100005   -0.0595786     0.149872    0.0915253   -0.0129982    -0.116034      0.30039     0.218838     0.267684     0.191765    -0.368573     0.200023   -0.0751066    0.0581791     0.299888   -0.0551025     0.049708   -0.0838001    -0.128722     0.102319    -0.140693    0.0555203
    0.255028    0.0441484    0.0938591   0.00703369    0.0374783    -0.298769     0.134294     0.152363     0.144063     0.119309    -0.268193    -0.106605     0.169391    -0.050584   -0.0873623    -0.134406    0.0502232    -0.110227    0.0614171    0.0509455     0.243323     0.363218    -0.376081    -0.124337    -0.149649     0.259836     0.276819     0.405032    -0.102882    -0.429397    -0.298094    0.0487766    0.0858872    -0.022639    -0.184388    -0.512297    0.0746427    -0.259191   -0.0155898    -0.110436    -0.355868   -0.0976012     0.248148     0.290998     0.334206     0.267144     0.335044   -0.0713559
    0.162905     0.179909   -0.0623662     0.198586     0.124298    0.0296969     0.102891    -0.233766    -0.130611    0.0907028    -0.180991     0.138712     0.108704    0.0591362    -0.223155     0.105583    -0.072749     0.206441    0.0316267     0.130384   -0.0748443     0.378181    -0.145086     0.133445    0.0669758     0.193232    -0.212252     0.274067    -0.173769     0.108002   0.00450538     0.171097    -0.334533     0.260847     -0.19475     0.157046  -0.00814058    -0.043716     -0.21291     0.148667    -0.211943     0.155032      0.14414    -0.211128   -0.0375174     -0.27308     0.253607    0.0306797
  -0.0982764    0.0691117    0.0877909   -0.0202406     0.028088    0.0671118    -0.150707     0.160659     0.061056     0.185973     0.355238    -0.382487    -0.111534  -0.00756667     0.360361     0.265432    0.0405588    -0.227075    -0.333201     0.438384     0.157913     0.353287     0.381944    -0.310398    -0.176736    0.0951763    0.0133329     0.108662    -0.105255    0.0458024    -0.166236     0.221491     0.341035     0.289125   -0.0167506     0.209907      -0.2807     0.173132     0.235582     0.112336     0.109302    0.0513504   -0.0390281    -0.309269    -0.151621    -0.286106    -0.109973   -0.0767464
   -0.191162    0.0782666    0.0380427     0.239206     0.430751    -0.108017   -0.0822454    -0.184373    -0.163787     0.186678    -0.210064     0.185227    0.0492197   -0.0761482    -0.224966    -0.033697   -0.0242167    0.0819014   -0.0327611     0.241917   -0.0114037     0.226209   -0.0415737    0.0725835   0.00632082    0.0607051    -0.271308     0.297873     0.122035    -0.114144   -0.0603294     0.216516    -0.180863     0.407565    0.0706513    -0.041627   -0.0941962    -0.113041     -0.36646    0.0521905   -0.0705793   -0.0873953    0.0190575    -0.151936     0.107971      0.02025     0.389701   -0.0570917
    -0.27107  -0.00121931     0.221272    0.0322754    -0.166036    0.0475273    -0.295883     0.330893     0.235142     0.172324     0.276605    -0.172646    -0.351457   -0.0652191     0.413436     0.204389    0.0122891   -0.0833473    -0.082006    -0.220762    0.0304916    -0.302449     0.292965   -0.0537276    -0.187015    -0.269351     0.362561    -0.339463     0.187745   0.00546062   -0.0512612     0.068869     0.325013    0.0954354     0.277686   -0.0341957   -0.0765883      0.36905     0.333122     0.267676     0.539738     -0.11665  -0.00428583    -0.141691    -0.237501    0.0192515    -0.379894     0.138489
   -0.193969     0.323778      0.26369     0.156591  -0.00117563   -0.0339496    0.0189139    0.0392857    0.0550633   -0.0128231     -0.25285      0.19601    0.0575682    -0.135787    -0.208609    -0.178927    -0.128582     0.215192    0.0507473    0.0495708     0.304385     0.110154    -0.023513     0.238395    0.0290098   -0.0907986    0.0331105   -0.0433299   -0.0763627    0.0898578    0.0535361   0.00231355    -0.226036   0.00307481    0.0276258    -0.113729     0.154558     0.101527    0.0260839     0.109869     0.119064   -0.0488105    0.0522843     0.127003    -0.107442    0.0596403     0.036549  -0.00413091
   -0.294222     0.280494     0.500141      0.45361     0.145215   0.00836945    -0.408312     0.167621     0.109591     0.251678    -0.305151    0.0309743    -0.274013    -0.096726    0.0727421      0.16633    -0.327318    0.0793907  -0.00526075    -0.158864    0.0820227    -0.220752    0.0261466   -0.0177014   -0.0526906   -0.0878714     0.142132   -0.0419487    0.0958171   -0.0466588    0.0677421   -0.0961552    0.0530359     0.207189   -0.0716361   0.00402571   -0.0763775      0.13332     -0.12242    0.0961122       0.1818    -0.050155     0.100693    0.0116543    0.0955254     0.358021     0.183083    0.0983716
   -0.129964    -0.195644    0.0982674   -0.0280959     0.282549    -0.120077    -0.167495     0.188618     0.181077     0.239817  -0.00876258    -0.097945   -0.0495472  -0.00489928    0.0601045     -0.11028    0.0627205    -0.203821    0.0377033    0.0894312     0.278989   -0.0717475       0.1015    -0.155343    0.0928302    0.0630258   -0.0843724    0.0937563     0.377279    -0.379483   -0.0361857     -0.27146     0.262585   -0.0903342     0.299759    -0.267933    -0.145948    -0.205788    -0.179157    -0.232244    0.0357082    -0.190675  -0.00924044     0.181866     0.474303     0.453832     0.394121    -0.245451
   -0.117824    -0.330454    -0.331314    -0.440349    -0.395022     -0.18503     0.167472     0.177695    0.0643244   -0.0214203     0.274268   -0.0598901     0.187671    0.0836599     0.221719    -0.182657     0.272428    0.0572894     0.102195   -0.0143902   -0.0649191    -0.346638    0.0717352   -0.0730859      0.25114    0.0941582    0.0838233   -0.0158467     0.281381    -0.154335     0.126494   -0.0773056     0.381982    -0.163341     0.195884    -0.141931     0.149042    0.0443441    0.0110852    -0.241268     0.265486   -0.0572247     0.225783    0.0150151     0.122233     0.147528    -0.025338     0.294034
   -0.185136     -0.16643     0.160577    0.0655567     0.323374    -0.218911   -0.0756483    0.0184975     0.122745     0.126047     0.313639    -0.187895    -0.181712   0.00922704   -0.0541325    0.0623183     0.308635    -0.193805    -0.153801   -0.0735195   -0.0768981   0.00862847     -0.12778   -0.0624733   -0.0559139     0.180477    0.0650715     0.216054      0.21911    -0.131586    -0.033998   -0.0155031     0.304282    0.0982224     0.218888    -0.104793    -0.280647    0.0338075     0.486031       0.1951     0.236546    -0.175124    -0.647881    -0.010485     0.260504     0.299609    0.0158075    -0.545761
    0.139836    0.0782229     0.158801     0.116433    0.0341071     0.275538   -0.0627352     0.190532    0.0924938    -0.111415    0.0730902     0.199154    -0.162096   0.00345971    0.0634067   -0.0627184     0.173329     -0.10167     0.145726    -0.447894    -0.072486    -0.286796     -0.10162     0.055934    0.0830329   -0.0406433     0.172844    -0.222615     0.187496   -0.0782068    0.0854196     0.171107    -0.132643    -0.139449     0.114541   -0.0780175     0.124124      0.13708   -0.0380265    -0.205209    0.0209639    0.0177828    0.0451248     0.118891    0.0026766     0.135808   -0.0814408  0.000600918
     0.18543   -0.0881047    -0.121202     -0.19903    0.0232953    -0.059647     0.079392   -0.0243325   -0.0211274   -0.0980355     0.150719    0.0954756     0.241769    0.0743412   -0.0795869   -0.0797374     0.027236     0.204743   0.00680878     0.372221     0.232066    0.0848223     0.303987   -0.0244393   -0.0097236     0.109886   -0.0866186     0.188085    0.0987686     0.104115  -0.00806001    -0.165626     0.142502   -0.0991084    0.0683264   -0.0188891    -0.133381      0.10401    0.0627357   -0.0615973     0.111138  -0.00483653     0.153395    -0.179044    -0.243582    -0.318943    -0.367954   -0.0287174
    0.220277   -0.0826393    0.0735269   -0.0399366    0.0809624     0.231567   -0.0134026     0.147347     0.104066    0.0757663    0.0586251  0.000292084   -0.0663835    0.0848668     0.235989      0.19566    -0.193138    -0.159826      0.24415    -0.330228    0.0691589    -0.279326    0.0570621   -0.0158994     0.125145   -0.0275104    -0.301574    -0.195974     0.165085     0.140897     0.236166    -0.408659     0.082337    -0.411456     0.134361     0.141628    0.0757839    -0.299912    -0.145036    -0.114737    -0.240775     0.126819    0.0223207     0.219872     0.306571     0.307712     0.214903    -0.124155
   -0.378197     0.141016     0.205557     0.274928     0.224241    -0.128946   -0.0420458    -0.115557  -0.00897996     0.162072    0.0933282    -0.125226   0.00684527    -0.018239   -0.0379625    0.0687535    0.0141808    -0.113028    -0.273861     0.441765     0.115071     0.438556     0.136391     -0.15241    -0.205957     0.080434    -0.233402     0.210289   -0.0944483     0.064191     -0.19959      0.13414   0.00989025     0.211937   -0.0964244    0.0980752     -0.19202    0.0423967  -0.00726692     0.178296  0.000652175    0.0845618   -0.0979193    -0.250808     0.186118   -0.0452538    0.0687248   -0.0846767
    0.440533    -0.197186    -0.205928    -0.410081    -0.403533    -0.114983     0.184966    0.0995483     0.121443    -0.216715      0.21189    -0.525172     0.294948     0.213228    0.0695284      0.20451   -0.0454206    -0.227246      0.17309   -0.0469056   -0.0568456    -0.127014    -0.138936    -0.268258   -0.0590528     0.120036      0.28809     0.237373    -0.129696    -0.219066   -0.0288935   -0.0963632     0.270103    -0.135291    -0.211071    -0.303277     0.171434   -0.0152746     0.450142    0.0264079    0.0261205    -0.180131     0.306145    0.0544569    0.0641116    0.0370287    -0.124373     0.266486
  -0.0138684    -0.121467   -0.0512127   0.00823504     0.109397     -0.41485   -0.0303301   -0.0606586   -0.0774892     0.357392    0.0537682    -0.349047    0.0336267    0.0742374  -0.00215804    0.0312625     0.351995     -0.18824   -0.0215997    0.0263198    -0.187862     0.168879    -0.239371    -0.197463    0.0982856     0.156342     0.254726     0.501475     0.208807    -0.647685   -0.0565875     0.475793    0.0901534     0.503471     0.107115    -0.403037    0.0413183   0.00271678    -0.211032    0.0114166     0.127357    -0.255877     0.259158    -0.135506   -0.0544535   -0.0269628     0.433112    0.0506065
   -0.139319     0.157636     0.208424     0.277597     0.356286   -0.0604358    -0.261831   -0.0112064   -0.0177688     0.251003     0.191136     0.328977    -0.301208   -0.0938281   -0.0146482   -0.0685613     0.359748     0.233378    -0.287244    0.0649067    -0.142271    0.0887308   -0.0616484     0.210269    -0.143132     0.115042     0.172675     0.219243     0.313626    -0.130598    -0.139866     0.443625   -0.0080538     0.463147     0.254274   -0.0280291    -0.269101     0.303644     0.101329     0.166871     0.393448     -0.17254   -0.0628786    -0.389326    -0.328108    -0.337983    -0.102893  -0.00436475
  -0.0568412   -0.0414855   -0.0117479   -0.0505448     0.153007    0.0354858     -0.15679     0.171829    0.0760682       0.2003    0.0994681    0.0880367    -0.112434    0.0122943     0.253016      0.14439   -0.0391199  -0.00751256    0.0382272    -0.137502    0.0376872    -0.251954     0.144351    0.0464226    0.0679941   -0.0364615    -0.168971    -0.184044     0.184092      0.11116     0.152528    0.0405332   -0.0406517      0.01646     0.207595      0.20621    -0.128242    0.0297056   -0.0651582   -0.0571044    0.0106809     0.142978    -0.144612     0.125627     0.128304     0.100352     0.216915    -0.147529
  -0.0288667   -0.0670578    0.0442266    0.0121052     0.117387     0.342693    -0.157723    0.0344863     0.159083   -0.0843358    -0.112504     0.274641   -0.0171366     0.123699    0.0993942    0.0492172    -0.226649     0.205471   0.00158705     0.215918     0.270364   -0.0213482     0.291339     0.168098    0.0124681    0.0387662   -0.0901924   0.00239495    0.0518267     0.260213    0.0496509    -0.141861      0.18407   -0.0284926     0.127834     0.310124    -0.271717     -0.14572   -0.0851048    -0.183554    -0.196062     0.296561    -0.131902    0.0643449    0.0435585    0.0242668    -0.159354    -0.200646
  -0.0144401    -0.475647    -0.156198    -0.154034     0.190671    0.0188875    -0.128658    0.0712584    0.0912677     0.167434    0.0882479    0.0406316     0.129447     0.111138    0.0371914    0.0445515   -0.0351188    0.0872041    -0.117539      0.26271     0.157665   -0.0437136     0.342364   -0.0530834    -0.128934      0.19461    -0.223122      0.43599     0.296636    -0.174456    -0.167973    -0.282784    0.0801708     0.290462     0.252995    -0.174963    -0.328582    -0.115311    -0.190507    -0.062165    0.0870819   -0.0745874    0.0825265     -0.20506     0.389855     0.211051     0.140132    0.0372163
    0.287757    -0.156998    -0.290181    -0.257122    -0.144637   -0.0906915     0.377989      0.10692   -0.0326738    -0.114359     0.207826     0.130624     0.105667    0.0645375   -0.0289603    -0.341261     0.414849   -0.0367988     0.243905   -0.0769932    0.0683184    -0.016946    -0.182886    0.0113493     0.174312     0.136722    0.0226141    -0.122146     0.210792    -0.237073   -0.0194075     0.139994   -0.0906301    -0.301887     0.233796    -0.348133     0.323455   -0.0994704    0.0464118    -0.240995   -0.0534289  -0.00666457     0.246573   -0.0141453    0.0907145    -0.028836   -0.0624366    0.0196815
   -0.344235    0.0129542    0.0390607   -0.0424481    -0.195441    -0.275847    -0.110776     0.208718     0.111439     0.372924    0.0757997    -0.427542    -0.150797      0.11624     0.438027     0.317359    -0.184017     0.135654   -0.0293732    0.0627032    -0.118143    -0.145364    0.0201051    0.0114671     0.129761    0.0462254     0.194529      0.15029   -0.0579523    0.0970181     0.168401    0.0718214      0.41967      0.41792    -0.191605      0.25542   -0.0979706    0.0807419     0.118293     0.204056     0.211097     0.140115    0.0894812    -0.285935    -0.281315    -0.221468    0.0215955     0.109423
    0.312793    0.0718775   -0.0634648    -0.141997    -0.400251   -0.0971347     0.260084   -0.0157025    0.0560842     -0.27009   -0.0508192    -0.163279     0.280818   -0.0703548    -0.188947   -0.0159431   -0.0499349      0.14637     0.063107    0.0447178    -0.156908     0.144533      -0.2563    0.0495538   -0.0921516     0.125841     0.410321     0.184678    -0.308222    -0.121234    -0.163754    0.0762515      0.15743    0.0237074    -0.260547    -0.363424     0.159065     0.126128      0.40675     0.108697    -0.127356    -0.115076     0.200022     0.239912     0.122352    0.0225887     -0.34799     0.330282
   0.0614696   -0.0130958   -0.0259191   -0.0836612    -0.287712  -0.00690715     -0.25711   -0.0663525    -0.138914    -0.133523    -0.270436    0.0387539    0.0144232   -0.0557401  -0.00998489    -0.313181    0.0682869    0.0851458   -0.0683501     0.045657   -0.0778207    -0.231891    -0.128178     -0.06088     0.065776    -0.168983   -0.0938675   -0.0928889    -0.224618   -0.0309277     0.011641   -0.0404491    -0.127502    -0.312185    -0.128099    0.0642415    -0.308629   -0.0743634   -0.0110315    -0.278841   -0.0784951    -0.248869   -0.0250186    -0.129197    -0.222716    -0.171348   -0.0690971   0.00203579    -0.241854    -0.124684    -0.059141    -0.320673    -0.151482    -0.129588   -0.0452632    -0.106757      -0.3639    -0.120268    -0.172414    -0.149144
    0.203321   -0.0931577    -0.232544    -0.471259     0.052221    0.0552116     0.874907     0.038837    -0.602392    -0.598463      0.34646    -0.214758     0.203025    -0.398059    -0.786016   -0.0694101     0.348142     0.319992     0.189718     0.382608     -1.20523      0.49076     0.038149    -0.905227     0.469356    -0.446094   -0.0288404    -0.428288    -0.427943    -0.808974     0.177297     0.189929    -0.456689    -0.617589   -0.0597959    -0.224448     0.329032     0.188024    -0.864727    0.0975989     -0.74581     0.531515    -0.231748    0.0999823     0.191354     0.025032     0.267647    -0.101841    -0.331739   -0.0381046    -0.323615      0.28732     -0.32603    -0.373906    -0.130417    0.0226674    -0.145805    -0.363701     0.159683    0.0298763
   -0.511692    -0.292487     0.150798      0.16597     0.230377    -0.684176    -0.266251    0.0358044    -0.420262    -0.245264    -0.526707     0.338958    0.0111971    -0.465849   -0.0494083    -0.238553    -0.389114    -0.207765     0.190723     0.268679    -0.243938     0.510831    -0.379733    -0.461028    -0.046271     0.191339     0.304039    -0.376769    -0.776429    -0.130892   -0.0598458     0.224128    0.0737851    0.0372802     0.302478     0.120535    -0.405727    -0.147104    -0.214048     0.277079    -0.423507     0.514547  -0.00068709    -0.273432    -0.600202    -0.114161     0.219062   -0.0898767     -0.29368    -0.815669    0.0638533     0.100403     0.309862     0.281162    -0.488682    -0.833896    -0.793695    0.0272714     0.137696     0.295513
   -0.581187   -0.0566467    -0.190094     0.328522     0.279214     -0.66386    -0.382274    -0.379382    -0.201667    -0.558515     0.130209    0.0179135     0.248145    -0.382814     0.207535   -0.0745248    -0.177789    -0.332946    0.0209703     -0.92096     0.222542     0.413501   -0.0454012     0.383888    -0.618096    -0.140284   -0.0834256    -0.621754    -0.683021    0.0374451     0.169871     0.256836     0.164984     0.343819   -0.0571358    -0.107677     0.269117    -0.806404    -0.164717     0.347461    -0.388213     0.476218    -0.167139     0.121371    -0.494132    -0.642471     0.136252   -0.0281751    -0.116153    0.0456604   -0.0697399    -0.103377    -0.585614     0.110485    0.0383234    -0.111076    -0.344926    -0.749913    0.0700555    -0.294803
   -0.511501    -0.124152    -0.407574    -0.449318    -0.929343    -0.528404     0.545793   -0.0535479     0.257482    -0.418126   -0.0642909    -0.806805     0.084172    -0.657918   -0.0458167    -0.141319    -0.482533     0.272403    -0.160373    -0.514965    0.0540347   -0.0446719    -0.117015     0.149262     -0.64766     0.412581  -0.00170978    -0.384213   0.00327944    -0.159839    -0.456486    -0.624376     0.310817    -0.314183    0.0321902   -0.0307669     0.494693     -0.66426     -0.30031     0.592387     0.113022     0.204692    -0.501712    -0.165203     0.134816     0.137537     0.278932    -0.360763    -0.205012      -0.3362     0.090772    -0.597312     0.491579     0.499162      0.14208    -0.126477    0.0506063    -0.317317     0.538658    -0.873186
  -0.0560632   -0.0724942     0.128144    -0.164276    0.0110913    0.0161462     -0.21573    -0.235903    -0.288235    -0.312655     0.142081    0.0587694    -0.183138   0.00918175   -0.0558453    -0.137497    0.0447877     -0.17976     0.024287   -0.0294534   -0.0919537    -0.212552   -0.0330259   -0.0384441    0.0450552    -0.332089    -0.123783   -0.0398848    -0.125097    0.0417106     0.122706   -0.0834068    -0.154109    -0.120575     -0.24559   -0.0357645    -0.224958    0.0435567   -0.0729274   -0.0652132   -0.0383889    -0.231831   -0.0837177   -0.0647415   -0.0333123    -0.395415    -0.216556    -0.230628   -0.0880985   -0.0339607    0.0368261    -0.167983    -0.332886    -0.391913    -0.137027    0.0234324    -0.147306     -0.25036    -0.319704    -0.182084
   0.0686382    -0.120589   -0.0436307   0.00735744    -0.315445    0.0582415     0.254269   -0.0833765   -0.0987151    -0.161802   -0.0107923    -0.187302     0.106547    -0.105548    -0.115084    -0.250196    -0.134685     0.118366   -0.0667186   -0.0648555    -0.238905    -0.186806     0.073547    0.0250076   0.00563778    -0.199427    -0.195168    -0.139978    -0.121063    -0.193894    -0.065092    0.0655333    -0.292799    -0.262302    -0.282752     -0.21128   -0.0503134   -0.0315786    -0.144443    -0.264001    -0.136416    -0.193002    -0.248384 -0.000175055     0.105471    -0.107908    0.0767473   -0.0656803    -0.318632    -0.013287    -0.158609    -0.131391    0.0206441    -0.198265   -0.0783587  -0.00484928    0.0376564    -0.195138   -0.0243571    -0.268818
     0.27317    -0.347379     0.128549     0.330912     0.178922    -0.548399   -0.0634877    -0.437534    -0.765225    -0.362547    -0.170342     0.336915   -0.0354569     -0.13217   -0.0823807    -0.502853   0.00848205    -0.166122    -0.263636     0.285504     0.320778     0.131394    0.0506582    -0.400115     0.139117     0.288862     0.293206    -0.554203    -0.775822    -0.022061     0.338352     0.113457   -0.0555651    -0.423776    -0.393332   -0.0962813    -0.106916    0.0358081    0.0105661  0.000207197   -0.0938024   -0.0412782    -0.131553    -0.153732    -0.360159    -0.611097   -0.0620006     0.169662    -0.151656    -0.447878    -0.188339    -0.416998    0.0324581     0.386473    -0.194021    -0.122769    -0.543097    -0.250779    -0.425553   -0.0598058
   -0.533193   -0.0325067    -0.290002    -0.471992    0.0957354    -0.337349    -0.581937   -0.0156392     0.109918    -0.219505    -0.262699     0.164556     0.031261     -0.25104    -0.193361     0.134646     0.344641   -0.0804223   -0.0900782    -0.333505     0.121261    0.0223876     -0.54012    -0.450902    -0.348467    0.0653717    -0.115583     0.147745    -0.429226   -0.0563421    -0.079004   -0.0535317     0.224079    0.0584971     0.272183      0.13793     0.131191    -0.479672     0.012089     0.174721    -0.042967   -0.0269887     0.117792   -0.0377517    -0.314588    -0.288187   -0.0264565     -0.35156     0.226644    -0.378006      0.18526    -0.421052    -0.419642      0.16054    -0.120423    0.0615551    -0.199837    -0.381859   -0.0463392    -0.223353
   -0.154954   0.00596044     -0.04293    -0.591336    0.0620984   -0.0874171    -0.421375    -0.249631    -0.187369    -0.216334    0.0700157    0.0741603   -0.0794845   -0.0589553    -0.231633    -0.110447     0.327691    0.0699004     0.125387     0.145831     -0.27404    -0.123928    -0.633153    -0.408116    -0.146957   -0.0891619    -0.115109     0.205582      -0.3793   -0.0874424    0.0298195   -0.0192205      0.20428    -0.217055   -0.0601625     0.145839    0.0158216   -0.0879986   -0.0324288    -0.121759   0.00383615   -0.0916908    0.0862481    -0.181214   -0.0602333    -0.345248   -0.0763839    -0.315826    0.0373602    -0.188032    0.0754988    -0.408061    -0.382617    0.0557883    -0.121767    0.0811315     0.102862    -0.235781    -0.340642   -0.0297117
   0.0735174    0.0381162    -0.381429   -0.0289063    -0.386831    -0.114663    -0.286691    -0.142407    0.0838519     0.121071     -0.22173    -0.162329    -0.180962    -0.127615   -0.0338632   -0.0655738    0.0597875    0.0283192    -0.208249    -0.258418    0.0249044       -0.209    -0.267387  0.000917074    -0.147633      0.01301    -0.258621    0.0146785    0.0772178   -0.0650025     -0.16257     -0.11048    0.0195997   -0.0507841 -0.000982793   0.00858545   -0.0853291    -0.372307   -0.0166945    -0.163125    0.0341956   -0.0330001   -0.0559035   -0.0272347    -0.379238    -0.129963    -0.352969   -0.0154246   -0.0959092     -0.11384    -0.116651    -0.364216    -0.116735     0.136583   -0.0541782    0.0419543    -0.323995    -0.128588    0.0887953    -0.159132
   -0.026736   -0.0626056    -0.122478    -0.232688    -0.163096    -0.052472     -0.32196   -0.0666092   -0.0181045    -0.062962   -0.0181318   -0.0158611    -0.100329   -0.0587528     -0.12368   -0.0614079     0.063764   -0.0523077    -0.193054    -0.101595     -0.15024    -0.280068    -0.171993    -0.140854   -0.0899605    -0.210856    -0.258825    0.0367722   -0.0306604   -0.0143298    0.0416145      -0.1108    -0.146619    -0.124157    -0.169468   0.00101727   -0.0965424   -0.0690409   -0.0297859    -0.230879   -0.0159135    -0.246246   -0.0117384   -0.0270275   -0.0446619    -0.172427    -0.285046    -0.173069   -0.0299693   -0.0646193    0.0078657    -0.341342     -0.31534    -0.328246   -0.0509448    0.0193898    -0.138971    -0.150021    -0.139941     -0.22862
   -0.206259    -0.179024    0.0058126   0.00946316     -0.22365    0.0681126   -0.0836939     -0.11773   -0.0955652    -0.163865    -0.417235    -0.128372    -0.275951    -0.108002    0.0156555    -0.378757    -0.308554    -0.121221     0.040484      0.28201    -0.408917    -0.248484    0.0812967     0.263612    0.0320682    -0.468943    -0.178385   0.00576773    -0.226209    -0.280495      0.07365    0.0280627    -0.252653    -0.267404    -0.591418     0.239652    -0.292185      0.12441     -0.14204    -0.408587       0.1042    -0.273787    0.0803329    0.0883876     0.167223   -0.0825168     0.130764    0.0213416    -0.365176     0.138239   -0.0723252   -0.0684592    0.0744637    -0.447967   -0.0492124    -0.253044    -0.227115   -0.0614698    -0.181208   -0.0865138
   0.0263837   -0.0647893    -0.141331    0.0467066    -0.232696    0.0172527    -0.364048    -0.159832    0.0117876   -0.0177317    -0.279034   -0.0993851   -0.0989766   -0.0242256   -0.0340337    -0.179056     0.119614    0.0207139    -0.146178   -0.0114872    0.0164077    -0.279371   -0.0902309    0.0962376    0.0620435     -0.39799    -0.231713   -0.0825211   -0.0224724   -0.0883753      0.08001   -0.0605352    -0.249521    -0.191939    -0.264066   -0.0283687    -0.321598   -0.0661467    0.0390394    -0.455394   -0.0547887    -0.296822   -0.0190899    0.0149552    -0.200158    -0.230292     -0.29933   -0.0114508    -0.178751    0.0658668    -0.215325    -0.295292    -0.376903    -0.281492   -0.0536375   -0.0338614    -0.254635   -0.0567218    -0.213202    -0.109603
  -0.0231642    -0.218867    0.0291108    -0.123343    0.0996175    0.0209925    -0.119214    -0.213491    -0.202974   -0.0949919    0.0429479     -0.05772     -0.38297   -0.0310712    -0.100494   -0.0122818    -0.201204    -0.293084    -0.262331    0.0438909     -0.15525    -0.195347    0.0494405   -0.0664947   -0.0489258    -0.231944    -0.131445    0.0476891   -0.0209344    -0.107841   0.00177198    -0.247782    -0.265478    0.0241848    -0.373764   -0.0152807    -0.211331    0.0528162    -0.076217    -0.123598   -0.0556922    -0.284756    0.0322504    0.0269158    0.0716672    -0.151526    -0.337214    -0.100795    -0.112756    -0.037625  -0.00830258   -0.0189524    -0.113931    -0.328732    -0.180413     -0.07024   -0.0779054   -0.0512162    -0.266056   -0.0246896
   -0.372855    -0.260998   -0.0132759   -0.0121449     0.218486   -0.0162761    -0.337561    -0.238786    -0.138952    -0.174765    -0.168665     0.111887    -0.347757   -0.0209804    -0.149058     0.223725    -0.242685    -0.593098    -0.235721    -0.234928     0.188055    -0.275165    0.0590195    -0.112486    -0.309558   -0.0713835    -0.169697   0.00916973    -0.115008    0.0219146   -0.0744866    -0.197909    -0.120607     0.234231    -0.115033     0.054325    -0.173132    0.0254565    0.0796701    0.0679745   -0.0296366    -0.221019    0.0722125   -0.0471741   -0.0454795    -0.326581    -0.383493    -0.109138    0.0990056   -0.0762876       0.0409   -0.0112102   -0.0932424    -0.233332    -0.280038    0.0347969    -0.159263   -0.0213982     -0.24213   0.00994931
   -0.217362   -0.0457821    0.0880184   -0.0987925   -0.0861167    0.0105737    -0.240877   -0.0862605   -0.0628689    -0.302377     0.058306    0.0310131   -0.0014486   -0.0917219  -0.00554234    -0.232499     0.103566    -0.249579    -0.167366   -0.0766355    -0.121674    -0.243443     0.102642    0.0600551    0.0172041    -0.418356    -0.300943    -0.155969    -0.238101  -0.00653318     0.192371   -0.0796056    -0.279052     -0.04628    -0.305972    0.0863346    -0.104392    -0.150382   -0.0482918    -0.121564   -0.0416107    -0.295641   0.00533419    0.0434998    0.0124891    -0.269458    -0.153304   -0.0423185    -0.261133     0.125768    0.0477927    -0.358984    -0.371022    -0.452306    0.0113338   0.00185564    -0.263352    -0.283028    -0.165485    -0.327517
   0.0989095    0.0869993    -0.308955    -0.344184    0.0104701    0.0655257    -0.575039    0.0550958     0.126139     0.175885    0.0108277    -0.164912    -0.186648    0.0517154    -0.332026     0.321834     0.428371    -0.477127    -0.382672    -0.629921      0.18898    -0.383832    -0.211494    -0.477533  -0.00527283     0.209999     -0.32185     0.199745     0.341759    0.0340015    -0.250743    -0.430049    -0.196109     0.174685     0.486158    -0.464954   -0.0945788    -0.392821     0.116429    -0.241653    -0.173298    -0.372692     0.122431    -0.517528    -0.555209   -0.0443858    -0.638065     -0.29444     0.319695    -0.160951     -0.18068    -0.207995     -0.59847    -0.326983    -0.290432     0.202172    -0.108412    0.0754334    -0.198345   -0.0162265
   -0.137189    -0.142305    -0.416001   -0.0446695    -0.397714    -0.170638     0.508853    -0.736623    -0.478271     0.237383     0.446285    -0.150608    -0.493233    -0.321658     0.114817    -0.866055     -0.53342     0.349406     0.402883    -0.118464    -0.750325     0.297962    -0.795652     0.146261    -0.262474    -0.485254    -0.442882     0.209851    -0.728591    0.0685123    -0.101961     0.378322    0.0812944    -0.424253    -0.870104     0.299951     0.125659     0.206864     0.156535     0.115779     0.383315    -0.115872    -0.290164     0.278332      0.10504     -0.70449     0.429283    -0.547338    -0.517894     -0.26159      0.29292    -0.313169     0.576128     0.125361    -0.220751    -0.323321     0.267364    -0.854309     0.191239    -0.343988
   -0.388996     -0.52343     0.194716     -0.24775    -0.394119    -0.660351    -0.176819    -0.364948    -0.429282    -0.263324     0.213872    0.0267987     0.299397   -0.0802609   -0.0483639    -0.691731     0.300191     -0.31315    -0.185702   0.00184752    -0.170191    -0.287349     0.124916   -0.0749619    -0.514685     0.185749     0.491006    -0.406967    -0.831557    0.0530713   -0.0983832    -0.298459      0.21308    -0.403006    -0.944584    -0.030027     0.443628    -0.552038    -0.532296   -0.0921016   -0.0554521     0.445241    -0.190077     0.124299     0.397334    0.0978381     0.410359      0.28382   -0.0947453  -0.00219481  0.000223473    -0.561396    -0.186293     0.380251    0.0796692   -0.0178025     0.455385  -0.00730428    -0.608834    -0.585922
   -0.215863  4.76735e-05    -0.113387     0.368821    0.0881271   -0.0980564    -0.145116   -0.0654537     0.251254    0.0303462     0.247504    -0.396306    0.0757077     -0.21159     0.122728     0.327187    -0.419753    -0.650234    -0.329753    -0.881246     0.244703   0.00273951     0.305852     0.318646    -0.261492    -0.129033    -0.449218    -0.648396     0.373101    0.0145785    -0.105597     -0.19975    -0.340494     0.373784     0.332466      -0.7219   0.00138843    -0.726715     -0.16192    0.0816356    -0.680233    0.0562886    -0.583815    -0.464261    -0.653494     0.187236    -0.695829     -0.10996    -0.002137     0.171834    -0.324078     0.417711    -0.470227    -0.638068   -0.0497363  -0.00669937    -0.242851   -0.0922299     0.282933    -0.135461
    0.343626    -0.244232    -0.127457   -0.0691031    -0.136684     0.230921     0.459606    0.0477114    0.0141711      0.38727    -0.228409    -0.680068    -0.659211   -0.0161087    -0.418549    0.0378926    -0.762371    -0.258113   -0.0783815     0.190423    -0.485711    -0.253894     0.137959     0.165804     0.447272    -0.519251    -0.255898   -0.0350619     0.476939    -0.531998     -0.28219    -0.292883    -0.672525    -0.043652    -0.422206    -0.467292    -0.411325     0.403031    -0.209352    -0.552377    -0.227039    -0.340646    -0.251867    -0.255861    0.0968032       0.4067    -0.362202    -0.198334    -0.285256     0.107082    -0.415851     0.649117     0.266147    -0.780974    -0.246592    -0.600843   -0.0851042     0.226712    -0.245609     0.367806
   -0.751352    -0.510617   -0.0774331    -0.351282    -0.440476     0.165472    -0.162838    0.0795869     0.211559    -0.165175    -0.332595    -0.454843     0.141295    -0.242278     -0.36047     0.200949     -0.50218    -0.587821    -0.198061    -0.123127    0.0234712    -0.573285     0.248286     0.197452    -0.566119     0.216783   -0.0625658    -0.468774     0.102243   -0.0566955    -0.370104    -0.470187    -0.375774    -0.105488   -0.0256916    -0.144446    0.0594129    -0.114963    -0.356634   -0.0143046    -0.223253     0.220571    -0.144736    -0.164404     0.262979     0.220103    -0.214887    0.0843902  -0.00639048     0.213222    -0.388976    -0.079405     0.180235   -0.0209483      0.22757    -0.297324    0.0740424     0.343207    0.0416759    -0.619525
    -0.67916    -0.498663    0.0914393    -0.110776    -0.045367   -0.0662225    -0.420728    0.0526222     0.195134     0.052531    -0.494175    -0.262102   -0.0887451     0.027995    -0.192031     0.184106    -0.757543    -0.665049    -0.148539    -0.381786        0.131     -0.60058     0.020584     0.148765     -0.71483     0.318749    -0.194728    0.0658168     0.241246    0.0740062    -0.670433    -0.502082     0.155793     0.228835   -0.0108555    -0.357362    -0.335769   -0.0720506   -0.0103815    -0.289676    0.0412923    -0.435892    -0.124429    -0.500467     0.128507     0.131603   -0.0402992    -0.138394      0.17344   -0.0986591    -0.240086      0.16175     0.378116   -0.0486326    -0.134321     -0.20718      0.21921      0.24165    -0.324613    -0.371665
   0.0251235    0.0875862    -0.147192   -0.0513459    -0.434128   -0.0253948    -0.460979   -0.0637907    0.0852226   -0.0278878    -0.363414   -0.0884167    0.0751593    -0.121853     0.040531    -0.354288     0.280752     0.163387    -0.110689    0.0407707    -0.145143    -0.308835    -0.143289     0.171045     0.110413     -0.45941    -0.295214    0.0066075     -0.21206    -0.090066    0.0635706    0.0412165    -0.165842    -0.331238     -0.28511     0.144996    -0.252741    -0.206773   -0.0361479    -0.510544   -0.0232506    -0.376279    0.0691924     0.108232   -0.0990851    -0.209801    -0.150605    -0.052169    -0.309533    0.0549967    -0.127153    -0.443326    -0.365799    -0.228776  -0.00014759   -0.0158591    -0.323378    -0.236001    -0.112527    -0.258139
  -0.0880287    -0.211802    -0.294934    0.0428502    0.0524435    0.0252703    -0.350479    -0.155001   -0.0506486 -0.000190636    -0.464877     0.152161    -0.166326   -0.0577083    -0.234284  -0.00249985   -0.0805929    -0.211248    -0.160732   -0.0337745    0.0591975    -0.240369    -0.183263    -0.176994    -0.262913    0.0468395    -0.152494  0.000505005     -0.06681    -0.195783    -0.353533   0.00362547    -0.136648    -0.059142   -0.0538854    0.0259743    -0.275806     0.126541    0.0442447    -0.395951   -0.0432118    -0.290019   -0.0100492   -0.0064358    -0.141746    -0.135191    -0.220311   -0.0130983    0.0467069   -0.0581013    -0.309662   -0.0511571    0.0465321     0.108839    -0.183673   -0.0730241    -0.165254    0.0157887   -0.0776866   0.00321056
   -0.195423    0.0882815    -0.437093     0.216541    -0.234893    -0.222282    -0.458447   0.00447023     0.222668     0.202521    -0.512224     0.045513   -0.0160394     -0.22464    0.0286085    -0.061018     0.187784  -0.00510924    -0.246652    -0.377318     0.149794     0.098303    -0.468244     0.100051    -0.204348    -0.128192     -0.28214    0.0749501    -0.300913    -0.180551     -0.16528     0.185119     0.136356     0.126569     0.083838    0.0356043      -0.1238    -0.594696    0.0286949    -0.360819    -0.063032     0.155683     0.137919      0.10811    -0.551246    -0.213698    -0.166795   -0.0862118   -0.0908182    -0.317226    -0.129083    -0.255075    -0.353686     0.275148    -0.128985    -0.254952    -0.355473    -0.297304     0.106233  -0.00782653
  -0.0196105    -0.167502    -0.360205     0.132841   -0.0948527   -0.0419316    -0.278566    -0.056595   -0.0117656     0.100071    -0.354063     0.000362    -0.252521    -0.104453    -0.168495   -0.0713744    -0.170993    -0.153354    -0.298851    -0.095857    0.0991153    -0.181761    -0.219271    -0.148992    -0.294646      0.10762    -0.173482    0.0808415   -0.0141074    -0.190187    -0.430162   -0.0336082   -0.0543019   -0.0289194   -0.0590016   -0.0716477    -0.190983  -0.00750599    0.0688516    -0.277524    0.0476424    -0.166342   -0.0181949    0.0575621    -0.208595  -0.00623571    -0.221793    -0.011487  -0.00879435     -0.26026    -0.248159    -0.103969     0.138438     0.240075    -0.258901    -0.180872   -0.0493567   -0.0400095     0.021978    0.0123871
   -0.037551   -0.0440033     0.102339    -0.301902   -0.0553259   -0.0345715    -0.244667    -0.148337     -0.28491    -0.289436     0.126211    0.0237089    -0.180023   -0.0153695    -0.042432    -0.283147     0.210016   -0.0498887    0.0304738     0.123713    -0.294362    -0.151723    -0.246826    -0.186689    0.0658328    -0.288625    -0.187998    0.0566785    -0.332899   -0.0390194     0.134524    -0.102988    0.0109217    -0.276981    -0.185472    0.0258834    -0.118137    0.0448129   -0.0291914    0.0198199    0.0440481    -0.336684  -0.00319247   -0.0582582   -0.0435975    -0.367552    -0.133325    -0.270636    -0.105351   -0.0333454     0.249171    -0.382149    -0.348303    -0.317482   -0.0772096    0.0523155   -0.0628353    -0.328105    -0.309891    -0.298977
    0.128706     0.186478   -0.0361148    -0.168522    -0.492493     0.101794    -0.272127     0.103684     0.173121   -0.0356375    -0.224812    -0.356858     0.167262    -0.051856    0.0428441    -0.250574     0.320452     0.218494    -0.110698    -0.266514   0.00354669    -0.383372     0.127139     0.152713     0.269016    -0.403564    -0.216139    -0.278074     0.260045    -0.113581     0.100147    -0.205571    -0.482549    -0.370627    0.0471295    -0.435768    -0.342391    -0.241145     -0.02079    -0.558106     -0.26572    -0.463961    -0.150474    -0.396075    -0.198316   0.00593043    -0.219927    -0.082119    -0.242073      0.12542    -0.550465    -0.147757     -0.54457    -0.536413    0.0522184     0.134062    -0.161936    0.0112658    -0.332148    -0.111507
    0.369055    0.0393466    -0.237405   -0.0259947    -0.420631     0.100678     -0.17426    0.0653353     0.120423     0.305976     -0.12762    -0.529594     -0.13175    0.0511655   -0.0705726    -0.130671      0.23672     0.114556    -0.426025    -0.372194   -0.0145244     -0.36682    0.0893877    0.0646573     0.345933     -0.37912    -0.373688    -0.110634     0.334398    -0.127935  -0.00249663    -0.187033    -0.532241     -0.10364    -0.133223    -0.625414    -0.346686    -0.175531    -0.026122    -0.560134    -0.272732    -0.421464   -0.0450037    -0.190608    -0.351948     0.121555    -0.568444  -0.00975347    -0.180871    0.0839204    -0.486538   0.00951438    -0.499911    -0.496667    -0.111375    0.0155413    -0.198291   -0.0175389    -0.286469    0.0731964
    0.109377    0.0686667    0.0273525    -0.393234     0.199431     -0.33847     0.316519    -0.312568    -0.432107    -0.197964    -0.300907    0.0323795     -0.52129    -0.139671     0.151093    -0.286596    -0.752177   0.00688594      0.42268   -0.0030565    0.0622018     0.129307    -0.679613    -0.297984    -0.303462    0.0120475   0.00431921    -0.177658    0.0620239    0.0987622    -0.697926    -0.238634    0.0774649    -0.322438     0.167305    -0.265078    -0.542011     0.153206     0.218672     0.272918     0.175586    -0.541913    -0.375853    -0.701179    -0.308282    -0.288566     0.236981    -0.340865 -0.000427323    -0.790137     0.227052     0.124223     0.431866     0.301787    -0.291634    -0.351762      0.13866    0.0383902     -0.21523     0.164258
   -0.339828    0.0121097      0.18021     -0.26573    -0.185584    -0.198216    0.0970995     0.317357   -0.0701879    -0.657783     -0.43861    -0.236449     0.347038    0.0274743    -0.416825     0.174974    -0.327447    -0.244749   -0.0759621    0.0515878    -0.376345    -0.275344      0.24869    -0.423088   -0.0651543     0.245977     0.281918    -0.362431     0.108992     -0.50553    -0.319234    -0.388898    -0.137641  -0.00884165     0.290626    -0.458689   -0.0725271    -0.192546    -0.719485    -0.265542     -0.49995     0.292397      -0.1841    -0.350986    0.0963507     0.245396     0.467328    0.0764058    0.0543165   -0.0241922    -0.548995     0.305761   -0.0629974    -0.157551   -0.0821734    -0.157808    -0.185532     0.223653    -0.268679     0.164539
    0.108214    -0.365038    -0.780531   -0.0560335    -0.229776    -0.527635     0.134659     0.146468    -0.161614     0.610247     0.304266    -0.437399    -0.535237    -0.123209     -0.50668     0.321599   -0.0267565    0.0139729    -0.476974    -0.578202    -0.336312      0.40634    -0.804828      -1.0402   -0.0987359     0.382337    -0.229777      0.35697      0.37862    -0.655472     -0.51234   -0.0236531     0.306773    0.0368131     0.164709    -0.594759     0.512953    -0.152416    -0.256957     0.290546    -0.192027     0.288463    -0.175707    0.0319157    -0.243524     0.153637    -0.402956    -0.474175     0.122066    -0.820232   -0.0595608     0.256047     0.273103    0.0787467    -0.399248    -0.247673      0.19894    -0.535875     0.475405     0.242183
  -0.0559669    -0.117688    0.0190831    -0.747705     0.348719    0.0120165     0.237269    -0.107495    -0.502263    -0.690882   -0.0847323   -0.0369391    -0.391633     0.152972    -0.501361     0.147919     -0.59127   -0.0212431     0.604845    0.0782026    -0.502637     0.146596    -0.274752    -0.791116    -0.102635    -0.210615     0.092928    0.0361819     0.205834    -0.382201    -0.651064    -0.312617    -0.102883    -0.172903       0.3238    -0.232077    -0.467879     0.229043    -0.151007     0.216441     -0.27556    -0.459328    -0.545842    -0.700379    0.0365387     0.132762     0.370063    -0.489393     0.208234    -0.210751     0.123657     0.374753  -0.00922086      -0.1851    -0.413377    -0.191802     0.102921    0.0482888    -0.141334     0.184284
    0.418454    -0.415321     0.088808     0.304077     0.166723    -0.118067     0.449739    -0.424096    -0.735829     0.126799    -0.002049     0.102182    -0.446059   -0.0233658   -0.0511774    -0.590702    -0.377306   -0.0367677    -0.350513     0.277863    -0.224372    0.0271339     0.135927    -0.164308     0.362404   -0.0775906    0.0966831    -0.343081     -0.60185    0.0445863      0.20738    0.0363609    -0.458307    -0.399287    -0.667568    -0.130674    -0.199868     0.236552   -0.0309603    -0.336712    0.0416076    -0.148525   -0.0705836    0.0946811   -0.0605424    -0.294066    -0.363379      0.14409    -0.486839    -0.173615    -0.165968    -0.135882     0.151665     0.134376    -0.233166    -0.343372    -0.276261   0.00549561    -0.511955    0.0505766
