no weights
   0.0432131   -0.0723578    0.0330364    0.0112257     0.112235    0.0585301    -0.156945    0.0982498    0.0252727     0.108747     0.142884   -0.0590136    -0.088943    0.0737949    0.0815874     0.070041     0.160041    0.0211877    -0.155031     0.096379   -0.0257647    0.0513989     0.183444    -0.139289    -0.126286    0.0926551     0.183013     0.213917     0.124686    -0.129462   -0.0734739     0.130976     0.158311     0.133086    0.0649598   -0.0968858    -0.107964     0.265462    0.0907581    0.0889829     0.236227    -0.120656     0.108058    -0.183749    -0.101086   -0.0533978    -0.138033    0.0564899
   0.0154867    0.0679154    0.0267163    0.0422705    0.0976304     0.111313    0.0751641    0.0524836   0.00803526    0.0464874    0.0389301     0.111579     0.062849    0.0168297   0.00288354    0.0794449   -0.0698086     0.139828     0.144287    0.0536349    0.0335365   -0.0542101     0.136339     0.126901    0.0955455    0.0523087   -0.0724129    0.0235631    0.0358964     0.188296      0.16388   -0.0751243   -0.0226837   -0.0270253    0.0510437     0.138054    0.0856108   0.00248706   -0.0360516    0.0669645     0.067224     0.159602    0.0624179    0.0474733    0.0732836     0.125113     0.159383    0.0947517
   0.0159872  -0.00496949    0.0405457   -0.0151886   -0.0016761   -0.0507369   -0.0554661     0.113563    0.0691173     0.107862   -0.0419857  0.000354628     0.114691    0.0470233     0.136547     0.114879   -0.0982993     0.184673    -0.010669     0.154963   0.00350911   -0.0170322    0.0144928    0.0816699  -0.00860619    0.0804743     0.186429     0.103241   -0.0814454     0.058752     0.006452   0.00234993      0.17181     0.198147   -0.0542468    -0.016128    -0.055442     0.132946    0.0623615    0.0684273    0.0850272    0.0648444    0.0593957     0.120394     0.020823    0.0328629   -0.0273921     0.135119
   0.0686745      0.11236     0.202891     0.128069     0.149969     0.122481    0.0446148    0.0768454    0.0804053   0.00348174   -0.0308725     0.189344   -0.0231242    0.0102187     0.025242     0.079324   0.00907457    0.0591183     0.096029   0.00260537     0.136146    0.0529681   -0.0125495     0.110311    0.0822563 -0.000446355    0.0292803    0.0102557    0.0661092    0.0279683    0.0603794    0.0175536   -0.0773056   -0.0232356    0.0102518    0.0708636    0.0948487  0.000316333   -0.0319352     0.068954   -0.0232411     0.101297    0.0127241     0.181739    0.0627019     0.154972     0.128283   -0.0182957
    0.151699   -0.0516796   -0.0758428   -0.0732715     0.112352    0.0370447    0.0152757    0.0727454     0.069348    0.0958743    0.0758422   -0.0523705     0.134681    0.0719796    0.0994266    0.0458548    0.0646167    0.0269865     0.113911       0.1539  -0.00112868    -0.122105     0.119268    0.0111359    0.0839008     0.116404    0.0073408     0.159798     0.122299   0.00786609     0.121747   -0.0486911     0.195516    0.0562955     0.106791   0.00717895   -0.0534758    0.0894756  -0.00605411   -0.0631533     0.067854   -0.0205548     0.144119   -0.0196877    0.0309902    0.0397637     0.041067     0.140276
   0.0866389    0.0508504   -0.0696243  -0.00440229     0.113096   -0.0214422    0.0724905   -0.0327554    0.0487564    0.0373183      0.07847    0.0445788      0.22257     0.014862    0.0604371   -0.0170075    0.0605715     0.128989    0.0600828      0.17671   -0.0319377   -0.0631589     0.112775    0.0840997     0.101228    0.0995893   0.00294654     0.161862    0.0439899   0.00473684     0.170056   -0.0188545     0.127712     0.118676     0.104651     0.102019    0.0528056    0.0343157    0.0386012   -0.0361869      0.12378    0.0778256     0.170679    -0.032008   0.00761038   -0.0194935      0.13836    0.0784224
   -0.116929      0.08505     0.165811    0.0891859    0.0128126   0.00913607   -0.0969067    0.0644149     0.099467     0.117797     0.024362   -0.0354988   -0.0592165    0.0145582    0.0923116    0.0230828    0.0152392  -0.00611301    0.0145023  -0.00572333     0.105117   -0.0339877     0.129786    0.0202342   -0.0359996   -0.0293665     0.189426    0.0691497      0.15788   -0.0440752   -0.0284861    0.0926582        0.079     0.182187     0.174381   -0.0199657    0.0206439     0.162479   -0.0348495    0.0940598     0.262729   -0.0259365      0.12441   -0.0518101   -0.0320933     0.072435    0.0932429    0.0879654
   0.0768869    0.0873003   -0.0727277    0.0608581     0.115917    0.0681661     0.139807   -0.0113866   -0.0506462    0.0232079    0.0701526    0.0265138     0.199961     0.108156   -0.0840947    0.0686539    0.0420738      0.13602    0.0637464     0.178688    0.0181523     0.177316      0.16139     0.120709     0.053458    0.0625014   -0.0829168      0.12308    0.0570547     0.130385    0.0741809    0.0244222   0.00225708     0.128503    0.0643107    0.0893526    0.0788998   -0.0189391  -0.00101352     0.101602     0.002575     0.165834    0.0939241   -0.0815444    0.0603903   -0.0135092     0.073181    0.0868743
   0.0886725   0.00850989    0.0172966    0.0961816     0.112695     0.138054    0.0432333    0.0476493   -0.0337216     0.122072    0.0853371    0.0283978   0.00939882    0.0545395    0.0264774    0.0620596      0.17606    0.0632833   -0.0540318     0.137796    0.0472253     0.141421     0.165262     0.034726   -0.0150474    0.0869967    0.0658695     0.166285    0.0710993    0.0196815    0.0410005     0.157641     0.117388     0.115631    0.0612579       0.0696     0.032094     0.160224  -0.00842784    0.0625084     0.192021    0.0571662    0.0866092   -0.0808494    -0.105938    -0.119784   -0.0420381    0.0927593
  0.00189504    0.0048755   -0.0558066    -0.118184    -0.166526    -0.025397    0.0764478     0.109702    0.0880681    0.0433148   0.00261152   -0.0811599     0.180371    0.0441555     0.101616    0.0443959    -0.122482    0.0642224     0.181222    0.0854315    0.0592003    -0.125789    0.0852142    0.0632671     0.223321   -0.0440761     0.055653  -0.00394669   -0.0103795    0.0620277     0.197952   0.00173175     0.162396    0.0137971   -0.0418761     0.106681     0.150877    0.0355424    0.0260235   -0.0674026    0.0278186     0.115215     0.193546     0.138754   0.00111534     0.082175     0.148878     0.216962
    0.030066     0.039432  -0.00385593    0.0598327     0.113171    0.0321389    0.0824693  0.000673875    0.0373274     0.109419     0.111176   -0.0494909    0.0641732    0.0471672     0.109652    0.0903365    0.0822624     0.043066     0.129366     0.108634     0.086717    0.0764568     0.106714 -0.000747033     0.131347    0.0430697    0.0876693    0.0879797    0.0671335  -0.00401412     0.152567    0.0658387    0.0921731     0.160166    0.0850125    0.0372763     0.139276 -0.000614338     0.115544    0.0716303    0.0917443    0.0376848     0.144766   0.00123939    0.0864063     0.100888    0.0646011    0.0917824
   0.0098248   -0.0429146     0.082755   -0.0516608   -0.0520848   -0.0547199    0.0165359     0.108717     0.153614    0.0145532    0.0838784   -0.0522237  -0.00717126    -0.019431     0.127162    0.0586785    0.0386328    0.0719808   -0.0348609    0.0155325    0.0653043    0.0158484   -0.0276153   -0.0107275   -0.0137339   -0.0127989     0.179779    0.0265785    -0.069469    0.0655573   0.00999064    0.0142588     0.220941     0.105832    0.0202231   -0.0567604   -0.0632477     0.113098     0.232772     0.121552     0.103014   0.00156254    0.0111073     0.139768    0.0705682     0.154286   -0.0160882    0.0290539
  0.00614741     0.108721    0.0643523     0.117228     0.042933    0.0111637    0.0623727    0.0565383  -0.00411473    0.0661821    0.0172066    0.0498562      0.12212    0.0796052    0.0478615     0.101698   -0.0124576  -0.00330226     0.106783    0.0564649     0.102064    0.0594332    0.0752383    0.0633209     0.158138   -0.0432074   -0.0221436   -0.0377846    0.0938899    0.0881697     0.120042   -0.0067639    0.0809404    0.0314144    0.0861238    0.0978147     0.161325    0.0402163  -0.00691467    0.0537616     0.111318    0.0951828     0.100344   0.00249578    0.0862315     0.104465     0.143795    0.0866531
  -0.0620661  -0.00228253    0.0811551    0.0185959   -0.0044334    0.0752529   -0.0869754    0.0500499    0.0836289    0.0275909     0.178328    0.0371075   -0.0759777   -0.0589913     0.091232  -0.00245855      0.27407   0.00433019    -0.260095     0.210567   -0.0426966     0.135636    0.0319125    0.0183666     -0.16815    0.0923672     0.209624    0.0911129   -0.0203271   -0.0957379    -0.160293     0.204465     0.200687     0.170727    0.0789986   -0.0526699    -0.218095     0.261825     0.158167      0.11059     0.208277   -0.0810652   -0.0891354    -0.122584    0.0177048   -0.0635715    -0.177081    0.0492407
   0.0811635     0.140195    0.0111942     0.118344    0.0820649    0.0225167    0.0819563    0.0244708   -0.0294249    0.0910698    0.0645129    0.0800277     0.110643     0.035635  -0.00493483    0.0737219     0.136952     0.105232    0.0546533     0.170038     0.053123     0.162934    0.0619387     0.118305   -0.0109821    0.0554406    0.0851867    0.0672747    0.0772067    0.0386304    0.0331917     0.122792    0.0961807      0.15601     0.020159     0.152441     0.013984     0.087906    0.0428183     0.122091    0.0595584     0.112582   -0.0047012   -0.0152992    0.0108712    -0.094777    0.0581038    0.0103914
    0.117525     0.156501     0.133696     0.101702  -0.00135682    -0.055378     0.155911    0.0309493    0.0729357    0.0372357   -0.0185384    0.0920834    0.0822396   -0.0257739   0.00198269    0.0229663   -0.0608017    0.0686581      0.12096     0.089411     0.114992    0.0788338  -0.00970614     0.082395    0.0541868    0.0964981    0.0582332    0.0341298   0.00827452     0.062694     0.110303   -0.0112266    0.0871276   -0.0336396   -0.0694343    0.0188225    0.0497256     0.029987     0.127175    0.0529567   -0.0756278    0.0500277    0.0592991     0.123825     0.168528     0.105112    0.0747169    0.0654414
 -0.00335069   0.00651571    0.0683461     0.152367    0.0864842    0.0621578  0.000911975    0.0175204    0.0274784     0.161212     0.071801      0.10572   0.00467304    0.0706699     0.030882     0.033531    0.0904282    0.0416814     0.100694    0.0702306    0.0604099    0.0556366    0.0546132     0.065906     0.084473    0.0162363    0.0551439     0.091939    0.0577509    0.0622088    0.0560213    0.0539235    0.0495004    0.0730697    0.0576786     0.103761    0.0397187    0.0823378    0.0268061    0.0887956      0.14671    0.0527333    0.0276608    0.0998849     0.114957     0.111218     0.160038    0.0945657
   0.0411418    0.0780845     0.128382    0.0355317     0.143861    0.0817274    0.0498409     0.122161     0.102985     0.122633   -0.0126993     0.055314    0.0802019    0.0388532    0.0399166    0.0710427    0.0375188   0.00206629   -0.0381304    0.0814792     0.145888     0.109257    0.0220296    0.0601124   -0.0249091    0.0687501    0.0611477    0.0920711    0.0206711    0.0476596   -0.0528149    0.0791685    0.0409313    0.0329584   -0.0293737    0.0732286   -0.0466911    0.0525897    0.0817584    0.0635098   -0.0370714    0.0480393   0.00552505     0.110313     0.217948     0.175835    0.0538254   0.00396267
    0.156007    0.0112664   -0.0505186  -0.00427875   -0.0325225     -0.01885     0.087745   -0.0960667    -0.124093   0.00456366      0.20914    0.0103092     0.142356    0.0131752   -0.0447069     0.102873     0.165141   0.00848927    -0.010284    0.0872785    -0.148613    0.0509442     0.097654   -0.0106117   -0.0219353     0.116591    0.0929587      0.12274    0.0862636     -0.03814    0.0145165     0.102302    0.0233287     0.193845    0.0171611   -0.0419754    -0.024994     0.170334    0.0199272    0.0774205     0.182296    -0.102375     0.223383     -0.18249   -0.0789352    -0.138869   -0.0371428     0.213458
  -0.0263823       0.2371     0.281508     0.198405     0.171249    0.0126882   -0.0140337    0.0807586      0.10751    0.0633216    0.0186135    0.0513721   -0.0875707    0.0136055    0.0628019    0.0787637    0.0701547    0.0328715   -0.0497729   -0.0104347     0.112919     0.179425  -0.00550128      0.10094   -0.0274106    0.0990248     0.086874  -0.00974093     0.017577    0.0709598   -0.0642154     0.124779    0.0374697   -0.0344708    0.0869271   -0.0299712    -0.069938    0.0223738     0.149898     0.145728    0.0517427   -0.0240329    -0.138551     0.125029      0.11947    0.0198015   -0.0175456    -0.157426
   0.0555176    0.0851503       0.1034    0.0365215  -0.00933805     0.145998   -0.0972047     0.112969     0.121012  -0.00328119    0.0769844    0.0417585   0.00874365    0.0220304    0.0699647    0.0368545     0.153092    0.0553878    -0.051928    0.0563195     0.147947     0.094352     0.169767   -0.0788666   -0.0757784   -0.0598063     0.170618   -0.0514785    0.0022791   -0.0310402   -0.0722252     0.117294    0.0969183    0.0355161     0.134504   -0.0550048   -0.0423144     0.217508     0.108094   -0.0166464     0.176062   -0.0147329   0.00828848    0.0287562   -0.0889181   0.00850495   -0.0937896    0.0896777
   0.0264446     0.178572     0.228628     0.180719     0.215544   -0.0231311    0.0215676    0.0531282    0.0379287   -0.0055532    0.0772925    0.0167514   -0.0381753    0.0131782    0.0114809   0.00674927     0.117551   -0.0707259   -0.0306796   -0.0337101     0.113305     0.146925    0.0249444   -0.0372134  -0.00651931    0.0370844     0.158375    0.0788145    0.0482485   -0.0447346   -0.0627196    0.0232267    0.0285144    0.0348207     0.113065   -0.0729949    0.0994636     0.109552     0.127442    0.0608126    0.0629693   -0.0361007   0.00760394    0.0913035    0.0300528     0.107269    0.0451641   -0.0482886
    0.110953   -0.0308666   -0.0278703   0.00312743    0.0564345    -0.034448   -0.0750701    0.0240054   -0.0199724     0.166892     0.104015   -0.0479406    -0.025153   -0.0376571   0.00852713    0.0858479      0.11641    -0.030022     -0.12881     0.100767    -0.103682    0.0638306   -0.0248979    -0.130746   -0.0865696    0.0822401    0.0981734     0.208371    0.0348097    -0.139884    -0.065591     0.170037     0.102478     0.229158   -0.0145227    -0.104844    -0.101601    0.0805909    0.0892815      0.11615     0.107509   -0.0950096    0.0893483   -0.0061186   0.00850438    0.0488857    0.0593233    0.0247275
    0.124826    0.0197444    0.0962141     0.147949    0.0766743     0.146415    0.0806733    0.0918658    0.0812804    0.0125869    0.0521327     0.144696   0.00765689     0.106357    0.0967359     0.120664     0.118014   -0.0489956     0.130394   -0.0713244    0.0339064    0.0625326  -0.00717365    0.0850633     0.107875    0.0545908    0.0676347   -0.0459233    0.0278655    0.0779254     0.064574    0.0809008  -0.00192925   -0.0397523    0.0598433  -0.00295515     0.117669    0.0865274     0.116451    0.0842323    0.0390487     0.022676   0.00139452     0.115239     0.173255      0.16997    0.0993531    0.0602172
    0.109511   -0.0630262   -0.0044569   -0.0442903    0.0448761   -0.0277785    0.0784208    0.0587859    0.0743297    0.0112761    0.0211193    0.0245766    0.0343951    0.0985661     0.107265    0.0737511    0.0342631   -0.0673564    0.0990724   -0.0685752  -0.00691252      0.02062    -0.151835    0.0954583     0.023968     0.146897    0.0428795    0.0266209    0.0578366    0.0861774    0.0791292   0.00675981    0.0522304    0.0106257    0.0769027    0.0216054    0.0662156    -0.173851    0.0915465   0.00909475    -0.172247    0.0471917    0.0262664      0.19801     0.295119     0.222464     0.107379  0.000328707
   0.0340128    0.0563691    0.0700119    0.0355726    0.0029295     0.101346    0.0962884    0.0229337    0.0563436   -0.0314609    0.0200179    0.0786197    0.0823085    0.0750616    0.0315084    0.0318598    0.0634733    0.0635782  -0.00197648     0.102793    0.0752793    0.0923297   0.00890652    0.0860464    0.0639336    0.0972088     0.102745  -0.00743492   -0.0483109     0.136457   -0.0077966     0.104909     0.146197    0.0164079   -0.0144035    0.0922735     0.102413    0.0463234     0.194896    0.0692539    0.0389306    0.0933566    0.0237196     0.103305    0.0906863     0.109817    0.0311267    0.0338118
     0.11835    0.0417574     0.107512     0.135881     0.182853    0.0483198    0.0906746    0.0740412    0.0733981  -0.00565873     0.164645   -0.0130656   0.00677419    0.0532274    0.0895156    0.0432639     0.176862    -0.156532    0.0913479    0.0193664   0.00256515    0.0785166   -0.0219226   -0.0816909    0.0026454     0.114482    0.0437616  -0.00535062     0.138985   -0.0332889   0.00116591     0.139057  -0.00710967   -0.0698119    0.0582969   -0.0621796     0.127084   -0.0103405     0.121946    -0.017574    0.0587262    0.0440607   -0.0186408     0.158678     0.167495     0.103903    0.0549401  -0.00264034
    0.173941     0.159286    0.0865753     0.213106     0.153096    0.0952138     0.150612   -0.0488187   -0.0763044    0.0613299    0.0121303     0.109162   -0.0112463    0.0485436   0.00320685     0.130327    0.0159985   -0.0740628     0.220856    -0.121999   -0.0412219     0.130134    0.0213602    0.0809026     0.216257    0.0365459    -0.150357   -0.0464909     0.031021    0.0826854      0.21334       0.0308    -0.228708   -0.0621204    0.0279963     0.142506     0.219319   -0.0395386   -0.0445722     0.131277    -0.087989     0.110015  0.000586235    0.0552766   0.00424644    0.0754505     0.227938   0.00242919
    0.211238    0.0339705    0.0465447  -0.00819728     0.105548     0.138659     0.153196     0.107617      0.08948   -0.0137915     0.158853     0.051535   -0.0268043    0.0834577    0.0842955    0.0217642     0.201641   -0.0923611    0.0462482    0.0689183     0.127249     0.120865    0.0820001    0.0363365    0.0366639     0.132622    0.0816489   0.00369666    0.0466134    0.0573858    0.0153369     0.133276    0.0214291  -0.00880365     0.113529    0.0557267     0.040596    0.0703968     0.234804     0.076852    0.0453361   0.00320636   -0.0480348    0.0680016    0.0359601   -0.0221312     -0.08807   -0.0418721
    0.142523    0.0386208   -0.0288579    0.0106354     0.104552    0.0427001     0.186641    0.0600952    0.0495391    0.0983075    0.0203262    0.0186579    0.0847563    0.0846654     0.101075    0.0626049   -0.0400365   -0.0277376      0.20709   -0.0647065    0.0199327    -0.078389    -0.117173     0.136436     0.236449     0.131487   -0.0880496   -0.0477429     0.130028    0.0651131     0.247178    -0.040464   -0.0703977   -0.0262967    0.0112587      0.13295    0.0954083    -0.260931   0.00228684  -0.00458206    -0.168077     0.147479    0.0262075     0.166662     0.170354     0.156818     0.208052    0.0491631
  -0.0335962    0.0515073     0.184199     0.150096     0.157612    0.0367079  -0.00649048    0.0417768     0.113451    0.0115118    -0.010571   0.00077201   -0.0325916  -0.00653788    0.0451904    0.0785817    0.0903226   -0.0556446   -0.0735342    0.0973084     0.119887     0.168704  -0.00554115   -0.0336955   -0.0434323     0.121186    0.0966007    0.0547842   0.00933696    0.0178884   -0.0588926      0.12553     0.145562    0.0266895   -0.0381721     -0.02051   -0.0474954    0.0767459     0.137219     0.121671   -0.0646283    0.0103921    -0.105076     0.103209     0.186929     0.142951   -0.0221169   -0.0592332
   0.0876655    0.0504173   -0.0430981    -0.063249   -0.0289742   -0.0806121     0.136344     0.112586    0.0612784    0.0116594     0.109242    0.0194614       0.1937    0.0923438    0.0362516    0.0176513    0.0015036     0.097312    0.0384701     0.154668     0.123797    0.0865218    0.0403847    0.0580102    0.0691062     0.134653     0.115686     0.120101   -0.0263256     0.094655    0.0707312  -0.00483046     0.156866   -0.0165296   -0.0538224    0.0595056      0.11965    0.0665962     0.134755    0.0298318    0.0148035    0.0840999    0.0744905    0.0145196    0.0667392  -0.00773439    0.0481074    0.0924591
 -0.00159148    0.0703483   -0.0197985   -0.0405736    0.0689845   -0.0883864     0.166159    0.0965252     0.119303    0.0165811    0.0657726   -0.0205224     0.161397    0.0676996    0.0762456    0.0684642    0.0443498    0.0847189     0.144985      0.02922    0.0754075   0.00923908  -0.00083293    0.0416069     0.124225    0.0858718    0.0285501    0.0656766    0.0165845    0.0548509      0.15288    0.0665969     0.121907    0.0244479    0.0951812     0.025364      0.12802    0.0288151    0.0779909    0.0938196    0.0923502    0.0810495    0.0256071     0.041189    0.0869888    0.0820176     0.118636    0.0947595
    0.139532    0.0268491   -0.0758662    0.0708118    0.0120058    0.0770477    0.0946712   -0.0716549   -0.0855949    0.0251904    0.0531135    0.0449106     0.132103   0.00576044    -0.081498     0.137054    0.0881882     0.106913     0.134233     0.090484    -0.111072     0.104715    0.0058051    0.0106069    0.0469941     0.102906     -0.03823     0.172356  -0.00840441    0.0394709     0.095533     0.130371   -0.0847221    0.0924831    0.0386281    0.0325227     0.158624     0.166891    0.0187502    0.0909746    0.0424621     0.068662     0.174644    -0.108106   -0.0442039    -0.057218     0.102574     0.214024
  -0.0270649    0.0691362     0.222155     0.127224    0.0554215      0.19036   -0.0346207    0.0717098     0.131203    0.0467587   -0.0369126     0.160032    -0.135498    0.0193158     0.132492     0.159118    -0.075499    0.0362407    0.0750238     -0.11119    0.0588784   -0.0122195    0.0577646    0.0386479   -0.0160213    -0.107445    0.0872977   -0.0440666    0.0136117     0.128709    0.0176123   -0.0029743  -0.00406442  -0.00272281     0.096605     0.172931    0.0600971    0.0684567   0.00333605       0.1154   -0.0217679     0.160433    0.0384966    0.0986754    0.0789322     0.163362     0.112493    0.0878887
  -0.0313181     0.126597     0.243529     0.154978     0.154717    0.0529212   0.00358562     0.139556       0.1188    0.0321135    0.0519988    0.0294575   -0.0699307    0.0687192    0.0515489     0.124242     0.121914   -0.0280385   -0.0280456   -0.0252367     0.132819     0.115728    0.0574833   -0.0594843    -0.101512     0.101303     0.199205    0.0550079    0.0385356   -0.0359917   -0.0111722    0.0253663    0.0939648    0.0952744    0.0115996   -0.0383744   -0.0546021     0.126125     0.162991     0.137499    0.0984096   -0.0441315   0.00420684    0.0332952    0.0344687   0.00480706   -0.0424377    0.0316693
  -0.0758932    0.0940767     0.247866     0.209668    0.0718031      0.10093   -0.0244582      0.15093    0.0956545    0.0522254    0.0173734     0.185239    -0.155529    0.0969037    0.0611497    0.0241939    0.0670038    0.0670233  -0.00792785    -0.134778     0.145615    0.0481723     0.018778    0.0896079    0.0389462   0.00298811    0.0885307    -0.090131     0.129485     0.130332    0.0912568  -0.00250382   -0.0749134   -0.0611606     0.135101    0.0914367   0.00410966    0.0551493     0.121212    0.0954926   0.00346126    0.0729502   -0.0973404     0.189543    0.0885207     0.173603    0.0367903    -0.140928
    0.220053     0.094063    0.0583709     0.101912    0.0175273     0.213792    0.0828806   -0.0145642    0.0781269   0.00500785    0.0133713    0.0626116    0.0517709     0.115829 -0.000978149     0.012214    0.0793132     0.055383     0.144574    0.0461051    0.0135953    0.0578622    0.0190651    0.0251728      0.15939     0.033688    0.0703378   -0.0473857   0.00451351     0.137249     0.156363    0.0302168   -0.0616065   -0.0582698     0.076791     0.107733     0.117078     0.111134     0.010099    0.0215377   -0.0246304     0.110165     0.087451     0.168964   -0.0348556    0.0017663    0.0917983    0.0698835
  -0.0127192    0.0290103    0.0824903     0.145144     0.123297   0.00992839    0.0591848     0.082458     0.074732     0.124197    0.0354982    0.0784009   -0.0250109    0.0420531     0.114804     0.117071    0.0736495    0.0460073   -0.0116167    0.0641996    0.0196706    0.0767994   -0.0123401   0.00377338    0.0438184    0.0308548   -0.0298652    0.0607648   -0.0192216    0.0572879   0.00860191    0.0903572     0.126901     0.104425   0.00827222     0.015755   -0.0203194    0.0753218     0.146841     0.122107    0.0107989    0.0317805   -0.0749661     0.101776     0.261429     0.141657    0.0852799    0.0556479
    0.115022    0.0586735   -0.0707633   -0.0180293    0.0215969    0.0160103     0.112314     0.043712    0.0312787    0.0280376    0.0341548  -0.00762155     0.204202    0.0964656    0.0134519      0.05403   -0.0466039    0.0732302     0.255251    0.0836859     0.113292     -0.10927     0.145061     0.136624     0.216419    0.0407784     0.002217    0.0482601    0.0980225     0.112573     0.241787   -0.0857033   -0.0328453   -0.0490552    0.0324419    0.0613511     0.145298   0.00303668   -0.0560823    -0.034323   0.00221592         0.06     0.196847    0.0580283   -0.0879143   -0.0467042    0.0538952     0.128305
   -0.111856     0.045514     0.161848     0.164592    0.0930264    0.0491828   -0.0348255   -0.0315148    0.0151023     0.102217  -0.00913238     0.159553     0.004502    0.0089647     0.064552    0.0132966   -0.0135789     0.132708   -0.0398206     0.158757    0.0751291    0.0902853     0.135424    0.0835499    0.0525502    0.0321041    0.0325504     0.137507     0.118767    0.0551639  -0.00960275    0.0474259   -0.0151538     0.155577    0.0254406    0.0274058     0.038558     0.170851   -0.0687568    0.0602643     0.159443    0.0388646    0.0877677   0.00440633    0.0393352    0.0449541    0.0770147    0.0608271
   0.0140024    0.0541899     0.119745    0.0959538     0.161136   -0.0460931    0.0762099    0.0577518     0.112056     0.139611    0.0688982    0.0182327    0.0461473   -0.0141112     0.109292     0.119179    0.0845568   -0.0244334    0.0218279   -0.0114129     0.069468     0.119879    -0.110827    0.0604668    0.0915323     0.137346   -0.0753777    0.0829876    0.0189137    0.0279593    0.0550843   0.00872792    0.0470596    0.0701788    0.0192154     0.115099  0.000180101    -0.117042     0.147909     0.151022   0.00703291    0.0991165    -0.122596     0.122729     0.203544      0.11016     0.182201   -0.0700772
  -0.203414  -0.0997383   -0.148584   -0.104294   -0.192575    -0.12252   -0.143888   -0.162621   -0.131156   -0.142958   -0.153595   -0.153212   -0.145236    -0.11916  -0.0782659  -0.0799396  -0.0902983  -0.0968056   -0.150251    -0.12447   -0.134014   -0.130619   -0.198838   -0.078659   -0.073421   -0.106487   -0.117447   -0.145456    -0.19271  -0.0635828   -0.125245   -0.115437   -0.161845   -0.171471  -0.0931102   -0.139113  -0.0537396  -0.0878742   -0.114412   -0.126538   -0.102723   -0.104927
 -0.0218055   -0.256627   0.0817078  -0.0685867   -0.107782   -0.290729 -0.00594969   -0.448263   -0.291963 0.000513207   -0.153992    0.301012    -0.18717   0.0876524   -0.285087  -0.0129978   -0.153584    0.065587    -0.41656    0.085406   0.0860394  -0.0235971  -0.0823792   -0.046004    0.122947  0.00412809  -0.0572885   -0.480404  -0.0133375   -0.141681    0.142992  -0.0301076  -0.0747736   -0.507379    0.048332   0.0994485      0.1209   -0.257039   0.0149912   -0.290907   -0.204241  -0.0160177
  0.0587768   -0.288713   -0.184503   -0.194627   -0.333976   -0.266897   0.0271258   -0.179484  -0.0311522   -0.210877   -0.118437  0.00934348   -0.125986    0.203139   -0.034262   -0.134423   -0.118941   -0.190365   0.0672204   0.0297051    0.019207    0.039532 -0.00314964  -0.0666656   -0.258013  -0.0437793  -0.0188623    -0.14847 -0.00117881   -0.403118   -0.064508   -0.064945  -0.0813847  0.00282496   -0.149464   0.0234702  -0.0698372   -0.157914   -0.112723   -0.312797  -0.0977315   -0.134519
  0.0320378  -0.0963912   -0.127052   -0.186715   -0.102003   -0.147948   -0.107877      -0.169    -0.07538   -0.214091   -0.160208  -0.0449732   -0.152501 -0.00601656   -0.117428   -0.130535   -0.122943   -0.147494  -0.0511644   -0.021432   -0.078125   -0.154962  -0.0619946  -0.0958841   -0.224898   -0.131331   -0.184452  -0.0692364  -0.0316093   -0.245177   -0.104323   -0.148125   -0.200979   -0.132917 -0.00553425  -0.0448894  -0.0427166  -0.0600095   -0.120474   -0.124468   -0.179492   -0.138534
  0.0308536   -0.128621   -0.115546   -0.193039  0.00591519 0.000709843    0.022249   -0.136559  -0.0300656  -0.0761189  -0.0187299   -0.136471    -0.10186   0.0962434  -0.0190847   -0.267903   -0.019266   -0.192093  -0.0392505   -0.147601  -0.0756987   -0.212806   0.0650825    -0.21541   -0.151131    -0.17909     -0.1366   -0.189213   -0.130848  -0.0882314   -0.136913   -0.193799  -0.0900896   -0.179833   -0.186061   -0.196972   -0.181545     -0.2185  -0.0749843    -0.18173  -0.0519095  -0.0456113
  -0.172165  -0.0938011   -0.155276   -0.082852   -0.129453   -0.154462   -0.139056  -0.0948482     -0.1714   -0.102769   -0.129364    -0.18656   -0.101404    -0.16914  -0.0710416   -0.111956   -0.132541   -0.118193   -0.219509  -0.0956648   -0.110927  -0.0677532   -0.127832    -0.18155  -0.0916801   -0.114838  -0.0591515  -0.0929673   -0.148219  -0.0927094   -0.119731   -0.156798   -0.157437   -0.125134   -0.074979   -0.118022   -0.134914  -0.0756076   -0.176937   -0.121789  -0.0973791  -0.0972868
  -0.103736   -0.117591   -0.136283   -0.084542   -0.120976   -0.113936  -0.0777634   -0.116441   -0.183849  -0.0972572   -0.127076   -0.193082   -0.160127   -0.243623   -0.126216   -0.157417   -0.120367   -0.102757   -0.268144   -0.155332   -0.182623   -0.140234   -0.107527   -0.127767  -0.0104628    -0.13102  -0.0635198   -0.126901     -0.1644 0.000208713   -0.079152   -0.127731   -0.111501   -0.153756  -0.0819739   -0.152167  -0.0234081  -0.0427145   -0.160604  -0.0700313   -0.132932  -0.0488773
  0.0688647   -0.280438  -0.0765925  0.00436303     -0.1939   -0.264465   -0.112419   -0.259108 -0.00450152   -0.355229   -0.264384   -0.117866   -0.243762    0.153659  -0.0641505   -0.133495  -0.0928979   -0.045276   -0.053115   0.0909485    0.141912   0.0499319   0.0279647  -0.0669126    -0.17819   -0.113482 -0.00788858  -0.0873687  -0.0401281   -0.297236   0.0317811   -0.239423   -0.293785  -0.0949183  -0.0311053   0.0649666   0.0250581   0.0427995   -0.139099   -0.292938   -0.115608   -0.207679
  -0.126323   -0.108183   -0.105944  -0.0875476   -0.189592   -0.152218  -0.0878059   -0.129128  -0.0909059  -0.0970632   -0.171177  -0.0620874  -0.0889995  -0.0863547  -0.0658867  -0.0696889   -0.153409   -0.129649   -0.120153  -0.0781649  -0.0815177   -0.127129   -0.112916   -0.175765   -0.276402   -0.127339   -0.213431   -0.160152   -0.136081   -0.241397    -0.10159  -0.0830408  -0.0826946  -0.0956528   -0.174192  -0.0496526  -0.0321847   -0.158893   -0.124612   -0.165839  -0.0495777  -0.0657436
  -0.191256   -0.117324  -0.0569276  -0.0496563   -0.216005   -0.150144   -0.128118  -0.0253337   -0.156456   -0.250949   -0.208807   -0.120063   -0.150956   -0.119076  -0.0606328  -0.0677031   -0.154651  -0.0958907   -0.194819   0.0622853  -0.0605191   -0.130252   -0.191219   -0.110057   -0.102299  -0.0837769   -0.164516   -0.179832   -0.106878   -0.146453  -0.0710038  -0.0917565   -0.125875   -0.186023   -0.110947   -0.131559   0.0016706   -0.183625  -0.0875163   -0.100305  -0.0494489  -0.0769425
  -0.137843   -0.108962   -0.139966   -0.163502   -0.100621   -0.100704  -0.0411721  -0.0991627  -0.0679573   -0.109331   -0.114831   -0.138711  -0.0689872   -0.109791  -0.0755962   -0.153326   -0.107175   -0.188057   -0.130846    -0.15293   -0.108722   -0.159639   -0.176018   -0.175577  -0.0786519  -0.0679738   -0.204447   -0.146628   -0.188922  -0.0998028   -0.164075   -0.159176  -0.0754629  -0.0539026  -0.0347922   -0.169018   -0.171687   -0.112957   -0.111067  -0.0906817   -0.143272   -0.127407
  -0.151536  -0.0635908   -0.137855   -0.130572   -0.127721   -0.123789    -0.18575  -0.0983631    -0.15303   -0.130637   -0.172003   -0.153264   -0.131532   -0.193779   -0.157709   -0.121763   -0.121153  -0.0965344   -0.158108   -0.134968   -0.130518  -0.0860653   -0.211539   -0.161323  -0.0800973    -0.10168   -0.156026   -0.128809   -0.176104   -0.143774    -0.13047  -0.0754564  -0.0821056   -0.122404  -0.0784869    -0.10023  -0.0570054   -0.098072   -0.123624  -0.0772112   -0.108719   -0.084193
  -0.288356   -0.112555   -0.158013    -0.03958   -0.115956   -0.106477   -0.139046   -0.183421   -0.262904  -0.0657199  -0.0997298   -0.135349  -0.0187397   -0.296425   -0.145996  -0.0258207   -0.101946  -0.0692034   -0.207026   -0.056452   -0.225792  -0.0390544   -0.118715   -0.111509  -0.0541589   -0.170864  -0.0237919   0.0282199   -0.220671   0.0168919  -0.0494177   -0.154783  -0.0261243   -0.150306    -0.16196   -0.163044   -0.115755   -0.131655  -0.0386423   -0.096931   -0.169119   -0.049036
  -0.268458  -0.0267479  -0.0844969   -0.100551   -0.140446  -0.0963813   -0.166946  -0.0988362     -0.1591   -0.114088   -0.160051  -0.0966427   -0.137416   -0.208771   -0.108336  -0.0732646   -0.101435   -0.138671   -0.195952  -0.0710201   -0.207791   -0.109158   -0.142575    -0.15101  -0.0720301   -0.124067   -0.128002  -0.0238972     -0.1961  -0.0580788   -0.142439    -0.14386   -0.121475   -0.129323  -0.0512885   -0.189041   -0.106732  -0.0705738   -0.126719   -0.046264   -0.104824  -0.0827879
   -0.16758   -0.110586   -0.165068  -0.0749084  -0.0944069   -0.146581   -0.110086   -0.103602   -0.154975   -0.100642  -0.0975463    -0.11888   -0.071871   -0.156442   -0.199797  -0.0826763   -0.156116   -0.106603   -0.139817   -0.130688   -0.125759   -0.115114   -0.177034   -0.142034   -0.114094   -0.164172  -0.0740047   -0.133233   -0.102751   -0.102095   -0.130417    -0.18453   -0.158103   -0.172085  -0.0894365  -0.0954952   -0.190355   -0.124153  -0.0906459  -0.0869924  -0.0938663   -0.110644
  -0.121287   -0.144251   -0.181816  -0.0506637  -0.0977217   -0.119823   -0.110183  -0.0479839  -0.0542764  -0.0909954  -0.0892164    -0.22784  -0.0530681   -0.168819   -0.127731  -0.0848444   -0.179487   -0.166901   -0.140277  -0.0852197  -0.0521265  -0.0684831   -0.119876   -0.138454    -0.24218   -0.138669   -0.121485  -0.0149612   -0.118251   -0.128593  -0.0630724   -0.115664   -0.172772  -0.0553119   -0.184515   -0.133361   -0.181281  -0.0580194   -0.191922   0.0223238   -0.118164   -0.207538
  -0.214773   -0.112347   -0.207277   -0.116876   -0.157392   -0.188907   -0.120415  -0.0516431   -0.169005  -0.0532778   -0.152358   -0.135402   -0.123307   -0.256476   -0.128059  -0.0976816   -0.101518   -0.120566   -0.167682  -0.0612214   -0.122992   -0.134311   -0.207164   -0.153147   -0.106341   -0.118162    -0.08193   -0.059143  -0.0898954  -0.0890402  -0.0503187  -0.0762493   -0.129709   -0.162226  -0.0474432  -0.0858616  -0.0863069   -0.111646   -0.144935     -0.1323  -0.0743993   -0.101563
  -0.163305  -0.0468746  -0.0859794   -0.114808   -0.115724   -0.111911   -0.216172   0.0298297  -0.0162197  -0.0123107   -0.125249   -0.204376  -0.0349411   -0.170374  -0.0293889  -0.0830581   -0.136208  -0.0940534  -0.0701103   -0.221275   -0.120876   -0.264846   -0.228421   -0.102016   -0.151361   -0.034977   -0.257788  -0.0931485  -0.0890633   -0.083211    -0.20968  -0.0182734   -0.152543  -0.0212075  -0.0580438   -0.242506    -0.13571  -0.0202762   -0.205328  -0.0133978   -0.076466   -0.216351
  0.0161082   -0.165242  -0.0265857  -0.0965032   -0.201792   -0.249371  0.00678427   -0.105909  -0.0892881   -0.316775   -0.115724  -0.0802659  -0.0984404  -0.0647024   -0.117203   -0.157618  -0.0152305   0.0185011   -0.133041 -0.00875458   -0.241258  -0.0636489     0.17083    -0.11277  -0.0453818   -0.200176   -0.183115  -0.0421865   -0.303792   -0.162951   0.0320879   -0.256728   -0.203741   -0.052517   0.0230455  0.00309876  -0.0830161   -0.311275   0.0569404   -0.371957  -0.0194575    0.108047
   0.149056  -0.0668493   -0.259962  -0.0804517  -0.0355967   -0.169339   0.0638941   -0.196811  -0.0618418   -0.351818   -0.165624   -0.139237   -0.120396     0.15948   -0.207442   -0.251211  -0.0127451     -0.1087  -0.0334675  -0.0778775   0.0601481 0.000174308  -0.0782086 -0.00259228   -0.152052   -0.172961   0.0270455   -0.208085  -0.0656373   -0.288969  -0.0818735   -0.304125   -0.219587   -0.140894   0.0200065  -0.0528622   0.0739807    -0.17345  -0.0415081    -0.26842   0.0560947   -0.192974
 -0.0851679  -0.0205997  -0.0722322   -0.151841  -0.0582325   -0.124109   -0.174765  -0.0879039  -0.0913564  0.00465534  -0.0760939   -0.134426  -0.0772169   -0.250664   -0.162464   -0.202426   -0.179659   -0.190243   0.0224602   -0.306987  -0.0787249   -0.241726   -0.204609   -0.086338  -0.0477913   -0.122703  -0.0822239 -0.00380932  -0.0398625 -0.00581075   -0.261594  -0.0708252  -0.0790545   0.0194523  -0.0254321   -0.155849   -0.203135  -0.0510409   -0.177668   0.0452846   -0.196716   -0.212524
   -0.27318  -0.0981837   -0.101688   -0.134794  -0.0142411   -0.057129   -0.163107   -0.174484   -0.298814    0.152331  -0.0687869  -0.0500324  -0.0713138   -0.357025   -0.270133   0.0266436  -0.0757289   -0.180753 -0.00058074   -0.352979   -0.211644    -0.19985 -0.00742312  0.00646852    0.122562   -0.126591  -0.0290814 -0.00171379   -0.209768     0.12349   -0.222922  -0.0729463  -0.0146618   0.0454142   -0.171119   -0.265183   -0.280801  -0.0323795   -0.143093   0.0529237   -0.245156   -0.127266
 -0.0132088   -0.153383   -0.166488   -0.182726 -0.00167975  -0.0896292  -0.0159372   -0.143042  -0.0175171   -0.115679   -0.114192   -0.111487  -0.0963583    -0.18689   -0.110026   -0.164629  -0.0756344   -0.125171  -0.0661299   -0.177313  -0.0902799   -0.122105  -0.0675193   -0.160394   -0.164013   -0.244159  -0.0750079    -0.11994   -0.105515  -0.0950828   -0.252018  -0.0930415  -0.0748936  -0.0686253   -0.193795   -0.133086   -0.119414   -0.148032   -0.198926   0.0193818   -0.162176   -0.119611
   0.009033   -0.154099    -0.24524   -0.140031  -0.0303752  -0.0103934  -0.0242434  -0.0643169  -0.0784604  -0.0510773  -0.0614611   -0.170965  -0.0597953    -0.20014   -0.161367   -0.200672    -0.14784   -0.162212  -0.0249287   -0.203386   -0.103632   -0.051955   -0.136324    -0.12599   -0.139766   -0.178668  -0.0774841  -0.0688713  -0.0515555   -0.102387   -0.217374  -0.0621929  -0.0437383   -0.112761   -0.227296   -0.144157    -0.15612   -0.087646   -0.237985   0.0294053   -0.163362   -0.187696
  -0.329385  0.00276949  -0.0834405  -0.0554916   -0.135763  -0.0792427   -0.185515  -0.0677295   -0.243758  -0.0580714    -0.16858   -0.114184   -0.115355   -0.241367    -0.13007  -0.0632435  -0.0845867   -0.091979   -0.242889  -0.0460037   -0.248689   -0.139388   -0.249451   -0.141874  -0.0244381  -0.0583701   -0.123488  -0.0383143   -0.203178  -0.0788404   -0.153956  -0.0886826  -0.0828414   -0.102262  -0.0983709   -0.200129  -0.0149561   -0.140882  -0.0792442  -0.0577734  -0.0657333  -0.0435717
 -0.0951151    -0.12866   -0.134226  -0.0487601  -0.0404048  -0.0822172   -0.143913   -0.155194   -0.141069    -0.15494   -0.161246    -0.20449   -0.144422    -0.19073  -0.0989652  -0.0233235   -0.172591   -0.131453 -0.00636697   -0.119212   -0.223081  -0.0655004  -0.0934388   -0.156542  -0.0908354   -0.193895   -0.168313  -0.0889652   -0.110258  -0.0202744    -0.18184   -0.101517   -0.125006  -0.0626999   -0.187248  -0.0606575   -0.116002   -0.114509   -0.226399  0.00104769  -0.0457746    -0.18352
  -0.130583    -0.11128  -0.0382782   -0.133082    -0.18853   -0.100241   -0.108681   -0.168351   -0.183162   -0.139065   -0.152576   -0.116485  -0.0944048  -0.0913078   -0.118212  -0.0981539   -0.162693   -0.187585  -0.0706662   -0.102651   -0.089589  -0.0924386   -0.162435   -0.126664   -0.144652   -0.117436   -0.178927  -0.0687034   -0.144624   -0.122305   -0.144059   -0.123782  -0.0740734   -0.110548   -0.154609  -0.0865358   -0.101745    -0.13777   -0.127838  -0.0857797   -0.111256   -0.153657
  -0.133394  -0.0985699  -0.0747993  -0.0981703  -0.0974914  -0.0567582  -0.0518243    -0.14263  -0.0797502    -0.11391   -0.133919   -0.181578   -0.171632   -0.143176   -0.149321  -0.0768047    -0.17405   -0.189759  -0.0220949  -0.0931336      -0.178   -0.116046   -0.143814   -0.152208   -0.113654   -0.147525   -0.135194   -0.105779   -0.167917  -0.0568053   -0.175266   -0.082418   -0.109108   -0.125467   -0.143179   -0.118196   -0.127032   -0.183325   -0.183758   -0.117842  -0.0661184   -0.143396
   -0.25948   -0.095167   -0.120715  -0.0457627   -0.238387   -0.143716   -0.157897  -0.0825997   -0.178712   -0.162925   -0.168718   -0.173407  -0.0453145   -0.123612  -0.0770747  -0.0348675   -0.130394  -0.0225896   -0.213958  -0.0923726   -0.103933  -0.0399551   -0.198194   -0.183403  -0.0894708  -0.0685521  -0.0673665  -0.0685879   -0.167342   -0.150042  -0.0406336  -0.0495477   -0.156822   -0.197288    -0.10242   -0.146614   -0.103058   -0.111001  -0.0934959   -0.170774  -0.0491941   -0.115599
  -0.372674   0.0203356  -0.0970993  -0.0358337  -0.0928015  -0.0794981   -0.257509  -0.0435763   -0.170492    0.019566   -0.144895  -0.0810087  -0.0921034    -0.24654   -0.116243  -0.0587568   -0.113762    -0.11432   -0.258597   -0.186804   -0.198326   -0.300692    -0.22791  -0.0336306  -0.0237883  -0.0211356   -0.213822  -0.0231552   -0.152426    0.053173   -0.179551  -0.0584773  -0.0581572  -0.0438677   -0.031549    -0.31494  -0.0585925  -0.0402472  -0.0760587  -0.0921007   -0.142715  -0.0531163
  -0.268935 -0.00259538   -0.138791   -0.057601   -0.119975   -0.138706   -0.184577   -0.112641   -0.155723   0.0295915   -0.184768  -0.0945676  -0.0858934   -0.211475   -0.126189   -0.100607  -0.0538642  -0.0990226  -0.0911079   -0.213175   -0.211593   -0.243421   -0.156991  -0.0853322   0.0149428  -0.0831981   -0.185234    -0.10583   -0.163105   0.0309517   -0.176773  -0.0551668   -0.102221  -0.0156303  -0.0687345    -0.27037   -0.101622  -0.0122352  -0.0844468  -0.0960648   -0.145145    -0.10074
  0.0319798   -0.296196   -0.131514   -0.209097  -0.0718323  -0.0484005   -0.239602 -0.00835806  -0.0546915   -0.241446   -0.072465  -0.0683318   -0.286005    0.148195  -0.0467595   -0.114161   -0.196355  -0.0063888   0.0933458   -0.107732  -0.0933374   -0.131744    0.145842   -0.189202   0.0155509    -0.05448  0.00150255   -0.260492   0.0564939   -0.192331 -0.00148089  -0.0375033   -0.079721   0.0234313    -0.37039   -0.131369   -0.301574   -0.203486  -0.0195893   -0.223028   -0.135753  -0.0288414
  -0.047875   -0.169521   -0.106521   -0.181183  -0.0527116    -0.14003   -0.114505   -0.185778   -0.129788  -0.0642347   -0.128687  -0.0324174  -0.0946432   -0.110353   -0.152761   -0.167767   -0.182856   -0.226614  -0.0477246   -0.119219  -0.0415265  -0.0575941  -0.0691877   -0.107064  -0.0595931  -0.0911269  -0.0233679   -0.163651    -0.10208   -0.131092   -0.132112   -0.098408   -0.108083    -0.16993   -0.184261   -0.119504  -0.0889588   -0.106555   -0.175639  -0.0672139   -0.241134   -0.137382
   0.368419   -0.160898    0.303657   -0.320453     0.15199    0.131536    0.174708  -0.0229652    0.117046    0.107106  -0.0521196   0.0776734    -0.13569    0.283788  -0.0108709   -0.160811  -0.0761264   -0.139563    0.272355   -0.300119    0.130968   -0.187614    0.189728   -0.330481   -0.344619    -0.11288   -0.345029   -0.574884   -0.293355   -0.535141   -0.163654   0.0488972   -0.095766   0.0777531   -0.212665  -0.0666035   -0.412401   -0.219306   -0.157226  -0.0444349    0.109933   -0.371306
  0.0209408   -0.191474  -0.0728997   -0.279169   0.0483069  -0.0556049   -0.316828  -0.0525988  -0.0597599   -0.261129    -0.12493  -0.0365288   -0.204793    0.158219   -0.022302  -0.0660708    -0.16068  -0.0729392     0.02256  -0.0743615   -0.177758  -0.0856137    0.060396   -0.164742  0.00390034  -0.0666271  -0.0119322    -0.26595   0.0442478   -0.113216    0.024538   0.0711854    -0.10499    -0.08907   -0.363527  -0.0908307   -0.302119   -0.209166  -0.0564054   -0.219901   -0.261275   0.0130206
 -0.0785704   -0.156548   -0.187304   -0.113776   -0.214336   -0.190114  -0.0593177    -0.15434  -0.0963538   -0.156556    -0.15069   -0.147852   -0.142001  -0.0739712   -0.139292   -0.162921   -0.164146  -0.0793347  -0.0728337   -0.100495   -0.031141  -0.0822379   -0.011952  -0.0628212  -0.0412978    -0.12203  -0.0775381  -0.0630882  -0.0851098   -0.148885  -0.0445636   -0.196565   -0.213121  -0.0610564   -0.084227  -0.0944795   -0.140738   -0.118836  -0.0931437   -0.218585   -0.128768   -0.151946
