no weights
   0.0875866   0.00465307    0.0749446    0.0480483     0.123791    0.0643739   0.00204038    0.0945339     0.025993    0.0857751      0.05863    0.0261605    0.0130248    0.0583757    0.0699085     0.043988    0.0736056    0.0695141   -0.0119733    0.0628447      0.01609     0.057052     0.108707   -0.0294026     0.015659    0.0829046    0.0921894     0.115889    0.0772126  -0.00673639    0.0583664    0.0954141    0.0823962    0.0511265    0.0286819   0.00701082    0.0408651     0.141288    0.0667065    0.0769616     0.112962  -0.00989383     0.092681   -0.0241425    0.0315121    0.0751122   -0.0037174    0.0463022
   0.0375373    0.0841461    0.0667729    0.0485065     0.115544    0.0853454    0.0792536    0.0875928     0.039816    0.0503287    0.0746519     0.076699     0.061461   0.00904395    0.0246115    0.0681042   0.00884807     0.113468     0.092554    0.0903844    0.0565584    0.0227408     0.116923    0.0841075    0.0404936    0.0815399    0.0324384    0.0823072    0.0218356      0.12405     0.103076   0.00412164    0.0327658    0.0194565    0.0388344    0.0712435    0.0579243    0.0563858     0.049498    0.0869358    0.0930026      0.10587    0.0551634    0.0680329    0.0879097     0.109004     0.125007    0.0867774
   0.0670478    0.0412161    0.0797242    0.0539858    0.0835891    0.0145678     0.020767    0.0916545    0.0433795     0.104603    0.0492208    0.0343975     0.107138    0.0631023      0.11409    0.0988457 -0.000601978      0.12017    0.0415965       0.1161     0.018364     0.023357     0.029505      0.07748    0.0454801    0.0944215     0.123843    0.0602964   -0.0161267    0.0648754    0.0628937    0.0486932    0.0846404      0.13553   0.00418086   0.00292183    0.0266045     0.117609    0.0617464    0.0670375      0.10126    0.0825725    0.0449126     0.114607    0.0541736     0.060602    0.0246391    0.0800566
   0.0780695      0.06417     0.139828    0.0696808     0.127834    0.0820022    0.0535516    0.0742087    0.0698471    0.0106257    0.0387574     0.129959    0.0315554   0.00954534    0.0292922    0.0856592    0.0513328    0.0883011    0.0658743    0.0758525     0.104442    0.0557724    0.0354171    0.0827191    0.0543923    0.0247042    0.0684179    0.0936806    0.0609445   0.00902981    0.0390537    0.0314578    0.0133171    0.0492727    0.0133417    0.0608482    0.0742796    0.0543242     0.018189    0.0755704    0.0586389    0.0852236    0.0642257     0.123167    0.0498558     0.114426     0.106669    0.0435591
    0.121428    0.0458656    0.0359048    0.0326107     0.130548    0.0516801    0.0525375    0.0739622    0.0784929     0.100447    0.0620085   0.00232315     0.086978    0.0698824     0.091833    0.0611202    0.0825262    0.0174393    0.0971688     0.116487    0.0319001   -0.0162389    0.0768562     0.034666    0.0661251    0.0884369    0.0379452     0.107927    0.0819431    0.0586337     0.100546     0.014947     0.127734    0.0316037    0.0827942    0.0398363  -0.00214057     0.105488    0.0311457    0.0218565    0.0481465     0.011151    0.0882289    0.0310562    0.0565442    0.0718389    0.0636425     0.106938
   0.0838565    0.0900447     0.044626     0.063102     0.121778    0.0263505    0.0601897    0.0101655    0.0902606    0.0481174     0.087046    0.0713529      0.14435   0.00876527    0.0973933   0.00910828    0.0933441    0.0792197    0.0290789     0.118204     0.012006   0.00970383    0.0780776    0.0715642    0.0611045    0.0763692    0.0565274     0.114711    0.0256445   0.00964624     0.129377    0.0169865     0.117724    0.0765744    0.0947186    0.0936403    0.0526569    0.0566899    0.0967838    0.0125203    0.0987512    0.0812218     0.116434    0.0252291    0.0540185    0.0421748     0.126128    0.0369417
   0.0123867    0.0935555     0.131158    0.0575171    0.0435776    0.0429855    0.0277674    0.0491997    0.0871092    0.0839461    0.0500526    0.0126675    0.0381606    0.0113572    0.0768367    0.0178464    0.0351169   0.00998497     0.071596     0.037261     0.103244    0.0346255    0.0769235     0.075893   0.00786075    0.0387393     0.127086    0.0709242     0.109531    0.0303965    0.0170176    0.0951614    0.0579708     0.131127     0.125854    0.0378507     0.062996    0.0954261    0.0150763    0.0638719     0.157404    0.0430995     0.101334    0.0092889    0.0558737    0.0863313     0.107598    0.0692703
   0.0700022    0.0972261    0.0239802    0.0734309     0.100203    0.0706486    0.0953359    0.0701056     0.025577    0.0193412    0.0736229    0.0329746     0.135252    0.0986346  -0.00203252    0.0650825    0.0706895    0.0947793    0.0410835     0.109215    0.0516008     0.143081     0.122894    0.0929462    0.0340564    0.0405086    0.0242938    0.0777504    0.0700366    0.0892563    0.0577542    0.0461081    0.0657595    0.0987133    0.0669544    0.0545909    0.0600478    0.0225126    0.0753689     0.099489    0.0181966     0.124929    0.0690272   0.00898819     0.105084    0.0656491    0.0525624    0.0768443
   0.0803187    0.0171574    0.0642763    0.0997427     0.102748     0.112401    0.0909288    0.0873174    0.0201746     0.100884     0.052259    0.0249598    0.0312426    0.0570146    0.0605915    0.0498305     0.128555    0.0430354    0.0028638    0.0891088    0.0808905     0.099163     0.107138    0.0478578    0.0327712     0.086214    0.0622028     0.124035     0.058176    0.0386073    0.0853453     0.120977     0.121653    0.0660448    0.0427946    0.0853299     0.084146     0.104673    0.0288313    0.0518666     0.132884    0.0780657    0.0563554    0.0477665    0.0206585   0.00855812    0.0244955    0.0827618
   0.0321241     0.070775    0.0665525    0.0221931  -0.00352429    0.0277491    0.0697275    0.0919288    0.0663574    0.0754746    0.0915112   0.00106803     0.129557    0.0310869    0.0733562    0.0824143   0.00894842    0.0238071     0.101213    0.0970622    0.0336297    0.0112299    0.0807583    0.0596439     0.135256   0.00451946    0.0559442    0.0410224    0.0185341    0.0523411     0.118125      0.07255     0.128112    0.0305584 -0.000488699    0.0764984       0.0863     0.103405    0.0641985  -0.00324597    0.0370714    0.0858274      0.10891     0.114604    0.0610554    0.0765687     0.117834     0.133993
   0.0371787    0.0678854     0.039057      0.09129     0.123509    0.0629956    0.0698111    0.0105919    0.0463776      0.09584    0.0915375    0.0121022     0.048061    0.0364995     0.104465    0.0831675    0.0941397    0.0646302     0.111882    0.0912388     0.095925    0.0984014    0.0936758    0.0216903     0.107025    0.0372272      0.12045    0.0705139    0.0584924    0.0171524     0.128508    0.0728421    0.0867027      0.13305    0.0804494    0.0404598     0.122769    0.0312034     0.121092    0.0765341    0.0797116     0.049394      0.12466    0.0442655     0.100342     0.114322    0.0453042    0.0766888
    0.054461    0.0159781    0.0981395     0.033871    0.0500551    0.0163569    0.0689612    0.0496073     0.105777    0.0248811    0.0889158    0.0205818    0.0341065   0.00420514    0.0811109    0.0564719    0.0657895    0.0852647    0.0380617    0.0442471    0.0646348    0.0691303     0.022285    0.0254952    0.0567908   0.00940929     0.128882    0.0366361   -0.0158228    0.0985063    0.0725902    0.0324706     0.139615     0.102817     0.050525  -0.00652434    0.0124588    0.0927417     0.140241     0.103681    0.0904511      0.05422    0.0440645     0.117751    0.0537013     0.135074      0.03232    0.0271112
   0.0380518       0.1004     0.067481     0.104499     0.058783    0.0156688    0.0427732    0.0739165    0.0180748    0.0542702    0.0420936    0.0604679      0.11879    0.0741563    0.0599836    0.0922963    0.0391374   0.00439961    0.0573989    0.0827083    0.0863724    0.0901315    0.0474728    0.0589111     0.104467   0.00538569    0.0386122    0.0123334    0.0866966    0.0681748    0.0674812    0.0416683      0.11566    0.0629556    0.0705807     0.076237     0.104215    0.0736438    0.0431953    0.0418552     0.108506    0.0813793    0.0829555    0.0214493     0.119092    0.0891233     0.103469    0.0785102
   0.0147363    0.0371675    0.0867064    0.0573072    0.0284862     0.107436      0.06179    0.0446517    0.0829395    0.0327354     0.113938    0.0561532    0.0452887   -0.0061748    0.0932403      0.02243     0.165867    0.0220918   -0.0359457     0.133277    0.0147938    0.0941257    0.0340764    0.0816486    0.0405044    0.0773954     0.122075    0.0463556  0.000238531  -0.00611883    0.0431063     0.117033    0.0923983    0.0949179     0.075676    0.0304732   -0.0180464       0.1288    0.0706154     0.098746      0.12188    0.0197316  -0.00499903  -0.00834602    0.0929837    0.0526619   -0.0105159    0.0808385
   0.0954847      0.10738    0.0465927      0.10469    0.0537135    0.0375576    0.0743139    0.0692738    0.0150064    0.0788943    0.0597273    0.0723821    0.0992617    0.0465186    0.0364405    0.0811988     0.119269    0.0721996    0.0849794     0.108719    0.0835953     0.110857    0.0513548    0.0999005   0.00894786    0.0342966     0.102963    0.0400029    0.0891417    0.0171252    0.0523012    0.0890352     0.104256     0.126606    0.0263226      0.12324    0.0315887    0.0782786    0.0594311     0.103304     0.049988    0.0995237     0.019527    0.0498849    0.0818032   0.00138102    0.0777949    0.0322185
    0.105646     0.122756     0.118858     0.106024    0.0256862    -0.012037     0.113369    0.0188243    0.0615809     0.067831    0.0508998    0.0954312    0.0574628   0.00216466    0.0229978    0.0444115   0.00380941    0.0658105    0.0995484      0.10293    0.0917997    0.0722548    0.0643458    0.0607684    0.0470435    0.0819046    0.0737137    0.0601985    0.0607041    0.0547472      0.10096     0.022379     0.111088    0.0136433   -0.0114179    0.0375305    0.0308334    0.0787525     0.104137    0.0536134 -0.000870236    0.0588483    0.0762977    0.0743856     0.137059    0.0887735    0.0758771    0.0795523
   0.0314374    0.0150163    0.0588656     0.129378    0.0768495    0.0595873    0.0359771    0.0261997    0.0419127     0.127273    0.0829889    0.0978924    0.0377228    0.0846741    0.0376755     0.024226    0.0915582    0.0480864     0.103874    0.0981275     0.086966    0.0760545    0.0541918    0.0701949     0.078195    0.0472204    0.0821242      0.11005    0.0426696    0.0687911    0.0480443    0.0571435    0.0617501    0.0643874    0.0360323    0.0961235    0.0501316    0.0689474    0.0743069    0.0798513     0.132403    0.0539005    0.0343839    0.0980311     0.103642    0.0781801     0.110003    0.0974291
   0.0600624    0.0894821    0.0973876    0.0294172     0.123622    0.0864693     0.086997    0.0934355    0.0745424     0.111494    0.0260827    0.0491637     0.116461    0.0489948    0.0306745    0.0633839    0.0520597    0.0278956    0.0011584    0.0860212     0.113878    0.0736745    0.0703361    0.0686359    0.0247575    0.0537979    0.0702321    0.0783643    0.0468936    0.0593532  -0.00062459    0.0859197    0.0552917    0.0404253 -0.000419224    0.0938989   0.00170941    0.0923352     0.075082    0.0699752    0.0360379    0.0508944     0.054174      0.08179     0.155197     0.140115    0.0419665    0.0506647
    0.110678    0.0490899    0.0731842    0.0544905    0.0074428    0.0097268    0.0931429   -0.0140912   -0.0232313    0.0109094     0.130401     0.057215     0.113001    0.0151088    0.0224266    0.0956228    0.0950626     0.008396    0.0354035     0.046469   -0.0274934    0.0495532    0.0533448    0.0383273    0.0155014    0.0952339    0.0973883    0.0542371    0.0747648     0.030211    0.0480898     0.059066    0.0411611     0.127493    0.0144717     0.031292   0.00719907    0.0837371    0.0496789    0.0755677    0.0866567    -0.023317     0.132463   -0.0203073    0.0685161    0.0201656    0.0432962     0.116508
   0.0356154     0.144098     0.153505      0.10241     0.099405    0.0298494    0.0372571    0.0566267    0.0832559    0.0603162    0.0389306    0.0344239    0.0342446    0.0502216    0.0674346    0.0835313    0.0522726    0.0941784    0.0312423    0.0423616    0.0830346     0.120063    0.0723685     0.104072    0.0572311    0.0979051    0.0800811    0.0449055    0.0341024    0.0878092    0.0111517     0.100669    0.0662732    0.0173324    0.0939568   0.00655337  -0.00063593    0.0369479    0.0937542    0.0981812     0.098632    0.0216474    0.0125251      0.10547     0.118551    0.0287813     0.033918   -0.0103748
    0.100845    0.0858815    0.0929881    0.0610489    0.0432488     0.114806   0.00221392    0.0840372    0.0987467    0.0299734    0.0703486    0.0507484     0.080632    0.0235692    0.0355265    0.0653684     0.113351    0.0848744    0.0424812    0.0376005     0.110552    0.0983211     0.100687   -0.0142499    0.0188593  -0.00843062    0.0827904 -0.000511618   0.00819478   0.00742556    0.0236892    0.0727862    0.0498018    0.0371996     0.107324  -0.00469255    0.0374739     0.125328    0.0894288    0.0016961      0.11751    0.0377206     0.016801    0.0439741   0.00677635    0.0783137     0.027198     0.079379
   0.0699085     0.110706     0.136857    0.0985259     0.151443    0.0143613    0.0491032     0.044634     0.031521   0.00512251    0.0730163    0.0281622    0.0356357    0.0193058    0.0306062    0.0223655    0.0739572    0.0129197    0.0122534    0.0152918    0.0958511     0.113033    0.0620929    0.0171022    0.0559243     0.035235     0.135144    0.0970101    0.0285521    0.0237715   0.00548818    0.0123568    0.0588484    0.0816991     0.103744    0.0089925     0.119486    0.0973352     0.105394     0.047644    0.0678478    0.0295326    0.0702321    0.0973059    0.0498329     0.113877    0.0838491    0.0376417
    0.109472     0.036078    0.0305389    0.0425368    0.0547569    0.0281172    0.0239617    0.0415881 -0.000131562     0.113484    0.0826456    0.0596035    0.0340167  -0.00800043    0.0304698    0.0649325    0.0651589    0.0346349   -0.0151025    0.0642382  -0.00943609    0.0395897     0.016683   -0.0322482    0.0133344    0.0506326    0.0617105     0.107289    0.0417916  0.000302431    0.0318938     0.121901    0.0569813     0.128817   0.00658763   0.00885256    0.0138983    0.0340413    0.0712071    0.0923252    0.0734498    0.0292897    0.0934942    0.0694197    0.0349411    0.0977766    0.0755226    0.0168265
   0.0969239     0.016961    0.0635063     0.125931    0.0903262     0.105149    0.0700343    0.0847178    0.0719772    0.0223096      0.04664     0.120643    0.0669707     0.102319    0.0955876     0.107668     0.111946   0.00893954     0.104735    0.0254974    0.0337182    0.0683538    0.0460964    0.0762943    0.0911091    0.0764734     0.103125    0.0348309    0.0235648    0.0727086    0.0418953    0.0885456    0.0669248    0.0440947    0.0509939    0.0066332    0.0859141     0.116857     0.110812    0.0649818    0.0827327    0.0270751    0.0376539     0.075629     0.138715     0.118129    0.0889381    0.0876677
   0.0816528   0.00542409    0.0295285    0.0193031    0.0579828   0.00812646    0.0600562    0.0306259    0.0327083    0.0152058    0.0420646    0.0423691    0.0592062    0.0910784    0.0754258    0.0711653    0.0601212   0.00565206    0.0653498    0.0117075   0.00956904    0.0585155    -0.015604    0.0818377   0.00982877     0.105332     0.105904    0.0564422    0.0694471    0.0935513    0.0763535    0.0270743     0.069478    0.0577698    0.0914211    0.0281158    0.0549692   -0.0196041     0.075562    0.0574047   -0.0232752    0.0228881    0.0767797      0.11014      0.16316     0.121006    0.0541949    0.0233802
   0.0374179    0.0541296     0.074247    0.0601522    0.0431046     0.104305    0.0765009    0.0162435    0.0371758   0.00358202    0.0331418    0.0655302    0.0859133     0.083572    0.0342279     0.048835     0.078508    0.0537911   0.00808372     0.097715    0.0610886    0.0761084    0.0463284    0.0611987    0.0821693       0.0919     0.099041    0.0231714   -0.0065857      0.10154     0.010237    0.0945423      0.13448    0.0398733   0.00948904     0.069243     0.100634    0.0693714     0.148608    0.0715602    0.0795489    0.0636282    0.0602995    0.0741697    0.0732574     0.106469    0.0660992    0.0423105
   0.0968447    0.0246197    0.0892978     0.113609     0.136209     0.048143    0.0684988    0.0708631    0.0695348    0.0114448     0.102091    0.0234566    0.0638457    0.0392252    0.0821911     0.061597    0.0976733     -0.01195    0.0940188    0.0858536    0.0126539    0.0615649    0.0354968   -0.0152072    0.0199261    0.0908178    0.0808393     0.054438     0.111202    0.0260278    0.0265191     0.109248    0.0519625    0.0148008    0.0393356  -0.00771944     0.112337    0.0340708     0.097984    0.0110922     0.106168    0.0778658    0.0582195     0.126552     0.129933     0.080105    0.0533147    0.0750556
    0.121404    0.0843857    0.0907029     0.133064     0.101743    0.0505093    0.0962284    0.0337725   0.00794662    0.0432392     0.034142    0.0817971    0.0444502    0.0303804    0.0757112    0.0911658    0.0447842    0.0169765      0.13042    0.0114682    0.0162569     0.117125    0.0982374    0.0606316     0.129548    0.0668933    0.0246347    0.0703089    0.0300748    0.0382675     0.116832    0.0391384   -0.0148896     0.044944    0.0370803    0.0965076     0.117704    0.0627584    0.0627001     0.102909    0.0119992    0.0770928    0.0487407     0.074761    0.0635159    0.0946436     0.143535    0.0720785
    0.154899    0.0277887    0.0541064    0.0207885     0.100794     0.102437     0.134151    0.0881984    0.0741136    0.0249894    0.0726625    0.0649057    0.0265528    0.0680281    0.0555383    0.0367096     0.130629  -0.00646968    0.0799475    0.0900025    0.0946763     0.092874     0.101457    0.0593624    0.0720664    0.0934852      0.10335    0.0554038    0.0352243    0.0638234     0.039779     0.100133    0.0476825    0.0764066     0.102601    0.0700046    0.0605001    0.0967474     0.153008    0.0888441    0.0721702    0.0259626    0.0105234    0.0970392     0.063842    0.0469989  9.88372e-05    0.0214036
   0.0976968      0.08333    0.0515532    0.0768318     0.108015    0.0624217     0.137675    0.0650569    0.0498868    0.0879848    0.0705268    0.0367688     0.101912    0.0667128    0.0848499    0.0654468       0.0363    0.0475221      0.10085    0.0335236    0.0216196   -0.0061493  -0.00180559    0.0933012     0.126842     0.109598    0.0775778    0.0436059     0.115398    0.0414479     0.145362    0.0252173    0.0219472    0.0761969    0.0130923    0.0930316    0.0354795   -0.0411728    0.0642984     0.052852  0.000353442     0.108516    0.0683331     0.130908     0.135409     0.124023     0.128299     0.103536
   0.0181952    0.0283454     0.112247     0.112196     0.118945    0.0501029    0.0600375    0.0191311    0.0734253    0.0130943    0.0173351    0.0278775    0.0589652     0.020744    0.0454466    0.0820876     0.078818    0.0206284    0.0204842     0.100065     0.101265     0.102647    0.0673574     0.014279    0.0518735     0.101743    0.0769836    0.0575239    0.0485492     0.067977    0.0359288     0.103564     0.125995    0.0377935  -0.00500776    0.0314029    0.0392493    0.0951382     0.076585     0.106484  0.000914727    0.0594173   0.00875889    0.0729897     0.134054     0.118521    0.0139155    0.0296672
   0.0807869    0.0793454    0.0389929    0.0322546    0.0510223   -0.0168728    0.0770703    0.0983855    0.0491626    0.0518981     0.117668    0.0667844      0.12132     0.087849    0.0341084    0.0468108    0.0442187    0.0588401    0.0269077     0.107446    0.0897288    0.0991388     0.048373    0.0439994     0.064817     0.103823     0.106903    0.0937612    0.0143101    0.0731752    0.0678209    0.0348912     0.116192   0.00163694   -0.0101231    0.0549414     0.102016     0.104019     0.084693    0.0476415    0.0277551    0.0672803    0.0503438    0.0270798    0.0905266    0.0462674    0.0863483    0.0728847
   0.0245236     0.093108     0.030355    0.0131499     0.110972   -0.0162886     0.110263    0.0885648     0.112952    0.0250909    0.0588224    0.0267243     0.120565    0.0569362    0.0608172    0.0875132    0.0779936    0.0776121     0.103952    0.0361198    0.0712606    0.0657736    0.0225679    0.0345189    0.0723735    0.0773926    0.0635789    0.0742467    0.0161929     0.051109     0.107674    0.0895175     0.116515     0.028325    0.0929767    0.0175341     0.089522    0.0778001    0.0568375    0.0979223    0.0907663    0.0798863    0.0208859    0.0490737    0.0875567    0.0887578     0.101106    0.0916611
   0.0762656     0.035737    0.0200532    0.0753746    0.0410292    0.0584414     0.042908    0.0201325    0.0145862    0.0206868    0.0409499     0.045348    0.0682269   0.00347914    0.0118987     0.115913    0.0818534    0.0697522     0.101571    0.0713096 -0.000199607    0.0739466   0.00851048   0.00395493     0.025406    0.0939215     0.019665      0.12542    0.0203866     0.038806    0.0779519     0.105431  0.000874699    0.0469064    0.0677908    0.0417712     0.112327     0.128853    0.0940092    0.0709447    0.0269219    0.0617868    0.0880076  -0.00896553    0.0270846     0.025376    0.0922382     0.133424
      0.0348    0.0546618      0.13739    0.0663493    0.0984912     0.106482    0.0643088    0.0515178     0.101925    0.0370883    0.0395235     0.107429  -0.00983038      0.01554     0.107884     0.109319    0.0119176    0.0519763    0.0745673    0.0101986    0.0394569    0.0311757    0.0665447    0.0165026 -0.000969477   -0.0207967    0.0967148    0.0655297    0.0258279    0.0703795    0.0193374      0.03492    0.0500707    0.0542512    0.0979151     0.120797    0.0666633    0.0757524    0.0662794    0.0928132    0.0251051     0.106877    0.0748999    0.0533876    0.0815402     0.086356     0.104109     0.102645
   0.0255951    0.0839567      0.15302    0.0986198      0.13236    0.0761224     0.086372     0.108221    0.0906395    0.0294568    0.0580938    0.0652907    0.0277039    0.0730763    0.0333215     0.102054     0.110404    0.0335628    0.0582235   0.00934026      0.10567    0.0773542    0.0712112   0.00679144  -0.00550681      0.10414     0.129994     0.047931    0.0449847    0.0214823    0.0791361    0.0166463    0.0814233      0.10421    0.0299961    0.0327034     0.022803     0.081564     0.114366    0.0986784    0.0892242    0.0285814    0.0560429    0.0655002    0.0833255    0.0398051    0.0409083     0.084579
 -0.00248429    0.0473011     0.138675     0.130615     0.056979    0.0580765    0.0431989     0.109577    0.0492534    0.0536461    0.0561358     0.108708  -0.00218957    0.0986509    0.0359861    0.0212315    0.0882622     0.109609   0.00746572   0.00885502    0.0940865    0.0773092    0.0692133    0.0589108    0.0533139     0.053244    0.0958736    0.0419931    0.0950242    0.0945535    0.0966347    0.0201142   0.00657405    0.0570135     0.106214    0.0652061    0.0211113    0.0792242     0.119351    0.0617756    0.0422899    0.0579196    0.0333474     0.134522    0.0957685     0.122526    0.0564336   -0.0109003
    0.153929    0.0547292    0.0957595     0.096453    0.0334487     0.143763    0.0647674    0.0223745     0.105815    0.0507655    0.0436858    0.0261108    0.0589065     0.100177    0.0427818    0.0314644    0.0937492    0.0736418    0.0836901    0.0983057    0.0310544    0.0770405    0.0354937    0.0108214     0.114354    0.0513474     0.106336    0.0321306    0.0115966     0.100974     0.101242    0.0283457    0.0242895    0.0308386    0.0932063    0.0697309    0.0598596     0.123903    0.0642632    0.0582234    0.0226406    0.0703409    0.0744559     0.138698    0.0299129    0.0345206    0.0927968    0.0713508
   0.0407458    0.0437763    0.0494403     0.132378     0.108434    0.0299817    0.0893756    0.0744205    0.0639169     0.104094    0.0375744     0.083373    0.0238754    0.0679488     0.108285     0.101149     0.077689    0.0769041    0.0416024    0.0774087    0.0426748    0.0655047    0.0436378    0.0117616    0.0872675    0.0312704    0.0124166    0.0759708   0.00962124    0.0631957    0.0512209    0.0825712     0.124511    0.0881179    0.0134705    0.0236051    0.0326686     0.102377     0.120266     0.100437    0.0501795    0.0460471    0.0036715    0.0865492     0.180214    0.0855834    0.0669334    0.0944818
   0.0916991    0.0748388    0.0515297    0.0580867    0.0812737    0.0382587    0.0753695    0.0755557    0.0654667    0.0704745    0.0886405    0.0246528     0.129598    0.0707909       0.0425    0.0810704    0.0576657     0.038923     0.151723    0.0918351     0.113357   0.00675906     0.109282     0.108099     0.124154    0.0560687    0.0831037    0.0917426    0.0919361    0.0799302     0.144154 -3.46922e-05    0.0182562   0.00435685    0.0320035    0.0373622    0.0820834    0.0750519    0.0344565    0.0269891    0.0301364    0.0349992     0.111874    0.0851535    0.0102638    0.0236554    0.0562205    0.0847259
  -0.0148159    0.0273118     0.137584      0.11314    0.0925209    0.0485032    0.0284245  0.000948141    0.0438775    0.0894935    0.0400478     0.115647    0.0329054    0.0268641     0.102083    0.0212405     0.023011    0.0742127   0.00396545     0.128368    0.0840768    0.0913093    0.0850085     0.063981     0.089118    0.0562199     0.034659      0.12226     0.102184    0.0492106    0.0356683    0.0548671    0.0177964     0.105902    0.0160816    0.0221054    0.0782969     0.126336    0.0102703    0.0477898     0.120668    0.0353136    0.0881963    0.0663954    0.0829755    0.0708297    0.0910064    0.0604184
   0.0466349    0.0673725     0.108256    0.0895003     0.117581    0.0106758     0.065476    0.0452712    0.0947176     0.097417    0.0711689    0.0500062     0.103022   0.00088208    0.0994038     0.102476    0.0964919    0.0380548    0.0380735    0.0276194     0.069814     0.094749  -0.00808326    0.0592534    0.0924009     0.108965    0.0125472      0.10453     0.030344    0.0252505    0.0559935    0.0157099    0.0771578    0.0925922    0.0252722      0.10038    0.0243544   -0.0067534     0.108315      0.11571    0.0906808     0.100112  -0.00647135     0.100839     0.119034     0.058053      0.12067    0.0300058
  -0.134273   -0.104404    -0.13917   -0.115675   -0.151332   -0.111779   -0.125638   -0.161265    -0.11189   -0.142043   -0.142571   -0.144926   -0.145504  -0.0936642  -0.0854876  -0.0841861  -0.0924616   -0.097907   -0.111166    -0.14047       -0.11   -0.128248   -0.162096  -0.0816033  -0.0868238   -0.114129   -0.112858   -0.158221   -0.177958  -0.0788633   -0.130557   -0.111072   -0.166178   -0.163537   -0.101196   -0.126492  -0.0737604  -0.0904659   -0.116028   -0.119077  -0.0990897   -0.114802
   -0.11466   -0.148221  -0.0531241   -0.081617   -0.104946   -0.165618  -0.0989666   -0.213331   -0.170155  -0.0656801    -0.12985   0.0292617   -0.130086  -0.0857808   -0.172245  -0.0675654   -0.122156   -0.054227   -0.200863  -0.0533032  -0.0473701  -0.0980632   -0.134131  -0.0898763   -0.033416  -0.0619297   -0.114989   -0.220674  -0.0663155   -0.121627  -0.0279704  -0.0643707  -0.0931232   -0.208512  -0.0574436  -0.0518887  -0.0268255   -0.158464  -0.0854741   -0.151549   -0.137556  -0.0901662
 -0.0750666   -0.174817   -0.157943   -0.149732      -0.195   -0.180555  -0.0518289   -0.127589  -0.0918875   -0.109931   -0.116685  -0.0638837  -0.0949766  -0.0080612  -0.0776954   -0.111503   -0.113286    -0.16035  -0.0350935  -0.0731279  -0.0863169  -0.0578182  -0.0879313  -0.0862349   -0.155196  -0.0840126  -0.0687887   -0.125692  -0.0723419   -0.217668   -0.120775  -0.0691357  -0.0769223  -0.0336947   -0.133204  -0.0804437   -0.110107   -0.139597   -0.120968   -0.186203  -0.0973339   -0.119972
  -0.053078   -0.107888   -0.119829   -0.165961  -0.0892176   -0.119182   -0.117139   -0.150643   -0.105392   -0.153478   -0.134638  -0.0581437   -0.131531  -0.0703041   -0.117385  -0.0970197   -0.109069    -0.13063  -0.0844715  -0.0642958   -0.125874   -0.159727  -0.0780494  -0.0892493   -0.133068   -0.117974   -0.160507  -0.0809736  -0.0580369   -0.169984   -0.107798   -0.107195    -0.15084   -0.133619  -0.0441144  -0.0960603  -0.0704351  -0.0670814   -0.116067  -0.0991535   -0.163529   -0.124988
 -0.0922161   -0.102326   -0.114684   -0.121462  -0.0683886  -0.0582057  -0.0593134   -0.119896   -0.101888  -0.0886237  -0.0620237   -0.137698   -0.112328  -0.0256365  -0.0500504   -0.162587  -0.0492273   -0.148948  -0.0803586   -0.126005  -0.0972151   -0.174158   -0.026258   -0.163653   -0.100848   -0.134347   -0.130399   -0.136791   -0.143638  -0.0707505   -0.107367   -0.153567  -0.0947721    -0.14669   -0.148271   -0.173997    -0.15499    -0.16828  -0.0866184   -0.163414  -0.0814552  -0.0644949
  -0.106518   -0.107927   -0.130894  -0.0985567   -0.103729   -0.132149   -0.117994   -0.108609   -0.156995  -0.0972174   -0.114799   -0.161343   -0.107102   -0.114693  -0.0747543     -0.1225   -0.129451   -0.139252   -0.156938   -0.106455   -0.107134  -0.0729764  -0.0843376   -0.175436  -0.0893739   -0.122275  -0.0666701   -0.109508   -0.148743   -0.100662   -0.139161   -0.152158   -0.140733   -0.104229  -0.0928246   -0.107734   -0.138534  -0.0859203   -0.172392   -0.117415  -0.0917002   -0.102264
 -0.0855402   -0.122562   -0.116635  -0.0976446   -0.128221   -0.101335  -0.0759259  -0.0885758    -0.15873   -0.100595   -0.126189     -0.1641   -0.146143   -0.178427  -0.0939665   -0.137299   -0.135747  -0.0985248   -0.180525   -0.133517   -0.121098   -0.128532  -0.0874456   -0.137837  -0.0566291   -0.119188  -0.0861832   -0.141165   -0.144106  -0.0493201  -0.0910122   -0.107951    -0.10949   -0.132144   -0.102739   -0.146956  -0.0522729  -0.0569902   -0.155728  -0.0743452   -0.123609   -0.066037
 -0.0502934   -0.175247  -0.0681926  -0.0578192   -0.110652   -0.161407   -0.127113   -0.179414  -0.0719202   -0.187898   -0.187755   -0.118247   -0.162646   -0.025439   -0.108693   -0.114076  -0.0893126  -0.0828661  -0.0748318   -0.032853 -0.00386162  -0.0502675  -0.0602738   -0.118967   -0.120838   -0.127735  -0.0650887   -0.100429    -0.11551   -0.169524   -0.058419   -0.160272   -0.182152  -0.0948486  -0.0793699  -0.0389248  -0.0578785  -0.0296005   -0.146885   -0.171159   -0.136122   -0.161819
  -0.140237   -0.114979   -0.109745  -0.0803093   -0.156492   -0.148065  -0.0770779   -0.138213   -0.103392  -0.0682694    -0.15501  -0.0647951   -0.090005   -0.120426  -0.0799906  -0.0742295   -0.148653   -0.127632   -0.112241   -0.110254   -0.100208   -0.124315  -0.0776145   -0.148526   -0.184073   -0.134224     -0.1584   -0.153535   -0.139718   -0.182323   -0.111991  -0.0894253  -0.0738574  -0.0828892   -0.163341  -0.0666032    -0.05357    -0.15074   -0.126279   -0.159902  -0.0733744  -0.0612625
    -0.1489   -0.129319  -0.0643695   -0.065619   -0.162267   -0.123367   -0.117633  -0.0571524   -0.144339   -0.176438   -0.172404   -0.114987   -0.143612   -0.151458  -0.0820297  -0.0857158   -0.147106   -0.123152   -0.149657  -0.0159486  -0.0692373   -0.142124   -0.139238  -0.0863803  -0.0824331  -0.0863831   -0.124699    -0.15944   -0.107657   -0.102951   -0.105919  -0.0837132   -0.109174   -0.132864   -0.113939   -0.146917  -0.0412129   -0.160686   -0.101707  -0.0784323  -0.0811191  -0.0833308
 -0.0911479    -0.12021   -0.149205   -0.159552  -0.0930513   -0.117129  -0.0493743   -0.113182  -0.0717465   -0.130448   -0.113689   -0.117925  -0.0822693  -0.0837386  -0.0875778   -0.151987  -0.0982989    -0.15791   -0.133598   -0.144216  -0.0842013    -0.13546   -0.131447    -0.15875  -0.0639822  -0.0685092    -0.16344   -0.154494   -0.157648   -0.112526   -0.131731    -0.15107  -0.0875201  -0.0715531  -0.0506194   -0.147884   -0.163245   -0.111501   -0.100351   -0.105789   -0.145295   -0.113639
 -0.0852794  -0.0824478   -0.129412   -0.146194   -0.106551    -0.12431   -0.168862   -0.109895   -0.133501    -0.14548   -0.170281   -0.136863   -0.144015   -0.126412   -0.157779   -0.137371   -0.123345   -0.102408   -0.109354    -0.13842   -0.108598   -0.082453   -0.163761   -0.151046  -0.0764559   -0.105908   -0.143019   -0.143505   -0.152661   -0.157113   -0.133942  -0.0807234  -0.0831268   -0.112416  -0.0905626  -0.0847163  -0.0722329   -0.102411   -0.123507  -0.0894733   -0.122366   -0.088056
  -0.167819   -0.129788   -0.122419  -0.0734935   -0.090884  -0.0940528   -0.118358   -0.149472   -0.160288   -0.103673   -0.103127   -0.117933  -0.0477403   -0.172527  -0.0968622  -0.0649066  -0.0979709  -0.0693085   -0.127186  -0.0758519   -0.152816  -0.0765268   -0.079265   -0.130719  -0.0971531   -0.150917   -0.063415  -0.0411727   -0.157074  -0.0651196  -0.0682357   -0.127487  -0.0595001   -0.117566   -0.160564   -0.152625    -0.13503   -0.134286  -0.0602028   -0.118561    -0.15144  -0.0923568
  -0.162626  -0.0607056  -0.0841355   -0.131769   -0.126522   -0.110341   -0.135553   -0.108872   -0.117479   -0.141642   -0.149563  -0.0800381   -0.154928   -0.104057   -0.108151   -0.101546   -0.105306    -0.14254   -0.153587  -0.0730578   -0.149884  -0.0994389  -0.0898865   -0.159635   -0.103466   -0.131252   -0.118225  -0.0610012   -0.164545   -0.106088   -0.122433   -0.146392   -0.130146    -0.13011  -0.0780329   -0.153417   -0.130545  -0.0915704   -0.127578  -0.0732351   -0.104752  -0.0993963
  -0.130666   -0.112858   -0.143757  -0.0817195   -0.093505   -0.136362  -0.0978976   -0.104678   -0.139712   -0.114824  -0.0992686  -0.0934511  -0.0772293   -0.102523   -0.181819  -0.0930776   -0.148412     -0.1084   -0.120176   -0.118402    -0.12177   -0.118079   -0.152738   -0.138629   -0.106817   -0.155226  -0.0775214   -0.147192  -0.0908087   -0.113941   -0.130487   -0.177012    -0.14908   -0.168972  -0.0834526  -0.0868702     -0.1721   -0.132242   -0.081525   -0.101097  -0.0904374  -0.0972721
  -0.117838   -0.140749   -0.140702   -0.060178   -0.103019   -0.120939  -0.0935956  -0.0721981  -0.0733325   -0.097518   -0.106986   -0.167443  -0.0673289   -0.118237   -0.127525   -0.101333   -0.147403   -0.153489   -0.140506  -0.0828865  -0.0714389  -0.0826988  -0.0777418   -0.118532   -0.176832   -0.123239   -0.117848  -0.0517367   -0.131671   -0.124474  -0.0588303    -0.11443   -0.152232  -0.0655185   -0.153647   -0.136946   -0.142737  -0.0863783   -0.143576  -0.0307674   -0.118586   -0.165637
  -0.124246    -0.13827   -0.171362   -0.137616   -0.124717   -0.169506   -0.103847  -0.0640029   -0.146476  -0.0710779   -0.151876   -0.113241   -0.142945     -0.1713   -0.121322   -0.109764   -0.105679   -0.136076  -0.0832121  -0.0747485   -0.104368   -0.141478   -0.134685   -0.155403   -0.109834   -0.125941  -0.0828803  -0.0939886   -0.078514   -0.119319  -0.0683724  -0.0687978   -0.132414   -0.137104  -0.0741248  -0.0796976   -0.113673   -0.127226   -0.145947   -0.145556  -0.0736531   -0.120066
  -0.101503   -0.102866  -0.0954593   -0.129608    -0.13297   -0.142298   -0.164396  -0.0369225  -0.0553997   -0.082005   -0.136922   -0.159433  -0.0621502   -0.113012  -0.0612912   -0.107347   -0.135969  -0.0788196  -0.0871989    -0.14329   -0.125277   -0.171632   -0.135806  -0.0909241   -0.123245  -0.0636124   -0.182383   -0.126836   -0.107397   -0.115608   -0.143865  -0.0677126   -0.157344  -0.0776981  -0.0672474   -0.169466  -0.0997768  -0.0726022   -0.153925  -0.0960499  -0.0876568   -0.160513
 -0.0747952   -0.132741  -0.0600432   -0.115278   -0.149441   -0.164395  -0.0561109  -0.0968926  -0.0744504   -0.177811   -0.119114   -0.105099  -0.0823047   -0.125087   -0.114547   -0.132914   -0.054253  -0.0457434   -0.120365  -0.0828948   -0.174106   -0.112801  0.00850345   -0.102569  -0.0826283   -0.135854   -0.162095  -0.0671366   -0.204357   -0.137555  -0.0636587   -0.168672   -0.156527  -0.0496056  -0.0360329  -0.0654278   -0.108291    -0.18939  -0.0424498   -0.202274  -0.0854389 -0.00468741
 -0.0214673  -0.0649175   -0.181543  -0.0972708  -0.0555467   -0.137662  -0.0414948   -0.152131   -0.108128   -0.191762   -0.143817    -0.13413   -0.112079  -0.0193258   -0.172974   -0.164113    -0.05376   -0.123069  -0.0737182   -0.134304  -0.0577591  -0.0646386   -0.121025  -0.0512189   -0.102339    -0.13286  -0.0378915   -0.162719  -0.0985752   -0.172922    -0.12595   -0.181683    -0.14337  -0.0901058  -0.0428831   -0.125269  -0.0387047    -0.13219  -0.0695248   -0.164653  -0.0226914   -0.157874
 -0.0763875  -0.0660293  -0.0802927   -0.111221   -0.122924   -0.149412   -0.128695   -0.134072   -0.122115   -0.100608   -0.107275   -0.103741   -0.110147   -0.163714   -0.148946   -0.171677   -0.159215   -0.135857  -0.0463989   -0.175438  -0.0697063   -0.131614   -0.145221   -0.103103   -0.062647    -0.12754  -0.0688078  -0.0585805  -0.0645408  -0.0756689   -0.160161   -0.109715   -0.100478  -0.0457194  -0.0628223  -0.0980587   -0.130508   -0.113932   -0.132923  -0.0550926   -0.135335   -0.160452
  -0.153704   -0.129182  -0.0951499   -0.136145  -0.0785851  -0.0820405     -0.1116   -0.155088   -0.185732 -0.00649642   -0.103586  -0.0649781   -0.113441   -0.180118   -0.176491  -0.0350243   -0.069197   -0.155746  -0.0399653   -0.191532   -0.123668   -0.150084  -0.0288892  -0.0390843 -0.00627746   -0.113618   -0.069548   -0.082365   -0.155609  -0.0249071   -0.148322   -0.105257  -0.0810121  -0.0197421   -0.140991   -0.155058   -0.179577  -0.0860254   -0.137337  -0.0473513   -0.162644   -0.117427
 -0.0605368   -0.151537   -0.131021   -0.157114  -0.0572314   -0.118303  -0.0542836   -0.133283  -0.0420789   -0.144093   -0.139753  -0.0893749    -0.11285   -0.150815  -0.0981567   -0.121132  -0.0713259  -0.0876096  -0.0896478   -0.130072   -0.106165    -0.11391  -0.0760162   -0.152109   -0.148407   -0.186179  -0.0920008   -0.125383   -0.125902   -0.118557   -0.173585  -0.0937788  -0.0986677  -0.0632774   -0.153994   -0.115448   -0.094047   -0.138765   -0.160902  -0.0333419   -0.142461   -0.110098
 -0.0513126   -0.152596   -0.181306    -0.11552      -0.097  -0.0556643  -0.0592094  -0.0835704   -0.113385  -0.0696112  -0.0926777   -0.127988  -0.0759227   -0.147201   -0.149375   -0.152786   -0.150945   -0.110332  -0.0813246   -0.138292   -0.108191  -0.0598928   -0.146331   -0.115861   -0.131546    -0.13053  -0.0985412  -0.0803522  -0.0794548   -0.120454   -0.135616  -0.0756579  -0.0759797   -0.137995   -0.161917   -0.125387   -0.116742  -0.0921533   -0.177787  -0.0401011   -0.147883   -0.162743
   -0.18167  -0.0478149  -0.0837742   -0.099414  -0.0951956  -0.0879497   -0.149528  -0.0794782    -0.18175  -0.0885063   -0.151487  -0.0970328   -0.141238   -0.132037   -0.134086  -0.0973973  -0.0999232   -0.101426   -0.151558  -0.0698419   -0.172953   -0.129678    -0.16114   -0.154562  -0.0590246  -0.0730651   -0.108628  -0.0877078   -0.153015   -0.141707   -0.149779  -0.0883868   -0.104889  -0.0855533   -0.138895   -0.164758  -0.0658866   -0.156286   -0.097456  -0.0808643  -0.0774682  -0.0822443
 -0.0967501   -0.127785   -0.136572  -0.0646954  -0.0515364   -0.103798   -0.139601    -0.15151   -0.137205   -0.141616   -0.153962   -0.153379   -0.130007   -0.139537   -0.100469  -0.0455622   -0.147706   -0.100187  -0.0396877   -0.122293    -0.17331  -0.0705111  -0.0761688    -0.14388  -0.0909627   -0.167643   -0.154672   -0.108503  -0.0905658  -0.0498357   -0.146959   -0.108726   -0.122139  -0.0827007   -0.155694  -0.0597811   -0.109036   -0.115823   -0.175549   -0.044425  -0.0531714   -0.162454
  -0.107907   -0.121081  -0.0542174   -0.125578   -0.162285  -0.0997258   -0.110822   -0.166146   -0.176982   -0.137018   -0.141102   -0.114368    -0.09636  -0.0917086   -0.124628  -0.0949713    -0.16108   -0.158664  -0.0838616   -0.103984  -0.0729421   -0.077387    -0.12205   -0.119052   -0.095645   -0.116185   -0.129208  -0.0772646   -0.127942   -0.110554   -0.114872   -0.115103  -0.0783833   -0.125966   -0.158635  -0.0899969   -0.104617   -0.130086   -0.126834  -0.0912039   -0.120239   -0.148454
  -0.149598  -0.0930397  -0.0901464  -0.0969966     -0.1059  -0.0704973  -0.0697507   -0.136823  -0.0861178   -0.106087   -0.131341   -0.151495   -0.162164   -0.128494    -0.14864  -0.0774165   -0.162676   -0.156358  -0.0652574  -0.0790303    -0.15311    -0.11282   -0.145178   -0.137418  -0.0956072   -0.122739   -0.118208   -0.104562   -0.145605  -0.0647382   -0.132959  -0.0772778   -0.105497   -0.143414   -0.116609   -0.121844   -0.102862   -0.172002   -0.149894   -0.139078  -0.0779313   -0.123199
  -0.178084    -0.11556  -0.0988067  -0.0717595   -0.178721   -0.123154   -0.138828   -0.101337   -0.155575   -0.147759   -0.143611   -0.148397  -0.0623986  -0.0818254  -0.0849563  -0.0543181   -0.133824  -0.0568053   -0.133076   -0.119423  -0.0895186  -0.0579277   -0.149465   -0.169345  -0.0842161  -0.0852413  -0.0668384  -0.0823692   -0.148631     -0.1482  -0.0768658  -0.0560297   -0.142193    -0.15358   -0.128582    -0.14186   -0.131036  -0.0981373   -0.104393   -0.145356  -0.0729085   -0.135107
  -0.194033  -0.0612603   -0.102235  -0.0865174  -0.0850726    -0.10097   -0.159973  -0.0750516   -0.108519  -0.0620186   -0.123955  -0.0768075   -0.115478    -0.11298   -0.117964   -0.093952    -0.13383   -0.121636   -0.178528   -0.124284   -0.118299   -0.200032   -0.143359  -0.0748763   -0.110364  -0.0641943   -0.179914  -0.0917282   -0.142551  -0.0564984    -0.12272  -0.0828108  -0.0870075   -0.064209  -0.0776186   -0.191423  -0.0920433   -0.105544  -0.0789588   -0.149944   -0.111382  -0.0788147
  -0.134166  -0.0684165    -0.15237  -0.0925663   -0.134161   -0.165072   -0.126418   -0.142549   -0.116984  -0.0544192   -0.181949  -0.0852463   -0.112193  -0.0909601   -0.116491   -0.132565  -0.0714383  -0.0999858  -0.0713842   -0.127253   -0.149901   -0.157241  -0.0931472   -0.115759  -0.0514477   -0.113722   -0.155208   -0.156229   -0.137053  -0.0554215   -0.108712  -0.0788168   -0.125607  -0.0592369   -0.114105   -0.174794   -0.102635  -0.0662829  -0.0793018   -0.155993   -0.129112  -0.0981422
 -0.0874691   -0.197408   -0.147071   -0.120657   -0.106476  -0.0818592   -0.162641  -0.0662067   -0.111663   -0.132478  -0.0892273  -0.0874505   -0.195176  -0.0375992   -0.100209  -0.0953822    -0.16757  -0.0511517  -0.0368425    -0.12434  -0.0849475   -0.137629  -0.0172262   -0.164075   -0.037365  -0.0714991  -0.0649632   -0.181922  -0.0406339   -0.162332  -0.0721623  -0.0894042  -0.0841575  -0.0395307   -0.200475   -0.150219   -0.183254   -0.135892  -0.0621093   -0.136596  -0.0961972  -0.0882538
 -0.0810445   -0.148024  -0.0849199   -0.146183  -0.0873548   -0.155106   -0.116219   -0.162756   -0.129044  -0.0793837   -0.147762  -0.0643213  -0.0866618   -0.114898   -0.132649   -0.140911   -0.170172   -0.184968   -0.066637  -0.0904013  -0.0640751  -0.0705237  -0.0789123   -0.108731  -0.0746182  -0.0829435  -0.0528602   -0.142499   -0.135669   -0.138112   -0.106483  -0.0960034   -0.127075   -0.142213   -0.134721    -0.11192  -0.0772479   -0.101162   -0.146194  -0.0894834   -0.182624   -0.117739
  0.0072385   -0.141639   0.0123738   -0.172303  -0.0307482  -0.0314628  -0.0380903  -0.0805146   -0.050704  -0.0545668   -0.105189  -0.0706088   -0.122631  -0.0257427  -0.0734568   -0.119914  -0.0962654   -0.116966 -0.00584106   -0.157474  -0.0429126   -0.142715  -0.0356231    -0.17644   -0.163117   -0.132173   -0.170954   -0.213573     -0.1823   -0.232239   -0.123654  -0.0654214    -0.11144  -0.0404786   -0.142357   -0.109651   -0.189215   -0.138017    -0.12691  -0.0951061  -0.0436589   -0.166106
 -0.0971959   -0.109483  -0.0813275    -0.17793  -0.0274185   -0.106353   -0.196639   -0.101656   -0.109453   -0.176669   -0.126227  -0.0783385   -0.129178  -0.0176207  -0.0598591  -0.0793553    -0.12511    -0.11307  -0.0823062  -0.0897862   -0.164799    -0.09586  -0.0652174   -0.136022  -0.0589614  -0.0967193  -0.0765735   -0.157416  -0.0459877  -0.0777235  -0.0568074  -0.0183094   -0.121764   -0.114558   -0.190051   -0.114377   -0.177045   -0.140829  -0.0979549   -0.153838   -0.184825  -0.0510972
 -0.0878667   -0.124722   -0.156748   -0.136239   -0.166708   -0.143792   -0.067542   -0.120215  -0.0885619   -0.112352   -0.134339   -0.130153   -0.124259  -0.0965059   -0.122222    -0.15636   -0.163708  -0.0918926  -0.0681057   -0.118161  -0.0571877   -0.115507  -0.0470998  -0.0844659  -0.0570347    -0.12511   -0.106509  -0.0717161  -0.0753548   -0.135717   -0.065565   -0.157246   -0.171111  -0.0620227   -0.112418   -0.114106    -0.15195   -0.127074  -0.0956534   -0.156341   -0.127695   -0.132514
