no weights
    0.197202    -0.402313   -0.0693189    0.0609119     0.306898      0.27846    -0.360827     0.125757     0.218929     0.247525     0.678842     -0.31234    -0.255815     0.521715     0.288885     0.420822     0.417882    -0.157755    -0.184271   0.00720896    -0.132124   -0.0576325     0.490912    -0.471501   -0.0718492      0.34626      0.52654     0.768112     0.599182    -0.301935    0.0449956     0.101163     0.233334     0.303618     0.169653  -0.00266772    -0.301926      0.62521      0.25239     0.213945     0.725915   -0.0895019    0.0834508    -0.464717    -0.294294    -0.158807    -0.254731    -0.111024
   -0.198305     -0.27615    -0.164371   -0.0767491     0.065983     0.356307    -0.223077    0.0379837     -0.03594     0.107486     0.183346     0.198367   -0.0334885    0.0885348    0.0352564     0.261576    -0.470578     0.207309   -0.0561613     0.105089      0.10331    -0.525217     0.574698    0.0848693    -0.070516   -0.0625255     -0.81364   -0.0157787      0.09671     0.571264     0.123814    -0.866316    0.0317012    -0.232397     0.189553     0.517001    -0.280086     0.165439    -0.185285     0.141121     0.273406     0.341156   -0.0419823    -0.204827     0.237006     0.182156     0.246503    0.0995228
    0.333087     -0.18561    0.0308869    -0.188889     -0.24239    -0.191662    -0.270951     0.253097     0.198917     0.289328    -0.387475     0.375008     0.148016    0.0123492     0.386847     0.469387    -0.497885     0.820056    -0.142324     0.175911    -0.264073    -0.121188    -0.353067     0.662248    -0.199958     0.128331     0.421632      0.32804    -0.403774     0.361348    -0.144553    -0.195476      0.54428      0.50681    -0.213832    0.0523962    -0.558484     0.267665    0.0837574      0.39787    -0.152317    0.0846011     0.314527     0.337827    0.0434612    -0.202054    -0.338897     0.694584
    0.105085    0.0625079     0.324349     0.209954     0.163718     0.421147    -0.228167     0.213513     0.140732   0.00115264    -0.606567     0.669763     -0.16005    -0.159687    -0.100384    -0.225573   -0.0909112     0.208308     0.135695   -0.0651482      0.41607    0.0899873    -0.180151     0.391821   -0.0627845   -0.0305132    0.0548305   -0.0530455     0.171232     -0.20103    -0.216225   -0.0481199    -0.409984    -0.222206     0.083937    -0.313239   -0.0182367    -0.221897     -0.69464    -0.346355    -0.526607     0.135887     0.135227     0.481004     0.285938     0.324796     0.216398    -0.212349
    0.581484    -0.713527    -0.542914    -0.461352   -0.0159496     0.492006    -0.275196     0.115727     0.210448    0.0571719     0.288622    -0.116206     0.115076     0.248177     0.224137    0.0527273    0.0512058   -0.0359517     0.285866     0.169383    -0.109921    -0.720379     0.449356    -0.074873     0.182598     0.315191    0.0226578     0.370254     0.668196    -0.271867     0.263347    -0.790893     0.703626    -0.417714     0.393692    -0.127611    -0.238216     0.115119    -0.264605    -0.441595     0.212001    -0.088985      0.51252    0.0219877     0.207906     0.253727    0.0200271     0.393067
    0.129018      -0.3168    -0.525503    -0.336803     0.117427    -0.296778     0.094367    -0.154944  -0.00974373   -0.0522876      0.14422     0.349769     0.454731    0.0697292   -0.0331793    -0.215116    0.0142961      0.56416     0.106802     0.402367    -0.266082    -0.576696     0.122441     0.350259        0.287     0.285185    -0.287665     0.342911     0.318063   -0.0270584      0.29557    -0.257952     0.262736     0.176989     0.401364    0.0805429    -0.186764   -0.0141169    -0.111127     -0.24704      0.21998    0.0267271     0.350325     -0.22237   -0.0336262    -0.234228   -0.0392164    0.0963676
   -0.994932   -0.0346602     0.331509     0.292643    -0.022201    -0.441192     -0.33671     0.234771     0.278166     0.364098      0.10908    -0.323341     -0.38624     0.132843     0.226595   -0.0170543    0.0137426   -0.0919438    0.0485842    -0.474786    0.0216234    -0.584543    0.0422462     -0.10323    0.0485371     -0.24193     0.307973      0.13922     0.512455    -0.394083  -0.00783323       0.1936     0.191114     0.738758     0.641633    -0.220886     0.256064     0.265777    -0.108992     0.348772     0.949168       -0.242     0.246973    -0.277706   -0.0179893     0.306808     0.413464     0.455061
   0.0242096    -0.145833    -0.347678    -0.133727   0.00933982      0.25269     0.112642    -0.450763    -0.265538    -0.112167     0.108223   -0.0807316     0.268386     0.414146     -0.48032     0.252845    -0.283574     0.218788     -0.22922     0.687484     0.342819     0.452148     0.601552     0.107273    -0.229819   -0.0575821    -0.899239     0.540324    -0.231777     0.528616    -0.162146    -0.113572    -0.217021     0.373994     0.116393     0.368973    -0.301672    -0.130605    -0.272235     0.243098    -0.139319     0.435798     0.101453    -0.555387     0.019198    -0.387156     0.120887   -0.0715208
    0.176701   -0.0252526   -0.0837196    0.0703932      0.10757     0.368917   -0.0846299    0.0305209    -0.181258     0.272487     0.241428    0.0893721   -0.0994331     0.135223     0.102169     0.177157     0.332138     0.183925      -0.2605     0.467594     0.319318     0.516845     0.573838    0.0659128    -0.221652    0.0395053   -0.0972891     0.235307    0.0669176     0.179466    -0.145571     0.490503   -0.0444642     0.328895     0.271477      0.16966    -0.337202     0.288583    -0.318807    0.0774648      0.26377     0.212346     0.297804    -0.793345    -0.772374    -0.980553     -0.49515   -0.0530369
   -0.307217    -0.264912    -0.426058    -0.603793    -0.748352   0.00369923   -0.0575302     0.349569     0.263845     0.094587    -0.181169    -0.481362     0.148483      -0.0878     0.458856    -0.108422    -0.427525    0.0659729     0.344791    0.0425129      0.13225     -0.46788     0.147253    -0.181148     0.599744    -0.282436     0.147889    -0.437613    -0.198435    0.0402636     0.522104   -0.0821826     0.653951    0.0414528    -0.151486     0.313563     0.253923   -0.0161129     0.120976    -0.298778      0.10261     0.249732     0.380586     0.362434    -0.123998     0.244259     0.212854     0.656167
   -0.225361    -0.165477    -0.157655   -0.0658798   -0.0997417   -0.0773037     0.139762  -0.00982543    0.0507005      0.21501     0.356218    -0.780879     0.011164     0.154548     0.212358     0.199462    0.0156354     -0.41059      0.20174     0.168077     0.171783    0.0779816     0.325653     -0.55105     0.287793   -0.0594961    -0.102021    0.0993401    0.0403382    -0.296954     0.294219     0.147913    0.0480577     0.510466    0.0664218   -0.0780307     0.342637   -0.0881084     0.210394     0.139144     0.385653    -0.100266     0.413173    -0.301234    0.0673612     0.198439     0.241476     0.426668
   0.0175522    -0.227242 -0.000529163    -0.368973    -0.674011    -0.420827     0.289006     0.275811     0.147205    0.0936706     0.290859    -0.476681     0.175435     -0.25436      0.33009     0.336745    -0.140544    0.0955269   -0.0161533    -0.277333    -0.361483     -0.29081    -0.256814   -0.0714645   -0.0376919    -0.277939     0.366829    -0.239887    -0.463339     0.116626    0.0738929    -0.541602     0.794925     -0.11801    -0.240439    -0.211012    0.0608766     0.479646     0.940964     0.692433     0.489206    -0.335117    -0.170913     0.377707     0.209719     0.472542    -0.101758     0.405285
    -0.39728    0.0124149    0.0784348    0.0376401    -0.217355    -0.129766     0.138739    0.0449147      -0.1691     0.161324     0.178854    -0.223322     0.110134   -0.0166541    0.0717388     0.160958    -0.202169    -0.222094    0.0398531    0.0765278     0.248352    -0.119084     0.424861     -0.24808     0.207333     -0.49338    -0.557922    -0.391475   -0.0435116      0.11486     0.168828    -0.469191     0.256323    -0.150983     0.167674     0.125679     0.312291      0.14005    0.0246894     0.194712     0.468403    0.0153934      0.18886    -0.319067  -0.00838472     0.262703     0.301453     0.255415
   -0.286608   -0.0934372     0.158229   -0.0402473    0.0175548   -0.0432184    -0.141734   -0.0166082     0.127491   -0.0121997     0.446913     0.151132    -0.131068     -0.18114     0.132113   -0.0716275     0.582355      0.19658     -0.67137     0.598521    -0.115418     0.328803      0.23507    0.0934838    -0.373408    0.0975561      0.44281     0.100549     0.017073   -0.0712198    -0.389881      0.42807     0.652846     0.355205     0.331011   -0.0700968    -0.795858     0.653848     0.561421     0.313244     0.494055    -0.251558     -0.59564   -0.0642621    0.0124868    -0.192141    -0.678023    -0.161733
 -0.00674265     0.325023    -0.096744    0.0638285    0.0574826    -0.156745    0.0970078    -0.144484    -0.197567     0.228136   -0.0841674      0.33623     0.084737   -0.0558125    -0.104792     0.070624     0.164724     0.554809    -0.173521     0.638508    0.0903149     0.580964 -0.000282668     0.561632    -0.160621    0.0307416    0.0130422     0.143794    -0.163444     0.448404   -0.0871837     0.583985    0.0235503     0.443063   -0.0889944      0.61606    -0.316289     0.156445   -0.0318887     0.297483   -0.0745081     0.386616    -0.517951    -0.416341    -0.646623    -0.911833    -0.195105     -0.57538
    0.312496     0.431008     0.295778  -0.00319807    -0.343836    -0.516879      0.40218     0.112262   -0.0498203   -0.0929005    -0.664678     0.360065     0.348092    -0.535077    -0.258201    -0.344032    -0.234018     0.407541    -0.012747     0.407189     0.315123      0.47244    -0.470167     0.311468    -0.145309    0.0231029     0.218501   -0.0870982    -0.492479    -0.185278    -0.200769    -0.253984     0.212214    -0.373793    -0.529067    -0.567412   0.00662865    0.0377224     0.191222     0.052521    -0.379279    -0.374152      0.25533     0.343725     0.178499   0.00409164   -0.0877195     0.203693
    -0.47568    -0.308872   -0.0965507    0.0355469   -0.0231985    -0.112559    -0.317447     0.134469    0.0293158     0.438236   -0.0302126     0.408411    -0.259767   -0.0308253     0.074247    -0.108452      0.28067     0.229753    -0.060132    -0.151804   -0.0603742    -0.147203    -0.143797     0.260738  -0.00257084    -0.169599    -0.031351    0.0439209     0.184881    0.0267234    -0.102867     0.251809   -0.0203758     0.353352     0.336841     0.141371   -0.0670299    0.0970829    -0.363143    0.0245439     0.301432     0.176469     0.091671     0.161468     0.350628      0.31712     0.618816     0.311757
    0.294975    -0.371052    -0.101692    -0.248656   0.00714081     0.389278    -0.276187     0.258695     0.206657     0.170419    -0.440432     0.446509    0.0451255    -0.110984   -0.0716897   -0.0973422    0.0375811     0.197881     -0.30489     0.502851     0.469287     0.505686   -0.0367829      0.24225    -0.522424      0.16255    0.0706762     0.347695    -0.123231   -0.0455562    -0.641822   0.00617921    -0.097679  -0.00240498    -0.152854    -0.173093    -0.422834    -0.119033    -0.314639     -0.24836    -0.604063     0.179373     0.151243     0.477784     0.822176     0.445491     0.256493    0.0665899
    0.615945    0.0452115    -0.120132   -0.0743956    -0.186849    -0.100806     0.325828    -0.272982    -0.391688   -0.0835416     0.578422   -0.0597569     0.311865    0.0307109    -0.131971      0.24094      0.42336    -0.040311    0.0591121   -0.0105182    -0.511117    0.0061398     0.137708   -0.0743486    0.0796423    0.0970225     0.150987     0.171311     0.085862    -0.235617      0.16618     0.359079    -0.129766     0.371988    0.0127162    -0.336847     0.202256     0.428475     0.162049     0.211892     0.518076     -0.47206      1.08985    -0.603898    -0.398981     -0.41025    -0.277812      1.04879
   -0.335137     0.822379     0.924734     0.624643     0.567832    -0.394353      0.10031     0.176444 -0.000562101     0.147747   -0.0264797     0.164046   -0.0960691    -0.336911    0.0864019    0.0555666    0.0558962     0.118711    -0.160175     -0.11218     0.114369     0.237298    -0.168331     0.291214    -0.108759   -0.0193022  -0.00971347    -0.289387    -0.135685     0.170804    -0.117659     0.125987     0.150668    -0.125659     0.112626    -0.106958    -0.231416    0.0431133     0.347223     0.289064   -0.0239884    -0.163738    -0.643806    0.0470201   -0.0532965    -0.132249    -0.299489    -0.862602
    0.138528     0.180126     0.181348   -0.0764824    -0.307023     0.747378    -0.223105     0.431571      0.14822    -0.034111     0.144038    0.0503072   -0.0545909    -0.258583     0.467747   -0.0802463     0.300783    -0.155098    -0.276517     0.483998     0.734803     0.507898       1.0269    -0.462229    -0.338759    -0.502752     0.422994    -0.916995    -0.193343     0.132918    -0.343169     0.262214     0.309247    -0.328377     0.281904     -0.04203    -0.116179     0.472242     0.147945    -0.226004     0.251976    0.0955134     0.121144     0.236563    -0.395672   -0.0618134    -0.606059     0.213511
  -0.0427784     0.557855     0.688928     0.528577     0.521173    -0.658734     0.234877   0.00465635   -0.0667098    -0.261521   -0.0772131   0.00332892       0.1267    0.0216298    -0.369936    -0.263184     0.267196    -0.243591    0.0288035    -0.206907     0.346558     0.231425    -0.090528    -0.216847    -0.182489   -0.0472272     0.273938      0.24159     0.125454    -0.548113    -0.397082    -0.331443    -0.108835    -0.383041     0.149446    -0.905725     0.260672    0.0691214     0.016916   -0.0707801    0.0481703    -0.458345     0.197921     0.226537    0.0822319     0.271878    0.0326653    -0.407736
    0.349126    -0.210654    -0.215987     -0.11297   -0.0218351    -0.363972     -0.20896   -0.0374801  -0.00850312     0.449447     0.009413    -0.417034    -0.148054   -0.0232763    0.0146794     0.120886     0.288894    -0.276402    -0.186552     0.103357    -0.431256      0.14513    -0.440623    -0.400108   -0.0525273     0.196366     0.393993     0.628037    0.0784993    -0.769538   -0.0913676     0.606044    0.0877186     0.810619    -0.147644    -0.510292   -0.0166075   -0.0183622   -0.0705559     0.164612     0.205434    -0.485104     0.466941     0.173962     0.247095      0.24444     0.658508     0.489454
    0.408246    -0.155272    0.0236667    0.0523943      -0.2177     0.498131    0.0451554     0.148712     0.111214    -0.180264     0.273144    0.0676821    -0.148702     0.201892     0.092035     0.211577     0.365336    -0.249391     0.314184    -0.832639    -0.393391     -0.26827    -0.331283      0.16883  -0.00930258  -0.00708053     0.339219    -0.228147    0.0634745   -0.0301759    -0.010243   -0.0654293    -0.217701    -0.507871    0.0217186    -0.319867     0.286764     0.243698     0.214413     0.124365    0.0417836    -0.108763     -0.16798     0.402729      0.39823     0.463382    0.0171752    0.0861878
    0.436739    -0.467342    -0.231615    -0.326865   0.00359514    -0.116084    0.0322752   -0.0193955     0.186476    -0.101199     0.104539   -0.0114643    0.0780711     0.289686     0.162745      0.24344     0.121103    -0.248196    0.0330333    -0.335357    -0.611061    -0.283137      -0.6945    0.0912055    -0.167486     0.406003     0.220957     0.319259    0.0672313   -0.0679231    -0.178006    0.0233721      0.27013  -0.00922832    0.0287928    -0.147962    0.0413955    -0.589739     0.172344    -0.192082    -0.622097      0.06336   -0.0375115     0.683385      1.05039     0.877614     0.371322      0.18624
    0.130832   -0.0601114    -0.233715    -0.422978    -0.547041      0.10185     0.220156   -0.0409232    0.0565339     -0.38044   0.00309802     0.366151     0.163829   -0.0198757   -0.0435308    -0.128016     0.260537     0.325369    -0.247947     0.281931   -0.0409408      0.33715    -0.117813     0.292169    -0.283797   -0.0390813     0.517953    -0.300457    -0.449705     0.516493    -0.412046     0.365205     0.565796    -0.173525    -0.135765      0.31545    0.0903053     0.127535     0.618916     0.016203   -0.0822553     0.398902    -0.255338     0.372241   -0.0818548    0.0284496    -0.468377      0.18859
    0.264508      0.02915    0.0357343     0.117832     0.222948     0.105134     0.328547    0.0885782     0.103927    -0.206614     0.531982    -0.590085    0.0607527      0.32861     0.230417    -0.127037     0.659548     -1.19276     0.220329    -0.160571    0.0122223     0.144376    0.0128533    -0.834018   -0.0834904     0.171135      0.14386    -0.163275     0.289784    -0.597168    -0.260704     0.314877     -0.14361    -0.477331      0.10198    -0.535529     0.550477    -0.155342    0.0205698    -0.503642     -0.13608   -0.0761136    -0.108834     0.387068     0.373973       0.3527     0.184943     -0.19164
    0.490245      0.34968    0.0640832     0.336182     0.202705     0.242957     0.144136    -0.134151    -0.274575     0.219901    0.0218541    -0.119774    -0.167699     0.141263   -0.0503505     0.374102  -0.00223109    -0.461981     0.362973    -0.485265    -0.260219     0.174281    -0.320699    -0.118226     0.297448   0.00851193     -0.49145     -0.03429    -0.170456    0.0272588     0.397034     0.576716     -1.18851     0.347999    -0.376681     0.241548     0.464423   -0.0516877    -0.256383     0.161457    -0.243294     0.119729    0.0811384    -0.256157    -0.269635    -0.176963      0.59403     -0.06493
    0.731543    -0.197275    -0.330953    -0.467142     -0.18157     0.913646     0.338951     0.200712     0.145981    -0.224785     0.624293    -0.161895   -0.0160649     0.229938     0.297443   -0.0363636     0.535646     -0.41619   0.00511824     0.230578     0.604547      0.44579     0.599254    -0.143524   -0.0121689       0.1632      0.07026    -0.287807    0.0787659     0.328257    0.0218779     0.184211   -0.0349215    -0.608487     0.147699     0.299805   -0.0999451     0.149577     0.535246    -0.071988    0.0239856      0.22526    -0.769832  -0.00808498    -0.290341    -0.440968    -0.573787    -0.871619
    0.393973    -0.169115    -0.300646    -0.266514      0.21257    0.0231046     0.100623     0.118501    0.0830476     0.300818    -0.010681    -0.127095     0.035202     0.104888     0.345327    0.0868621    0.0240103    -0.234579     0.348552    -0.168286    -0.164825    -0.221779    -0.422428     0.160976     0.401949     0.323889    -0.185071   0.00618232     0.238845   -0.0890566     0.375247     0.113954     0.162616   -0.0517478     0.104516      0.15444     0.164963    -0.958951     -0.32646    -0.430225    -0.703463     0.293934     0.200077      0.35431     0.446821     0.323644     0.629574     0.072609
   -0.298232      0.24328     0.470971     0.409484     0.368698     0.111829   -0.0499805    0.0142731     0.213204   -0.0426322    -0.218402    -0.271878   -0.0445785    -0.046485   -0.0557231   0.00369933     0.110526    -0.402068    -0.304599     0.500483     0.417378     0.773499    0.0583587     -0.43515    -0.287246     0.164886     0.197146     0.162266    -0.235215     -0.25651    -0.379473     0.167303     0.264783   -0.0877527    -0.215236    -0.317837    -0.220711  0.000241236     0.133065    0.0680603    -0.423889    -0.120027    -0.423045     0.381542     0.559852     0.344531    0.0331547    -0.361271
    0.182911    -0.135239    -0.410714     -0.62686    -0.823445    -0.500832     0.662482     0.215227    0.0672453    -0.280838    0.0861612   -0.0409351      0.57618     0.106703     0.001688     -0.20167    -0.096934     0.300665   -0.0375246     0.438701     0.583786     0.316561      0.10854  -0.00623048   -0.0586163    0.0890848     0.296796     0.103228    -0.300565     0.200486    -0.163088    -0.435587     0.238438    -0.595244    -0.405983    -0.094119     0.326455     0.140848     0.543029     0.148437    0.0963968    0.0611552     0.222944   -0.0287614     -0.14607    -0.236837    -0.228051    0.0555428
   -0.644495   -0.0970091    -0.273047    -0.411644    -0.393572    -0.924172     0.634421     0.173509     0.116273    0.0134056     0.262515    -0.254055     0.402227    0.0894303     0.239441    -0.108525     0.131071     0.299774     0.276881    -0.186723    -0.105866    -0.302062    -0.361829    0.0674954     0.518521    0.0260851    0.0346051   -0.0094317   -0.0408077   0.00937742     0.391858     0.140503      0.32502    0.0902838     0.121281   0.00134824      0.33885    0.0329627     0.451926     0.258919      0.41862   -0.0163426     -0.18355    -0.139968    -0.018032  -0.00397169     0.140618     0.101349
     0.59328     0.128682    -0.101076    0.0924453    -0.386439     0.047812    0.0704371    -0.436095    -0.340158     -0.21199    -0.110411   -0.0106501    0.0528042     0.260481    -0.530923     0.339668    0.0600413     0.203967     0.213522     -0.25592    -0.475264     0.194708    -0.432109     0.107419    -0.097446   -0.0512784    0.0214989     0.517464    -0.380958    -0.095405   -0.0229442     0.764665    -0.897621     0.629285    -0.306487    -0.275727     0.386085     0.303729    -0.217497     0.282093    -0.029499    -0.107861      1.12323    -0.575515    -0.428321    -0.435993     0.063825     0.876471
   -0.168848    -0.150215     0.313767     0.185142    -0.140176      0.97625    -0.790074     0.188079     0.309407     0.118672   -0.0787784     0.367461    -0.682748     0.201339     0.446012     0.637446    -0.381493   0.00830438    -0.147775    -0.612507    -0.205017     -0.36148      0.14697     0.150031    -0.498133    -0.331839     0.141334     -0.22066    -0.143314      0.71613    -0.324498  -0.00807997     0.147216      0.11805     0.122185     0.808368    -0.192049     0.132688    -0.335448   -0.0122204    -0.302747     0.914553    0.0109923     0.243803     0.208425     0.428893    0.0672214     0.347977
   -0.130623     0.525838     0.769398     0.578986      0.35607   0.00393101  -0.00534331     0.206644     0.149216   -0.0768031   -0.0430501    -0.196312   -0.0560578    0.0798224   -0.0188614     0.239407   -0.0341338    -0.214235   -0.0698365    -0.124459      0.36857       0.2931     0.201918    -0.361144    -0.278111      0.11192     0.454614     0.197362  -0.00908441    -0.265643    -0.161974    -0.409862     0.060187    -0.154137    -0.232702    -0.474584   -0.0966369     0.395816     0.352396     0.358455     0.223889    -0.437485    -0.027614  -0.00684426   -0.0868532   -0.0277513    -0.321838    -0.117765
   -0.583969    0.0540342     0.322063     0.278939      0.14847    0.0985725    -0.245913     0.458565     0.243249     0.227529    0.0679902     0.559955    -0.469867   -0.0913001     0.252586   -0.0782826     0.186098     0.344031   -0.0498744    -0.749731    0.0662004    -0.382425    -0.067476     0.416256     0.184927   -0.0768057     0.359056    -0.448081     0.515674     0.308877     0.274331    -0.179204   -0.0914219    -0.453906     0.393784     0.276851    -0.189666     0.331835      0.33417     0.274386     0.232724     0.118351     -1.06136      0.36803    -0.135186     0.234727    -0.150281     -1.09086
    0.950292      0.12335    -0.291035   -0.0947656    -0.235568     0.924738    -0.218348    -0.360054    0.0673252    -0.572667     -0.13637     -0.11064    -0.139619     0.410168     -0.43101   -0.0160141     0.127277    -0.131878     0.387025    -0.282692    -0.253039   -0.0420062   -0.0692895    -0.105281     0.135338   0.00891021      0.44914   -0.0536063    -0.122048     0.134411     0.277002     0.183194    -0.195559    -0.521489    -0.222069     0.180658     0.175338     0.208297   -0.0969224    -0.362183    -0.320671     0.275599     0.257028     0.399768    -0.509647    -0.180078    -0.201437    0.0452379
   -0.541126    -0.175929     0.080905     0.044173    0.0420387     -0.29564   -0.0731299     0.110477    0.0702974     0.309729    0.0480411     0.246518    -0.131139    -0.149823     0.249343     0.112922     0.129442     0.119888     -0.32851    0.0417707    -0.435597    -0.179937    -0.420925     0.233615    -0.212084   -0.0988692    -0.273965    -0.090429     -0.21044    0.0810055    -0.299566     0.386885     0.297546     0.565445      0.23037  -0.00525526    -0.210358   -0.0568769    0.0769405     0.186431    -0.121621   0.00639769    -0.451659      0.36819     0.926588     0.540771     0.414493     0.214162
    0.475061    0.0679199    -0.335595    -0.213364   -0.0612476      0.18484     0.195207    0.0210079   -0.0138933    -0.195963   -0.0392249    -0.244635     0.496899     0.145028   -0.0948626    0.0225372    -0.462037      0.29262     0.647309    0.0305143     0.154891    -0.578261     0.332199      0.18456     0.548006    0.0630172    -0.248888    0.0156137    0.0652777     0.154287     0.687368    -0.735987     0.115219     -0.43617     0.036341   -0.0580937    0.0604397    0.0966205   -0.0492116   -0.0819604    0.0416879    -0.125811     0.520409   -0.0143594    -0.453331    -0.441446    -0.303711     0.206348
   -0.780794   -0.0988562     0.204616     0.211315     0.150527    -0.355812    -0.275594    -0.129375   -0.0691524     0.223837    -0.333015     0.919427    -0.122093    -0.101768    -0.168335    -0.304389    0.0540233     0.785022    -0.366653     0.502563     0.315118     0.249757     0.187753     0.585736    -0.051348    -0.015211   -0.0820272     0.411997     0.333541    0.0775584    -0.304624     0.489245    -0.485283     0.868754     0.247164    0.0694923    -0.292344      0.22519    -0.500944   -0.0132735     0.286629     0.154378     0.257123    -0.430055    -0.131153    -0.203981    0.0373827     0.124421
    -0.49782     -0.17588    -0.113672    -0.128137     0.164288    -0.658394     0.195514     0.422817     0.190064     0.730054     0.151511    -0.316723   0.00707798    -0.275043     0.542721     0.125936    0.0519619    -0.162236    -0.107617   -0.0864309  -0.00571061   -0.0311612    -0.538351    0.0711348     0.157803     0.224045    -0.480199   -0.0532818   -0.0222068     0.041118      0.10847   0.00760087    0.0544515     0.223789    0.0336044     0.278609    -0.135917    -0.415303     0.254979     0.367098   -0.0689034     0.094014     -1.07191     0.199449     0.601806     0.210048      0.77771    -0.823082
  -0.700576   -0.828133   -0.247946 -0.00966196   -0.934848   -0.429253    -0.39909   -0.650753   -0.424988    -0.37399   -0.536654   -0.398053    -0.53053   -0.343163    0.538616   0.0211379    0.174091  -0.0525131   -0.535867    0.189705   -0.535357  -0.0856535   -0.437818    0.163549    0.227687    0.411442   -0.110424   0.0135277   -0.370712    0.166314   0.0435963   -0.274558     0.21235   -0.096371  -0.0933325   -0.399743    0.425899    0.105435    0.159971   -0.717492    0.228138    0.252276
 -0.0506173   -0.649561    0.570088   -0.150027   -0.075078   -0.795773    0.136743    -1.23499   -0.920785     0.40835   -0.362729    0.926842    -0.51088    0.360468   -0.872566   0.0887773   -0.405636    0.243805    -1.14506    0.130168     0.36288   -0.142655   -0.135008   -0.113493    0.425102    0.135334   -0.151545    -1.45695  -0.0111443   -0.240789    0.338157    0.138965   -0.069974    -1.35054    0.265937    0.219126    0.268701   -0.729294    0.110785   -0.708035   -0.642941   0.0719172
   0.246033     -1.1851   -0.746501   -0.844533    -1.29933    -1.01766     0.56676   -0.662671  -0.0576944   -0.538165   0.0579543    0.624229   -0.167995    0.540744  -0.0102709   -0.208883   -0.403289   -0.952398     0.47507    0.187635    0.173115    0.265147    0.220565   -0.036255   -0.937427   0.0853237    0.245313   -0.185404    0.106464    -1.26047  -0.0241485    0.286524    0.327705    0.242343   -0.800221    0.178388  -0.0635764   -0.467009   -0.315992    -1.02356   -0.408874   -0.200615
   0.641344    0.397047   -0.146354   -0.786742   -0.311867   -0.584279    -0.11871   0.0450268    0.181778   -0.680761   -0.224293     0.20462  -0.0721849    0.146495    0.109389   -0.994754   -0.502455   -0.823176     0.20154     0.25692    0.145451    -0.56208   -0.546729  -0.0779482   -0.911606     -0.3654   -0.779733    0.362067     0.34412   -0.795261   -0.350227    -0.72232   -0.799761   -0.101605    0.793465    0.273882     0.29411    0.268458   -0.430038   0.0382827   -0.663981   -0.313106
   0.312087   -0.115437   -0.398042   -0.763495    0.260159    0.242229    0.412045   -0.157009    0.212154   0.0724511    0.172075   -0.405008  -0.0642992    0.793159    0.444915    -1.16021    0.237333   -0.662606  -0.0831821   -0.237799  -0.0438894   -0.957245    0.580268   -0.944352   -0.481974   -0.709226   -0.279172   -0.430379   -0.101341    0.215028   -0.461747    -1.03031 -0.00556898    -0.88555   -0.407141   -0.743923   -0.107624   -0.870264    0.301921   -0.508042    0.291611    0.569687
  -0.551532   0.0541188   -0.508141  -0.0119994   -0.319222   -0.598577   -0.737942    0.287017   -0.174855   -0.407854   -0.206334   -0.479061   -0.114021   -0.614703 -0.00677758  -0.0767934   -0.452429    0.316441   -0.852143  -0.0321769    0.229646  -0.0903789   -0.508108   -0.185319   0.0285901    0.121369    0.339861   0.0209531    0.455071   0.0689986    0.268619  -0.0918352   -0.801935   -0.491952     0.27527  -0.0770402   -0.543725    0.244032    -0.30236   -0.214389   -0.511468   -0.145494
   0.503465  -0.0271099   -0.364653   0.0568714    0.587516   -0.120352     0.32976     -0.5744   -0.616008   0.0875245  0.00205022   -0.660077   -0.593155   -0.695066   -0.675478    -1.10766    0.075532   0.0467817    -1.03799   -0.676789   -0.871557   -0.429328    0.075532   0.0647879    0.475592   -0.567125    0.363008   -0.101371   -0.276983    0.254914   0.0931183   -0.799261    -0.35639   -0.644866    0.501423   -0.252611    0.355304    0.309303   -0.196401   -0.133782    -0.39891    0.196735
    0.18716   -0.986508  -0.0355379    0.398084   -0.749416   -0.842182   -0.771903   -0.776374    0.303226   -0.941584    -1.19504   -0.641289    -1.16344    0.642833     0.32755  -0.0787118   -0.396911    0.185091   -0.291352     0.28024    0.480241    0.104666   0.0512697   -0.052505   -0.661023   -0.011635   0.0163469   0.0407284     0.32052   -0.923539    0.241164   -0.864567     -1.1966   -0.130167    0.146885    0.163972    0.311195     0.63942   -0.514295   -0.714511   -0.118425   -0.737196
  0.0333244   0.0602293   -0.170168   -0.609198   -0.767791  -0.0811644   -0.278636     0.19981    0.297613    -0.37179   -0.244892     -0.1467    0.150031    0.317146    0.229392   0.0746804   -0.537615   -0.733059  -0.0742906    0.175826    0.321998   -0.197083   -0.738516     -1.0203    -1.10555  0.00547648    -1.08185    -0.33849    0.320326    -1.11969  -0.0506393     0.41037    0.174761   -0.508563   -0.781653    0.167672    0.222738     -0.4989   -0.688994   0.0851225    0.308625   -0.261303
  -0.808728  -0.0789548    0.468832    0.340939   -0.549274   -0.185912   -0.410032     0.34804    0.104581    -1.07737   -0.873314   -0.389365   -0.451703     0.34453    0.273772    0.210214   -0.237157    0.529411   -0.827474    0.324844    0.119342   0.0980226   -0.603122   -0.513863    -0.63562   0.0295449   -0.981001   -0.971287   -0.178218   -0.754325    0.322924  -0.0348281   -0.535297   -0.723499   -0.322292   0.0497198    0.225123   -0.810595     0.24296   -0.330146    0.316359  -0.0528729
  -0.691986   -0.203266    0.152048   -0.129616   -0.605921    0.157635    0.434243   0.0619289    0.318432    0.231323   -0.134798   -0.690392  -0.0346609   -0.400044    0.353082   -0.322367   0.0997495   -0.776088    0.132165    0.134799   -0.302453     -0.5374   -0.515787   -0.733266   -0.444001   0.0977916   -0.788822   -0.108683   -0.927887    0.252868   -0.629257   -0.636957    0.164486    0.256382    0.413848   -0.621624   -0.244753   -0.183639   0.0933637 -0.00158126     0.25554   -0.462099
  -0.557274    0.145495   -0.298116   0.0268718   -0.405853 -0.00417903   -0.370189    0.193655   -0.310804    0.190017  0.00771528   -0.505663    0.089973   -0.673222  -0.0825223   0.0516245  -0.0212639    0.160205   -0.634076  -0.0232161  -0.0581245   0.0553259   -0.544298   -0.651348   -0.441842   -0.153283   -0.433988  -0.0989784   -0.558044   0.0226223     0.10568    0.165824  -0.0546525   -0.409626   -0.118822   -0.122293   -0.148896   -0.256747   -0.201578    0.161763    0.298144   -0.157456
  -0.874861   -0.442395    -0.88707   0.0427654    -0.59527   -0.466928    0.170329   -0.907067    -1.05304   -0.153161   0.0235254   0.0369898    0.136125   -0.721996   -0.920569    0.249181   -0.276918   -0.481219   -0.632219    0.500772   -0.878332    0.635385  -0.0843529   0.0405565    0.249742   -0.863408    0.697313    0.282806    -0.87594     0.22497    0.380484   -0.666643    0.299395   -0.579198   -0.933567    0.179598  -0.0186852   -0.483717    0.212567  -0.0951505   -0.804336     0.46481
  -0.718438    0.161093    0.126418   0.0876484   -0.470093    0.090422   -0.622745   -0.186341   -0.640066   -0.136296    -0.54137   -0.412401   -0.126825   -0.575043   -0.237224    0.169964   -0.119733  -0.0913402   -0.421884    0.298879   -0.827476    0.134899   -0.503964   -0.047734    0.226712   -0.237858   -0.422174    0.118433   -0.835623    0.108416   -0.575517   -0.332936   -0.310616    0.158317    0.163684    -0.46615   0.0902749    0.205738   -0.173185    0.255592  -0.0812109   -0.133064
  -0.650507   -0.192946   -0.453408     0.15255    0.126278   -0.412566   -0.383468  -0.0636454    -0.54976     0.19774    0.216718   -0.373419    0.137447   -0.551557   -0.901947    0.238586   -0.347235    0.341207   0.0142246   -0.367101    0.245742    0.158734  -0.0136356   -0.164896  -0.0752323   -0.511601    0.248718  -0.0835207   -0.306514   0.0676959    0.322399    -0.24109   -0.606055  -0.0679806   -0.502583    0.178704   -0.975957  -0.0370198   -0.343805    0.173348   -0.357799   -0.642466
  -0.350009   -0.548797   -0.839374   0.0691469   -0.362599   -0.307703   -0.597952    0.200344    0.444471   -0.357273    0.103345   -0.779409   0.0170393   -0.688629    0.019645    0.204266   -0.916679   -0.429399    0.106941    0.229448    0.399938     0.35022   -0.548787    -0.55043    -1.16713   -0.498575    0.179461    0.245315    0.350316   -0.286903    0.223972  -0.0443415     -0.6604    0.184017   -0.880589    0.283122   -0.909968     0.26372   -0.967311    0.396554   -0.285663   -0.816067
  -0.675174    0.180382   -0.978519   -0.073905   -0.589771   -0.741963   -0.319639   0.0905181    -0.48145    0.308434    0.126947   -0.469543    0.174668   -0.753778    -0.47614   -0.462663   -0.206581   -0.240993   -0.858484    0.135517   0.0111066   -0.166152   -0.839224  -0.0538378   -0.370283   -0.372621     0.23564    0.199346    0.332993    0.147317    0.223103    -0.41977   -0.207488   -0.705292    0.381173    0.020699    0.337425    0.118986   -0.363228    0.119214   -0.433826    0.144231
  -0.805894   0.0751173    0.168805    0.078154  -0.0956133  0.00938361   -0.940388    0.329774    0.550306    0.182936   -0.357486   -0.762898   -0.105255   -0.451274    0.533509    0.281223   -0.367459   0.0964987   0.0885271   -0.910307    0.271702    -1.07492   -0.743492   -0.611773    -1.03329    0.310591     -1.2627   -0.219163    0.284775   -0.173482   -0.695417    0.317205   -0.416485    0.172121   -0.183135   -0.887969   -0.637668    0.179819    -0.91891   0.0983497    0.466093   -0.949856
   0.308221   -0.242942    0.335066   -0.190649   -0.584529   -0.727205    0.434221    0.134457   -0.277377   -0.993677 0.000284974   0.0671646   -0.175579   -0.111746   -0.160721   -0.425122    0.119048    0.275152   -0.454431    0.108849    -1.15317  -0.0544463    0.949556   -0.458717    0.242753   -0.908245   -0.579638   0.0989742    -1.28769   -0.185932    0.319841   -0.924318   -0.555118  0.00144061    0.198887    0.169844   -0.258424     -1.3174    0.400978    -1.18275    0.294774    0.673477
   0.538175    0.386219    -1.01942    0.142022     0.52826   -0.154843    0.576005   -0.504708  -0.0847855    -1.08268    -0.40283   -0.539676   -0.015568    0.538237   -0.949243    -1.09447    0.233127   -0.113103   -0.144775  -0.0397935    0.361552    0.242777    -0.49175    0.256549   -0.370025   -0.787912    0.312047     -0.6885  -0.0938536   -0.864723   -0.116981     -1.1143   -0.801362   -0.813673    0.358562   0.0344235    0.480893   -0.638206     0.10668   -0.746934    0.420013   -0.597995
   0.208222    0.118314  0.00400542   -0.967242    0.229496   -0.229259   -0.646625   0.0227468    0.132969    0.312938    0.161237  0.00133792  -0.0722857    -0.58577   -0.422765    -1.09682   -0.700794    -1.03972    0.466696    -1.02603   0.0367766    -1.26113   -0.710558    0.111145   0.0471798   -0.082246   -0.045541    0.165056    0.312128    0.137412   -0.766823   0.0353825  -0.0463479    0.268782    0.621449   -0.548711   -0.810639    0.195144   -0.619638    0.114825    -1.19465   -0.749889
  -0.760066   -0.422483  -0.0717039   -0.388366    0.293424   -0.107085   -0.288719   -0.716053     -1.1806    0.521682    0.146386    0.576177   -0.160155   -0.665455    -1.14791    0.341132   -0.284761   -0.310573    0.301754    -1.18072   -0.783472   -0.302822    0.720806   0.0468485    0.667036   -0.455104    0.455643   -0.059347   -0.920909    0.240402   -0.482301   0.0714114     0.15442    0.308776    -0.91136   -0.768793    -1.32607  -0.0929115   -0.153277    0.124969    -1.06637  -0.0938426
   0.202767  -0.0732691   -0.702039   -0.248745    0.221805  -0.0723839     0.48956   -0.768516    0.214369    0.309889   0.0108155   -0.191298   0.0994158   -0.916677   -0.549198   -0.635358   0.0922951   -0.464764   0.0213658   -0.449589    0.431392  -0.0969641   -0.133087   -0.159487    -0.61891    -1.10886    0.225883    0.135218    0.144971    0.168093   -0.898105   -0.116386    0.085839   -0.712172   -0.726871   -0.324889  -0.0399184   -0.827116   -0.635574    0.293278   -0.539665    0.433652
   0.543613   -0.155796     -1.1384    -0.55617    0.304249    0.215408    0.390537    0.547166    0.141403   -0.427462   0.0795355   -0.878461  -0.0405795   -0.678436   -0.426143   -0.908607   -0.206415   -0.625399    0.302688   -0.949296   -0.768306    0.449565   0.0302276   -0.273619   -0.311425   -0.892754    0.323269   0.0451431   0.0814618   -0.109112    -0.71529  -0.0144352   0.0857671    0.406827    -1.10755    -0.31805   -0.896388   0.0875484   -0.868941    0.211516   -0.291115   -0.729966
   -0.78959    0.442829  -0.0982946   0.0775887   -0.847454  -0.0145127   -0.296663   -0.214305   -0.944398  -0.0801437   -0.692173   -0.313132   0.0140493   -0.617069  -0.0564718  -0.0465549   0.0739546   -0.301387    -1.09658    0.532527    -1.09736   -0.154381   -0.857405   -0.165474    0.126403   -0.143075   -0.736373  0.00456074    -1.03816   0.0560141   -0.351087   -0.551439    0.144547   -0.817131    0.257471   -0.553542    0.602834    -0.45215    0.300945   0.0767746    0.288728    0.555552
  -0.202326   -0.495872  -0.0196271      0.3364   0.0320797     0.18621   -0.429029   -0.490918   -0.224157   -0.715889   -0.732517   -0.649355   -0.689167   -0.564405   0.0590965    0.311673    -0.62752   -0.298582    0.321364    0.301144   -0.934766    0.372777   -0.353373  -0.0782837  -0.0349363   -0.434494   -0.283702  -0.0279512   -0.438633    0.224195   -0.445741   0.0381829   -0.201077    0.219238   -0.757158    0.228573    0.200804    0.182464   -0.859273    0.298217   0.0887919   -0.534033
  -0.471523   0.0502167    0.315735   -0.615808   -0.909787  -0.0822444    0.375582   -0.292951   -0.339726   -0.142561   -0.231926    0.548804   0.0872326   -0.167846    0.122779  -0.0420384   -0.130708   -0.923269    0.259611    0.175744   -0.618383   -0.311339   -0.627962    -0.16043   -0.878612  -0.0115851   -0.889191    0.160601   -0.814531   -0.944775   -0.802661  -0.0582386    0.356036    0.321733   -0.231521    0.158622    0.372534    -0.42804 6.33179e-06   0.0697752    0.119626   -0.115928
   0.229228    -0.46288     0.37972 -0.00812617   0.0157353    0.139865    0.600552   -0.433653   0.0532212   -0.324893  -0.0324972   -0.456058   -0.447406    -0.42353   -0.153106    0.120608   -0.136033    -0.58393    0.336511   -0.182848   -0.781577    0.166159    0.422708   -0.325615   -0.360129   -0.541112   -0.635377   -0.049634   -0.938862   -0.101002   -0.682045   -0.281934  -0.0404363    0.260701   -0.659426    0.141754   -0.647512   -0.232368   -0.612278    0.014998    0.346857   -0.654668
  -0.731568   0.0744166   -0.625527  0.00279066   -0.746275   -0.595641   -0.480027    0.215323   -0.445051   -0.583522   -0.356998   -0.504288    0.147772   -0.589563   0.0802703   0.0340436  -0.0492583    0.371225   -0.908965   0.0604505    0.104087    0.124826   -0.560185    -0.64229    -0.11699    0.161098    0.228058   -0.112834    -0.19598   -0.179486    0.426813   0.0946316   -0.534913   -0.840802    0.231793  -0.0834009  -0.0969475   -0.715419    0.235078    -1.01788    0.364796    0.264125
  -0.763691    0.197307   -0.152837   0.0952527  0.00970601   0.0120542   -0.968522   0.0398645   -0.658174    0.280488   -0.677305  -0.0940552   -0.323766    -0.42517   -0.028891   -0.203938   -0.158618   0.0407309     -1.3167   -0.758164   -0.662077    -1.39465   -0.668596    0.178681    0.428783    0.278691   -0.584262  -0.0424322    0.392874    0.190219   -0.671163   0.0691858  -0.0818731   -0.501764    0.156387    -1.20485    0.661499    0.183158   0.0472296 -0.00947127   -0.686453    0.546447
  -0.798995    0.182731    0.336235    0.133128    0.249873   -0.015553   -0.618134  -0.0605486   -0.745877    0.288936   -0.332567  -0.0440454   -0.122335    -0.47848   -0.726395   0.0294987    0.184644   0.0869542   0.0151517    -1.23333   -0.727631    -1.19198   -0.468166   0.0943006    0.537339    0.130731   -0.929417   -0.214366     -1.0464   0.0706889   -0.840297   0.0495415   -0.171241    0.525643     0.41785   -0.988681   -0.543005   0.0888074  -0.0762892  -0.0573331   -0.201931   -0.770892
   0.156163   -0.998802   -0.344938   -0.587341   -0.567173   0.0111304   -0.804733    0.363436    0.195306   -0.902355   0.0648089   -0.661128     -1.0607    0.461111    0.294264   -0.440845   -0.359271    0.197901    0.448075   -0.218642   -0.583308   -0.416082    0.700419   -0.558963     0.27464   -0.170257    0.128128     0.15737     0.21205    -0.16755    0.108046   -0.185205   -0.187534    0.810283    -1.07427    -0.47786    -1.02504   -0.554589    0.217616   -0.933659   0.0832767    0.252443
   0.264451   -0.551518   -0.636671   -0.765216    0.330463   0.0724881  -0.0813392    -1.05481   -0.691313     0.21293  -0.0695416    0.742648   -0.138502    0.182778   -0.721211   -0.493107   -0.495928   -0.933457    0.144052   -0.183211    0.320883    0.190606   -0.225019    0.188794    0.343442    0.154386    0.283186   -0.976484    0.289318   -0.110769   -0.458818   0.0050849     0.10186    -1.04541   -0.859857   -0.119294    0.263328    0.105764   -0.461482    0.213681    -1.14508   -0.383128
   0.632849   -0.294612    0.768017   -0.721578    0.332311     0.17627    0.435389  -0.0732816    0.121212    0.409183   -0.129751    0.407521   -0.316295     0.60876    -0.12908   -0.257147   -0.175625   -0.189269    0.387499   -0.854401    0.344306   -0.487634    0.462058   -0.819493   -0.753372   -0.144751   -0.961274    -1.44646   -0.879244    -1.28229   -0.351988    0.179269   -0.248631    0.155208   -0.359176  -0.0931055   -0.987409    -0.50092   -0.366141  -0.0192041    0.248576   -0.981559
  0.0901051   -0.294335   0.0111673    -0.77274    0.773949    0.134741    -1.19523   0.0370493   -0.180258   -0.636516   -0.379274    0.453459   -0.466812     0.45684   -0.116009    0.285063   -0.655005   0.0910714   0.0125439  -0.0650271   -0.461439  -0.0430938    0.106509   -0.334903    0.342575    0.123586   0.0911451    -1.35051    0.285986  -0.0647466    0.352923    0.554416  -0.0933292   -0.765895   -0.993939   -0.027037   -0.895808   -0.547897  -0.0997487   -0.198168    -1.24596    0.220718
  -0.529999   -0.731856   -0.360058    0.119782   -0.616287   -0.774307  -0.0477673   -0.831844   -0.573052   -0.544464   -0.366187   -0.411008   -0.452052   -0.543962   -0.948687   0.0294614   0.0729373    0.263803    0.142938    -0.26594    0.244228  0.00451638    0.689875    0.285637    0.686047  0.00469629    0.288576    0.058621   -0.667322    0.174001   0.0909222    -0.75835   -0.926127     0.44922    0.297892  -0.0835505    -0.55553    0.207447    0.125823   -0.916625   -0.248583    -0.76378
