no weights
    0.084958  -0.00368756    0.0696648    0.0438796     0.121699    0.0652881    -0.012754    0.0942221    0.0258821     0.087236    0.0674728    0.0161648    0.0019887    0.0617322     0.070203    0.0480939    0.0808431     0.062248   -0.0256573    0.0631648    0.0118002    0.0565452     0.114149   -0.0410176   0.00157059    0.0840535    0.0985454     0.125408    0.0806524   -0.0182705    0.0455269    0.0979147    0.0876756    0.0569451       0.0318    -0.003564    0.0259464     0.151871    0.0688724    0.0786244     0.122483   -0.0196842    0.0931003   -0.0393084    0.0184549    0.0619234   -0.0171413    0.0462238
   0.0352274    0.0818136    0.0639641    0.0474154     0.112056    0.0880091    0.0779927    0.0847493    0.0383146    0.0488066    0.0718343    0.0790921     0.061325    0.0105231    0.0229712    0.0701592    0.0011654     0.116476    0.0941668    0.0876741    0.0534389    0.0166083     0.116772    0.0873862     0.042208    0.0800341    0.0250893    0.0801133    0.0204335     0.129648     0.105131  -0.00292968    0.0304774    0.0164879    0.0376628     0.076477    0.0570493    0.0535407    0.0437744    0.0852301    0.0899223     0.111701    0.0545789    0.0673388    0.0888092     0.110779     0.126142    0.0875297
   0.0633444    0.0369845    0.0763178    0.0480744    0.0760501   0.00813656    0.0145807    0.0928819     0.045773     0.104628     0.041801    0.0298557     0.107338    0.0626392     0.115368     0.102048   -0.0097487     0.124133    0.0347455     0.118919      0.01576    0.0215789    0.0257427    0.0768647    0.0385744    0.0941935     0.128841     0.065874   -0.0241382     0.063947    0.0557574    0.0440287    0.0923065     0.140963  -0.00249908 -0.000277991    0.0165998     0.119458    0.0635509     0.069038    0.0982078     0.080532    0.0427239     0.116153    0.0518918    0.0571427    0.0184603     0.083114
   0.0764117    0.0677217     0.145015    0.0739776      0.12807    0.0849272    0.0522503    0.0739136    0.0716122    0.0083401    0.0317058     0.132694    0.0288715    0.0107641    0.0281187    0.0854055    0.0458729    0.0867746    0.0651579      0.07304     0.107141     0.056969    0.0313338    0.0834014    0.0533638    0.0242126    0.0677354    0.0918594    0.0587262   0.00872136     0.036829    0.0294086     0.008159    0.0452189    0.0104662    0.0586181     0.072209    0.0518863    0.0145004    0.0748084     0.051077    0.0857505    0.0596052     0.128653    0.0520399     0.116485     0.106007    0.0386291
    0.124695    0.0373002    0.0271615    0.0237053     0.129036    0.0501141    0.0487601    0.0741608      0.07806     0.100038    0.0647922  -0.00482321     0.089705    0.0702365    0.0922172    0.0606201     0.081753    0.0161952    0.0963666     0.118192    0.0278298   -0.0252408    0.0782371    0.0309137    0.0653086     0.091937    0.0360159     0.114677    0.0848201    0.0515785      0.10019   0.00965133     0.134713    0.0336289    0.0844356    0.0337752  -0.00972568     0.105511      0.02929    0.0148909    0.0496604   0.00684088    0.0904563    0.0268579    0.0545069    0.0681617    0.0601615     0.106772
    0.083601    0.0864134    0.0358963    0.0573133     0.120834    0.0206986    0.0601824   0.00721224    0.0882961    0.0471673    0.0862893    0.0667819     0.149806    0.0104445    0.0947309   0.00756894    0.0900726    0.0819874    0.0297324     0.122224    0.0081781    0.0030779    0.0785159    0.0712963    0.0628076    0.0792238    0.0533524      0.12161    0.0264259   0.00690096      0.13112    0.0142251     0.119976    0.0813067    0.0948067    0.0919821    0.0501156    0.0552006    0.0928219   0.00880693     0.100432    0.0796496       0.1193    0.0216945    0.0511792    0.0368155     0.127154    0.0388115
   0.0028359    0.0917165     0.133086    0.0600061     0.041831    0.0402544    0.0178965    0.0497451    0.0879991    0.0870505    0.0502702   0.00580536     0.029571    0.0132414    0.0773769    0.0196439    0.0347231   0.00594191    0.0646331    0.0331097     0.102193    0.0304547    0.0794958    0.0690957   0.00260968    0.0347773     0.130992    0.0740423     0.112805    0.0222398    0.0115217    0.0956937    0.0597289     0.136417     0.129929    0.0307919    0.0571141     0.101243    0.0121146    0.0676409     0.166098    0.0361968     0.101851   0.00286165    0.0492621    0.0835525     0.106032    0.0699061
   0.0690938    0.0951479    0.0161928     0.071386    0.0990526    0.0704823    0.0977329      0.06421    0.0213664    0.0188094    0.0716076    0.0299006     0.139673     0.100632  -0.00883494    0.0657813    0.0658492    0.0976676    0.0404066     0.115913    0.0512946     0.147571     0.124945    0.0941832    0.0326386    0.0425624    0.0164587    0.0842384    0.0661253    0.0918401     0.055683    0.0433556     0.062115     0.101484     0.064921    0.0557548    0.0587854    0.0185699    0.0695563    0.0997937    0.0145326     0.129182    0.0697958   0.00284374     0.102991    0.0590492    0.0532547    0.0763194
   0.0820572    0.0147998    0.0603887    0.0980345     0.101786     0.114572    0.0858703    0.0853042    0.0166137     0.103305    0.0547279    0.0233704    0.0281902     0.057076    0.0584408    0.0522598     0.131666    0.0437361  -0.00401465    0.0919397    0.0786668     0.103258     0.109985    0.0458278    0.0268433    0.0861114    0.0630148     0.129286    0.0573773    0.0354791    0.0797156     0.123842     0.122592    0.0706677    0.0435303    0.0815235    0.0771482     0.108963    0.0263265    0.0531865     0.136654    0.0757364    0.0587657    0.0370497    0.0102459  -0.00265153    0.0180566    0.0827792
   0.0316412    0.0642434     0.055638   0.00968107   -0.0179188    0.0236209    0.0718699    0.0926577    0.0686518     0.072076    0.0852957  -0.00832992      0.13421    0.0334304    0.0745273    0.0799541  -0.00110555    0.0253475     0.106674     0.095988    0.0351835    0.0023791    0.0786868    0.0581579     0.141697   0.00187841    0.0566135    0.0404735    0.0143052    0.0515659     0.123518    0.0676718     0.131445    0.0297615  -0.00565374    0.0772211    0.0904752    0.0982863    0.0633453  -0.00769484    0.0355293    0.0880416     0.114439      0.11809    0.0579084     0.077449     0.120572     0.140278
   0.0367491    0.0642998    0.0347645    0.0873111     0.121491    0.0601439    0.0701134   0.00989487    0.0465142    0.0966911    0.0937135    0.0039401    0.0490045    0.0385305     0.105297    0.0844753     0.092727    0.0611588     0.111652    0.0931098     0.094926    0.0964969    0.0937995     0.017913      0.10749    0.0380977     0.118275    0.0741905    0.0578269    0.0136328      0.12888    0.0725825    0.0891357     0.136347    0.0800716    0.0386162     0.122058    0.0286886     0.121264    0.0756696    0.0800898    0.0480584     0.125386    0.0412577    0.0996509      0.11278    0.0465775    0.0773569
   0.0523639   0.00994162    0.0959184    0.0251124    0.0398243   0.00980301    0.0655038    0.0544651      0.10979    0.0231166    0.0897981    0.0118808    0.0310838   0.00309475    0.0843295    0.0585915      0.06271     0.082824     0.030007    0.0400821    0.0634218    0.0648792    0.0157412    0.0210941    0.0489727   0.00785724     0.132171    0.0374474   -0.0234264    0.0957931    0.0659087    0.0300217     0.146668     0.102586    0.0462994   -0.0124444   0.00346776    0.0952092     0.150592     0.106746    0.0905574    0.0493019    0.0394911     0.120676    0.0563475     0.136402    0.0272494    0.0265116
   0.0352729     0.100425    0.0673772     0.104861    0.0564767    0.0146346    0.0448059    0.0724368    0.0166925    0.0545746    0.0403457    0.0564372     0.120005    0.0754375    0.0582304     0.094004    0.0342081   0.00239808     0.059325     0.081984     0.088495    0.0894875    0.0495475    0.0569014     0.106504    0.0014637    0.0342806    0.0112769    0.0847311     0.068041    0.0691575    0.0370373     0.115094    0.0613523    0.0705757    0.0752123     0.106814     0.072096    0.0407983    0.0435083     0.108455    0.0815452     0.083622    0.0197021     0.116446    0.0895738     0.105148    0.0789395
  0.00906451    0.0338715     0.085794    0.0539148     0.024913     0.105598    0.0488992    0.0432177    0.0816646    0.0318429     0.120406    0.0546029    0.0332546   -0.0106404    0.0913512    0.0214439     0.175134     0.019499   -0.0578698     0.139133   0.00748168    0.0987074    0.0315305    0.0762733    0.0205587    0.0786438     0.126947     0.050315  -0.00378154   -0.0129967    0.0239408     0.125305      0.10079     0.101344    0.0748143    0.0238307   -0.0376343     0.140633    0.0784778      0.10066     0.128203    0.0118221    -0.014843    -0.018911    0.0862335    0.0413784   -0.0254604    0.0767556
   0.0925132      0.10913    0.0427045     0.104416    0.0543682    0.0343356    0.0740329     0.065859    0.0124486    0.0799607    0.0594899    0.0700436    0.0997393    0.0461685    0.0332604     0.081213     0.119147    0.0745798    0.0792764     0.114923    0.0809173     0.115899    0.0503687      0.10029   0.00468055    0.0369646     0.102355    0.0450011    0.0857419    0.0181829    0.0480025    0.0917619     0.106117     0.130169    0.0242163     0.124796    0.0266989    0.0791187    0.0594071     0.105715    0.0496451      0.10059    0.0151826    0.0446468    0.0761055  -0.00819337    0.0750945    0.0291143
     0.10605      0.12602     0.120457     0.105579    0.0215444   -0.0179949     0.117116    0.0193217    0.0626892    0.0637731    0.0434481    0.0926307    0.0609443 -0.000267943    0.0192282    0.0432976  -0.00424461    0.0664589    0.0982656     0.102925    0.0929798    0.0741111    0.0558998    0.0612477    0.0441839     0.084684    0.0737304    0.0622775    0.0527847    0.0538177    0.0983922    0.0181296     0.109796    0.0108569   -0.0199171    0.0325445    0.0288931    0.0767515      0.10747    0.0548188  -0.00801637    0.0564281     0.073614    0.0788733     0.140596    0.0887422    0.0737042    0.0779694
    0.027126    0.0123403    0.0593259     0.130175    0.0759597    0.0588494    0.0309636    0.0259985    0.0412708     0.130914    0.0823536    0.0957939    0.0335384    0.0834681    0.0375259     0.026094    0.0910346    0.0461563     0.100504    0.0952397     0.083364     0.073886     0.052478    0.0677995    0.0759521    0.0443287    0.0797693     0.110502    0.0420027    0.0663578     0.045996    0.0569462    0.0627664    0.0664171    0.0371705    0.0947656    0.0451582    0.0716413    0.0702838    0.0807785     0.133191    0.0531418    0.0324976    0.0986948     0.106102    0.0811737     0.114344    0.0964923
   0.0575048    0.0870279    0.0989531    0.0289562     0.123335    0.0854797    0.0821612     0.095779    0.0774171     0.112071    0.0216898    0.0473075     0.113116    0.0495967    0.0305862     0.065457    0.0490885    0.0251896  -0.00515459    0.0857764     0.116195    0.0775639     0.064648    0.0660144     0.016993    0.0557865    0.0702839    0.0838171    0.0420197    0.0567496  -0.00876909    0.0843898    0.0540541    0.0406449  -0.00554336    0.0895657  -0.00547863    0.0897598    0.0747628    0.0694907    0.0281874    0.0506635    0.0497011    0.0841206     0.161255     0.142171    0.0427863    0.0464209
    0.114993    0.0444377    0.0627183     0.047683   0.00157153   0.00640855    0.0915566   -0.0204702   -0.0310859   0.00975479     0.138219    0.0505565     0.113486    0.0156977    0.0173728    0.0978131     0.101018    0.0057442    0.0282562    0.0471148    -0.038706    0.0496297    0.0544365    0.0319015   0.00951999    0.0976137    0.0984608    0.0618604    0.0741929    0.0220962    0.0425059     0.062623    0.0403327      0.13295     0.012962     0.021655   0.00114452    0.0919197    0.0495735    0.0765721    0.0943424   -0.0322245     0.138534   -0.0339164    0.0558349   0.00589353    0.0341091     0.124323
   0.0304101     0.151624     0.163151     0.109303     0.103065    0.0277837    0.0319797    0.0577114    0.0851517    0.0592153    0.0358339    0.0328083    0.0257457    0.0476497    0.0652711    0.0843456    0.0510989    0.0904553    0.0215697    0.0394542    0.0841962     0.125433    0.0655754     0.102708    0.0467745     0.098275     0.082741     0.044637    0.0290296    0.0855914   0.00174402     0.101068    0.0661981    0.0149759    0.0906402  0.000797917   -0.0102244    0.0383612    0.0990092     0.103244    0.0949941    0.0168539 -0.000350273     0.107897     0.118166    0.0260719    0.0274233   -0.0218022
   0.0976057    0.0845798     0.092839    0.0580697    0.0381933     0.117864  -0.00641896     0.085765      0.10079    0.0264255    0.0715797    0.0479111    0.0742457    0.0248163    0.0377567    0.0642033     0.116875    0.0800874    0.0317242    0.0391005     0.112842    0.0998807     0.105067   -0.0219374   0.00809784    -0.012315    0.0897544  -0.00299555   0.00515313   0.00335386    0.0124682    0.0771918    0.0542194     0.037877      0.10893   -0.0109338    0.0278367     0.133487    0.0921167  0.000904002      0.12082    0.0328784    0.0139648    0.0435956 -0.000237239    0.0716447    0.0155087    0.0797423
   0.0666245     0.115898     0.144045     0.104922     0.155315    0.0106337    0.0470013    0.0445498    0.0319491   0.00222348    0.0734469     0.025122    0.0308387    0.0204452    0.0273506    0.0216888     0.076804   0.00531218    0.0069424    0.0112678    0.0965931     0.116278    0.0585141    0.0103712    0.0477123    0.0361316     0.138772    0.0992853    0.0283998    0.0162119  -0.00376162    0.0116629    0.0571996    0.0779371     0.102708   -0.0012984     0.116101     0.100361     0.107621    0.0484041    0.0673928    0.0234816    0.0652855     0.096552    0.0474994     0.112031    0.0780472    0.0305485
    0.111298    0.0294368    0.0241406    0.0384725    0.0542313    0.0229266    0.0148661    0.0391696  -0.00198482     0.118627    0.0844961    0.0467559     0.027571   -0.0100105    0.0278312    0.0684538    0.0682085    0.0262099    -0.026903    0.0664407   -0.0195076    0.0422936    0.0103377   -0.0429324   0.00355358    0.0542239    0.0634339     0.117558    0.0392463   -0.0135886    0.0225948     0.125737    0.0603268     0.137338   0.00287821  -0.00270024   0.00141096    0.0374448    0.0734573    0.0957624     0.074471    0.0171561    0.0913076    0.0630544    0.0327523    0.0926192    0.0741815    0.0160237
   0.0991514    0.0146437    0.0648152     0.125864    0.0852925      0.10883    0.0692196    0.0847671    0.0730975    0.0199618    0.0466842     0.120411    0.0627324     0.103445     0.094184     0.110094     0.110847   0.00518632     0.104066    0.0180509     0.032392     0.067599    0.0420315    0.0757177    0.0890458    0.0742383     0.102656    0.0318487     0.021314    0.0716021    0.0405333    0.0863426     0.063495    0.0385307    0.0502828   0.00239497     0.085411     0.117434     0.111745     0.067553    0.0801793    0.0254011    0.0359181    0.0790659      0.14229       0.1223    0.0874772    0.0879788
   0.0819085  -0.00156411    0.0252912    0.0132054    0.0537103   0.00384887    0.0590937    0.0311912    0.0362295    0.0131867    0.0392174    0.0384235    0.0573365    0.0927356    0.0760047    0.0727914    0.0559731  0.000647373    0.0640218   0.00575007   0.00408511    0.0553378   -0.0287162    0.0812961   0.00612083     0.109828     0.103955    0.0591899    0.0650335    0.0914972    0.0715268    0.0255057    0.0708223    0.0573053    0.0874522    0.0250619    0.0518359   -0.0292252    0.0768649    0.0539516   -0.0358121    0.0247759    0.0727588     0.118025     0.174923     0.128638    0.0563634     0.024667
   0.0356813     0.052479    0.0728767    0.0565847    0.0370358     0.103071    0.0770633    0.0159068    0.0394344 -0.000866177    0.0310571    0.0649093    0.0850204    0.0835655    0.0322669    0.0484671    0.0750652    0.0546466   0.00412219    0.0983039    0.0612384    0.0781972    0.0410591    0.0627681    0.0770207    0.0926346    0.0995745    0.0232379   -0.0133943     0.104439   0.00502563    0.0947581     0.137167    0.0392008   0.00586288    0.0698074     0.097302    0.0676637     0.153655    0.0720988    0.0743379    0.0668211    0.0549023    0.0771809    0.0757461     0.106496    0.0608508    0.0413133
   0.0973694    0.0247647      0.08941     0.114583     0.138151    0.0476449    0.0691233    0.0702289    0.0697251   0.00849196     0.107649    0.0164321    0.0604989    0.0418677     0.081443      0.06067     0.103749   -0.0251599     0.090929    0.0815465     0.010482    0.0631242    0.0321085   -0.0245464       0.0146    0.0928006    0.0802926    0.0535047     0.111598    0.0184324    0.0199822     0.110421    0.0490709   0.00914543    0.0395528   -0.0161882     0.110716    0.0336355    0.0995701   0.00819174     0.103592    0.0740474      0.05181     0.129993     0.133302    0.0817028    0.0518627    0.0697812
    0.125656    0.0904241    0.0910304      0.13864     0.103535    0.0532105    0.0997207    0.0276709   0.00237949    0.0433151    0.0305533    0.0802046    0.0435304    0.0331293    0.0698291    0.0958703    0.0391593    0.0114975     0.136107   0.00313816    0.0118182     0.117863    0.0930316    0.0601434     0.133871     0.064502    0.0150177     0.067047    0.0263016    0.0404385     0.122037    0.0364583   -0.0274538    0.0397752    0.0326163    0.0975921     0.124062    0.0577911    0.0548235     0.104999   0.00499426    0.0792837    0.0479302    0.0744269    0.0594747    0.0930379     0.149446    0.0694625
    0.159839    0.0269071    0.0526964    0.0167945    0.0985481      0.10576     0.134276    0.0898476    0.0760913    0.0202571    0.0803243    0.0605378    0.0226375    0.0706711    0.0574684    0.0370677      0.13484   -0.0137567    0.0741312    0.0888968    0.0970784    0.0949773     0.100338    0.0554129    0.0654455     0.097358     0.103573    0.0552821    0.0337622     0.061961    0.0345371     0.101392    0.0477347    0.0703676     0.101589    0.0659973     0.055722    0.0967792     0.161072    0.0883732    0.0704419    0.0230477   0.00659198    0.0942078    0.0617522    0.0400051  -0.00959968    0.0176422
    0.101203    0.0780277    0.0428131    0.0694886     0.104484     0.060116     0.141165    0.0641047     0.050577    0.0878223    0.0648282    0.0327211     0.103608    0.0694816    0.0856156    0.0654269    0.0279947    0.0442307     0.108629    0.0275648     0.019415    -0.013058   -0.0116794    0.0964344     0.134494     0.112671    0.0683823    0.0421029      0.11467    0.0415272     0.151758    0.0191105    0.0185772    0.0711017    0.0107591    0.0940828    0.0385015   -0.0564054    0.0582363    0.0473917   -0.0127242     0.111851    0.0675008     0.135109     0.138774     0.125792     0.134212     0.102517
   0.0135305    0.0292716     0.117148      0.11422     0.120118    0.0493199    0.0526784    0.0198805    0.0772098    0.0116655    0.0135241    0.0225935    0.0514018    0.0195368    0.0438561    0.0829823    0.0776912    0.0136898   0.00945405      0.10083     0.101453     0.109132    0.0599363   0.00808536     0.040816     0.103806    0.0800828    0.0611434    0.0417723    0.0622536    0.0249007     0.104755     0.129611    0.0385638    -0.010662    0.0248337    0.0285644    0.0949295    0.0820508     0.108038  -0.00574773    0.0547026  -0.00148919    0.0764075     0.138965     0.119809    0.0096112    0.0228282
    0.080612    0.0758688    0.0313896    0.0230352    0.0420376   -0.0235479    0.0821416    0.0995866    0.0508832    0.0472777     0.116893    0.0606577     0.127176    0.0893578    0.0331018    0.0454865    0.0390998    0.0615309    0.0249137     0.110596    0.0929272    0.0993518    0.0456812    0.0440561    0.0619244      0.10756     0.108327    0.0992334   0.00839887    0.0745732    0.0648898    0.0297866     0.119797 -0.000428455   -0.0161341    0.0531607     0.100379     0.101633    0.0908166    0.0476226    0.0257928    0.0685732     0.049788    0.0261013    0.0886771    0.0401331    0.0808669    0.0725057
   0.0206593    0.0901391    0.0253579   0.00748604     0.105621   -0.0244488      0.11468    0.0892375     0.114143    0.0236371    0.0596358    0.0202985     0.124112    0.0591716    0.0619073    0.0864431    0.0740711    0.0779871     0.105275    0.0348805    0.0706174    0.0599819    0.0187169    0.0335683    0.0749667    0.0786432    0.0612441    0.0763514     0.014619    0.0499922      0.10938    0.0872419     0.118279    0.0293295    0.0923297    0.0160387    0.0898504    0.0752604    0.0596522    0.0982753    0.0912354    0.0791451    0.0197174    0.0484464    0.0873278    0.0867193     0.101145    0.0911013
   0.0813611    0.0322477    0.0120182    0.0729836      0.03396    0.0597484    0.0458843    0.0139226   0.00767733    0.0206027    0.0411492    0.0426326    0.0718874   0.00413349   0.00481075     0.119359    0.0802464    0.0713554     0.100905    0.0708155   -0.0100397    0.0767779   0.00425921   0.00261591    0.0232165    0.0947406    0.0154899     0.131286    0.0141309    0.0367589    0.0749392     0.106728  -0.00558901    0.0508279    0.0626489    0.0370726     0.112569     0.132853    0.0892823    0.0736257    0.0256507    0.0612733    0.0946865   -0.0174168    0.0226831    0.0183636     0.090455     0.140165
   0.0299447    0.0538958     0.143673    0.0705742    0.0929767     0.114783    0.0540014     0.052296     0.104667    0.0365999     0.033719     0.109483   -0.0206805     0.016688     0.108289     0.115685   0.00344248    0.0505787    0.0706332   0.00128328    0.0394267    0.0293881    0.0653086    0.0167394  -0.00735412   -0.0267724    0.0968478    0.0609222    0.0214131      0.07496    0.0145513     0.031408    0.0477726    0.0516641    0.0957374     0.123498    0.0613415    0.0774441    0.0621331    0.0953137    0.0202586     0.112033    0.0712129    0.0563604    0.0826843    0.0917819      0.10177     0.102331
    0.022099    0.0870778     0.160218     0.102618     0.132092    0.0742578    0.0790611     0.110478    0.0930369    0.0285795    0.0568559    0.0600764    0.0197946    0.0738419    0.0338461     0.105736     0.109525     0.027819    0.0491566   0.00549585     0.107323    0.0816063    0.0686673 -0.000619518   -0.0160152     0.104374     0.137075    0.0514324    0.0416485    0.0158784      0.06917     0.016121    0.0827059     0.103461    0.0256636    0.0244156    0.0139291    0.0869203     0.119363     0.102937    0.0889356     0.021888     0.051635    0.0630189    0.0785201    0.0355912    0.0319571    0.0805315
 -0.00943345    0.0487772     0.145776     0.135466    0.0560407    0.0610833    0.0358964     0.112696    0.0538519    0.0518839    0.0532913     0.113061   -0.0131755    0.0999309     0.036648    0.0227442    0.0853363     0.108506   0.00251135   -0.0010105    0.0973323    0.0751371     0.066253    0.0600251     0.047986    0.0505861    0.0987317    0.0371416    0.0959487    0.0968198    0.0922824     0.016191   0.00267381    0.0492978     0.106801     0.064972    0.0146675    0.0815643     0.121172     0.065602    0.0411147    0.0586869    0.0222079     0.138529    0.0950333     0.124686     0.050977   -0.0209895
    0.160535    0.0562948    0.0916087    0.0955359    0.0300582     0.150465    0.0648577    0.0192744     0.104922    0.0451548    0.0404095    0.0264609    0.0588567     0.102803     0.037743    0.0308759     0.090977    0.0718605    0.0866964    0.0948424    0.0295056    0.0762302    0.0334205     0.010082     0.114707    0.0508334     0.105857    0.0298281   0.00827575     0.102928     0.102747    0.0274508    0.0195242    0.0241922    0.0892972    0.0711101     0.061871     0.124723    0.0610517    0.0547748    0.0176499    0.0742571    0.0759328     0.142471    0.0254468     0.031767    0.0908853    0.0717158
   0.0341467    0.0410464    0.0514768     0.132465     0.107335    0.0280119    0.0849813    0.0740496    0.0645599     0.105182     0.036924    0.0812111    0.0192733    0.0659383     0.107717     0.103723    0.0756566    0.0744447    0.0334504    0.0769462    0.0383788    0.0663114    0.0376422   0.00988383     0.080301    0.0308389   0.00841528     0.076931   0.00397109    0.0618576    0.0442661    0.0829239     0.126224    0.0915135    0.0115299    0.0211535    0.0242955     0.101583     0.122304     0.102746    0.0462141    0.0445079  -0.00434593    0.0878295     0.188459    0.0902703    0.0675058    0.0918679
   0.0954218    0.0730374    0.0419541    0.0514761    0.0761455    0.0351842    0.0796956     0.074184    0.0642244    0.0661619    0.0848873    0.0184654     0.137342    0.0748771    0.0404259    0.0802651        0.048    0.0405615     0.160142    0.0908335     0.114837  -0.00211894     0.111312     0.108952     0.130379    0.0563975    0.0780261    0.0922079    0.0910584    0.0807223       0.1508  -0.00855724    0.0151816  4.79289e-05     0.030931    0.0357862    0.0860589    0.0693593    0.0288793    0.0225211    0.0266725    0.0361722     0.119899    0.0833192   0.00262479    0.0165881    0.0539216    0.0874989
  -0.0241211    0.0278807     0.140131     0.117092    0.0909218    0.0482445    0.0227834  -0.00190938    0.0422164    0.0896783    0.0362346     0.118384    0.0297095    0.0259422    0.0988468     0.021081    0.0190124    0.0786228  -0.00339436     0.131822    0.0833816    0.0928863    0.0875353    0.0649259    0.0827049    0.0560068    0.0344054     0.126274     0.101785    0.0490161    0.0279926    0.0539234    0.0152996     0.110579    0.0149797    0.0209993    0.0711512     0.130622   0.00480412    0.0493003     0.122442    0.0356645    0.0857366    0.0606281    0.0812908    0.0678582    0.0876597    0.0589447
   0.0408062    0.0639264     0.106775    0.0881371      0.11811   0.00381384    0.0636052    0.0455399    0.0965073     0.101119    0.0692266    0.0436792    0.0989375  0.000127345    0.0991349     0.105045    0.0927068     0.034983    0.0326797      0.02692    0.0676471    0.0967996   -0.0169669    0.0574803    0.0887604     0.111528   0.00748421      0.10802    0.0261541    0.0241264    0.0521086    0.0140795    0.0783682    0.0946592    0.0224435     0.099889    0.0173454   -0.0131458     0.111453     0.119845    0.0846931    0.0996599   -0.0166008     0.102703     0.126363    0.0613518     0.125241    0.0230827
  -0.140431   -0.104125   -0.140078   -0.114986   -0.156001   -0.113216   -0.127854   -0.161372   -0.114106   -0.142507   -0.144158   -0.145618   -0.145912  -0.0953087  -0.0847813  -0.0843246  -0.0923658  -0.0981897   -0.114679   -0.139236   -0.112794    -0.12909   -0.165457  -0.0816557   -0.086004   -0.113405   -0.114119   -0.157394    -0.18001  -0.0777687   -0.130263   -0.111453    -0.16562   -0.164606   -0.101206   -0.128162  -0.0722829  -0.0907766    -0.11621   -0.120564   -0.100133    -0.11404
  -0.111016   -0.158286  -0.0455357  -0.0824072   -0.107912   -0.176301  -0.0945523   -0.230267   -0.180017  -0.0641927   -0.133917   0.0491736    -0.13607  -0.0774378   -0.181116  -0.0652443   -0.127259  -0.0456467   -0.216282  -0.0437804  -0.0403443  -0.0933767    -0.13337  -0.0876304  -0.0226713  -0.0580425   -0.111588   -0.240782  -0.0644661   -0.126373  -0.0169533  -0.0636803   -0.093089   -0.230031  -0.0513107  -0.0420885  -0.0167466   -0.166175  -0.0786049   -0.164341   -0.144006   -0.086404
 -0.0668582   -0.185396   -0.160628   -0.155628   -0.207965   -0.188995  -0.0467574   -0.132905  -0.0884593   -0.118692   -0.118588  -0.0585965  -0.0992079  0.00780079  -0.0750307   -0.114923   -0.115025   -0.164542  -0.0264895  -0.0661049  -0.0787419  -0.0508353  -0.0826546  -0.0862052   -0.163194  -0.0806243  -0.0662502   -0.130087  -0.0684399   -0.233741   -0.117855  -0.0686045  -0.0781021  -0.0301964   -0.135805  -0.0738522   -0.108602    -0.14265   -0.121747   -0.197397    -0.09891   -0.122287
 -0.0459659   -0.106501   -0.120161   -0.169119  -0.0899537   -0.122293   -0.118414   -0.152865   -0.103527   -0.159407   -0.138872   -0.057069   -0.135256  -0.0663041   -0.118428   -0.100654   -0.111663   -0.132338  -0.0808235  -0.0607202   -0.121563   -0.160474  -0.0770028  -0.0912987   -0.141765   -0.119552   -0.164181  -0.0813408  -0.0565663   -0.178057   -0.108255   -0.111281   -0.157072   -0.132954  -0.0410356  -0.0916686  -0.0694361  -0.0667947   -0.117056   -0.102041   -0.166808   -0.126413
 -0.0824245   -0.106597   -0.114673     -0.1301  -0.0600564  -0.0504523  -0.0516126   -0.123175  -0.0934498  -0.0871635  -0.0567837    -0.13882   -0.110826  -0.0147433   -0.046719     -0.1747  -0.0458378   -0.154587  -0.0786271   -0.128395  -0.0978358   -0.179868  -0.0182898   -0.169819    -0.10723   -0.139722   -0.132019   -0.143202    -0.14258  -0.0730777   -0.111853   -0.158843  -0.0950484   -0.151411   -0.152551   -0.178225   -0.158271   -0.173778  -0.0852072   -0.166276  -0.0776746  -0.0620942
  -0.112673   -0.106289   -0.133728  -0.0972896   -0.106506   -0.134986    -0.11996   -0.106818   -0.158462  -0.0981117   -0.117085   -0.164162   -0.106899   -0.120292  -0.0744439   -0.121685   -0.129966   -0.136835   -0.162974    -0.10616    -0.10759  -0.0727229   -0.088662   -0.176907  -0.0908294    -0.12161  -0.0664287   -0.108325   -0.149107   -0.100909   -0.137427    -0.15272   -0.142929   -0.106693   -0.091557   -0.109399   -0.139352  -0.0850638   -0.173617   -0.118583  -0.0928458   -0.102477
 -0.0873818   -0.122355   -0.118952  -0.0965081   -0.127875    -0.10305  -0.0773256  -0.0917056    -0.16061   -0.101445   -0.126486   -0.168071   -0.148485    -0.18513  -0.0976052   -0.140283   -0.133514  -0.0999047   -0.190165   -0.136786   -0.128859    -0.13042  -0.0906677   -0.136615  -0.0521711   -0.120373  -0.0836973   -0.139894   -0.146527  -0.0437673   -0.089953   -0.109781   -0.109665   -0.133491    -0.10148   -0.147641  -0.0497171  -0.0549309   -0.156602  -0.0742393   -0.124564  -0.0645887
 -0.0420037   -0.185958  -0.0690968   -0.053588   -0.117871   -0.170766    -0.12814   -0.187155  -0.0674577   -0.201843   -0.195889   -0.118803    -0.17142  -0.0132702   -0.105203   -0.117416   -0.091279  -0.0807609  -0.0734881  -0.0242955  0.00818372  -0.0428784  -0.0536837   -0.114878   -0.125994   -0.127079  -0.0617798   -0.102052   -0.110054   -0.181516  -0.0527325   -0.166354   -0.192079  -0.0948336  -0.0774324  -0.0320644  -0.0530993  -0.0237512   -0.147587   -0.181654   -0.135688   -0.167245
  -0.139468   -0.114067   -0.109613  -0.0816502   -0.160146   -0.148933  -0.0797844   -0.137346   -0.103128  -0.0717972   -0.157599  -0.0644555  -0.0904844   -0.118253  -0.0792526    -0.07374   -0.149083   -0.127502     -0.1138   -0.107137  -0.0991586   -0.125506  -0.0818107   -0.152232   -0.193542   -0.133344     -0.1653   -0.154776    -0.13989   -0.188689   -0.110729  -0.0886997  -0.0752254  -0.0845373   -0.165215  -0.0656342   -0.051677    -0.15198   -0.125861   -0.161136  -0.0712422  -0.0614553
  -0.154455   -0.127469  -0.0640881  -0.0643378   -0.167978   -0.126814   -0.119428  -0.0529022   -0.146982   -0.184377   -0.177044   -0.115614   -0.144847   -0.149885  -0.0801789  -0.0837869   -0.147965   -0.120021   -0.154093 -0.00715291  -0.0696141   -0.141742   -0.145433   -0.089751  -0.0836928  -0.0866169   -0.129854   -0.162278   -0.108038   -0.108059   -0.102576  -0.0847529   -0.110935   -0.139055   -0.114277   -0.146382  -0.0368809   -0.163388   -0.100568  -0.0809803  -0.0783949   -0.083095
 -0.0962031   -0.119385   -0.148105   -0.160706  -0.0942264   -0.115315  -0.0486547    -0.11122  -0.0716911   -0.128446   -0.113777    -0.11966  -0.0806409  -0.0859564  -0.0862836   -0.152353  -0.0994727    -0.16141   -0.133726   -0.144778  -0.0878034   -0.138261   -0.135811   -0.160884  -0.0659466  -0.0683489   -0.168133   -0.154281   -0.161275   -0.111445   -0.134544   -0.152526  -0.0858339  -0.0694792  -0.0486828   -0.149865   -0.164833   -0.112458   -0.101055   -0.105412   -0.146228     -0.1147
   -0.09062  -0.0803644   -0.130631    -0.14484   -0.109283   -0.124715   -0.171081   -0.108656   -0.135827    -0.14451   -0.170847   -0.138297   -0.143081    -0.13246   -0.158194   -0.135744   -0.123251   -0.101966   -0.114017   -0.138329   -0.111124  -0.0830629   -0.167809   -0.152992  -0.0778831   -0.105638   -0.144951   -0.142361   -0.155534   -0.156576   -0.133405  -0.0801916  -0.0833778   -0.113869  -0.0900455  -0.0864481  -0.0710685   -0.102466   -0.123691  -0.0890351   -0.121166  -0.0880589
  -0.178935   -0.128023   -0.125349  -0.0711258  -0.0932078  -0.0951389   -0.121533    -0.15318   -0.170411  -0.0990785   -0.102635   -0.119832  -0.0450733   -0.184044   -0.102215  -0.0611021  -0.0993644  -0.0699764    -0.13405   -0.075307   -0.159836  -0.0732079   -0.084057   -0.129341  -0.0944567   -0.153209  -0.0601821  -0.0341146   -0.164345  -0.0563868  -0.0669688   -0.129922  -0.0552873   -0.120948   -0.162195   -0.153929    -0.13466   -0.134596  -0.0580778   -0.116483   -0.153043  -0.0884455
  -0.170957  -0.0574138  -0.0840828   -0.129022   -0.128415   -0.109152   -0.138753   -0.108095   -0.121822   -0.139658   -0.151284  -0.0814495   -0.153792   -0.113072   -0.108449  -0.0989729   -0.105415   -0.142515   -0.156852   -0.073272   -0.155525     -0.1007  -0.0935499   -0.159596   -0.101505   -0.131036   -0.119967  -0.0577264    -0.16811   -0.101659   -0.124574   -0.146482   -0.129811   -0.130886  -0.0763736   -0.156732   -0.129199  -0.0901876   -0.127854  -0.0716796   -0.105492  -0.0981007
  -0.133719   -0.112705   -0.146474  -0.0813106  -0.0937867   -0.138186  -0.0996537   -0.104582   -0.141502   -0.113527  -0.0992193  -0.0965137  -0.0770491   -0.107154   -0.184276  -0.0919368   -0.149642   -0.108228   -0.122296    -0.12011   -0.122043   -0.117804   -0.155867   -0.139497   -0.108869    -0.15638  -0.0775504   -0.145852  -0.0925047   -0.113311   -0.130599   -0.178007   -0.150475   -0.169765  -0.0848563  -0.0879756    -0.17481   -0.131364  -0.0826512  -0.0999333  -0.0907268  -0.0994268
   -0.11772   -0.141445   -0.145083  -0.0596645    -0.10228   -0.121102  -0.0956672  -0.0693563  -0.0714693  -0.0970397   -0.104493   -0.173574  -0.0662436   -0.123143   -0.128095  -0.0993326   -0.151247   -0.154661   -0.141545  -0.0834945  -0.0690715  -0.0814608  -0.0829429   -0.121497    -0.18455   -0.124828   -0.118916  -0.0480884   -0.130515   -0.126209  -0.0588585    -0.11473   -0.155108  -0.0650684   -0.157511    -0.13686   -0.147971  -0.0831982    -0.14879  -0.0246223   -0.118519    -0.17044
  -0.132109   -0.135589   -0.175181   -0.136415   -0.128241   -0.171929   -0.105835  -0.0624622   -0.148238  -0.0696461   -0.152206   -0.115264   -0.141424   -0.178395   -0.122315   -0.109085   -0.105525    -0.13447  -0.0912494    -0.07414   -0.106153   -0.141039   -0.141644   -0.156129   -0.111164   -0.125232  -0.0839493  -0.0908093  -0.0800821   -0.117185  -0.0665043  -0.0697309   -0.132328   -0.140097   -0.072593  -0.0803966   -0.112032   -0.126083   -0.146352   -0.144969  -0.0742719   -0.118674
  -0.107054  -0.0976196   -0.095765   -0.128441   -0.133038   -0.141122   -0.169301  -0.0301624  -0.0522707  -0.0769401    -0.13629   -0.163779  -0.0604637   -0.117123  -0.0586925   -0.105225   -0.135239  -0.0798127  -0.0878503   -0.149493    -0.12557   -0.180411   -0.144011  -0.0927012     -0.1271   -0.061075   -0.190052   -0.123972   -0.105559   -0.114289   -0.148351  -0.0639906   -0.158289  -0.0731055  -0.0668863   -0.175643   -0.103531   -0.067943   -0.158446  -0.0889662  -0.0877452   -0.165793
 -0.0687597   -0.136397  -0.0581924    -0.11398    -0.15448   -0.173793  -0.0525879  -0.0986567   -0.078226   -0.190618   -0.121094   -0.104203  -0.0852493    -0.12291   -0.115677   -0.135869  -0.0522088  -0.0414593   -0.119797  -0.0779595   -0.180782   -0.109537   0.0214184   -0.105365  -0.0791578   -0.143158   -0.165529  -0.0663989   -0.215261   -0.141433  -0.0566162   -0.175655   -0.161418  -0.0491199  -0.0319234  -0.0618226    -0.10727   -0.200969  -0.0343287   -0.217944  -0.0794462  0.00509822
-0.00789636  -0.0663301   -0.189537  -0.0964172  -0.0545194   -0.140743  -0.0336025   -0.156499   -0.105057   -0.206846    -0.14687   -0.135828   -0.113838 -0.00486342   -0.177892    -0.17286  -0.0511848   -0.122101  -0.0701396   -0.131024  -0.0469083  -0.0600658   -0.119464  -0.0465246    -0.10733   -0.137372  -0.0324625   -0.169496  -0.0969181   -0.184779   -0.123061    -0.19326   -0.151792  -0.0954238  -0.0386687   -0.119505  -0.0285104   -0.137721  -0.0683862    -0.17483  -0.0149294    -0.16302
 -0.0782371  -0.0629656  -0.0794687    -0.11666   -0.117449   -0.148786    -0.13435   -0.129703   -0.119594  -0.0908289   -0.105005   -0.107669   -0.107905   -0.171008   -0.151048   -0.175647   -0.161589     -0.1408  -0.0412035    -0.18672  -0.0717774   -0.142478   -0.150716   -0.101719    -0.06194   -0.127304  -0.0706272  -0.0539018  -0.0632368  -0.0698959   -0.168302   -0.106894  -0.0996602   -0.039966  -0.0592423   -0.102898   -0.138661   -0.107836   -0.136323  -0.0459821   -0.142557    -0.16526
  -0.163748   -0.127126  -0.0967268   -0.136824  -0.0738317  -0.0816885   -0.117085   -0.157881   -0.195929  0.00849132    -0.10075  -0.0652841   -0.109967   -0.195722   -0.185308  -0.0295281  -0.0706636   -0.158658  -0.0356372   -0.206446   -0.131583    -0.15401  -0.0275665  -0.0348384  0.00436071   -0.115346  -0.0660261  -0.0740519   -0.160439  -0.0104751   -0.155404   -0.103117  -0.0748107  -0.0136133   -0.144304   -0.164597   -0.189231  -0.0806273   -0.137484  -0.0390218   -0.169918   -0.119804
 -0.0559602   -0.152101   -0.134211    -0.16043  -0.0503594   -0.114498  -0.0499775   -0.134896  -0.0385919   -0.141601    -0.13619   -0.092845   -0.110986   -0.154812  -0.0993933    -0.12709  -0.0719537  -0.0919027  -0.0889225     -0.1347   -0.104156   -0.115024  -0.0758951   -0.153248   -0.151302   -0.194147  -0.0904194   -0.125202   -0.123513    -0.11688   -0.183248  -0.0941436  -0.0957102  -0.0646856   -0.158198   -0.117011  -0.0972323    -0.14021   -0.164853  -0.0264089   -0.144196     -0.1107
 -0.0468556   -0.153556   -0.188207   -0.117991  -0.0903901  -0.0512187   -0.056072  -0.0821747   -0.109974  -0.0693173  -0.0896922   -0.133208   -0.074785   -0.153537   -0.151595   -0.158795   -0.150416   -0.116191  -0.0777681   -0.144106   -0.107792  -0.0589522   -0.146985   -0.117265   -0.132544    -0.13621  -0.0971382  -0.0799905  -0.0767729   -0.120033   -0.144273   -0.074797  -0.0726291   -0.136217   -0.167979   -0.126958   -0.120159  -0.0921523   -0.184287  -0.0322505   -0.149435   -0.165343
  -0.194069  -0.0425986   -0.083378  -0.0956663  -0.0993511  -0.0871495     -0.1533  -0.0783728   -0.187459  -0.0858876   -0.153616   -0.098229   -0.139229   -0.140659   -0.133844  -0.0943881  -0.0986276   -0.100924   -0.158969  -0.0684011    -0.18005   -0.131279   -0.168171   -0.154103  -0.0572765   -0.072014   -0.111052  -0.0833092    -0.15815    -0.13569   -0.150323  -0.0884441   -0.102745  -0.0876523   -0.136246   -0.167889   -0.062177   -0.155817   -0.096007  -0.0797046  -0.0771541  -0.0787104
  -0.095888   -0.128131   -0.135982  -0.0628519  -0.0507288    -0.10158   -0.140357   -0.152403   -0.138569   -0.144219   -0.155099   -0.158956   -0.132499   -0.145224    -0.10078  -0.0427881   -0.150715   -0.104078  -0.0360182   -0.121856   -0.179328  -0.0705214  -0.0782059   -0.145561  -0.0903119   -0.170948   -0.156252   -0.106625  -0.0933814  -0.0464495    -0.15066   -0.107758    -0.12285  -0.0806451   -0.159288  -0.0600966   -0.110114   -0.116535   -0.181281  -0.0391585  -0.0526228   -0.164291
  -0.110503   -0.119975   -0.052113   -0.126893   -0.165348    -0.10035   -0.111547   -0.166651   -0.178599   -0.137995    -0.14298   -0.114403  -0.0966832   -0.091547   -0.124249  -0.0957005   -0.161062   -0.161825  -0.0824995   -0.104055  -0.0754203  -0.0794694   -0.126716    -0.12003   -0.100846   -0.116229   -0.135123  -0.0767356   -0.129886   -0.111866   -0.117908   -0.116335  -0.0780321   -0.124021   -0.158522  -0.0896028   -0.104965   -0.131591   -0.126365  -0.0914143   -0.119777   -0.148321
  -0.148384  -0.0938923  -0.0882727  -0.0969795   -0.105756  -0.0695755  -0.0683346   -0.138095  -0.0864103     -0.1083   -0.132198    -0.15509   -0.163899   -0.130466   -0.149286  -0.0774879   -0.164074   -0.160566  -0.0605408  -0.0803403   -0.156642   -0.113523   -0.145757   -0.139196    -0.09722   -0.125926   -0.119918   -0.104996   -0.148526  -0.0635314   -0.137782  -0.0782643     -0.1064   -0.141778    -0.11965     -0.1215   -0.105649   -0.174091   -0.153702   -0.137077  -0.0768976   -0.124693
  -0.186091   -0.113018   -0.101714  -0.0692189    -0.18511   -0.125325   -0.140984  -0.0988191   -0.158001   -0.149256   -0.147005   -0.151314  -0.0604923  -0.0868873  -0.0843445   -0.052252    -0.13348  -0.0528288   -0.140522   -0.117747  -0.0917822  -0.0562616   -0.154055   -0.171732  -0.0859577  -0.0833666  -0.0676136  -0.0814304     -0.1512   -0.149382  -0.0732854  -0.0547287   -0.143926   -0.158408   -0.126433   -0.143168   -0.128886   -0.100396   -0.103967   -0.148733  -0.0705701   -0.133616
  -0.208706  -0.0535537    -0.10181  -0.0822715  -0.0876857  -0.0999805   -0.168249  -0.0723942   -0.113531  -0.0558225   -0.126783    -0.07714   -0.114337   -0.122579   -0.117347  -0.0916443   -0.131761   -0.121062   -0.185436   -0.129781   -0.124981   -0.209056    -0.14871  -0.0713432   -0.104219   -0.060311   -0.184209  -0.0856754   -0.142891  -0.0465838   -0.127409  -0.0816345  -0.0850445  -0.0632594  -0.0747887   -0.201331  -0.0900802  -0.0996749  -0.0789035    -0.14665   -0.115137  -0.0771765
  -0.145102  -0.0623909   -0.151954  -0.0897875   -0.134652   -0.164049   -0.131771   -0.140264   -0.120659  -0.0477211   -0.183197  -0.0866253    -0.11084  -0.0997042   -0.117713   -0.130443  -0.0699436   -0.100062  -0.0733171   -0.134627    -0.15571   -0.164904  -0.0973238   -0.113385  -0.0469232   -0.111204   -0.158669    -0.15201   -0.139426  -0.0475568   -0.114482  -0.0779867   -0.124462  -0.0560622    -0.11084   -0.182303   -0.103385  -0.0615988  -0.0799359    -0.15239   -0.131642  -0.0991129
 -0.0805675   -0.206277   -0.146567   -0.128843   -0.105589  -0.0810905   -0.168808  -0.0627982   -0.109188   -0.141951  -0.0911272  -0.0881341   -0.203647  -0.0255927  -0.0975424  -0.0988021   -0.171131  -0.0489325  -0.0263233   -0.124523  -0.0869962   -0.139152  -0.0058287   -0.167308  -0.0333133  -0.0718562  -0.0607626   -0.189637  -0.0344421   -0.166354  -0.0682644  -0.0860309  -0.0855451  -0.0345545   -0.213207   -0.150921    -0.19195   -0.142875  -0.0605654   -0.144747   -0.100328  -0.0847934
 -0.0784956   -0.151252  -0.0872318   -0.150844  -0.0841622   -0.153412   -0.117073   -0.165323   -0.129061  -0.0787059   -0.144966  -0.0603976  -0.0882296   -0.115281   -0.135378   -0.144968   -0.171956   -0.190138  -0.0657949  -0.0937974  -0.0617801  -0.0686057  -0.0787745   -0.108356   -0.072717  -0.0838565  -0.0493414   -0.145068    -0.13127     -0.1378   -0.109655  -0.0975266   -0.124808   -0.146266    -0.14044   -0.112736  -0.0786431   -0.102091   -0.149769  -0.0871095   -0.190262   -0.120256
  0.0268714   -0.144323   0.0290183   -0.180788  -0.0223052  -0.0240469  -0.0273919  -0.0795096  -0.0427632  -0.0485058   -0.105534  -0.0640776   -0.125345   -0.010929  -0.0720978   -0.124086  -0.0967764   -0.119436   0.0109889   -0.165545    -0.03547   -0.145578  -0.0244674   -0.186612   -0.173067   -0.131442   -0.180636   -0.235395   -0.190585   -0.251125   -0.126843  -0.0602786   -0.113105  -0.0341671   -0.147195   -0.109981   -0.201854   -0.144203   -0.129737   -0.096105  -0.0357537   -0.178889
 -0.0904131   -0.117056  -0.0822318    -0.18722  -0.0226455   -0.103468   -0.207461   -0.098622   -0.107224   -0.184269   -0.129866  -0.0772455     -0.1363 -0.00694792  -0.0586901  -0.0793074   -0.129208   -0.111165  -0.0740228  -0.0900706   -0.167393   -0.096948   -0.057698   -0.139683  -0.0538779  -0.0954658  -0.0725117    -0.16728  -0.0409417  -0.0828574  -0.0516212  -0.0110166   -0.121769   -0.112575   -0.203388   -0.114692   -0.186971   -0.147662  -0.0962084   -0.160362   -0.192424  -0.0469246
 -0.0871659    -0.12876   -0.160909   -0.133902   -0.172301   -0.148998  -0.0675726   -0.123831  -0.0900181   -0.117261   -0.136285   -0.133049   -0.126686   -0.095348   -0.124444   -0.157842   -0.164469  -0.0911744  -0.0680143   -0.117685  -0.0548809   -0.111867  -0.0437408  -0.0819668  -0.0559516   -0.124544   -0.103466  -0.0716649  -0.0774515   -0.137631   -0.064704   -0.160895   -0.175762  -0.0616967   -0.110049   -0.112936   -0.151999   -0.126585   -0.096169   -0.163747   -0.128077   -0.135876
