no weights
   0.0545367   -0.0593435    0.0400633    0.0176019     0.115965     0.061291    -0.128075    0.0977029    0.0252281     0.105888     0.131381    -0.044338   -0.0764303    0.0718364    0.0805776      0.06703     0.147224    0.0231553    -0.129136     0.085416   -0.0179382    0.0536484      0.16691    -0.120594    -0.099841    0.0915688     0.161589     0.191745     0.118066    -0.107816   -0.0479978     0.126141     0.139848     0.114076    0.0603315   -0.0779721   -0.0810728     0.238947    0.0884739    0.0885617     0.211288    -0.102302     0.101798    -0.157504   -0.0792294   -0.0323204    -0.114991    0.0510653
   0.0194738     0.069998    0.0372475    0.0421642    0.0983257     0.106349    0.0754475    0.0627182    0.0179354    0.0462671     0.045853     0.104868    0.0636004     0.015095    0.0106223    0.0771646   -0.0544221     0.136803     0.132711     0.062383    0.0394723   -0.0389692     0.131545     0.118701    0.0827532    0.0585635   -0.0462125    0.0370898    0.0308615      0.17578     0.149619   -0.0589886  -0.00613129   -0.0163084    0.0463247      0.12497    0.0787296    0.0157468   -0.0152219    0.0701023    0.0723774     0.150188    0.0617877    0.0550267    0.0805858     0.125205     0.151256    0.0951077
   0.0308139   0.00671116     0.052041   0.00304762    0.0219476   -0.0356467   -0.0352064     0.108501    0.0631156     0.109201   -0.0179157    0.0102387     0.113306    0.0506018     0.132735     0.113512   -0.0727457     0.168748   0.00107044     0.146287   0.00560926  -0.00405993     0.016458    0.0817113   0.00457888    0.0850857     0.171472    0.0934982   -0.0663407    0.0613416    0.0203062    0.0146563     0.151965     0.184519   -0.0402068   -0.0107003   -0.0370158     0.130129    0.0655376    0.0714282    0.0884414    0.0684776    0.0526329     0.120827    0.0310762    0.0400225    -0.015194     0.121197
   0.0681473     0.101432     0.189721     0.114829      0.14226     0.113231    0.0449812    0.0766501     0.079396   0.00337511   -0.0200244     0.176093  -0.00611339    0.0100162    0.0259161    0.0795534    0.0149842    0.0711034    0.0878553    0.0248902     0.130127    0.0536102   0.00127728     0.103849    0.0738089   0.00511298    0.0443494    0.0343332    0.0626283    0.0221919    0.0521946     0.019166   -0.0527093  -0.00276592   0.00812097    0.0659881    0.0882786    0.0168176   -0.0226624    0.0688201  -0.00383847    0.0972614    0.0282842     0.170753     0.061607     0.146883     0.122116 -0.000267734
    0.148624   -0.0308326   -0.0499851   -0.0503983     0.118202    0.0411503    0.0242144    0.0748115    0.0722941    0.0977108    0.0768501   -0.0413528     0.122591    0.0709458     0.099881      0.04901    0.0726908    0.0215729     0.111154     0.143121   0.00524804   -0.0999043     0.107511     0.015478      0.08102       0.1119    0.0145335      0.14797     0.115889     0.015886     0.118454    -0.033184       0.1821     0.049085     0.102922     0.012339   -0.0426312    0.0930004   0.00464164   -0.0459417    0.0635023   -0.0154357     0.129874  -0.00792452    0.0375899    0.0474955    0.0455768     0.129341
   0.0866755    0.0586804   -0.0421082    0.0092746     0.115335   -0.0129842    0.0698736   -0.0197381    0.0615237    0.0400787    0.0817762     0.049457      0.20419    0.0138443    0.0725408   -0.0121274    0.0696465     0.116207    0.0533764     0.162442   -0.0203918   -0.0489741     0.102203    0.0810454    0.0931667    0.0956747    0.0174885      0.15193     0.041377    0.0031356     0.161781  -0.00946218     0.128562      0.10975     0.103094    0.0986335    0.0522854    0.0386424     0.055125   -0.0263156     0.118363    0.0766108     0.157456   -0.0166122    0.0207401  -0.00387183     0.136056    0.0675749
   -0.086534    0.0861493     0.158916    0.0835321    0.0226499    0.0178156   -0.0687204    0.0611531    0.0965927     0.112638    0.0339101   -0.0253156   -0.0405757     0.014515    0.0897501    0.0229685    0.0238849  -0.00677366    0.0266616   0.00134977     0.103949   -0.0171677     0.116295    0.0312746   -0.0253924   -0.0135244     0.173297    0.0690648       0.1495    -0.029531   -0.0175413    0.0961388    0.0723381     0.171252     0.166254  -0.00793797    0.0301937     0.146827   -0.0224969    0.0892898     0.240257   -0.0124924     0.117431   -0.0399529   -0.0115582    0.0757662    0.0980711    0.0821781
    0.073693    0.0871977   -0.0488732    0.0614186     0.109585    0.0684774      0.12925    0.0112144    -0.028752    0.0222219    0.0692312    0.0263628     0.184836     0.106329    -0.061802    0.0671978    0.0466392     0.126644    0.0575307     0.164985    0.0321246     0.171249      0.15234     0.114572    0.0474705    0.0574381   -0.0564462     0.113651    0.0580451     0.120918    0.0680904    0.0285367    0.0203577     0.121804    0.0640564    0.0808337    0.0732863   -0.0118815    0.0189907     0.100491   0.00318178     0.157772    0.0878308   -0.0580699    0.0750969   0.00725117    0.0680504    0.0834475
   0.0887387   0.00757614    0.0299951    0.0948069     0.109138     0.132894    0.0515876     0.060872   -0.0187813     0.119661    0.0795533    0.0268563    0.0104567    0.0541221    0.0385337    0.0606525     0.167658    0.0565401   -0.0439057     0.125063    0.0573354      0.13286     0.150225    0.0368321  -0.00602289    0.0862828     0.067272     0.156395    0.0681782    0.0214652    0.0494771     0.151093     0.121402     0.104928    0.0577307    0.0708119    0.0409692     0.147317   0.00366974    0.0608282     0.178694    0.0595852    0.0795056   -0.0524751   -0.0765817   -0.0900552   -0.0286589    0.0890725
   0.0124149    0.0184499   -0.0303578   -0.0888301    -0.131519   -0.0125274    0.0796958     0.105578    0.0835454    0.0498432    0.0243094   -0.0641028     0.170176    0.0420593    0.0956495     0.051655   -0.0909341    0.0523122     0.167284     0.086102    0.0534289   -0.0943984    0.0810309     0.061865     0.208156    -0.032516    0.0542683   0.00427256  -0.00384067    0.0591833     0.183808     0.019608     0.152867    0.0154608   -0.0335088     0.100785     0.140792    0.0484251    0.0363991   -0.0543897    0.0281923     0.109916     0.174384     0.135788    0.0165338    0.0833181     0.144708     0.198281
   0.0320334    0.0433345   0.00534815    0.0646015     0.114261    0.0386049    0.0787361   0.00450646    0.0410546      0.10724     0.108328   -0.0391087    0.0598231    0.0452576     0.111073    0.0891023    0.0860776    0.0454222      0.12494     0.105078    0.0889417    0.0805794     0.103015   0.00206149     0.125696     0.041905    0.0962412    0.0852464    0.0651292  -0.00212993      0.14676    0.0686154    0.0937969      0.15583    0.0837872    0.0365242     0.134761   0.00638504     0.118475    0.0717314    0.0893128    0.0389382      0.14017    0.0110551      0.09092     0.105048    0.0608056    0.0886265
   0.0235705   -0.0295183     0.087552   -0.0322308   -0.0275136   -0.0379114     0.031113    0.0960779     0.142455    0.0175043    0.0894389   -0.0352387    0.0021545   -0.0146295     0.117641    0.0601049    0.0482063    0.0729995   -0.0188989    0.0196178    0.0640154    0.0294043   -0.0180084  -0.00284379   0.00253302  -0.00808738     0.166317    0.0269093   -0.0585604    0.0747374    0.0254963    0.0199622     0.201951     0.103641     0.027704   -0.0446832   -0.0465529     0.109704     0.216605     0.120271     0.100617    0.0128728    0.0158249     0.137112    0.0702252     0.152245  -0.00406984    0.0273135
   0.0121914     0.105935    0.0667023     0.113521    0.0449106    0.0114354    0.0586262    0.0622932   0.00231522    0.0637687    0.0219146    0.0501485      0.12325    0.0782004    0.0520904    0.0997664  -0.00195936  -0.00188743     0.096107    0.0640601     0.101392    0.0668721    0.0703961    0.0606623     0.146186   -0.0341204  -0.00688198   -0.0257825    0.0906077    0.0823513     0.107764   0.00285289    0.0923747    0.0394766    0.0819919    0.0913838     0.149208    0.0487477    0.0058148    0.0510087     0.111215    0.0913308    0.0978781   0.00767456    0.0948089     0.103302      0.13497    0.0863943
  -0.0451657   0.00560148    0.0813917    0.0261786   0.00384736    0.0825115   -0.0589622     0.046955    0.0806085    0.0299676     0.169814    0.0430628   -0.0592411   -0.0500917    0.0904355   0.00322551     0.257233   0.00294454    -0.220195     0.192595   -0.0340694     0.129557     0.028926    0.0312428     -0.12966    0.0892058     0.185654    0.0770486   -0.0155791   -0.0774702    -0.121856     0.190509     0.174751     0.152986    0.0802074   -0.0350808     -0.18155     0.233437      0.14248     0.110249     0.190147   -0.0627828   -0.0789765    -0.105202    0.0287229   -0.0449603    -0.146497    0.0501896
   0.0821365     0.131571    0.0202842     0.113441     0.074428    0.0234444    0.0790648    0.0376659   -0.0163142     0.089375    0.0633194     0.076874     0.106802    0.0371052   0.00784482    0.0748633     0.133158    0.0976614    0.0584699     0.158161    0.0621993     0.151948    0.0580451     0.113904  -0.00859484     0.051356    0.0918311    0.0616209    0.0788357     0.033216     0.035253     0.116258     0.102801     0.150237    0.0211449     0.145992    0.0151276    0.0854207    0.0504272     0.118496    0.0567791     0.108985  -0.00191264  0.000630282     0.028854   -0.0727024    0.0614949    0.0136955
    0.114246     0.150017      0.13148     0.102706   0.00266585   -0.0480655     0.147543    0.0285734    0.0706087    0.0424216  -0.00609211    0.0927152    0.0803271   -0.0213545   0.00527423    0.0266422   -0.0492072    0.0707844     0.115676    0.0947958     0.109873    0.0773174   0.00616509    0.0778789     0.051375    0.0939462    0.0639051    0.0421327    0.0174527    0.0600831     0.106989  -0.00553436    0.0938069   -0.0221528    -0.059575    0.0206024    0.0447334    0.0433344     0.122653    0.0530086   -0.0590335    0.0504655     0.064335     0.114495     0.163594     0.102342    0.0741087    0.0703337
  0.00223493   0.00550288    0.0672882     0.146218    0.0828743    0.0606976   0.00548663    0.0216285    0.0321792     0.156092    0.0747275     0.102237   0.00969055    0.0724745    0.0348363    0.0322875      0.09175    0.0417869    0.0989755     0.075611    0.0653494    0.0591962    0.0532689    0.0649575    0.0811524    0.0217383    0.0623107    0.0964537    0.0537641    0.0613797    0.0523532    0.0554937    0.0554949    0.0730148     0.053106     0.100771    0.0388649     0.081474    0.0376724    0.0868871     0.144193    0.0518287    0.0285229     0.100959     0.116059     0.107288     0.151065    0.0954202
    0.043716    0.0789149     0.121522     0.033971     0.138413    0.0825346    0.0556527     0.116332    0.0971215     0.121117  -0.00551247    0.0533303    0.0884739    0.0412707    0.0377461    0.0704782    0.0404245   0.00846229   -0.0321342     0.084273     0.138601     0.103176    0.0326921     0.060428   -0.0173082    0.0655334    0.0651785    0.0930828    0.0245782    0.0487113   -0.0449504    0.0807234    0.0445463    0.0367937   -0.0251791     0.075889   -0.0381896    0.0631602    0.0788213    0.0648971   -0.0217176    0.0485406    0.0171191     0.104388     0.206771     0.169284    0.0528774    0.0152513
    0.149345    0.0169545   -0.0223633   0.00492589   -0.0255973   -0.0134277    0.0885814   -0.0747533    -0.100321   0.00678101     0.196368    0.0197447     0.132513    0.0128799   -0.0253645     0.102162     0.153913   0.00445188  -0.00205449    0.0740019    -0.121867    0.0493294     0.085025  -0.00117364   -0.0140503     0.112354    0.0957283     0.105914    0.0852411   -0.0261159     0.021919    0.0950552    0.0289145     0.178334    0.0172434   -0.0287424   -0.0195384     0.151081    0.0320085     0.077066     0.162257   -0.0890207     0.202579    -0.147425   -0.0467253    -0.103748   -0.0222034     0.191866
  -0.0149289     0.217106     0.253432     0.177056     0.152769    0.0160645   -0.0064173    0.0747406     0.101556    0.0617788     0.019824    0.0465774   -0.0581205    0.0198944    0.0616233     0.080103    0.0636644    0.0517235   -0.0361297   0.00596248      0.10489     0.166748     0.014981     0.101172   -0.0138407    0.0972386    0.0909574    0.0069336    0.0174719    0.0739899   -0.0521246     0.118122    0.0485855   -0.0185229    0.0861209   -0.0247729   -0.0592582    0.0323904     0.137061     0.136828    0.0657918   -0.0162311     -0.10333     0.121316     0.118273    0.0202459  -0.00876847    -0.121512
   0.0680051    0.0851402     0.100982    0.0416614   0.00370598     0.141753   -0.0746463     0.106393     0.115659   0.00400114    0.0786991    0.0447374    0.0228356     0.022657    0.0631792    0.0431956     0.148817    0.0580135   -0.0328163    0.0518812     0.139854    0.0981864     0.154599   -0.0662744   -0.0559366    -0.049234     0.149488   -0.0436379   0.00321351   -0.0222733   -0.0522053     0.111234     0.085064    0.0349479     0.130661   -0.0440361   -0.0255274     0.197465     0.105914   -0.0119264     0.162507  -0.00409736   0.00734996    0.0331697   -0.0672647    0.0233013    -0.068263    0.0862037
    0.035795     0.163324     0.208971     0.162648     0.199977   -0.0150985     0.027013    0.0511826    0.0363501  -0.00461069    0.0758461    0.0189683   -0.0196713    0.0147552    0.0146638   0.00969326     0.108535   -0.0510877   -0.0221767   -0.0213716     0.108915     0.139582    0.0348089   -0.0271033   0.00462939    0.0362416     0.157625    0.0860662    0.0433046   -0.0320544   -0.0510883     0.019824    0.0375113    0.0464178     0.109803   -0.0583997     0.103703      0.11118     0.122406    0.0570193    0.0663769   -0.0230183     0.023953    0.0925705    0.0338859     0.109017    0.0518322   -0.0271631
    0.114504   -0.0181105   -0.0156129    0.0115448    0.0582615   -0.0201481    -0.054969    0.0278837   -0.0159479     0.158694     0.102243   -0.0271621   -0.0175992   -0.0321939    0.0143018     0.083307     0.108338   -0.0225379    -0.105849    0.0896703   -0.0861083    0.0596351   -0.0203288    -0.111995   -0.0648748    0.0764042    0.0871656      0.18485    0.0376227    -0.113132   -0.0437502     0.161892     0.090171     0.206411    -0.009634   -0.0818802   -0.0782593    0.0682601    0.0875515     0.113142     0.098437   -0.0719904    0.0868169   0.00904726     0.014887    0.0600248    0.0644883    0.0194122
    0.117626    0.0152985    0.0872716     0.140312    0.0736766     0.137844    0.0749025    0.0905051    0.0797849    0.0134774    0.0491941     0.137838    0.0238688     0.105173    0.0956225     0.118734     0.114758   -0.0311853     0.122655   -0.0469814    0.0319613    0.0619018   0.00838317    0.0821895     0.100829    0.0573953    0.0821415   -0.0230284     0.024426    0.0748777    0.0564649    0.0806061    0.0187027    -0.016871    0.0563294   -0.0045105     0.108379     0.100227     0.114687    0.0805703    0.0533699    0.0216555    0.0154066      0.10692     0.166774     0.160144    0.0952562    0.0740289
    0.100692   -0.0512996 -0.000872367   -0.0329617    0.0426214   -0.0212297    0.0713707    0.0508869    0.0649098       0.0105    0.0225051    0.0278256    0.0432752     0.097158    0.0982904    0.0727595    0.0377792   -0.0464796    0.0908075   -0.0485526  -0.00870906    0.0261669    -0.121416    0.0923865    0.0176803     0.137615    0.0626985    0.0386226     0.058173    0.0863863    0.0743743    0.0110541    0.0607618    0.0262725    0.0781239    0.0212358    0.0631244    -0.136191    0.0841917    0.0170578    -0.138705    0.0434525     0.042661     0.181139     0.268293      0.20245    0.0961844    0.0137172
   0.0333854    0.0539456    0.0703162    0.0393752   0.00935166     0.101573    0.0913963    0.0212784    0.0528697    -0.024941    0.0225624    0.0760471    0.0832877    0.0764774    0.0314031    0.0355254    0.0664025    0.0625541  -0.00170608     0.103086    0.0716217    0.0895808    0.0165229    0.0810143    0.0654418    0.0956764     0.102744 -4.08613e-05   -0.0414749     0.129696  -0.00646311     0.103142     0.145877    0.0230213  -0.00969295    0.0873729     0.100341    0.0522769     0.186339    0.0699751    0.0472042    0.0878887    0.0304803    0.0980263     0.089096     0.110436    0.0372866    0.0367284
    0.111569     0.034939     0.100193     0.127905     0.168386    0.0480252    0.0831497    0.0731808    0.0726017  -0.00384165      0.15029  -0.00865622    0.0240493    0.0506164    0.0873137    0.0458298      0.15973    -0.122381      0.09019    0.0388822    0.0029935    0.0728203  -0.00386253   -0.0711369   0.00268379     0.108182    0.0591771    0.0131073     0.131757    -0.024057   0.00193301     0.131315    0.0119072   -0.0470943    0.0529501    -0.054475     0.122524   0.00608796      0.11467   -0.0146797    0.0740522    0.0504588   0.00326509     0.153102     0.159615    0.0998086    0.0535307    0.0207805
    0.159011     0.140587    0.0888327      0.19179     0.133753    0.0837028     0.133997   -0.0264296   -0.0534686    0.0554347   0.00936972    0.0984855    0.0071877    0.0447258    0.0221789     0.122463    0.0134895   -0.0472104     0.201193   -0.0888022    -0.025893     0.121682    0.0423645    0.0745885     0.194826     0.040025    -0.101136   -0.0140226    0.0255204    0.0712255     0.189658    0.0270084    -0.171335   -0.0325043    0.0240412     0.129572     0.196235   -0.0113909   -0.0216087     0.122307   -0.0631409     0.102569    0.0206365    0.0633656    0.0190742    0.0839748      0.20908    0.0269867
      0.1995    0.0299731    0.0460208  -0.00551445     0.100456     0.131308     0.146389     0.104152     0.086776  -0.00721135     0.141544    0.0514702   -0.0122721    0.0803165     0.078451    0.0254585     0.186176   -0.0707837    0.0499775    0.0777888     0.119552     0.113519    0.0906751    0.0390789    0.0399074     0.124444    0.0921862    0.0205082    0.0423617    0.0568861    0.0169396     0.125144    0.0329609    0.0131609     0.109583    0.0556935    0.0415261    0.0822983     0.219138      0.07907    0.0558157   0.00571612   -0.0306334    0.0727795    0.0415014  -0.00901449   -0.0726691    -0.022743
    0.129853    0.0433153   -0.0172178    0.0189315    0.0961045    0.0451315     0.172947     0.061636    0.0509474    0.0941407    0.0241464    0.0196468    0.0947789    0.0812077    0.0975401    0.0611092   -0.0298789  -0.00383011     0.186142   -0.0401142    0.0177199   -0.0694391   -0.0906779     0.127692      0.21256     0.125797   -0.0442426   -0.0216043     0.124616    0.0570883     0.223312   -0.0302093   -0.0429897   0.00080895    0.0082491     0.121328    0.0824818     -0.20986   0.00991976   0.00272003    -0.130412     0.140155    0.0441282     0.161392     0.162658     0.150898     0.191055     0.070266
  -0.0229455     0.045488     0.168078     0.141525     0.148253    0.0411141   0.00549798      0.03582     0.104784    0.0116255  -0.00625292   0.00552966   -0.0115026  -0.00107987    0.0438825    0.0799201      0.08719   -0.0378784   -0.0557067     0.101332     0.114344     0.156054    0.0115607   -0.0250394   -0.0252056     0.116443    0.0950758     0.058717    0.0151605    0.0275554   -0.0407451     0.120967     0.144443    0.0322908   -0.0330521   -0.0104049   -0.0309057    0.0838259     0.123767     0.118549   -0.0497763    0.0202343   -0.0793856    0.0979822     0.177318     0.138952   -0.0139154   -0.0373646
    0.087089    0.0561206   -0.0250843   -0.0433798   -0.0118669   -0.0671238     0.125743     0.110602    0.0595733    0.0196669     0.113031    0.0304514     0.178384     0.091587    0.0363318    0.0235444    0.0124753    0.0881956    0.0356342     0.143845      0.11803    0.0906285    0.0411481    0.0552536    0.0678768     0.129236     0.113947     0.114446   -0.0173106    0.0904943    0.0697862   0.00330941     0.147997   -0.0148771   -0.0444734    0.0582998     0.115832    0.0746651     0.126733    0.0340888    0.0173298     0.080797    0.0670377    0.0181517    0.0733257   0.00405089    0.0552842    0.0858741
  0.00232596    0.0738971  -0.00947725   -0.0305185    0.0764335    -0.075073     0.154798    0.0959013     0.118956    0.0181237    0.0648135   -0.0110306     0.153838    0.0658995    0.0742544    0.0716509    0.0520282    0.0840071     0.136388    0.0302023    0.0739759    0.0191429   0.00313032    0.0395355     0.113805    0.0840262    0.0374628    0.0684534    0.0166308    0.0527442     0.143146    0.0719324     0.122555     0.026663    0.0951475    0.0224891     0.119208    0.0412561    0.0745732    0.0943638    0.0934933      0.07991    0.0243722    0.0437358    0.0877742    0.0837397     0.114534    0.0945235
    0.126728    0.0242812   -0.0534612    0.0682338    0.0129149    0.0730459    0.0822164   -0.0468077   -0.0599847    0.0249583    0.0505581     0.043375     0.115139    0.0048115   -0.0562013     0.133486    0.0863615    0.0962271     0.126059    0.0825203   -0.0854086    0.0967508    0.0014837   0.00795526    0.0408411     0.100365   -0.0239207     0.160759  -0.00404016    0.0365882    0.0895314     0.125275   -0.0643006    0.0817598    0.0433764    0.0313482     0.147282     0.157623    0.0388459    0.0863847    0.0361073    0.0656561     0.156434   -0.0857007   -0.0252057   -0.0359886    0.0984583     0.196921
  -0.0149987    0.0635051     0.203443     0.113672    0.0617133     0.174525   -0.0176249    0.0666981     0.124968    0.0443853   -0.0213188     0.147548    -0.108859    0.0182907     0.125969     0.150961   -0.0585504    0.0416596    0.0716956   -0.0832776    0.0524292  -0.00218148     0.061537    0.0327854    -0.017828   -0.0896087    0.0916959   -0.0168009    0.0130721     0.116821     0.013745   0.00479875    0.0103908    0.0133308    0.0949719     0.161596    0.0578226    0.0741604    0.0159754     0.111156   -0.0109658     0.150253    0.0482093     0.088129    0.0811577     0.147865     0.109299    0.0949569
  -0.0173439     0.117161     0.224706     0.143145     0.149034    0.0589348    0.0203956     0.132623     0.112193    0.0318385    0.0535075    0.0368051   -0.0494876    0.0696273    0.0472834     0.121524       0.1197   -0.0151511   -0.0110243    -0.018664     0.125809     0.109168    0.0601197   -0.0467175   -0.0826981     0.101838     0.185952     0.055089    0.0385831   -0.0242233   0.00677407    0.0234342    0.0909555    0.0975984    0.0135961   -0.0244755   -0.0394886     0.119355     0.153638     0.131003    0.0969252   -0.0300006    0.0157092    0.0394677    0.0443028     0.011873   -0.0256938      0.04406
  -0.0639054    0.0809046     0.221809     0.190646    0.0644047    0.0911076   -0.0146907     0.141822    0.0862228    0.0508612    0.0231398     0.168362    -0.118761    0.0972882    0.0538763    0.0238611    0.0688096    0.0837328   -0.0084476   -0.0987041     0.132994    0.0526294    0.0352226    0.0821814     0.037168    0.0131675    0.0974442   -0.0546593     0.120161     0.122446    0.0878815  -0.00063186   -0.0519466   -0.0307019     0.127062    0.0839405   0.00258167    0.0690797     0.120089    0.0888223    0.0175063    0.0690399   -0.0655195     0.177219    0.0892725     0.161567    0.0373801    -0.107645
    0.207097     0.083249    0.0662748    0.0980994    0.0171791     0.200656    0.0768562  -0.00405067    0.0875949    0.0125734    0.0180737    0.0530568    0.0557579     0.113017   0.00974848    0.0160802    0.0805942    0.0615764     0.131548    0.0597009    0.0192418    0.0605808    0.0244905     0.020751      0.14784    0.0373062    0.0847284   -0.0268619   0.00393351     0.128807     0.143055    0.0285708    -0.037385   -0.0376566    0.0776203    0.0990417     0.104092     0.117618    0.0238497    0.0271052   -0.0136659      0.10271    0.0888553     0.165875   -0.0186947    0.0116348    0.0905746    0.0741137
 -0.00424287    0.0301162    0.0751814      0.14171     0.118155    0.0139748    0.0631329    0.0800438    0.0718149       0.1206    0.0355623    0.0789134   -0.0141349    0.0464542     0.112953     0.114913    0.0740408    0.0543731  -0.00376815    0.0695137    0.0217158    0.0747032  0.000182409   0.00456493    0.0499839    0.0295997   -0.0202287    0.0661703    -0.015981     0.057922     0.014512     0.089277     0.129044     0.105025   0.00840411    0.0163172   -0.0122857    0.0842243     0.140688     0.118306    0.0202724    0.0341243   -0.0580271    0.0983818     0.246962     0.131459    0.0818126    0.0667862
    0.112578    0.0609252   -0.0433624  -0.00393711    0.0325403    0.0200278     0.106599    0.0547728    0.0425293    0.0356696    0.0461933  -0.00298013      0.18992    0.0924648    0.0235389    0.0592709   -0.0252639     0.064641     0.236566    0.0837537     0.117526   -0.0867571     0.136439     0.130496     0.198538    0.0448561     0.022169     0.057396    0.0970654     0.104045     0.222507   -0.0689962   -0.0200323   -0.0399765    0.0321865    0.0538369     0.133672       0.0168   -0.0337903   -0.0231058   0.00617552    0.0542286     0.181226    0.0665233   -0.0653694   -0.0304255    0.0523218     0.118748
  -0.0919568    0.0406915     0.159907      0.15373    0.0925501    0.0486765   -0.0207116   -0.0221432    0.0237392    0.0999752   0.00233565     0.151433   0.00880798    0.0122102    0.0756117    0.0146507   -0.0047511     0.119054     -0.03263     0.152618    0.0796598    0.0925861     0.122564    0.0799092    0.0589554    0.0389069     0.033389     0.134068     0.115465    0.0534601  -0.00214354    0.0501071  -0.00779986     0.144729     0.023072     0.025824    0.0452927     0.160201    -0.048865    0.0580367     0.149273    0.0378363    0.0850977    0.0185991    0.0534234    0.0528662    0.0792404    0.0585279
   0.0154858    0.0529748     0.114106    0.0919183     0.147287   -0.0367189    0.0688793    0.0546637      0.10863     0.131713    0.0654263    0.0220098    0.0619994   -0.0118052     0.106158     0.116243    0.0834704  -0.00407507    0.0213296   0.00359024    0.0668623      0.11346   -0.0850947     0.058538    0.0876832     0.130038   -0.0503713     0.095553    0.0181183    0.0257766    0.0507052   0.00843898    0.0611648    0.0831821    0.0180736     0.110411  0.000382607   -0.0869539     0.137355     0.144043    0.0293864    0.0989105    -0.093768     0.118128     0.186711     0.100065     0.169883   -0.0423017
   -0.190044    -0.100333      -0.1462    -0.106257    -0.184533    -0.120254    -0.139877    -0.162085    -0.127396    -0.142182    -0.151471    -0.150854    -0.145013    -0.112578   -0.0791674   -0.0806381    -0.090452   -0.0971188    -0.141979    -0.127818    -0.128961    -0.130557    -0.190914   -0.0791936   -0.0757605    -0.107581    -0.117043    -0.147771    -0.190319   -0.0662087    -0.126369    -0.114182    -0.162033    -0.169945   -0.0948884    -0.136829   -0.0575373   -0.0884226    -0.114946     -0.12508    -0.102221    -0.106824
  -0.0482778     -0.23169    0.0421549   -0.0742654     -0.11146    -0.259883   -0.0325607    -0.386214     -0.25946   -0.0235288    -0.149741     0.231862    -0.174361    0.0396027    -0.254544   -0.0293579    -0.147818    0.0355268    -0.362585    0.0502736    0.0484693   -0.0431558    -0.100251   -0.0577265    0.0812749   -0.0137542   -0.0724158    -0.413227   -0.0282157    -0.141891    0.0983044   -0.0425509   -0.0818522    -0.430505    0.0201664    0.0599869    0.0839964    -0.231992   -0.0107426     -0.25905    -0.187826   -0.0365571
   0.0296282    -0.265059    -0.178114    -0.187705    -0.304144    -0.247927   0.00964205    -0.168785   -0.0440332    -0.188462    -0.117919  -0.00627661    -0.120565     0.159681   -0.0433056    -0.131285    -0.117847    -0.184994    0.0454145   0.00634519  -0.00358899    0.0182686   -0.0222757   -0.0718262    -0.236316   -0.0513464   -0.0311738    -0.147718   -0.0168352    -0.365272   -0.0784979   -0.0652411   -0.0804663  -0.00421946    -0.146913  0.000201645   -0.0807692    -0.155527    -0.115116    -0.285917   -0.0985114     -0.13284
   0.0173198   -0.0976569    -0.124645    -0.183928   -0.0983122    -0.142211    -0.110907    -0.165945    -0.080732    -0.202356    -0.155954   -0.0465733    -0.149631   -0.0181588    -0.117653     -0.12428     -0.12082    -0.144028   -0.0567984   -0.0291417   -0.0862577    -0.156573   -0.0646348    -0.095092    -0.208942    -0.128542    -0.181344   -0.0724117   -0.0360717    -0.232723    -0.105545    -0.140421    -0.192669    -0.132362   -0.0120168   -0.0536113   -0.0485667   -0.0608398    -0.119561    -0.119674    -0.178025    -0.136007
   0.0066372    -0.125495    -0.114939    -0.180757  -0.00707313  -0.00860124   0.00684536     -0.13493    -0.042313   -0.0783061   -0.0255644     -0.13744    -0.103394    0.0732311   -0.0241882     -0.24852   -0.0242172    -0.184777   -0.0487621    -0.143951   -0.0818231    -0.207149    0.0473828    -0.206403    -0.142316    -0.170795    -0.136151    -0.180901    -0.133163   -0.0861134    -0.132423    -0.186722   -0.0912739    -0.174293    -0.178972    -0.194432    -0.177055    -0.209452   -0.0769563    -0.179283   -0.0567355    -0.048926
   -0.160029   -0.0953076    -0.150549   -0.0850986    -0.124106     -0.15028    -0.134049   -0.0962429    -0.168257    -0.100869    -0.126738    -0.181564    -0.101732    -0.159167   -0.0710344    -0.113178    -0.131558    -0.121142    -0.207708   -0.0981023    -0.109441   -0.0685584    -0.119416    -0.180755   -0.0917639    -0.115612   -0.0603891   -0.0954762    -0.148246   -0.0942348    -0.123157    -0.155444    -0.154345    -0.121293   -0.0778038    -0.116434    -0.136133   -0.0767644    -0.176513    -0.120622   -0.0961932   -0.0983817
   -0.100241    -0.117771    -0.132713   -0.0861067    -0.121746    -0.111127   -0.0777823    -0.111106    -0.178068    -0.097689    -0.126059    -0.188786    -0.157463    -0.232704    -0.120081    -0.153821    -0.121508    -0.102345      -0.2533    -0.152611    -0.172815    -0.138558    -0.104811      -0.1286   -0.0175748     -0.12832    -0.066664    -0.128431    -0.160825  -0.00649935   -0.0812859    -0.123384    -0.110305    -0.148297   -0.0853383    -0.151229    -0.028092   -0.0435691    -0.159859   -0.0696736    -0.130452   -0.0515689
   0.0449277    -0.260393   -0.0738763   -0.0101496    -0.174627    -0.241942    -0.116508    -0.243192   -0.0184979    -0.318727    -0.248349    -0.116929    -0.228278     0.116166   -0.0728884    -0.131403   -0.0929856   -0.0536998    -0.057873    0.0637083      0.11249    0.0286408   0.00998915   -0.0776599    -0.167171    -0.116646   -0.0211884   -0.0947773   -0.0556029    -0.272834    0.0109979    -0.221187    -0.269746   -0.0949364   -0.0434476    0.0423707   0.00527462    0.0271685    -0.141368    -0.267168    -0.120687    -0.199711
   -0.128529    -0.108679    -0.106382    -0.086193    -0.183532    -0.151216   -0.0869097    -0.130407   -0.0935714   -0.0918398    -0.168365   -0.0617104   -0.0888425   -0.0925305   -0.0682882   -0.0696789     -0.15202    -0.128506    -0.119582   -0.0833906   -0.0849927     -0.12705    -0.106927    -0.171252    -0.260362    -0.127754    -0.204659    -0.159078    -0.136396    -0.230966    -0.102932     -0.08359   -0.0808775   -0.0937663    -0.172516   -0.0528534   -0.0352713    -0.157321    -0.124119    -0.164777   -0.0532808   -0.0642401
   -0.185189    -0.117984   -0.0581547   -0.0516568    -0.206414     -0.14547    -0.126378   -0.0290154    -0.155447    -0.237579    -0.202591    -0.118669    -0.149134    -0.125743   -0.0637051    -0.069666    -0.152772   -0.0995154    -0.187078    0.0504369   -0.0627882    -0.132689    -0.183209    -0.106106   -0.0974718     -0.08399    -0.158203    -0.176411    -0.106638    -0.138819   -0.0770154   -0.0900039    -0.122212    -0.177721    -0.111266    -0.134954  -0.00451608    -0.179391   -0.0895443   -0.0958962   -0.0545007   -0.0776741
   -0.129294    -0.110723    -0.141266    -0.162781   -0.0990371    -0.102917   -0.0420455    -0.101009   -0.0687956    -0.112499    -0.114066    -0.134099   -0.0703485    -0.103921   -0.0772817    -0.152578    -0.105629    -0.182769    -0.131481    -0.150739    -0.104473     -0.15508    -0.167348    -0.172491   -0.0753215   -0.0676258    -0.196777    -0.147958     -0.18333    -0.101435     -0.15748    -0.157871   -0.0765874   -0.0564414   -0.0368264    -0.164692    -0.170166    -0.112874    -0.108619   -0.0934747    -0.144117    -0.124361
   -0.138089   -0.0663286    -0.136089    -0.132932    -0.123639    -0.123724    -0.182167    -0.100012    -0.149287    -0.133035    -0.171423    -0.149219    -0.133239    -0.180626    -0.157623     -0.12387    -0.121282   -0.0974313     -0.14828     -0.13556    -0.125757   -0.0852375    -0.201245     -0.15985   -0.0795858    -0.102165    -0.153606    -0.131123    -0.171838     -0.14619    -0.130626   -0.0760095   -0.0820837    -0.120598   -0.0807436   -0.0970339   -0.0595804   -0.0987134    -0.123533    -0.079336    -0.110864   -0.0849157
   -0.267404    -0.114258    -0.149814   -0.0453634    -0.109864    -0.102659     -0.13549    -0.176568    -0.243361   -0.0696522   -0.0991834    -0.131836   -0.0224632    -0.275351    -0.136557   -0.0314058    -0.101227   -0.0691731    -0.190985    -0.061604    -0.211567   -0.0461967    -0.112166    -0.114792    -0.062217    -0.166695   -0.0312712    0.0175457    -0.210225   0.00457638   -0.0534428    -0.148365   -0.0300889    -0.143354    -0.162208    -0.161543    -0.120317    -0.131538    -0.042181   -0.0989647     -0.16448   -0.0567502
   -0.247215   -0.0324384   -0.0835227    -0.105974    -0.137273    -0.098491    -0.159584    -0.100576    -0.150679     -0.11887    -0.158194   -0.0921395    -0.140337    -0.188456    -0.108048   -0.0778991    -0.102278    -0.139402    -0.185853   -0.0715402    -0.195158    -0.107046    -0.129839    -0.153013   -0.0780326    -0.125424    -0.126339    -0.030334    -0.190277   -0.0663117    -0.138188    -0.144004    -0.122978    -0.129755   -0.0566457    -0.181214    -0.111759   -0.0744256    -0.127064   -0.0512775    -0.104768   -0.0860504
   -0.159851     -0.11057    -0.161127   -0.0757186   -0.0938161    -0.144852    -0.107539    -0.103367    -0.151957    -0.102511   -0.0973434    -0.114065   -0.0723233    -0.145734    -0.196636   -0.0838033    -0.154673    -0.106587    -0.136063    -0.128426     -0.12419    -0.115375    -0.172537    -0.141426     -0.11323     -0.16238    -0.074481    -0.135127    -0.100609    -0.103971    -0.130155    -0.182983    -0.156439    -0.171457    -0.088476   -0.0938002    -0.187287    -0.124959   -0.0889186   -0.0889007   -0.0926737    -0.108553
   -0.119475    -0.143289    -0.174125   -0.0518059   -0.0974789     -0.11943    -0.106815   -0.0511201   -0.0572356   -0.0909663   -0.0905869    -0.216619   -0.0546956     -0.15918    -0.127603   -0.0863863     -0.17412    -0.163976     -0.14117   -0.0847476   -0.0543358   -0.0706576    -0.112956    -0.135358    -0.231302    -0.135453     -0.12089   -0.0204706    -0.120178     -0.12825    -0.061517     -0.11486    -0.169222   -0.0570696    -0.179312    -0.133963    -0.175289   -0.0616795    -0.183468    0.0152455    -0.117438    -0.200514
   -0.197265    -0.116302    -0.199882    -0.120745    -0.150573    -0.185072    -0.116466   -0.0531207    -0.163668   -0.0556736    -0.151859    -0.130121    -0.126279    -0.239614    -0.126527   -0.0995377    -0.102054    -0.123019    -0.150951   -0.0643719    -0.118281    -0.135612    -0.192866    -0.154124    -0.107837    -0.119152   -0.0828568   -0.0648996   -0.0881321   -0.0945681   -0.0533937   -0.0743276     -0.12977    -0.157451   -0.0526981   -0.0844373    -0.091891    -0.114175     -0.14543    -0.134352   -0.0739742    -0.105123
   -0.150789    -0.057442    -0.089384    -0.117198    -0.120826    -0.119502    -0.204907    0.0172219   -0.0254274   -0.0267286    -0.127875    -0.194892   -0.0405265    -0.157402   -0.0362701   -0.0873812    -0.135665   -0.0904997   -0.0763933    -0.203235    -0.121932    -0.244866    -0.209641    -0.100054    -0.145319   -0.0407156    -0.241695    -0.099439    -0.092473   -0.0900284    -0.193801   -0.0288078    -0.154539   -0.0330221   -0.0598657    -0.226458    -0.127514   -0.0302099     -0.19449     -0.02912     -0.07963    -0.204513
 -0.00234573    -0.159572   -0.0341126   -0.0998986    -0.191942    -0.234284  -0.00692211     -0.10461   -0.0873585    -0.290373    -0.116319   -0.0865226   -0.0956807   -0.0792877    -0.116494    -0.153846   -0.0224147    0.0057603    -0.129671   -0.0246673    -0.229219    -0.073867     0.137934    -0.111222   -0.0538647    -0.188873    -0.181045   -0.0478831    -0.285645    -0.160188    0.0120801    -0.239061    -0.194801   -0.0510643      0.01201    -0.011721    -0.088494    -0.287991    0.0387613     -0.34015   -0.0308718    0.0874467
    0.114188   -0.0684792    -0.243103   -0.0850294   -0.0401476    -0.162732    0.0413767    -0.188035   -0.0716896     -0.31872    -0.161499    -0.138264    -0.119636     0.123445    -0.201311    -0.233136   -0.0215906    -0.111538   -0.0415145   -0.0911045    0.0368002    -0.014092   -0.0880697   -0.0121321    -0.142301    -0.164732    0.0133847    -0.202441   -0.0729695    -0.267303   -0.0917507    -0.277943    -0.204737    -0.130525   0.00597229   -0.0680152    0.0509486    -0.166774   -0.0482068    -0.247733    0.0408046    -0.187646
  -0.0842487   -0.0296933   -0.0736037    -0.144909   -0.0708676    -0.130193    -0.166403   -0.0965276   -0.0981014    -0.014281   -0.0819915    -0.129114    -0.083444    -0.233346    -0.160558     -0.19653    -0.175948    -0.179126   0.00725414    -0.279691   -0.0777664    -0.219808    -0.192961   -0.0890924   -0.0499821    -0.123398   -0.0791544   -0.0138182   -0.0454348   -0.0185634    -0.239626   -0.0786627   -0.0836808   0.00715592   -0.0318096     -0.14339    -0.189446   -0.0618949    -0.167796    0.0276236    -0.185739    -0.201947
   -0.251034    -0.103007    -0.101317    -0.134252   -0.0271025   -0.0623606    -0.152923    -0.170292    -0.275128     0.124444   -0.0747984   -0.0552873   -0.0779523     -0.32638    -0.250399    0.0160119   -0.0742192    -0.175845  -0.00747155    -0.320903    -0.193444    -0.188793   -0.0132661  -0.00111429    0.0982422    -0.123494   -0.0362771   -0.0139696    -0.198109    0.0988794     -0.20817   -0.0791409   -0.0261852    0.0345583    -0.164106    -0.242847    -0.259664   -0.0403883    -0.141337    0.0355587    -0.226733    -0.126136
  -0.0212983    -0.153318    -0.158956    -0.178449    -0.010406   -0.0937538   -0.0221226    -0.141627   -0.0211264    -0.120626    -0.117699    -0.107794   -0.0987412    -0.179473    -0.107484    -0.157236   -0.0748037    -0.118499   -0.0712251    -0.168412   -0.0923882    -0.120698    -0.068909    -0.159168    -0.161707    -0.234797   -0.0781097    -0.121392    -0.108961   -0.0998958    -0.238573   -0.0929468   -0.0783694   -0.0675799    -0.186358    -0.129658    -0.115149    -0.146619    -0.192103    0.0116606    -0.157864    -0.117895
 -0.00326798     -0.15448    -0.233097     -0.13507   -0.0422852   -0.0182709   -0.0306403    -0.068283   -0.0851642   -0.0551327   -0.0667376    -0.163188   -0.0626993    -0.190629     -0.15986    -0.192091    -0.148077    -0.152881   -0.0374125    -0.190321    -0.104111   -0.0531491    -0.139461    -0.124244    -0.137607    -0.170008   -0.0816955   -0.0717036   -0.0565331    -0.106523    -0.202105   -0.0645497   -0.0490169    -0.117702    -0.214054    -0.140301    -0.147734   -0.0885686    -0.227124    0.0182784    -0.160148     -0.18316
   -0.301304  -0.00526813    -0.081996   -0.0631213    -0.126539   -0.0797858    -0.177297   -0.0692098    -0.230468   -0.0624617    -0.164949     -0.10921    -0.119368    -0.219431    -0.130214   -0.0686914   -0.0870277   -0.0936162    -0.222438   -0.0515692    -0.232163    -0.137661    -0.230145    -0.144409   -0.0311921     -0.06074    -0.120933   -0.0467058    -0.193481   -0.0892526    -0.152954   -0.0874719   -0.0859906   -0.0985757    -0.106451     -0.19229   -0.0253219    -0.143678   -0.0828015   -0.0615773   -0.0678035   -0.0508333
  -0.0940967    -0.128036    -0.133778   -0.0503261   -0.0416189   -0.0848451    -0.142655    -0.154642    -0.140945    -0.152668    -0.159366    -0.195492    -0.141955    -0.181945   -0.0990643   -0.0256499    -0.168331    -0.126286   -0.0117333    -0.119351    -0.214835   -0.0663618   -0.0902023    -0.154013   -0.0892932    -0.189532    -0.165348   -0.0915667    -0.106903   -0.0237322    -0.175654    -0.101906    -0.124019   -0.0656251    -0.181578   -0.0603224    -0.114421    -0.114715    -0.217836  -0.00486243   -0.0464992    -0.179165
   -0.126342    -0.112329   -0.0402294    -0.131591    -0.183769   -0.0999655    -0.109229    -0.167996    -0.182705    -0.138617    -0.150392    -0.115363   -0.0943201   -0.0904006     -0.11903   -0.0972038    -0.161764    -0.182382   -0.0729556    -0.102691   -0.0867839   -0.0898267    -0.155532    -0.124786    -0.135797    -0.116648    -0.170477   -0.0698208    -0.141218     -0.11955    -0.138721    -0.122261   -0.0741204    -0.112625    -0.154951   -0.0865637     -0.10208    -0.136519    -0.126727   -0.0866581    -0.112727    -0.151745
   -0.136242   -0.0975452   -0.0771318   -0.0971633   -0.0991067   -0.0589281   -0.0548398    -0.142123   -0.0815072      -0.1132    -0.133274     -0.17642    -0.170018    -0.140462    -0.149371   -0.0763952    -0.172017    -0.184299   -0.0296337   -0.0900824    -0.174135    -0.115415    -0.144398    -0.149252    -0.109399    -0.143531    -0.131413    -0.105226    -0.163878   -0.0569245    -0.167932    -0.081695    -0.108384      -0.1285    -0.138259    -0.118582    -0.122227    -0.181729    -0.177871    -0.120971   -0.0679382    -0.138858
   -0.245136   -0.0974849    -0.116748   -0.0494398    -0.227219    -0.139304    -0.153798   -0.0846376    -0.174147    -0.158835     -0.16432    -0.168656   -0.0469887    -0.116541   -0.0779001   -0.0372414    -0.130326   -0.0275999    -0.198562   -0.0979847    -0.101397   -0.0429772    -0.188747    -0.181295    -0.088905   -0.0706147   -0.0673734   -0.0705793    -0.164328    -0.149784   -0.0470728   -0.0493979     -0.15377    -0.189408    -0.106593    -0.146385    -0.107908    -0.108838   -0.0956131    -0.165921   -0.0526209    -0.118908
   -0.338184   0.00613149   -0.0972641   -0.0450335   -0.0919767   -0.0836103    -0.234823   -0.0491194    -0.156224   0.00409017    -0.140792   -0.0791462   -0.0962092    -0.219163    -0.115124   -0.0650232    -0.116793    -0.115231    -0.240362    -0.172846    -0.179428    -0.278201    -0.207694   -0.0413523   -0.0410682   -0.0289164    -0.206877   -0.0353205    -0.149612    0.0338485    -0.166249   -0.0631664   -0.0633875   -0.0476733   -0.0410838    -0.286975   -0.0656773   -0.0517474   -0.0765496    -0.103384    -0.135661   -0.0585462
   -0.241432   -0.0150953    -0.142334   -0.0644559    -0.124306    -0.145053    -0.170912    -0.118977    -0.147359    0.0126033     -0.18498     -0.09254   -0.0914859    -0.186002    -0.124084    -0.107059   -0.0574302   -0.0991072   -0.0863715    -0.193414    -0.197381    -0.223642     -0.14129   -0.0915802   0.00124131   -0.0894241    -0.178455    -0.115455    -0.157319    0.0149761    -0.160852   -0.0609061    -0.107474   -0.0248557   -0.0783686    -0.247927    -0.101784   -0.0226324   -0.0834658    -0.108723    -0.142116    -0.100454
  0.00500818    -0.275456    -0.134876     -0.19115   -0.0806503   -0.0562461    -0.221971   -0.0212031    -0.067756    -0.217978   -0.0774355   -0.0744996    -0.267364     0.107592   -0.0588284      -0.1126    -0.190293   -0.0166625    0.0653708    -0.113272   -0.0926335    -0.135153     0.109211    -0.183947   0.00279105   -0.0591046   -0.0132736    -0.246081    0.0364179    -0.188408   -0.0186874   -0.0491124   -0.0818492   0.00990481    -0.331902    -0.137043    -0.274618    -0.190371   -0.0296488    -0.205596    -0.127547   -0.0427716
  -0.0539497     -0.16632    -0.102331     -0.17559   -0.0586475    -0.142231    -0.115231    -0.181727     -0.12945   -0.0671834     -0.13107   -0.0373907   -0.0935087     -0.11091    -0.149259    -0.163428    -0.180785    -0.219793   -0.0516091    -0.114277   -0.0452261   -0.0593422   -0.0711805    -0.107166   -0.0614918   -0.0894333   -0.0279373    -0.160118    -0.107026    -0.132463    -0.127643   -0.0984482     -0.11083    -0.165487     -0.17566    -0.118213   -0.0867838    -0.105671     -0.17091   -0.0706197    -0.231635    -0.134354
     0.27196    -0.157147      0.22053    -0.273784    0.0985362    0.0854394     0.113344   -0.0414092    0.0713686    0.0534788   -0.0677516    0.0322056    -0.133088     0.197381   -0.0290016    -0.150808   -0.0816757    -0.132464     0.197391    -0.253334    0.0785737    -0.170684     0.124231     -0.28166    -0.290025    -0.116922    -0.286564    -0.467147    -0.255868    -0.446325    -0.150652    0.0140456    -0.101865    0.0437453    -0.192062   -0.0799109    -0.342714    -0.195652     -0.14648   -0.0656572    0.0659774    -0.307635
 -0.00595074    -0.174508   -0.0763413    -0.258933    0.0317746   -0.0658999    -0.292661   -0.0629259   -0.0707561    -0.243684    -0.127318   -0.0479812    -0.189319     0.119112    -0.031123   -0.0700024    -0.153222   -0.0822636 -0.000319927   -0.0796549    -0.177014   -0.0899014    0.0303211    -0.158968   -0.0103439   -0.0734015   -0.0260478    -0.244344    0.0250331    -0.108729   0.00570013    0.0530863    -0.109205   -0.0946165     -0.32545   -0.0977338    -0.275188    -0.195747   -0.0658041    -0.207036    -0.246138  -0.00103365
  -0.0794863    -0.151369    -0.182316    -0.117559    -0.205641    -0.181569   -0.0608303    -0.148082   -0.0948743    -0.148029    -0.147432    -0.145309    -0.138935    -0.077998    -0.136262    -0.162293    -0.164265   -0.0818248   -0.0711724    -0.104813   -0.0355529     -0.08784   -0.0178442   -0.0661688   -0.0443017    -0.122171   -0.0823609   -0.0652916   -0.0840464    -0.146863   -0.0494613     -0.18895    -0.205712   -0.0605986   -0.0892594   -0.0985707    -0.143756    -0.120372   -0.0941633    -0.207733    -0.128433    -0.149665
