no weights
   0.0901445    0.0182089    0.0817056     0.053589     0.125839    0.0596275    0.0257977    0.0936658    0.0257793     0.081986    0.0432798    0.0385723    0.0294235    0.0539424    0.0673065    0.0375172    0.0589277    0.0788019   0.00581804    0.0620443    0.0228246     0.058582    0.0964703   -0.0124069    0.0349458    0.0829373    0.0792972     0.102732    0.0691228   0.00997945    0.0752721    0.0894439    0.0727772    0.0406623    0.0216794    0.0205575    0.0602736     0.121798    0.0637153    0.0750097    0.0948219   0.00423893     0.087797  -0.00137395    0.0505808     0.091964    0.0147788    0.0424705
   0.0414821    0.0894135    0.0690007    0.0501896     0.120021    0.0796131    0.0830514    0.0897014    0.0408501     0.050763    0.0768425    0.0696637    0.0632874   0.00829004    0.0230471    0.0652953    0.0174161     0.108221     0.089282    0.0945456    0.0614685    0.0341815     0.115122    0.0780489    0.0362474    0.0849485    0.0423316    0.0888216    0.0206214     0.115073    0.0982688    0.0145935    0.0333002     0.024454    0.0382285    0.0607552    0.0581869    0.0598451    0.0575477    0.0906689     0.095263    0.0969625    0.0550138    0.0686282    0.0835024     0.101789      0.12169     0.084089
   0.0728247    0.0493971    0.0829071    0.0634038    0.0942243     0.025058    0.0323191    0.0869554     0.038049     0.101804    0.0616583    0.0389591      0.10598    0.0657573      0.10846    0.0936284    0.0119843     0.111991    0.0517339     0.109374    0.0212275    0.0259592    0.0328485    0.0778144    0.0555782    0.0963145     0.112253    0.0521701  -0.00502177    0.0666972    0.0735982    0.0560802     0.068175     0.124829    0.0132532   0.00753761    0.0420263     0.112849    0.0582792    0.0636992     0.104114    0.0872362    0.0461925     0.109718    0.0548048    0.0618832    0.0326368    0.0721657
   0.0810198    0.0583255      0.12841     0.062147     0.125601    0.0766944    0.0558892     0.071767    0.0651544    0.0124518     0.049595     0.122611    0.0362824   0.00894856    0.0265843    0.0877848    0.0569966     0.090795    0.0654912    0.0789345    0.0973606    0.0540806    0.0397983    0.0809711    0.0534098    0.0264471    0.0670707     0.100062    0.0610461    0.0105032    0.0407443    0.0322229    0.0206367    0.0552984    0.0153651    0.0638405    0.0759721    0.0580791    0.0235191    0.0779286    0.0696011    0.0859809    0.0710282     0.112458     0.044549     0.108224     0.106756    0.0515055
    0.114435    0.0607914    0.0483965      0.04769     0.131173    0.0531252    0.0597393    0.0711693    0.0780477     0.100577    0.0558872    0.0111109    0.0815613    0.0721389    0.0887565    0.0640932    0.0794717    0.0180937    0.0970947     0.111906    0.0386716 -0.000105607    0.0730263    0.0400498     0.066579    0.0822284    0.0376974    0.0979427    0.0742853     0.071685     0.100005    0.0224324     0.111936    0.0280949     0.078372    0.0497951   0.00947474     0.103354    0.0325518    0.0361829    0.0435401     0.019743    0.0827674    0.0365018    0.0566162    0.0741194    0.0689752     0.105926
   0.0842607    0.0971129    0.0580119    0.0731847     0.122404    0.0366326    0.0613945    0.0131186    0.0923498    0.0486237    0.0878902    0.0773517     0.134381   0.00781115    0.0996573    0.0131463    0.0960453    0.0731683     0.027147     0.109614    0.0184595    0.0220455    0.0761453     0.071624     0.057472    0.0715958    0.0586926     0.103244    0.0221965     0.015845     0.125584    0.0197839     0.111597    0.0660052    0.0934653    0.0966767    0.0558612    0.0572218     0.102251    0.0196237    0.0931956    0.0861677     0.109277    0.0302786    0.0559124    0.0481443     0.122917     0.031048
    0.030066    0.0970686     0.125419    0.0516978    0.0466788    0.0462834    0.0460889     0.046582    0.0848765    0.0762518    0.0503359    0.0214694    0.0541972   0.00971445    0.0734742    0.0153094    0.0342585    0.0156519     0.080483     0.045485     0.104402    0.0433995    0.0701057    0.0865325    0.0134042    0.0487277     0.118191    0.0695245     0.100824    0.0443751    0.0231101    0.0928956    0.0549839      0.12127      0.11659    0.0480565    0.0688059    0.0840722    0.0214375    0.0569669     0.139329    0.0553704    0.0972302    0.0194556    0.0660992     0.086174     0.106785     0.065058
   0.0721537     0.102187    0.0357171     0.076676     0.100287    0.0709999    0.0918771    0.0779975     0.031539    0.0175076    0.0754336    0.0369872     0.127542    0.0970886   0.00675132     0.065037    0.0748846    0.0891242     0.041682    0.0948222    0.0506366     0.134019     0.116819    0.0906518    0.0354786    0.0372087    0.0350216    0.0667944    0.0738927    0.0862812    0.0606738    0.0482134    0.0695526    0.0912405    0.0681021    0.0522945    0.0606064     0.028399    0.0841548    0.0989272    0.0217868     0.119051    0.0658998    0.0190891     0.105047    0.0732992    0.0487029    0.0763453
   0.0769844    0.0215552     0.067525     0.101205     0.103252     0.108219     0.100678    0.0886425    0.0256423    0.0940122    0.0483657    0.0249151    0.0366924    0.0595136    0.0621726    0.0454529     0.120507    0.0402993    0.0134496     0.083972    0.0845519    0.0909719     0.101614    0.0505183    0.0416949    0.0878723    0.0576569     0.115967    0.0582767      0.04493    0.0938034     0.114117     0.118514     0.055941    0.0409172    0.0919156     0.094125    0.0955656    0.0325127     0.048845     0.124541     0.083622    0.0494402    0.0653243    0.0354025    0.0230767    0.0328746    0.0802208
   0.0335042    0.0825746    0.0824698    0.0431937    0.0209244    0.0338274    0.0672837     0.087901    0.0605682    0.0800975     0.100752    0.0147386     0.122752    0.0290563    0.0682218    0.0886784    0.0219304    0.0205272     0.091019    0.0981869    0.0292542    0.0268361    0.0818815    0.0622831     0.122834    0.0104769    0.0502825    0.0445291     0.022391    0.0550898     0.107729    0.0779056     0.120397    0.0308253   0.00618712    0.0747476    0.0768218     0.109327    0.0633792   0.00472377    0.0354367    0.0838003    0.0975695     0.107532     0.064485    0.0708357     0.112007     0.121356
   0.0380828    0.0757879    0.0450284    0.0986992     0.126258    0.0684237    0.0702617    0.0097783    0.0450492    0.0924891    0.0852508    0.0262174    0.0467546    0.0347366     0.100168    0.0810875    0.0928555    0.0709109     0.112949    0.0860614    0.0979439     0.101194    0.0925804    0.0289485     0.106635    0.0353588     0.121962    0.0638489    0.0582102     0.024925     0.128172    0.0708624    0.0799825     0.124356    0.0805096    0.0437726     0.123926    0.0335859     0.117806    0.0776363    0.0762847    0.0540485     0.122664    0.0504602    0.0984277      0.11441    0.0422678    0.0737976
   0.0556967    0.0273099     0.100498    0.0499056    0.0666427    0.0271487    0.0737246      0.03821    0.0977378     0.026174    0.0845215    0.0334234    0.0381253    0.0080788    0.0716467    0.0535967    0.0671139    0.0888407    0.0496229    0.0502781    0.0651284    0.0770575    0.0311609    0.0323661    0.0674049    0.0128317     0.121544    0.0380256  -0.00525319     0.102848    0.0807587    0.0347672     0.125209     0.103042     0.055622   0.00201105    0.0249647    0.0874937     0.119566    0.0987884    0.0875106    0.0637641     0.049009     0.111663    0.0463379     0.129208    0.0390638    0.0258731
   0.0442596     0.100649    0.0641113     0.102476    0.0619092    0.0173005     0.040616     0.074114    0.0194729    0.0512106    0.0442876    0.0658711     0.118351    0.0741115     0.060186     0.089605    0.0447684   0.00824605    0.0533068    0.0837088    0.0813413     0.090956    0.0419156     0.062715    0.0999149    0.0144533    0.0436956    0.0168459    0.0877922    0.0697825    0.0636216    0.0487407     0.114566    0.0653239    0.0689139    0.0778926    0.0974935    0.0744318    0.0458694    0.0379735     0.105609    0.0833118     0.080663    0.0248951     0.122437     0.084522    0.0990438    0.0766001
   0.0199965    0.0417769    0.0868429    0.0628537      0.03243     0.108502    0.0802757    0.0454073    0.0850696    0.0335997     0.100596    0.0543979    0.0622838   0.00369451    0.0943657     0.026335     0.145299    0.0246292  -0.00339198     0.121087    0.0263727    0.0860307    0.0361783     0.088676    0.0702263    0.0755656     0.112075    0.0425998   0.00464251   0.00403372    0.0712877     0.100318    0.0762795     0.084435    0.0756089    0.0383647   0.00909639     0.107653    0.0558376    0.0978623      0.10909    0.0316765   0.00764799   0.00705612     0.101266    0.0675378    0.0113398    0.0849451
    0.100989     0.105326    0.0524715     0.105493    0.0512083    0.0438894    0.0748262    0.0731351    0.0185001    0.0750812    0.0584308    0.0749271    0.0977415    0.0493466    0.0392081    0.0828208     0.115703    0.0672197    0.0938531    0.0953403    0.0876697     0.102171    0.0509934    0.0989318    0.0148777    0.0297467     0.101655    0.0327077    0.0922726    0.0161965    0.0583718    0.0826331    0.0978665     0.119467    0.0279444     0.119562    0.0380764    0.0756941     0.057725    0.0995502    0.0478374    0.0991138    0.0255426    0.0585982    0.0891104    0.0150137     0.080597    0.0360109
    0.104207     0.117679     0.114274     0.107251     0.030503   -0.0011767     0.106837    0.0148656    0.0583381    0.0727011    0.0608289    0.0977939    0.0512263   0.00892848     0.025366    0.0483952    0.0126962    0.0643983     0.100486     0.101004    0.0882178    0.0702294    0.0761547    0.0593042    0.0495941    0.0773696    0.0712178    0.0594493    0.0700335    0.0573533     0.102733    0.0271631     0.110318    0.0176101 -0.000127297    0.0449822    0.0322684    0.0808699     0.095787    0.0524936   0.00755396    0.0652629    0.0797106    0.0658739     0.128948     0.085914    0.0781505    0.0814442
   0.0396016    0.0209317    0.0544639     0.126932    0.0771626    0.0605499    0.0471953    0.0236364    0.0417868     0.117489     0.082726     0.100113    0.0468682    0.0894256     0.034196    0.0207542     0.088671    0.0519319     0.109423      0.10339    0.0931378    0.0802546    0.0555276    0.0750633    0.0813067    0.0542715    0.0832071     0.111256    0.0411776     0.075011     0.050594    0.0556124    0.0570703    0.0592387     0.031963    0.0986632    0.0580932    0.0615837    0.0804096    0.0777974     0.127887    0.0576977    0.0359867    0.0958406    0.0960223    0.0677412    0.0996302    0.0973719
   0.0637232    0.0952302    0.0928447    0.0300024     0.121133    0.0883589    0.0959878    0.0868191     0.068439     0.107064    0.0319606    0.0501248     0.122028    0.0494633    0.0271473    0.0599348    0.0527912    0.0322376    0.0103828    0.0853149     0.109252    0.0665852    0.0786848    0.0727637     0.035811    0.0504135    0.0675978     0.069117    0.0518088    0.0652195    0.0112909    0.0855865     0.055822    0.0372763   0.00634351     0.100538     0.011971    0.0965444    0.0747824     0.071389    0.0477495    0.0525672    0.0597286    0.0771375     0.141481     0.132397    0.0369934    0.0565083
     0.10167    0.0559368    0.0888471    0.0653068    0.0154668    0.0136922    0.0941619  -0.00531888   -0.0103007    0.0114965     0.115348    0.0639898     0.110276    0.0162132    0.0278063    0.0940833    0.0802651    0.0109655    0.0432557    0.0442967  -0.00961384    0.0500271    0.0480905    0.0474272    0.0210389    0.0925464    0.0923884     0.045216    0.0719231    0.0428909    0.0530327     0.049665    0.0411758     0.117864    0.0143638    0.0444306    0.0117582    0.0685196    0.0494489    0.0758712     0.070403  -0.00907166     0.118584  0.000122917    0.0880683     0.039906    0.0555086     0.100324
   0.0417802     0.130846     0.134972    0.0902812     0.091394    0.0318162    0.0450122    0.0524093    0.0792184    0.0602923    0.0431062    0.0342782    0.0475168    0.0565379    0.0679434    0.0830083    0.0510247    0.0996212    0.0441967    0.0465517    0.0793523     0.110898     0.081636     0.104764     0.071487    0.0986656    0.0735677    0.0487899     0.040262    0.0909334    0.0233151    0.0984535    0.0647778    0.0216518    0.0973314    0.0146676    0.0117888     0.034037    0.0837683    0.0897758     0.102975    0.0304969    0.0318109    0.0986425     0.116952    0.0297526    0.0423001   0.00694897
    0.106177    0.0881323    0.0922521    0.0669783    0.0520538     0.108357    0.0168436    0.0785263    0.0935611    0.0354558      0.06912    0.0512881    0.0902062    0.0228042    0.0277332    0.0701637     0.104783     0.090725    0.0572739    0.0337978     0.104862    0.0974539     0.090799  -0.00305944    0.0332466  0.000365299    0.0673869   0.00850222    0.0110327    0.0131907    0.0395277    0.0618545    0.0405828    0.0351674     0.102195   0.00300808    0.0496773     0.110778    0.0851719   0.00556644     0.110567    0.0451305    0.0183944     0.040482    0.0169178    0.0857476    0.0448554    0.0751947
   0.0740957     0.101992     0.122968    0.0873118     0.143556    0.0194213    0.0511045    0.0428974    0.0303305   0.00862597    0.0703977    0.0295453    0.0427444    0.0186509    0.0329249    0.0252065    0.0648417    0.0250208    0.0176408    0.0214094    0.0935731     0.107829     0.066059    0.0270878    0.0662471     0.034539     0.127029    0.0963357    0.0252529    0.0364439    0.0182407     0.011729    0.0604391     0.088548      0.10332    0.0244184      0.12063    0.0911802      0.10108     0.047867    0.0664112    0.0396154    0.0760689    0.0981746    0.0528587     0.114214    0.0921541    0.0478081
    0.104078    0.0469394    0.0391467    0.0474606     0.051821      0.03557    0.0378917    0.0444551   0.00302826     0.101614    0.0791472    0.0784661    0.0427534  -0.00217719    0.0330716    0.0592495    0.0571998    0.0474731  0.000528278    0.0583987   0.00721829    0.0337899    0.0252746   -0.0155164    0.0252607    0.0451414    0.0580961    0.0915869    0.0435117    0.0233631    0.0429119     0.113247    0.0508589     0.112304     0.011336    0.0257876    0.0304807    0.0280865    0.0672438    0.0863902    0.0703935     0.050058    0.0939218    0.0789764    0.0353006      0.10166    0.0731955    0.0158197
   0.0934426     0.022096    0.0587724     0.125649    0.0988163    0.0985107    0.0726032    0.0823713    0.0691398    0.0237819     0.044614     0.119391    0.0756532     0.102354    0.0947718     0.103122      0.11085    0.0149029     0.105415    0.0379454    0.0351547    0.0698412    0.0506186    0.0766464    0.0935211    0.0822249     0.101986     0.042466    0.0250783    0.0750848    0.0425831    0.0910266     0.071167    0.0526835    0.0498375    0.0135414    0.0854417     0.113904     0.107506     0.058623    0.0836037    0.0324245    0.0387627    0.0700749     0.130583     0.107831    0.0901838    0.0849796
   0.0801127    0.0183499    0.0354867    0.0299768    0.0624736    0.0143279     0.061843    0.0272287    0.0255583    0.0166749    0.0445914    0.0451679    0.0625314    0.0901313    0.0704993    0.0700885    0.0625337    0.0140968    0.0649524    0.0203871    0.0177592    0.0649025     0.004245     0.081233    0.0134765    0.0981507     0.108338    0.0556905    0.0728228    0.0964773     0.081892     0.026757    0.0654199    0.0577732    0.0943308    0.0304762    0.0569937  -0.00235286    0.0726654    0.0654541  -0.00330081    0.0194532    0.0816213    0.0951129     0.139896      0.10384    0.0480005    0.0189672
   0.0399131    0.0589293     0.075147    0.0671176    0.0515931     0.107045    0.0751985    0.0137365    0.0318194   0.00860904    0.0334858    0.0647425    0.0876025    0.0855425    0.0336226    0.0505084    0.0794977    0.0525488    0.0138316    0.0952382    0.0590569    0.0723546     0.053474    0.0578182    0.0894857    0.0908843    0.0967951    0.0250842    0.0016833    0.0971973    0.0176859    0.0915639     0.127706     0.039529    0.0123585    0.0674083     0.104639    0.0722873     0.137254    0.0707662      0.08595    0.0595642    0.0687257    0.0685882    0.0654763     0.102852    0.0732541    0.0434173
   0.0950525    0.0242382    0.0880823      0.11184     0.131502     0.047672    0.0658168     0.070446    0.0689284    0.0159326    0.0901975     0.032129    0.0684568    0.0362794    0.0808087    0.0656953    0.0823439    0.0105251    0.0965252    0.0915991    0.0155205    0.0587874    0.0388167 -0.000109823    0.0264713    0.0881205    0.0803564    0.0600527     0.107538     0.038714    0.0356777     0.104383    0.0560998    0.0248425    0.0363774    0.0049068     0.111146    0.0337493    0.0944991    0.0180259     0.108503    0.0842436    0.0676813     0.119392     0.122355    0.0747016    0.0546297    0.0821668
    0.114313    0.0736722    0.0859542     0.121555     0.096408    0.0447807    0.0925498    0.0418148    0.0165477    0.0400506    0.0386868    0.0830566    0.0476815    0.0274592    0.0820007    0.0824278    0.0510511    0.0270149     0.119991     0.025618    0.0232675     0.116203      0.10434    0.0621264     0.121092    0.0730719    0.0381158    0.0778751     0.033794    0.0357509      0.10643    0.0420425    0.0043118    0.0519601    0.0430301    0.0939039     0.104885     0.068846    0.0752148    0.0986713    0.0202872    0.0755558    0.0482302    0.0753459    0.0690109    0.0935848     0.131115    0.0748885
    0.144666    0.0295264    0.0543564    0.0281516     0.103472    0.0962426     0.133252    0.0826182    0.0691475    0.0328357     0.055558    0.0710486    0.0331584    0.0651173    0.0486597    0.0369466     0.118694   0.00651062    0.0897705    0.0907224    0.0898315    0.0889673     0.102538    0.0659912    0.0832187    0.0855678     0.100489    0.0570549    0.0359278     0.067491    0.0479174    0.0955201    0.0452637    0.0869136     0.103433    0.0764915    0.0672397    0.0955056      0.13445    0.0898986    0.0731884    0.0329807    0.0159932      0.10179    0.0638256    0.0567355    0.0171553    0.0263276
   0.0907094    0.0935783    0.0646005    0.0893506     0.111886    0.0652177     0.132168    0.0640878    0.0470356    0.0863668    0.0784245    0.0408347    0.0993032    0.0636806    0.0796995    0.0669896    0.0464786     0.052881    0.0857578    0.0423897    0.0242918   0.00637952    0.0133589    0.0866314     0.111691      0.10401    0.0911182    0.0482428     0.112604    0.0422527     0.132574    0.0345557    0.0245318    0.0849911    0.0141154    0.0903144    0.0284927   -0.0152251    0.0735839    0.0635319    0.0210277     0.104024    0.0682521     0.122542     0.126346     0.117462     0.116806     0.103907
   0.0231982    0.0278295     0.102409     0.109389     0.113912    0.0502757    0.0718453    0.0146643    0.0655323    0.0126583    0.0217438     0.034504    0.0704396     0.024511    0.0437674    0.0815963    0.0759136    0.0322873    0.0361433      0.09722    0.0990522     0.091522    0.0777388    0.0241423    0.0668056    0.0986576    0.0693673    0.0532254    0.0566381    0.0783926    0.0508549    0.0990329     0.116828    0.0351833   0.00195028    0.0410208    0.0538701    0.0957017    0.0655917     0.105221    0.0101775    0.0684539    0.0230451    0.0651226     0.122431     0.112044     0.017605    0.0391442
   0.0808932    0.0862727    0.0505725    0.0490673     0.065233  -0.00537721    0.0676867    0.0930866    0.0443431    0.0588522     0.115796    0.0745328     0.110586    0.0874315    0.0319753    0.0515494    0.0482599    0.0531679    0.0289444    0.0998435    0.0819159     0.099786    0.0498309    0.0427847    0.0678459    0.0975572     0.101598    0.0872118    0.0205928    0.0707371    0.0707021    0.0422023     0.106061     0.005578  -0.00307645    0.0563213     0.102349     0.106846    0.0707657    0.0487715    0.0272633    0.0660228    0.0500634    0.0276981    0.0910954    0.0535936    0.0951975    0.0725321
   0.0322881    0.0988371    0.0368605    0.0228035     0.119346  -0.00194989     0.102839    0.0849969     0.109627    0.0262695    0.0545972    0.0355162     0.114709    0.0548827    0.0554576    0.0909817    0.0805754    0.0760134     0.101234    0.0366481    0.0715769    0.0766564    0.0269116    0.0358096    0.0665622    0.0756943    0.0651092    0.0728151    0.0157698    0.0537089     0.103482    0.0907546     0.111431     0.024902    0.0916056     0.019154    0.0875703    0.0794333     0.049105    0.0971102     0.085722    0.0831471    0.0219775    0.0506365    0.0861811    0.0900297     0.100946     0.091218
    0.067725    0.0431051    0.0309505    0.0787594    0.0521559    0.0555482    0.0382339    0.0279905    0.0254686    0.0177264    0.0388444    0.0472111    0.0622992   0.00485821    0.0203008     0.110888    0.0799443    0.0664689     0.101288    0.0709797    0.0156883    0.0684571    0.0133335   0.00619453    0.0274211    0.0944295    0.0238235     0.117992    0.0280226    0.0436874    0.0820463    0.0998152    0.0102707    0.0381511    0.0737076     0.049614     0.109011     0.120349     0.101358    0.0665061    0.0262357    0.0639454      0.07385   0.00458885    0.0311111    0.0319893    0.0925172     0.119921
    0.043213    0.0574546     0.123328    0.0579134     0.106657    0.0900599     0.085337    0.0474936    0.0958858    0.0346056    0.0481507     0.101832     0.011866    0.0153195     0.103495    0.0971918    0.0235849    0.0548341    0.0803606    0.0266672    0.0385106    0.0349128    0.0657288    0.0159061   0.00914981    -0.008053     0.094128    0.0762853    0.0300869    0.0627766    0.0260098    0.0396058    0.0525268    0.0577171    0.0988555     0.114798    0.0747468    0.0713892    0.0733418    0.0879043    0.0307571    0.0989569    0.0797485    0.0477171     0.077588    0.0722526     0.105865      0.10193
   0.0300132    0.0788441     0.138114    0.0912335     0.132064    0.0783614    0.0990038      0.10204    0.0857085     0.028325    0.0599218    0.0714273    0.0408536    0.0735066    0.0289683    0.0955012     0.109217    0.0419095    0.0713478    0.0156713      0.10194    0.0694353    0.0739414    0.0185839   0.00963131     0.105126     0.114524    0.0436519    0.0487421    0.0307517    0.0934055    0.0157723    0.0773193     0.104299    0.0367878    0.0449857    0.0350958    0.0706331     0.104785    0.0909409    0.0875839    0.0406236    0.0605405    0.0684792    0.0898965    0.0432338    0.0535777    0.0885896
  0.00930283    0.0453066     0.124306     0.122058    0.0582807    0.0513161     0.057188     0.101176    0.0395263    0.0549197    0.0605684    0.0979104     0.018038    0.0977447    0.0307966    0.0192043    0.0914039     0.110319    0.0135129    0.0264693    0.0861696    0.0831067    0.0711142    0.0555183    0.0594431    0.0600897     0.088345    0.0548473    0.0898656    0.0897296     0.100587    0.0262399    0.0122605     0.071234     0.102422    0.0633053    0.0298382    0.0737847     0.115487    0.0549973    0.0414919    0.0573627    0.0506078     0.126271    0.0969382      0.11594    0.0650417   0.00496481
    0.141466    0.0523257     0.101058    0.0974357    0.0371342     0.130344    0.0663513    0.0256465     0.106189    0.0592039    0.0471642     0.022927    0.0600517    0.0974244     0.048906     0.033772    0.0937528    0.0768563    0.0777451     0.103107    0.0332322      0.07873    0.0365803    0.0122498     0.113006    0.0527349     0.104081    0.0382768    0.0141094    0.0982679    0.0973324    0.0271337    0.0306158    0.0418259    0.0979389    0.0658241    0.0550518     0.119751    0.0681449    0.0652662    0.0282456    0.0647039    0.0706568      0.13143     0.036187    0.0365626    0.0951993     0.069767
   0.0515555     0.049759    0.0438308     0.131714     0.107717    0.0329974    0.0967231    0.0732016    0.0625201    0.0995275    0.0358327    0.0847758     0.031211    0.0735502     0.106569     0.096814    0.0766915    0.0806201    0.0548382    0.0763049    0.0498177     0.063183    0.0517879    0.0143733    0.0979431    0.0323169    0.0183745    0.0751851    0.0167372    0.0661519    0.0618562     0.079548     0.120052    0.0798725    0.0143628    0.0273162    0.0454638     0.102898     0.115153    0.0962296    0.0544802    0.0502024    0.0158265    0.0847649     0.162104     0.073591    0.0636576    0.0974507
   0.0852389    0.0783714    0.0654516    0.0691554    0.0888656    0.0428526    0.0694777    0.0749625    0.0655598    0.0769674    0.0939388    0.0330699     0.116754    0.0652338     0.042412    0.0838329    0.0713568     0.035509     0.135718     0.092465     0.108987    0.0237643     0.102781     0.106068     0.112176    0.0565304    0.0884958    0.0935983    0.0901575    0.0793571     0.131151    0.0130644      0.02128     0.011256    0.0311438    0.0396246    0.0733629    0.0834488    0.0427414    0.0356801    0.0335419    0.0347453    0.0953977    0.0869867    0.0212388    0.0324442    0.0597183    0.0780105
  0.00188902    0.0274359     0.131672     0.106763    0.0958676      0.04885    0.0379363   0.00346869     0.045646    0.0878389    0.0462094     0.107812    0.0377485    0.0304258     0.104478    0.0232642    0.0276312    0.0645153    0.0144014     0.121307    0.0836107    0.0896348    0.0780304    0.0606304    0.0978956    0.0578124    0.0322657     0.118118    0.0997724    0.0493065    0.0471918    0.0546879     0.021179    0.0966242    0.0159361     0.022589    0.0874281     0.118197    0.0192525    0.0461582     0.115127    0.0348213    0.0898957     0.075662    0.0840094    0.0721745    0.0955144    0.0606524
   0.0565015    0.0753772     0.109185    0.0916375     0.114595    0.0224709    0.0691986     0.042637    0.0904713    0.0878881    0.0730112    0.0590449         0.11   0.00426509    0.0970308     0.098269    0.0995047    0.0425604    0.0464385    0.0264792    0.0725303     0.089962     0.005167    0.0619108    0.0972117      0.10488    0.0195811    0.0991364    0.0348705    0.0278678     0.061396    0.0170923    0.0722987    0.0870994    0.0278381     0.100227    0.0350226   0.00393862     0.101407     0.108034    0.0989001     0.101965   0.00929724    0.0969042      0.10197    0.0474675     0.109704    0.0401444
  -0.125818   -0.105263   -0.138211   -0.117582   -0.144456   -0.110236   -0.123592   -0.161449   -0.108953   -0.142431   -0.140855   -0.144859   -0.146147  -0.0921189  -0.0877313  -0.0847006  -0.0932783  -0.0976947   -0.106502   -0.143016   -0.106637   -0.127348   -0.158392  -0.0822287  -0.0890626   -0.115751   -0.111504   -0.160512   -0.175418  -0.0816979   -0.131585   -0.111036   -0.168191   -0.162438   -0.101816   -0.124255  -0.0772969  -0.0904788   -0.115692   -0.117743  -0.0977119   -0.116452
  -0.119146   -0.131019  -0.0646825  -0.0804862  -0.0997452    -0.14852   -0.109324   -0.184712   -0.154316  -0.0699336   -0.124869 -0.00680025    -0.12215  -0.0987849   -0.158664  -0.0728007   -0.112402  -0.0701188   -0.172398  -0.0699041  -0.0583314   -0.107411   -0.132785  -0.0956844  -0.0521923  -0.0686264   -0.122407   -0.187989   -0.069949   -0.115629  -0.0452159   -0.064782  -0.0946041   -0.170045  -0.0692147  -0.0692097  -0.0461834   -0.147122  -0.0979952   -0.131428   -0.126765  -0.0963292
 -0.0864473   -0.157245   -0.153213   -0.139417   -0.170126   -0.167328  -0.0613978   -0.120226  -0.0997631  -0.0968762   -0.117107  -0.0746017  -0.0887945  -0.0351833  -0.0843799   -0.105342   -0.111997   -0.153075  -0.0481571  -0.0852477   -0.099968  -0.0705661   -0.095266  -0.0885369   -0.140313  -0.0933136  -0.0732392   -0.119428  -0.0811079     -0.1909   -0.124798   -0.071386  -0.0771053  -0.0413265   -0.129689  -0.0917879   -0.112909   -0.136594   -0.120196   -0.168545  -0.0942738   -0.116427
 -0.0643944   -0.113331   -0.120455   -0.161651  -0.0902194   -0.116466   -0.113902   -0.148436   -0.109973   -0.146275   -0.129257  -0.0612119   -0.125912  -0.0747005   -0.116509  -0.0925011   -0.105226   -0.129452  -0.0900851  -0.0710127   -0.134829   -0.158427  -0.0793989  -0.0868797   -0.117892   -0.116818   -0.153846  -0.0824919  -0.0620515   -0.158363   -0.106918   -0.100629    -0.14046    -0.13628  -0.0509077   -0.105057    -0.07199  -0.0703426   -0.115156  -0.0972889   -0.156737   -0.123966
  -0.105493  -0.0952093    -0.11533   -0.108057  -0.0828764  -0.0725501   -0.072369   -0.114009   -0.116568  -0.0928709   -0.071786   -0.136139   -0.116659  -0.0424826  -0.0559697   -0.144534  -0.0549169   -0.139614  -0.0805428   -0.122838  -0.0948477   -0.164556  -0.0387372   -0.153949  -0.0916756   -0.126251   -0.127928   -0.127549   -0.146271   -0.067821  -0.0997484   -0.145401  -0.0942612   -0.139817   -0.142867   -0.166674   -0.150483   -0.160622  -0.0889717   -0.160085  -0.0889388  -0.0685217
 -0.0971877   -0.112262   -0.126335   -0.101823   -0.100674   -0.128336   -0.116937   -0.112675   -0.155892  -0.0972494   -0.111851   -0.157344   -0.109008   -0.105734  -0.0768571   -0.125353   -0.129712   -0.144622   -0.147803   -0.107393   -0.108028   -0.074452  -0.0782813   -0.173447  -0.0874372    -0.12424  -0.0681722   -0.112931   -0.149387   -0.101485   -0.143033   -0.151969   -0.137992    -0.10066   -0.096055   -0.105414   -0.137936  -0.0885359    -0.17029    -0.11683  -0.0904285   -0.102546
 -0.0832577   -0.123568   -0.113138   -0.100896   -0.130405  -0.0990577  -0.0748729  -0.0830509   -0.157694  -0.0995995   -0.127278   -0.157396   -0.143483   -0.168459  -0.0886532   -0.133228   -0.141539  -0.0956071   -0.163821   -0.127926   -0.107924   -0.125911   -0.082031   -0.141576  -0.0655556   -0.117798  -0.0924182   -0.145301   -0.141004  -0.0614904  -0.0934584   -0.105735   -0.110329   -0.131783   -0.105995   -0.147078  -0.0582565  -0.0623115   -0.154504  -0.0765757   -0.123634  -0.0691632
 -0.0632158     -0.1559  -0.0672822  -0.0667869  -0.0989401   -0.146834   -0.124817   -0.166433  -0.0812764   -0.166339   -0.175225   -0.118716   -0.147857  -0.0437261   -0.117677   -0.108325  -0.0864568  -0.0870726  -0.0749894  -0.0466855  -0.0263795   -0.063243  -0.0712459   -0.129224   -0.111206    -0.13032  -0.0710139  -0.0989013   -0.127607   -0.150393  -0.0663509   -0.151425   -0.166589  -0.0956488  -0.0823207  -0.0500712  -0.0662659  -0.0433877   -0.145541   -0.156421   -0.136869   -0.152492
  -0.142185   -0.118461   -0.110492   -0.078978   -0.151357   -0.148452  -0.0727657   -0.140668   -0.104655   -0.063775   -0.152271   -0.067161  -0.0907827   -0.123891   -0.081865  -0.0766352   -0.149638    -0.12961   -0.109015   -0.116774   -0.103255   -0.122704  -0.0708936   -0.142829   -0.168047   -0.137229   -0.146269   -0.152862   -0.141018   -0.172428   -0.115506   -0.091419  -0.0725973  -0.0806334   -0.160796  -0.0690321   -0.058449   -0.150143   -0.128422   -0.159563   -0.078263  -0.0621274
  -0.138931   -0.135169  -0.0652491  -0.0690163   -0.153474   -0.118738   -0.116378   -0.067158   -0.139835   -0.163836   -0.165791   -0.115604   -0.143175   -0.153723  -0.0868606  -0.0908438   -0.147223   -0.130586    -0.14268  -0.0343605  -0.0690889   -0.143428   -0.128725  -0.0810517  -0.0821901  -0.0860827   -0.115691   -0.155689   -0.108885  -0.0954635    -0.11293  -0.0822319   -0.107916   -0.121241   -0.114033   -0.148518  -0.0512786   -0.157351   -0.104475  -0.0761853  -0.0867935  -0.0846756
 -0.0838255   -0.121623    -0.15172    -0.15851  -0.0923429   -0.121192  -0.0525731    -0.11676  -0.0722681   -0.135209   -0.114629   -0.116427  -0.0866601    -0.08112  -0.0903797    -0.15255  -0.0966466   -0.152523   -0.134028   -0.144367  -0.0795402   -0.131743   -0.126453   -0.155787  -0.0620036    -0.06907   -0.157243   -0.155419    -0.15243   -0.115086   -0.128197   -0.148914  -0.0912764  -0.0757936  -0.0552565   -0.145616   -0.161795   -0.110275  -0.0995758   -0.107048   -0.144119   -0.112502
  -0.078489  -0.0866056   -0.127744    -0.14928   -0.103154   -0.124469   -0.166767   -0.112092   -0.130303   -0.148183   -0.170331   -0.135565   -0.146799   -0.117802   -0.157705   -0.141164   -0.124103   -0.103473   -0.102873   -0.139182   -0.105845  -0.0821728   -0.159217   -0.147945    -0.07492   -0.106715   -0.140622   -0.146236   -0.148558   -0.158602   -0.135604  -0.0820663  -0.0833296   -0.110622  -0.0921957  -0.0824901  -0.0753677   -0.102795   -0.123364  -0.0911478   -0.125235  -0.0883274
  -0.152021   -0.133652   -0.118506  -0.0777153  -0.0884385  -0.0928107   -0.114383   -0.142829    -0.14404   -0.113826    -0.10514   -0.115376  -0.0537754   -0.155898  -0.0883746  -0.0723263  -0.0951143   -0.068091   -0.117868  -0.0767768   -0.143241  -0.0832413  -0.0719616   -0.133632   -0.102009   -0.147197  -0.0695698  -0.0545027   -0.144609  -0.0823176  -0.0710872   -0.124346  -0.0683165   -0.112627   -0.158499     -0.1515    -0.13686   -0.134261  -0.0642917   -0.123432   -0.150743  -0.0998783
  -0.152006  -0.0663126  -0.0849234   -0.137167   -0.124575   -0.113142   -0.132341   -0.110008   -0.110762   -0.145811   -0.146997  -0.0787265   -0.157903  -0.0913586   -0.108472   -0.106777   -0.105244   -0.142772   -0.150214  -0.0733804   -0.142637  -0.0982036  -0.0868356   -0.159709   -0.107658   -0.131618   -0.116426  -0.0669744   -0.159139     -0.1142   -0.119661   -0.146645    -0.13101   -0.129149  -0.0814195   -0.148726   -0.133724  -0.0940521   -0.127042    -0.07644   -0.104235   -0.101958
  -0.126845   -0.114083   -0.139691  -0.0833134  -0.0944054   -0.133956  -0.0963721   -0.105295   -0.137537   -0.118323   -0.100542  -0.0890477   -0.078636  -0.0965555    -0.17855  -0.0962472   -0.147006   -0.109275   -0.117316   -0.116225   -0.122928   -0.119378   -0.148307    -0.13757   -0.104129   -0.154008   -0.078276   -0.150577  -0.0886775   -0.115982   -0.131016   -0.176009   -0.147529   -0.168236  -0.0819056  -0.0856244   -0.168642   -0.134686   -0.080057    -0.10439   -0.091217  -0.0941531
  -0.118961   -0.140763   -0.133865  -0.0618642   -0.106239   -0.121939   -0.091398  -0.0777756  -0.0774775   -0.100092   -0.113791   -0.158288  -0.0700337   -0.111607   -0.127416   -0.106566   -0.141573   -0.152428   -0.138405  -0.0827041  -0.0780164  -0.0855008  -0.0689246   -0.113702   -0.164827   -0.121869    -0.11673  -0.0591805   -0.134834   -0.122041  -0.0603704   -0.114723   -0.147955  -0.0666652   -0.147772   -0.137679   -0.134381  -0.0933317   -0.135452   -0.043596   -0.120332   -0.158513
   -0.11308   -0.143552   -0.165206   -0.139947   -0.120151   -0.165983   -0.102414  -0.0668689   -0.144912  -0.0748761   -0.152308   -0.110988   -0.146701   -0.161582   -0.120472   -0.111885    -0.10644   -0.139368   -0.071362  -0.0763006   -0.103271   -0.143181   -0.124773   -0.154265   -0.108277   -0.127613  -0.0814495   -0.100408  -0.0765374    -0.12385  -0.0725217  -0.0678214   -0.133447   -0.132826  -0.0772022  -0.0793888   -0.117483   -0.129663   -0.145227   -0.147681  -0.0735201   -0.123041
 -0.0934886   -0.111951   -0.095011   -0.132819   -0.133965   -0.144542   -0.158685  -0.0481088   -0.060891  -0.0907972   -0.138694    -0.15332  -0.0657417   -0.108558  -0.0663277   -0.112429   -0.138682   -0.078012  -0.0860078   -0.134825   -0.126806   -0.158215   -0.124835  -0.0878914   -0.118327  -0.0681366   -0.171445   -0.132336   -0.111647    -0.11744   -0.138657  -0.0737063   -0.155782  -0.0852258  -0.0686092   -0.160356  -0.0948157   -0.080732   -0.146993    -0.10872  -0.0880905    -0.15241
 -0.0854764   -0.128801  -0.0636826   -0.121061   -0.141298   -0.147029  -0.0629468   -0.095313  -0.0679153    -0.15606   -0.120542   -0.107261   -0.080139   -0.124881   -0.114208   -0.127507  -0.0597837  -0.0536455   -0.121601  -0.0912939   -0.159668   -0.120799  -0.0139095    -0.10029   -0.087723   -0.121008   -0.154902  -0.0731851   -0.183919    -0.13444  -0.0754314   -0.156556   -0.150009  -0.0509952  -0.0459268  -0.0728128   -0.112354   -0.169508  -0.0598222   -0.174977   -0.100203  -0.0253142
 -0.0418091  -0.0631268   -0.168208   -0.100135  -0.0573479   -0.133831  -0.0548283   -0.146045   -0.113612    -0.16842    -0.13985   -0.131675   -0.110865  -0.0418689   -0.165146   -0.151371  -0.0580451   -0.125473   -0.078451   -0.139267   -0.076887  -0.0715525   -0.122306  -0.0607141   -0.095033   -0.125963  -0.0469782    -0.15256   -0.101602   -0.154872   -0.130513   -0.163165    -0.12948  -0.0818218  -0.0504455   -0.135229  -0.0571624   -0.123524  -0.0703413   -0.150083  -0.0369268   -0.148835
 -0.0724044   -0.071072  -0.0829072   -0.102418   -0.134435   -0.150774   -0.119865   -0.142064   -0.127237   -0.119305   -0.112157  -0.0967602   -0.115137   -0.153955   -0.145922   -0.166641   -0.155929   -0.128089  -0.0549701   -0.158055  -0.0675377   -0.113454   -0.137289   -0.106389    -0.06584   -0.128887  -0.0676115  -0.0678008  -0.0672074  -0.0865105   -0.148696   -0.114758   -0.101919  -0.0557108  -0.0709934  -0.0912138   -0.116871    -0.12567   -0.128578   -0.072173    -0.12331    -0.15337
  -0.139581   -0.132546  -0.0925582   -0.135727  -0.0879959  -0.0817177   -0.104442   -0.149222   -0.168852  -0.0327061   -0.108791  -0.0632893   -0.120416   -0.158514   -0.162444   -0.045621  -0.0664862   -0.150426  -0.0489912   -0.166885   -0.112926   -0.145271  -0.0324452  -0.0463914  -0.0251214   -0.110578  -0.0773022  -0.0978729   -0.148159  -0.0505968   -0.137257   -0.108799  -0.0920441  -0.0301051   -0.136818   -0.140206   -0.165063  -0.0958338   -0.137778  -0.0615653   -0.152948   -0.113077
 -0.0671478   -0.151042   -0.126849   -0.152804  -0.0688793   -0.124693   -0.062144   -0.130344  -0.0477122   -0.148444   -0.145803  -0.0838506   -0.116503   -0.145542  -0.0967381   -0.112672  -0.0700959  -0.0808257  -0.0896722   -0.123902   -0.110808   -0.112402  -0.0767358   -0.150255   -0.145943   -0.173641  -0.0949136   -0.126131   -0.130059   -0.121291    -0.15876  -0.0935287   -0.103631  -0.0616454   -0.148997   -0.113374  -0.0898448    -0.13673   -0.154928  -0.0455954   -0.140976   -0.109734
 -0.0574345    -0.15179   -0.170439   -0.113124    -0.10893  -0.0637855  -0.0653262  -0.0860699   -0.119542  -0.0700298  -0.0985587   -0.119556   -0.078608   -0.137541   -0.146087   -0.144038   -0.152856   -0.100656  -0.0856941   -0.130262   -0.110458  -0.0623111   -0.145143   -0.114079   -0.132704   -0.122063   -0.101519  -0.0816396  -0.0849945   -0.121403   -0.122259  -0.0777031   -0.082407   -0.141798   -0.154037   -0.123831   -0.112664  -0.0928886   -0.167592  -0.0550016   -0.146918    -0.15942
   -0.16482  -0.0566954  -0.0851311   -0.106272  -0.0895908  -0.0900291   -0.145438  -0.0811284    -0.17313  -0.0939123   -0.148156   -0.096118   -0.145729   -0.120186   -0.135148   -0.103142   -0.102299   -0.102368    -0.14197  -0.0726942   -0.163398   -0.127764   -0.152754   -0.155355  -0.0625041  -0.0745782   -0.105539  -0.0954774   -0.145077    -0.15251   -0.149627  -0.0887291   -0.108969  -0.0826709   -0.143699   -0.160572  -0.0729301   -0.156995  -0.0996054  -0.0835022  -0.0786012  -0.0883935
 -0.0998001   -0.127992   -0.138867  -0.0696775  -0.0541487     -0.1091   -0.140176   -0.150038   -0.134976    -0.13763   -0.153675   -0.144617   -0.126577    -0.13076   -0.100868   -0.052134   -0.143466  -0.0934154  -0.0466717    -0.12412   -0.164164  -0.0708747  -0.0739307   -0.141928  -0.0942738   -0.162264   -0.153795    -0.11301  -0.0864978  -0.0576545   -0.141394   -0.111144   -0.121548     -0.0869    -0.15087  -0.0601343   -0.108373   -0.114952   -0.166118  -0.0557477  -0.0555644   -0.160733
  -0.104124   -0.124082  -0.0589964   -0.124593   -0.158165  -0.0997909   -0.110877   -0.165828   -0.174508   -0.136719   -0.139499   -0.115617  -0.0973681  -0.0925073    -0.12611  -0.0945911   -0.162587    -0.15421   -0.086375     -0.1044  -0.0699333  -0.0745521    -0.11504   -0.118657  -0.0872299   -0.116969   -0.120011  -0.0795308   -0.126159   -0.109806    -0.11055   -0.112967  -0.0799684   -0.130127   -0.160244  -0.0919926     -0.1049   -0.128459   -0.128825  -0.0921415   -0.121713   -0.149914
  -0.152255  -0.0924372  -0.0945708   -0.098871   -0.107076  -0.0731752  -0.0740996   -0.134863  -0.0860596   -0.102853   -0.131512   -0.146258   -0.160554   -0.125943   -0.148458  -0.0786042   -0.161422   -0.149329  -0.0735862  -0.0778091   -0.148262   -0.112405   -0.145173   -0.135443  -0.0943873   -0.117758   -0.117177   -0.104989   -0.141576  -0.0685758   -0.125196   -0.075937    -0.10467    -0.14669    -0.11285   -0.123537  -0.0993213   -0.168921   -0.143964   -0.144107  -0.0811756   -0.121958
  -0.165819   -0.121414  -0.0938177  -0.0772935   -0.169116   -0.120892   -0.137307   -0.106549   -0.152742   -0.147133   -0.138522   -0.144267  -0.0679079  -0.0730963   -0.087115  -0.0593462    -0.13554  -0.0648298   -0.122046   -0.122517  -0.0865337  -0.0619322   -0.143562   -0.165625  -0.0815524  -0.0892254  -0.0662252  -0.0852973   -0.144962   -0.147394  -0.0839021  -0.0595481   -0.140327   -0.145823   -0.133331   -0.140074   -0.136134  -0.0944971   -0.105068   -0.140834  -0.0781455    -0.13831
  -0.173487  -0.0739206    -0.10344  -0.0944754  -0.0814105    -0.10281   -0.149177  -0.0788785   -0.101007  -0.0721441   -0.118476  -0.0768487   -0.118024   -0.100778   -0.120188  -0.0986075   -0.137783   -0.122833   -0.169436   -0.116254   -0.110104   -0.186362   -0.138559  -0.0806724   -0.121389  -0.0704311   -0.174084   -0.102288     -0.1433  -0.0733984   -0.116331  -0.0844865  -0.0902331  -0.0656624  -0.0824461   -0.176553  -0.0963283   -0.115444  -0.0786918   -0.155435   -0.105575  -0.0816838
  -0.119143  -0.0781879   -0.153292  -0.0980959   -0.134178   -0.166795     -0.1201   -0.145752   -0.111306  -0.0656158   -0.179455  -0.0832812   -0.115108  -0.0799066   -0.115264   -0.136941   -0.074259    -0.10008  -0.0698497   -0.116405   -0.142565   -0.145985  -0.0896501   -0.119415  -0.0596585   -0.117736   -0.151031    -0.16352   -0.133781  -0.0688351   -0.100512  -0.0799169   -0.127343  -0.0643743   -0.120001   -0.163855   -0.102521  -0.0740808   -0.078031    -0.16194   -0.125524  -0.0966594
 -0.0977321   -0.183134   -0.148652   -0.105808   -0.108208  -0.0866618   -0.150125  -0.0763342   -0.118172   -0.115174  -0.0886119  -0.0848736   -0.180233  -0.0584984   -0.106711   -0.088493   -0.163659  -0.0572228  -0.0554349   -0.123788  -0.0789052   -0.134346  -0.0360231   -0.162205  -0.0455355  -0.0721356   -0.075522   -0.170022  -0.0568201   -0.157783  -0.0791196  -0.0969546  -0.0836569  -0.0500031   -0.178108    -0.14954   -0.168679   -0.124285  -0.0668337   -0.122768  -0.0884128  -0.0966717
 -0.0844434   -0.143173   -0.081503   -0.139236  -0.0929971    -0.15869   -0.115139   -0.159252   -0.129507  -0.0808651   -0.153537  -0.0717018  -0.0845473   -0.114722   -0.128828   -0.135371   -0.167518   -0.176804  -0.0671442  -0.0853036  -0.0689843  -0.0744886  -0.0794064   -0.109789  -0.0800384  -0.0823424  -0.0596052   -0.139235    -0.14435   -0.139449   -0.101905  -0.0936134   -0.131559   -0.136271   -0.126427   -0.110948  -0.0757446    -0.10029   -0.140354  -0.0947062   -0.170278    -0.11392
  -0.024102    -0.14008  -0.0188908    -0.16079  -0.0460111  -0.0474189   -0.058975  -0.0831831  -0.0654627  -0.0676008   -0.107841  -0.0824777   -0.120686  -0.0480928  -0.0756884   -0.113566  -0.0978677   -0.113888  -0.0315397   -0.143219    -0.05394   -0.139512  -0.0519815   -0.160055   -0.143492   -0.135926   -0.156174   -0.176012   -0.168021   -0.198986   -0.116914  -0.0739444   -0.109085  -0.0505511   -0.135898   -0.108293   -0.167543   -0.129333   -0.122859  -0.0947181  -0.0594435   -0.140935
   -0.10738  -0.0981564  -0.0787449   -0.160529     -0.0382   -0.117071   -0.173527   -0.111484   -0.116331   -0.163368   -0.121609  -0.0790121   -0.117479  -0.0358826  -0.0632241  -0.0809199   -0.120553    -0.11859  -0.0962255  -0.0889767   -0.157441  -0.0934731  -0.0748861   -0.133125  -0.0699315   -0.101105  -0.0869068   -0.141466  -0.0587881  -0.0704007  -0.0668863  -0.0348666   -0.124849   -0.119003   -0.166362   -0.114584    -0.15897   -0.129478   -0.103883   -0.143283   -0.169688  -0.0617834
 -0.0895254   -0.118079   -0.149615   -0.141731   -0.158037   -0.135886  -0.0688719   -0.114669  -0.0868097   -0.105394   -0.132734   -0.125479   -0.121672  -0.0980755   -0.119774    -0.15457   -0.162857  -0.0931758  -0.0686981   -0.118648  -0.0622045   -0.122857  -0.0538321  -0.0902147  -0.0593679   -0.127309   -0.113006  -0.0730411  -0.0721458   -0.133957   -0.066153   -0.152442   -0.164422  -0.0635103   -0.117517   -0.116178   -0.152666   -0.128961  -0.0944924   -0.144964   -0.128061   -0.126743
