no weights
   0.0304509    -0.085658    0.0280423   0.00605774     0.108174    0.0570824    -0.187649    0.0999148    0.0266005     0.110915     0.154119   -0.0736269    -0.100442    0.0763637    0.0829937    0.0730062     0.173316    0.0208488    -0.181217     0.107923   -0.0332357    0.0485781     0.202084    -0.158951    -0.154617    0.0931019     0.208851     0.238827      0.13138    -0.152155    -0.101229      0.13542     0.179475     0.153589    0.0694422    -0.117128    -0.135355     0.295914    0.0924477    0.0882108     0.263041    -0.138295     0.116374    -0.208729    -0.121423   -0.0722912    -0.161493    0.0631405
  0.00923667     0.065028    0.0107423    0.0432663      0.09796     0.117932    0.0728141      0.03614  -0.00791852    0.0476957    0.0303643     0.120284    0.0630425    0.0188648   -0.0100951    0.0827306   -0.0890062     0.145767      0.15795    0.0449862    0.0228602   -0.0741927      0.14684     0.136615     0.111354    0.0434952    -0.106349     0.008711    0.0438374     0.203571     0.181807   -0.0961637   -0.0439588   -0.0377794    0.0587021     0.154338    0.0934262   -0.0113217   -0.0665895    0.0635478    0.0649104     0.170414    0.0655822    0.0341355    0.0605055     0.122447     0.170225    0.0967334
 -0.00554452   -0.0215926    0.0259722    -0.041308   -0.0369289   -0.0709703   -0.0849239     0.122968    0.0797747      0.10476   -0.0785078   -0.0139318     0.114071    0.0422989     0.143067     0.116149    -0.136873     0.204773   -0.0256322     0.162946   0.00392787   -0.0372841   0.00962577    0.0814273   -0.0267564    0.0724679     0.206624     0.113307    -0.103117     0.055198   -0.0126285   -0.0170468     0.197876     0.212865    -0.074555   -0.0242489   -0.0800395     0.133484    0.0574556    0.0626503    0.0766031    0.0604992    0.0685001     0.122405   0.00792189    0.0258953   -0.0438016     0.152847
   0.0688322     0.125623     0.219099     0.144283     0.159929     0.134102    0.0421646     0.077242    0.0815339   0.00470547   -0.0438478     0.206152   -0.0454385    0.0101791    0.0252088    0.0791042   0.00260037    0.0447359     0.105469   -0.0251125     0.143213    0.0508398     -0.02808     0.118155    0.0930712  -0.00838457    0.0116168   -0.0199711    0.0719415    0.0347943    0.0711774    0.0164045    -0.106581   -0.0471982    0.0144048    0.0775252     0.102011   -0.0187131   -0.0439477    0.0692096   -0.0447234     0.105607  -0.00627698     0.194882    0.0620964     0.164429     0.136088   -0.0401874
    0.154712   -0.0791851    -0.109543    -0.102927     0.104827    0.0319969   0.00289227    0.0698514    0.0656601    0.0928933    0.0728507   -0.0658904     0.151021    0.0734142    0.0982259    0.0419137    0.0522565    0.0347595     0.117047     0.168734  -0.00860036    -0.151035     0.135568   0.00564055    0.0868537      0.12192  -0.00302968     0.175138     0.129869  -0.00123239      0.12528    -0.070687     0.212737    0.0653934     0.111614   0.00104514   -0.0681504    0.0841309   -0.0208734   -0.0856713    0.0725111   -0.0265509     0.163017   -0.0342534     0.024128    0.0310597    0.0356065     0.155493
   0.0872193    0.0417959    -0.107242   -0.0201372     0.112245   -0.0306639    0.0763585   -0.0534877    0.0285242    0.0336869    0.0740597    0.0396465     0.247598    0.0161035    0.0405555   -0.0225828    0.0486952     0.146309    0.0689774     0.196275   -0.0497664   -0.0798675     0.128206    0.0883409      0.11149     0.104695   -0.0195056      0.17514    0.0471199   0.00848558     0.180914   -0.0315354     0.122894     0.130254     0.106833     0.107464    0.0540694    0.0289543    0.0136028   -0.0482868     0.130702    0.0804137     0.188334   -0.0541515   -0.0104858   -0.0411676     0.142509    0.0932538
    -0.15906    0.0844137     0.177107    0.0971784  -0.00278945  -0.00227301    -0.134598    0.0702502     0.104914     0.123659   0.00858003   -0.0482556   -0.0836957    0.0145821    0.0967145      0.02298  0.000283688  -0.00351203  0.000276928   -0.0168093     0.108701   -0.0584933     0.147976   0.00667835   -0.0490938   -0.0525522     0.212725    0.0672836     0.168147   -0.0618872   -0.0421337    0.0857708    0.0883733     0.194937     0.184207   -0.0350795   0.00990378     0.183049   -0.0520857    0.0998599     0.291719   -0.0420136       0.1349   -0.0641607   -0.0581566    0.0714128    0.0877754    0.0963339
   0.0823508    0.0892553    -0.106144    0.0631701     0.127707    0.0689626     0.154315   -0.0460509    -0.084277    0.0251642    0.0733132     0.028009     0.221712     0.110416    -0.118297    0.0715037    0.0386403     0.149608     0.071739      0.19836  -0.00590374       0.1871     0.175477     0.128431    0.0613252    0.0698436    -0.119363     0.137991    0.0567343     0.142964    0.0826347     0.020539   -0.0243916     0.139664     0.065318     0.100938    0.0870498   -0.0248978   -0.0305825     0.104488   0.00498791     0.176079     0.103195    -0.115794    0.0386306   -0.0433848    0.0813518    0.0931789
   0.0891979    0.0129564 -0.000358081     0.101723     0.120277     0.146356    0.0348868    0.0257803   -0.0571708     0.124563    0.0926619    0.0324914    0.0105195    0.0556241   0.00596152     0.063863      0.18743    0.0732128   -0.0649273     0.155201    0.0307591     0.154627     0.186141    0.0328569   -0.0251947     0.088213    0.0611471     0.179427    0.0749999    0.0193924    0.0314746     0.166593     0.107468     0.129174    0.0657786    0.0698338    0.0235263      0.17789   -0.0284614    0.0651031     0.209224    0.0561522    0.0964245    -0.118471    -0.145356     -0.15978   -0.0572092    0.0982482
  -0.0147556   -0.0125916   -0.0857916    -0.155836     -0.21358   -0.0421228    0.0678541     0.117596    0.0963959    0.0347699   -0.0280316     -0.10306     0.192141    0.0464099     0.111447    0.0356018    -0.165991    0.0817679      0.19676     0.084934     0.069084    -0.168364    0.0931366    0.0647936     0.240168   -0.0611648    0.0620557   -0.0143036   -0.0194125    0.0657632     0.214051   -0.0231123      0.17846     0.012701   -0.0527108     0.113502     0.161431    0.0213705    0.0131121   -0.0835022     0.029286     0.120991     0.219581      0.14424   -0.0186975    0.0822801     0.152749     0.242714
   0.0264233     0.034658   -0.0165812    0.0540423      0.11155    0.0231026    0.0871985  -0.00547065    0.0313804     0.112034     0.114562   -0.0628198    0.0710803    0.0493946     0.106293    0.0920079    0.0765591     0.041945     0.134529     0.114734    0.0829114    0.0711317      0.11312  -0.00412319     0.137976    0.0445254    0.0766967    0.0928285     0.069474  -0.00580648     0.159558    0.0616428    0.0900596     0.167009    0.0865044    0.0384303     0.144999  -0.00846628     0.110896    0.0722109    0.0964268    0.0361753     0.151903    -0.012734    0.0799077    0.0947203    0.0694183    0.0972134
  -0.0119047   -0.0633348    0.0742691   -0.0815442   -0.0907518   -0.0798152  -0.00568248     0.127457     0.170624    0.0093333    0.0722887   -0.0779543   -0.0204386   -0.0258556     0.141143    0.0554105    0.0208942    0.0714638   -0.0564605   0.00979808    0.0687173    -0.006249   -0.0415002   -0.0216826   -0.0366704   -0.0198877     0.199664    0.0262129   -0.0853107     0.051484   -0.0124802   0.00363275     0.248508     0.108471   0.00819099   -0.0747642   -0.0864694     0.115845     0.253345     0.120969     0.104721   -0.0139859   0.00659739     0.142654    0.0690509      0.15629   -0.0342523    0.0324468
 -0.00323188     0.112298    0.0597958     0.122542    0.0397916    0.0107842    0.0653427    0.0471524   -0.0141935    0.0696234    0.0110843    0.0496854       0.1207    0.0813032    0.0406465     0.104439   -0.0262757  -0.00290493     0.119443    0.0477301     0.100438    0.0487498    0.0839536    0.0667824     0.172773   -0.0556362   -0.0410304   -0.0518869    0.0989107    0.0956624     0.135386   -0.0194111    0.0663021    0.0228273    0.0920413     0.106321     0.176291    0.0318469    -0.025736    0.0580836     0.114728    0.0998378     0.105126  -0.00640747    0.0726991     0.104309     0.155181    0.0888628
  -0.0807079   -0.0110768    0.0837873   0.00969551   -0.0157709    0.0678049    -0.116477    0.0570359    0.0908994    0.0227882     0.186377    0.0305066    -0.091531   -0.0688284    0.0946756   -0.0105166     0.292153   0.00755405    -0.302511     0.231177   -0.0494134      0.14205    0.0342431   0.00430668    -0.210706    0.0965443      0.24167     0.107886   -0.0272091    -0.116374     -0.20363     0.219668     0.233759     0.190042    0.0757274   -0.0730221    -0.257202     0.294868     0.178247     0.108474     0.227048   -0.0995792   -0.0985592    -0.136094    0.0110095   -0.0794395    -0.211208    0.0497539
   0.0811673     0.152971  -0.00322802     0.126674    0.0936633    0.0227567    0.0866956   0.00283862   -0.0507737     0.093115    0.0665422    0.0851621     0.117321    0.0340031   -0.0262333    0.0725637      0.14293      0.11625    0.0505541     0.186415    0.0372082     0.178733    0.0684031      0.12421   -0.0135943    0.0609443    0.0743462     0.076028    0.0752037    0.0461683    0.0310781     0.132007    0.0838636     0.164433    0.0187652     0.161189     0.013913     0.092864    0.0289556     0.127146    0.0644107     0.117937  -0.00684604   -0.0388162   -0.0155829     -0.12644    0.0546544   0.00736637
    0.121097     0.163668     0.135571    0.0985439  -0.00762892   -0.0657126     0.164994     0.034964    0.0768919    0.0309587   -0.0345061    0.0898767      0.08465   -0.0315208 -0.000967217    0.0181016   -0.0755974    0.0668853      0.12634    0.0841088     0.121952      0.08022   -0.0291793    0.0875902    0.0568184    0.0997092    0.0534215    0.0253177  -0.00373678    0.0653193     0.113654   -0.0180858    0.0818896   -0.0464793   -0.0821747    0.0163902    0.0547012    0.0136747     0.134139    0.0526694    -0.095401    0.0488848    0.0537278     0.135559     0.173959     0.107872    0.0747895     0.060334
  -0.0109943   0.00849875     0.068789     0.160889    0.0911234    0.0643199  -0.00541113    0.0106374    0.0200195     0.167391    0.0672955     0.110784 -0.000696555    0.0684497    0.0240368    0.0349691    0.0880508    0.0434179     0.102989    0.0644177    0.0530184     0.050655    0.0583377    0.0674274    0.0887635    0.0087381    0.0464229    0.0870881     0.063247    0.0635251    0.0607779    0.0513563    0.0414439    0.0741137    0.0637286     0.107631     0.041107    0.0849312    0.0109928    0.0913907     0.151721    0.0538468    0.0280334    0.0971721      0.11126     0.114788     0.171132    0.0948254
   0.0374961    0.0756445     0.136438    0.0353484     0.149776    0.0796037    0.0411015     0.130868     0.111711     0.124289   -0.0227785    0.0570837    0.0700161    0.0352372    0.0438828    0.0710329    0.0328424  -0.00508955   -0.0463892     0.078893     0.155919     0.115289   0.00857771    0.0597686   -0.0349779    0.0730766    0.0574056    0.0914326    0.0156227    0.0456986   -0.0632414    0.0765814    0.0392144    0.0293941   -0.0347828    0.0694277   -0.0592557    0.0389933    0.0866179    0.0605814    -0.056246    0.0466797  -0.00877528     0.118201     0.232055     0.184111    0.0536925  -0.00973681
    0.166075   0.00897852   -0.0840199   -0.0095305   -0.0362916   -0.0227162    0.0910356    -0.126511    -0.156722   0.00127814     0.225383   0.00138142      0.15764      0.01435   -0.0733268     0.104122     0.180424    0.0141156   -0.0174023     0.104908    -0.183542    0.0576105     0.114556   -0.0213277   -0.0298507     0.122577    0.0871376     0.143917    0.0873291   -0.0502735   0.00715256     0.112555    0.0113299     0.212084    0.0171162   -0.0561441   -0.0271113     0.194899   0.00184462     0.079302     0.206288    -0.115844     0.249851    -0.224879    -0.117253    -0.181686   -0.0522229     0.240479
  -0.0407789     0.261784     0.317482     0.224337     0.194798   0.00705913   -0.0229311    0.0901055     0.116617    0.0657676    0.0182795    0.0567613    -0.124172   0.00597479    0.0668498    0.0764986    0.0793325   0.00906896   -0.0662724   -0.0306651     0.124295     0.194521   -0.0313633     0.100568    -0.043123     0.102034    0.0833629   -0.0302312     0.018939     0.066386   -0.0784114     0.134001    0.0260808   -0.0535966    0.0886065   -0.0361622   -0.0828758   0.00921687     0.167857     0.155988    0.0349126   -0.0338436    -0.182201       0.1302     0.121593    0.0198651   -0.0284207    -0.202492
   0.0376016    0.0856373      0.10834    0.0296473   -0.0293247     0.151273     -0.12727     0.123688     0.130349   -0.0140091    0.0711272    0.0383524  -0.00926716    0.0213337    0.0803316     0.027705     0.154968    0.0540448   -0.0745517    0.0601081     0.160413    0.0860575     0.188801   -0.0939924    -0.100242   -0.0749365     0.201139   -0.0628536  0.000571415   -0.0419583   -0.0971876     0.123041     0.113581    0.0347624     0.138057   -0.0689126   -0.0624796     0.243432     0.110071   -0.0244666     0.192701   -0.0269763    0.0114176    0.0263918    -0.116328  -0.00787382     -0.12654    0.0952813
   0.0134744      0.19811     0.254007     0.203504     0.235496   -0.0346152    0.0140588    0.0563218    0.0406543  -0.00641739    0.0791288    0.0132415   -0.0618936    0.0109828   0.00836152    0.0025498     0.129061   -0.0953233   -0.0418042    -0.048983     0.119292      0.15552    0.0125502   -0.0501951   -0.0204934     0.038226     0.160346    0.0699028    0.0549439   -0.0613452   -0.0772958    0.0279657    0.0187311    0.0209677     0.117623   -0.0914808    0.0935217      0.10761     0.134364    0.0654208    0.0595012   -0.0530923   -0.0130281    0.0899229    0.0251177     0.105008    0.0368145   -0.0751543
    0.106571    -0.045329   -0.0418291  -0.00625655    0.0543259   -0.0521952   -0.0976197    0.0193462    -0.024552     0.176069        0.104   -0.0724894   -0.0309324   -0.0442919  0.000664428    0.0886705     0.124733   -0.0367389    -0.154961     0.115629    -0.124255    0.0703516   -0.0306885    -0.152485    -0.112425    0.0896475     0.112741     0.238749    0.0294399     -0.17105   -0.0920938     0.179584     0.118069     0.257936   -0.0220605    -0.132264    -0.128373    0.0955739    0.0908184     0.119204     0.116924    -0.120896     0.094061   -0.0219669    0.0035183    0.0373894    0.0545628    0.0327753
    0.133349    0.0256877     0.107804     0.157547    0.0813968     0.156537    0.0877181    0.0939924    0.0834544     0.012129    0.0569895     0.153251   -0.0131927     0.107715    0.0993273      0.12256     0.123374   -0.0715543     0.139487    -0.101113    0.0366541    0.0631044   -0.0260873    0.0884071      0.11709     0.051396    0.0500043   -0.0747361    0.0334227    0.0813532      0.07504    0.0823836   -0.0265378   -0.0676969    0.0651952 -0.000381071     0.128866    0.0696282     0.119421     0.088627    0.0224913    0.0236155   -0.0168218      0.12526     0.180632     0.181607     0.104447    0.0421437
    0.120266   -0.0807338  -0.00984775   -0.0624081     0.047414   -0.0384937    0.0855708    0.0715247    0.0885472    0.0130824    0.0205084    0.0176919    0.0238212    0.0997835     0.121909    0.0748854    0.0297351   -0.0933305     0.106837   -0.0906368  -0.00260183    0.0121272    -0.189101    0.0980051    0.0307299     0.159964    0.0193614    0.0141323    0.0576208    0.0843335    0.0842928   0.00072396    0.0468302  -0.00614087    0.0754113    0.0212899    0.0660491    -0.221493     0.104792  -0.00154663    -0.212705    0.0494794   0.00543993     0.218128     0.329813     0.247097     0.119833   -0.0167409
   0.0343115    0.0590688     0.069001    0.0292014  -0.00686128     0.100076     0.101618    0.0261275    0.0616052   -0.0400059    0.0162204    0.0806976    0.0817273     0.073027    0.0327272    0.0265583    0.0591421    0.0661363  -0.00302511     0.103716    0.0805313    0.0947771 -8.47901e-05    0.0920619     0.061443    0.0992582     0.105305   -0.0157503   -0.0573117       0.1442   -0.0100645     0.107006     0.148969   0.00900343   -0.0211486     0.097842     0.104332    0.0397901     0.206561    0.0677354    0.0297069    0.0995652    0.0165276     0.109883    0.0916114     0.108045    0.0222906    0.0312636
    0.127061    0.0506149     0.117202     0.145835     0.202582    0.0472557      0.10042    0.0755419    0.0747343   -0.0073847     0.184752   -0.0190797   -0.0156157    0.0563066    0.0933557    0.0398213     0.200297    -0.200322    0.0916418  -0.00459508   0.00181413    0.0859577   -0.0453396   -0.0953382   0.00255645     0.123751    0.0242944    -0.028086     0.149001   -0.0457032  0.000318929     0.150409   -0.0299071   -0.0974452    0.0658147   -0.0719184     0.131619   -0.0310929     0.133239    -0.020803    0.0403599    0.0347005    -0.047332     0.164611     0.177359     0.107831    0.0560286   -0.0333257
    0.194682     0.184907    0.0809322     0.243531     0.183598     0.110846     0.173391    -0.083292    -0.111293    0.0713443    0.0216317     0.124775   -0.0288591    0.0531043   -0.0252575      0.14067    0.0265906    -0.102603     0.243902    -0.154984   -0.0668106     0.145632    0.0031675    0.0886663       0.2439    0.0338925    -0.210256   -0.0799781    0.0413349      0.09681     0.243923    0.0411004    -0.299054   -0.0906877    0.0365952     0.160139     0.248169   -0.0661738    -0.076029     0.145311     -0.10896     0.118407   -0.0205663    0.0393945   -0.0186591    0.0589765     0.252901   -0.0237671
    0.225781    0.0389422    0.0466843   -0.0125703     0.111961     0.147175     0.162193     0.112505    0.0934562   -0.0223913     0.181615     0.051496   -0.0455908    0.0874113    0.0927238    0.0159634     0.222328    -0.120147    0.0412119    0.0582732     0.137347     0.130036    0.0703659    0.0328834    0.0327865     0.143735    0.0684466   -0.0182882    0.0524495    0.0577495    0.0132333     0.144696    0.0076584   -0.0368032     0.118821    0.0562363    0.0390917    0.0546174     0.255714    0.0730226    0.0319369   0.00020013   -0.0712122    0.0617652     0.028398   -0.0397903    -0.108511   -0.0671373
    0.159544    0.0326063   -0.0431429  0.000402976     0.119465    0.0389846     0.203746    0.0580062    0.0474119     0.105421    0.0199165    0.0170746    0.0770729    0.0885403     0.106627    0.0655065   -0.0491861   -0.0534356     0.230428   -0.0869876    0.0226434   -0.0873881    -0.143198     0.146454     0.265703     0.140512    -0.138945   -0.0734869     0.138349     0.075212     0.277259   -0.0512474   -0.0974531   -0.0524322    0.0168669      0.14874     0.108813    -0.319379   -0.0037987   -0.0120232    -0.207362     0.154891    0.0070629     0.170874     0.180603     0.162755      0.22917     0.026591
  -0.0475718     0.058038     0.204609     0.158933     0.168341    0.0289956   -0.0220177    0.0514968     0.126161    0.0113151   -0.0161098  -0.00652039   -0.0592421   -0.0135779    0.0490532    0.0761941    0.0939804   -0.0780909   -0.0963939    0.0922521      0.12834     0.183321   -0.0281063   -0.0448455   -0.0668437     0.127856     0.100068    0.0503392   0.00207023   0.00460971   -0.0824605     0.131063     0.149394    0.0200522   -0.0448596   -0.0341849   -0.0694934     0.067025      0.15599      0.12449   -0.0835942  -0.00267598     -0.13732     0.110052     0.199258     0.147841   -0.0336689   -0.0871052
   0.0873929    0.0424177   -0.0670924   -0.0904875   -0.0532512    -0.099257     0.149044     0.115906     0.064345    0.0007802     0.103139   0.00350046     0.213768    0.0930756     0.036679   0.00985879    -0.014459     0.109915    0.0413746     0.169606     0.131624    0.0802145     0.039351    0.0612017    0.0696115     0.141429     0.119337     0.127997   -0.0393598     0.099733    0.0710049   -0.0160034      0.17028   -0.0179467    -0.067065    0.0606105     0.124048    0.0559951     0.145925    0.0241442    0.0115418    0.0880037    0.0852383   0.00986478    0.0581824    -0.023006    0.0382148     0.102411
 -0.00758754    0.0652328    -0.033678   -0.0544484     0.058145    -0.106383     0.179813    0.0975258     0.120012    0.0145334    0.0670169   -0.0342224     0.171708    0.0696555    0.0789219    0.0645559     0.033594    0.0868711     0.154651    0.0300641    0.0774669  -0.00370151  -0.00427415    0.0438614     0.136209    0.0882615    0.0186302    0.0636815     0.015933    0.0574353     0.164353    0.0592494     0.123194    0.0231706    0.0946524    0.0289173     0.138632    0.0135847     0.083221    0.0935708    0.0925359    0.0820873    0.0285351    0.0368428    0.0857305     0.079424     0.123341    0.0965491
    0.157108    0.0346002    -0.103726    0.0796183    0.0163558    0.0839901     0.113004    -0.107865    -0.122204    0.0258561     0.057798    0.0493212     0.156454   0.00713872    -0.118564     0.142159     0.093283     0.122077     0.145305     0.103335    -0.146597     0.119422    0.0143415    0.0144822     0.055359     0.106842   -0.0572393     0.189271   -0.0132347    0.0449353     0.104071     0.139006    -0.113877     0.107714    0.0334862     0.035604     0.175312     0.181541  -0.00947966    0.0990542    0.0529547    0.0736057     0.198108    -0.137146   -0.0690237    -0.085537     0.110405     0.236296
  -0.0439949    0.0756696     0.246717     0.143417    0.0462735     0.209774   -0.0581132    0.0799198     0.140662     0.050311   -0.0576576      0.17595    -0.168972    0.0204927      0.14324     0.168814   -0.0976305    0.0314104    0.0789333    -0.145673     0.068583    -0.027432    0.0553829    0.0460305   -0.0130753     -0.13139     0.085522   -0.0782042    0.0156394     0.142815    0.0228795   -0.0133705   -0.0187379   -0.0214019      0.09956     0.186981    0.0622674    0.0631361   -0.0126246     0.120095   -0.0324295     0.172376     0.027948     0.112857    0.0748165      0.18353     0.116046    0.0804332
  -0.0504758     0.138342     0.268196     0.169083     0.160206    0.0443312   -0.0181295     0.150148     0.129044    0.0319667    0.0484015    0.0197256   -0.0947543    0.0674832    0.0585744     0.126695       0.1231   -0.0425814   -0.0487745   -0.0331165     0.143327     0.122105    0.0545559   -0.0751812     -0.12477     0.099891     0.218719     0.055122    0.0381689   -0.0510059   -0.0336582     0.027064     0.100746    0.0930228   0.00879118   -0.0559174   -0.0732284     0.134997     0.175104     0.144472      0.10079   -0.0613407  -0.00872903    0.0275631    0.0228658  -0.00248327   -0.0634291    0.0171943
  -0.0925826     0.110264     0.281625     0.232493    0.0799671     0.112441   -0.0385126     0.164248     0.108996    0.0549156    0.0102563     0.206006    -0.201546    0.0960779    0.0732485    0.0237827     0.065037    0.0481363  -0.00780265    -0.178515     0.162774    0.0401806  0.000785755    0.0989239    0.0419188   -0.0110431    0.0815825    -0.133892     0.142838     0.139027    0.0960033  -0.00403779   -0.0988294   -0.0964231     0.146544      0.10101   0.00558545    0.0399226     0.123173     0.103125  -0.00996745    0.0770208    -0.135143     0.205114    0.0859066     0.188803     0.035835    -0.180879
    0.236078     0.109222     0.045925     0.108018    0.0193947     0.230535    0.0900649    -0.031655    0.0621816  -0.00388162   0.00825232    0.0758431    0.0471714     0.119086   -0.0176443   0.00703106    0.0795277    0.0489031     0.160012    0.0305973   0.00261552    0.0551521    0.0143296    0.0307369     0.174004    0.0287397    0.0508867   -0.0727336   0.00623007     0.147748     0.173176    0.0340484   -0.0941725   -0.0825752    0.0769534     0.118922     0.133046     0.105517   -0.0108705    0.0151661   -0.0355711     0.118814    0.0861564     0.169616   -0.0598376   -0.0150617    0.0934126    0.0654531
  -0.0239314    0.0266317     0.091465     0.148053     0.129223   0.00337373    0.0534634    0.0868563    0.0796949     0.128658    0.0352267    0.0766538    -0.038682    0.0362904     0.118306     0.119118    0.0727413      0.03572   -0.0219876    0.0579177    0.0180105    0.0780802   -0.0282703   0.00248689    0.0356265    0.0331208   -0.0406119    0.0548841   -0.0227244    0.0554894   0.00067052    0.0911659     0.126218     0.104353   0.00811845    0.0143593   -0.0314077    0.0637341     0.155877     0.126156  -0.00058038    0.0280532     -0.09613     0.106072     0.279824     0.154617    0.0889016     0.041343
    0.116985    0.0571323    -0.106914   -0.0337977   0.00930103    0.0119797      0.11772    0.0259773    0.0135345    0.0190562    0.0185807   -0.0121142     0.223864     0.101016  -0.00291044    0.0480528   -0.0732763    0.0873897     0.277117    0.0869786     0.104464    -0.136833     0.160295     0.144139     0.237925    0.0346645      -0.0227    0.0392267    0.0993861      0.12425     0.265561    -0.106338    -0.049083   -0.0570968    0.0333299    0.0719025     0.159177   -0.0102861   -0.0878892   -0.0471842    0.0014157    0.0671683      0.21866    0.0449321    -0.118846   -0.0691693    0.0571621     0.143528
   -0.138234    0.0529896     0.162992     0.180327    0.0938033    0.0510739   -0.0540884   -0.0463604   0.00129058     0.105028   -0.0255143     0.170831 -0.000935477    0.0048862    0.0470159    0.0118561   -0.0261146     0.151575   -0.0478321      0.16568    0.0668002    0.0862947       0.1537    0.0884771    0.0449957    0.0214082    0.0304356     0.141282     0.123254    0.0580681   -0.0182418    0.0433917   -0.0274356     0.169664    0.0288735    0.0300011    0.0312485     0.186032   -0.0987295    0.0633352     0.173821    0.0409507    0.0927073   -0.0150036    0.0177899    0.0336593    0.0752349     0.065007
   0.0126628    0.0550092     0.126704    0.0995725     0.179397   -0.0596572    0.0860125    0.0627716     0.117238     0.149957    0.0755114    0.0121373    0.0267164   -0.0173006     0.114857     0.122449    0.0874734   -0.0504337    0.0215412   -0.0288121    0.0733569     0.127605    -0.143097    0.0625362    0.0962936     0.148086    -0.106134    0.0685771    0.0209342    0.0296397     0.060679   0.00989097    0.0319193    0.0553445    0.0213466     0.120609  -0.00093275    -0.155373     0.164114     0.159654   -0.0195597    0.0979767    -0.159113      0.12749     0.225183     0.122199     0.196973    -0.105533
    -0.21895   -0.0991728     -0.15221    -0.101935    -0.203122    -0.125547    -0.149287    -0.163396    -0.135845    -0.144535    -0.156303    -0.156888    -0.145621    -0.127647   -0.0772195   -0.0791702   -0.0902087   -0.0963757     -0.16072    -0.119916    -0.140678    -0.130389    -0.208766   -0.0779453   -0.0706324    -0.105291    -0.117583    -0.142704    -0.195327   -0.0605437    -0.123684    -0.117301    -0.161873    -0.173291    -0.090837    -0.141928   -0.0489037   -0.0871604    -0.113628    -0.128505     -0.10331     -0.10246
   0.0116527    -0.295906     0.146778   -0.0606302    -0.100155    -0.340449    0.0343455    -0.548943    -0.349431    0.0452373    -0.161964     0.405963    -0.207809     0.153523    -0.338979    0.0125192    -0.165037     0.108488    -0.501717     0.133652     0.142299   0.00233241   -0.0595082   -0.0301165     0.186696    0.0303022   -0.0377168    -0.588914   0.00694851    -0.139095     0.206597  -0.00866313   -0.0629196    -0.627525     0.090153     0.155456     0.173476    -0.298951    0.0512034    -0.338278    -0.233852    0.0133316
   0.0930154    -0.320951    -0.196131    -0.202691    -0.377399    -0.294448    0.0497092    -0.194004   -0.0151783    -0.241871      -0.1197    0.0292941    -0.132653     0.255072   -0.0227265    -0.138091    -0.121208     -0.19887    0.0951552    0.0608142    0.0480428    0.0675158     0.019523   -0.0589243     -0.28766    -0.034257  -0.00146047    -0.145167    0.0197814    -0.451834   -0.0462552    -0.065142   -0.0824523    0.0122025    -0.152998    0.0534214   -0.0538261    -0.159738    -0.110435    -0.348906   -0.0977158    -0.136025
   0.0476825   -0.0946257    -0.130912    -0.189368    -0.107223    -0.155011    -0.104216    -0.172262   -0.0691683    -0.228529    -0.165336   -0.0438666     -0.15545   0.00636754    -0.117161    -0.138182    -0.125486    -0.152006   -0.0449513   -0.0123694   -0.0689835    -0.152948   -0.0601478    -0.096554    -0.243628    -0.134976    -0.187638   -0.0642754   -0.0264189    -0.258743    -0.102982    -0.157877     -0.21083    -0.133649   0.00218383   -0.0349701   -0.0353385   -0.0587343    -0.121829    -0.129843    -0.180961    -0.141387
   0.0581556    -0.131455    -0.117769    -0.207373    0.0211132    0.0112168    0.0407834    -0.138299   -0.0162159   -0.0737669   -0.0112092    -0.135844   -0.0999521     0.121605   -0.0136031     -0.29221   -0.0137501    -0.201338   -0.0286304    -0.151905   -0.0686044     -0.21953    0.0853992    -0.226145    -0.161385    -0.189927    -0.136712    -0.197331    -0.128143   -0.0891396    -0.142573     -0.20334   -0.0888698    -0.187149    -0.194614    -0.200287    -0.186263    -0.229345   -0.0728298    -0.184312   -0.0465893   -0.0411629
   -0.186185   -0.0924152    -0.161481   -0.0804218    -0.136366    -0.159717    -0.145743    -0.093616    -0.175346    -0.105808     -0.13266    -0.193155    -0.101366    -0.180792   -0.0712821    -0.110807    -0.133965    -0.114886    -0.233703   -0.0923899    -0.113146   -0.0666977    -0.137981    -0.182434   -0.0914752    -0.114207   -0.0575792   -0.0902703    -0.148036   -0.0909381    -0.115451    -0.158779    -0.161333    -0.129807    -0.071817    -0.119833    -0.133233   -0.0745348    -0.177356    -0.123508   -0.0990011   -0.0958577
   -0.107827    -0.117804    -0.140427   -0.0829816    -0.120166    -0.117752   -0.0773733    -0.123334    -0.191335   -0.0970518    -0.128719    -0.197707    -0.163537    -0.255737    -0.133966    -0.161891    -0.119634    -0.103194    -0.285599    -0.157899    -0.193774    -0.141909    -0.110519    -0.127101  -0.00244094    -0.134601   -0.0598886    -0.125681    -0.168507   0.00715374   -0.0763018    -0.133449    -0.113375    -0.161159   -0.0781406    -0.153006   -0.0178565   -0.0424067    -0.161383   -0.0711089    -0.136269   -0.0457698
   0.0956864    -0.306567   -0.0820134    0.0249906    -0.221882     -0.29572    -0.108947    -0.280102     0.013428    -0.404004    -0.287308    -0.122305    -0.264367     0.197766   -0.0528064    -0.135668   -0.0932041   -0.0347578    -0.048098     0.125759     0.179082     0.076914    0.0485373   -0.0526227    -0.192938    -0.109818   0.00978419   -0.0734625   -0.0201602    -0.327379    0.0584347    -0.265791    -0.327475   -0.0943503   -0.0140449    0.0931477    0.0517851    0.0654457    -0.137351    -0.326321    -0.109327    -0.218441
   -0.124506     -0.10757    -0.105705   -0.0891106    -0.197035     -0.15334   -0.0886263    -0.127535   -0.0874644    -0.103395     -0.17447   -0.0630929   -0.0891674   -0.0800651   -0.0630462   -0.0699538    -0.155159    -0.131293    -0.120587    -0.072085    -0.077414    -0.127086    -0.120272    -0.181043    -0.295447    -0.127112    -0.223679    -0.160953    -0.135818    -0.253478      -0.1002   -0.0825767   -0.0849186   -0.0975202    -0.176096   -0.0458193   -0.0286639    -0.160585    -0.125504    -0.166814   -0.0452332   -0.0677556
   -0.198316    -0.116768   -0.0553727   -0.0475775    -0.227374    -0.155489    -0.130076   -0.0213121    -0.157033     -0.26702    -0.216079    -0.121971    -0.153212    -0.111817   -0.0570908   -0.0657608    -0.157008    -0.091918    -0.203694    0.0757441   -0.0575888    -0.127179    -0.200352    -0.114737     -0.10853   -0.0837037    -0.171892    -0.183584    -0.107239    -0.155262    -0.063797   -0.0939493    -0.130418    -0.195256    -0.110738    -0.127213   0.00851137     -0.18859     -0.08531    -0.105465   -0.0434794   -0.0762507
   -0.147861    -0.107035    -0.138459    -0.164438    -0.102679   -0.0982789   -0.0401223   -0.0971887   -0.0666431    -0.105812    -0.115981    -0.144709   -0.0677172    -0.117185   -0.0736525    -0.154527    -0.109029    -0.194499    -0.129877    -0.155749    -0.113755    -0.165221    -0.186312    -0.179415   -0.0832989   -0.0686547    -0.213943    -0.145112     -0.19577   -0.0983094    -0.172381    -0.160829    -0.074577   -0.0511436   -0.0325959    -0.174384    -0.173493    -0.113056    -0.114264   -0.0874345    -0.141947    -0.131392
   -0.167135   -0.0607286    -0.140395    -0.128113    -0.133001    -0.124043    -0.190404    -0.096738    -0.157678    -0.128062    -0.172969    -0.159065    -0.129886    -0.208905    -0.157961    -0.119694    -0.121259   -0.0956515    -0.170246    -0.134298    -0.136764   -0.0872028    -0.224095    -0.163203   -0.0810047    -0.101426    -0.159179    -0.126493    -0.181481    -0.141252    -0.130596   -0.0751238   -0.0824394    -0.124672   -0.0759171     -0.10439   -0.0540411   -0.0976051    -0.123914    -0.074895    -0.106242   -0.0834886
   -0.311439     -0.11149    -0.168906   -0.0330467    -0.124371    -0.112258    -0.143005     -0.19257    -0.287062   -0.0627816     -0.10108    -0.139676   -0.0151915    -0.319325    -0.158073   -0.0200266    -0.103226   -0.0694662    -0.226506   -0.0489351    -0.243014   -0.0296218    -0.126046    -0.107681   -0.0446055    -0.176568   -0.0142254     0.039812    -0.232619    0.0302089   -0.0438144    -0.163738   -0.0223974    -0.159483    -0.161751    -0.164174    -0.109641    -0.132373   -0.0344323   -0.0957899    -0.175627   -0.0396235
   -0.292697   -0.0205491    -0.086637   -0.0944568    -0.145133   -0.0942982    -0.176975   -0.0971725    -0.170001    -0.108984    -0.162737    -0.103538    -0.134424    -0.231636    -0.109006   -0.0682724    -0.100704    -0.138045    -0.209237   -0.0702126    -0.224202    -0.112005    -0.158657    -0.148762   -0.0650548    -0.122841    -0.130082   -0.0169939    -0.203429   -0.0491327    -0.148198    -0.144351    -0.120185     -0.12901   -0.0449067    -0.199457    -0.100389   -0.0663796    -0.126456   -0.0406882    -0.105161   -0.0788679
   -0.176858    -0.110791      -0.1701   -0.0741289   -0.0952692    -0.148672    -0.113353    -0.104088    -0.158708   -0.0987252       -0.098     -0.12504   -0.0715829    -0.168845    -0.203616   -0.0816205    -0.157927    -0.106757    -0.144323    -0.133453    -0.128021    -0.114816    -0.182464    -0.142831    -0.115116    -0.166476   -0.0734658    -0.131287     -0.10537    -0.100096    -0.130856    -0.186549    -0.160206     -0.17289    -0.090632   -0.0976004    -0.194016    -0.123448   -0.0927995   -0.0849658   -0.0955062      -0.1131
   -0.124282    -0.145563    -0.191532   -0.0495381   -0.0985856    -0.120551    -0.114514   -0.0447294   -0.0506998   -0.0918787    -0.088253    -0.241538   -0.0516288    -0.180486    -0.127864   -0.0835847    -0.185821    -0.170646    -0.138833   -0.0856145   -0.0499272   -0.0658392    -0.128017    -0.142019    -0.255027    -0.142776    -0.122036  -0.00879696    -0.115997    -0.128879   -0.0650996     -0.11706    -0.177189    -0.053331    -0.190728    -0.132577    -0.188079   -0.0541489    -0.202052    0.0298516    -0.119296    -0.215658
   -0.235018    -0.108051    -0.217342    -0.112378    -0.166547    -0.194076    -0.125816   -0.0503957    -0.176132   -0.0511418    -0.153322    -0.142971    -0.120162     -0.27599     -0.13023   -0.0958215    -0.101155    -0.117802    -0.188297   -0.0568222    -0.129512    -0.132557    -0.224426     -0.15186    -0.104356    -0.117366   -0.0803851   -0.0528212   -0.0917311   -0.0826997   -0.0465252   -0.0792447    -0.130043     -0.16832   -0.0410933    -0.087712   -0.0792332    -0.108922    -0.144301    -0.130253     -0.07524   -0.0971193
   -0.178627   -0.0336307   -0.0804446    -0.112308    -0.108029    -0.101278    -0.231271    0.0458122  -0.00251673   0.00634943    -0.121723    -0.217067   -0.0278534    -0.186334   -0.0196569    -0.077834    -0.136998   -0.0990997   -0.0599205    -0.246394    -0.118839    -0.292306    -0.251626    -0.105143    -0.160764   -0.0274981     -0.28054   -0.0855924   -0.0846816   -0.0752106    -0.231859  -0.00419352    -0.149874  -0.00589555   -0.0560881    -0.264156     -0.14777  -0.00781178    -0.220368   0.00619262   -0.0714237    -0.233203
   0.0373391    -0.171343   -0.0158786   -0.0918334    -0.214132    -0.268047    0.0247975    -0.106632   -0.0921723     -0.34979    -0.114754   -0.0717435    -0.101299   -0.0489624    -0.118426    -0.161998  -0.00630373     0.034618    -0.138279    0.0113362    -0.258366   -0.0506795     0.212563    -0.114655    -0.033244    -0.215107    -0.185342    -0.033286    -0.328036    -0.164033    0.0576702    -0.279966    -0.214871    -0.054334    0.0369837    0.0217938   -0.0761609     -0.34134     0.079635    -0.411431  -0.00513032      0.13421
     0.19112   -0.0624133    -0.284787   -0.0733725   -0.0292077    -0.177913    0.0932276    -0.207833   -0.0496351    -0.395186    -0.171378    -0.142681    -0.120395     0.201695    -0.216088    -0.276187  -0.00123237    -0.105871   -0.0243456   -0.0611725    0.0890904    0.0182564   -0.0680653   0.00998072    -0.164611       -0.185    0.0449157    -0.212311    -0.056461    -0.314951   -0.0700862     -0.34082     -0.23949    -0.154824    0.0390583   -0.0345233     0.104214    -0.181213   -0.0331696    -0.294453    0.0757872    -0.199621
  -0.0862132  -0.00948112   -0.0705147    -0.160803   -0.0420222    -0.116279    -0.185318   -0.0773923   -0.0819527    0.0276042   -0.0689525    -0.140892   -0.0697669     -0.27135      -0.1646    -0.210567     -0.18461    -0.205193    0.0428135    -0.342111   -0.0793636    -0.270369    -0.219154   -0.0833076   -0.0458002    -0.122224   -0.0864759   0.00816738   -0.0322769   0.00917741    -0.290275   -0.0610479   -0.0735109    0.0341363   -0.0177201     -0.17217    -0.220885   -0.0381811     -0.19111    0.0660698    -0.210679    -0.226603
   -0.297745   -0.0941127    -0.100854    -0.136756   0.00200133   -0.0514157    -0.174984    -0.181286    -0.329998     0.184855   -0.0621652   -0.0408734   -0.0647021    -0.389067    -0.296654    0.0388595   -0.0785152    -0.187156    0.0077962    -0.392626    -0.233705    -0.213752   0.00199857    0.0145837     0.151906    -0.131488   -0.0202854    0.0104325    -0.225551     0.150407    -0.240576    -0.065716  -0.00158078    0.0568377    -0.181477    -0.292257    -0.308742   -0.0247527    -0.145483    0.0720022    -0.269974     -0.12867
 -0.00475595    -0.153279    -0.176728    -0.187408   0.00825614   -0.0852715  -0.00880545    -0.144853    -0.013713    -0.110069    -0.110529    -0.116167   -0.0937325    -0.196793    -0.113447    -0.173504   -0.0767879    -0.133249   -0.0603912    -0.187717   -0.0882606     -0.12358   -0.0666486    -0.161523    -0.166194    -0.255272   -0.0708797    -0.117616    -0.101205   -0.0888882    -0.267838   -0.0935503   -0.0711276   -0.0703686    -0.202608    -0.137362    -0.123878    -0.149591    -0.207057    0.0278993     -0.16791    -0.121171
   0.0236685    -0.153075    -0.261438    -0.146092   -0.0156735 -0.000825208   -0.0163564   -0.0590976     -0.06984   -0.0463004   -0.0551256    -0.181006   -0.0561246    -0.212377    -0.162821    -0.211448    -0.147537    -0.173917   -0.0088816    -0.219692    -0.103495   -0.0502228    -0.132444      -0.1279    -0.142437    -0.189542   -0.0716946   -0.0644156   -0.0451674    -0.096714    -0.236324   -0.0595161   -0.0374615    -0.106636    -0.244285    -0.149143    -0.166747   -0.0862489    -0.251395    0.0425623    -0.167433    -0.192898
   -0.360529    0.0111722   -0.0865426   -0.0471315    -0.148718   -0.0796564    -0.196368   -0.0669086    -0.261061   -0.0542883    -0.173884    -0.121798    -0.111503     -0.26604    -0.130514   -0.0577418   -0.0823199   -0.0904564    -0.268937   -0.0382627    -0.269858    -0.141408    -0.272813    -0.139244   -0.0168286   -0.0563408    -0.126601   -0.0295965    -0.215345   -0.0679369    -0.155348   -0.0915564   -0.0801203     -0.10755   -0.0888917    -0.210319  -0.00211261    -0.138306   -0.0750867   -0.0542383   -0.0635367   -0.0349399
  -0.0969417    -0.129715    -0.135158   -0.0474119   -0.0394214   -0.0796145    -0.145575    -0.155906     -0.14091    -0.158099    -0.163848    -0.215248    -0.147525    -0.200945   -0.0988779   -0.0212559     -0.17767     -0.13765 -9.69124e-05    -0.119049     -0.23266   -0.0644074   -0.0973474    -0.159799   -0.0934636    -0.199176    -0.172038   -0.0862767    -0.114344   -0.0170622    -0.189188    -0.101561    -0.126631   -0.0596146     -0.19414   -0.0610491    -0.118024    -0.114426    -0.236559   0.00718278   -0.0450446    -0.188967
   -0.135817    -0.110168   -0.0361879    -0.134893     -0.19435    -0.100546    -0.107826    -0.168628    -0.183304    -0.139651    -0.155194     -0.11817   -0.0945887   -0.0931985    -0.117255   -0.0994984     -0.16393    -0.193899   -0.0678338    -0.102708   -0.0929058   -0.0955313      -0.1705     -0.12909    -0.155552    -0.118605    -0.188963   -0.0673875     -0.14891    -0.125836    -0.150598    -0.125652   -0.0742909    -0.108247    -0.154293   -0.0866892    -0.101402    -0.139137    -0.129484   -0.0846522    -0.109384    -0.156295
   -0.130193   -0.0996447   -0.0718594    -0.099585   -0.0953779   -0.0540789   -0.0479312    -0.142851    -0.077151    -0.114511    -0.134647    -0.187715    -0.173419    -0.146638    -0.148972   -0.0774134    -0.176321    -0.196239   -0.0128829   -0.0971042    -0.182353    -0.116746    -0.142913    -0.155939    -0.119437     -0.15217    -0.140132    -0.106394     -0.17303   -0.0572005    -0.184153   -0.0831458    -0.109983    -0.121843    -0.149179    -0.117704    -0.133155    -0.184999    -0.190848    -0.114115   -0.0636878    -0.149342
   -0.275809   -0.0928944    -0.125741   -0.0418166    -0.252174    -0.149363    -0.163076   -0.0806568    -0.184235    -0.168753    -0.174088     -0.17951   -0.0438374     -0.13199   -0.0762991    -0.032518    -0.130804   -0.0169345    -0.232341   -0.0852359    -0.107044   -0.0361934     -0.20946    -0.185851   -0.0901765   -0.0665281   -0.0672636   -0.0664773    -0.170736    -0.150352   -0.0326598   -0.0502804    -0.160759    -0.206756   -0.0977392    -0.146536   -0.0973292    -0.113723   -0.0909476    -0.176908   -0.0453224    -0.111714
   -0.410941    0.0357586   -0.0976392   -0.0256333   -0.0942515   -0.0753902    -0.287696   -0.0381623    -0.189913    0.0370864    -0.151303    -0.084086   -0.0885447    -0.276597    -0.118983   -0.0524209    -0.111266    -0.113983    -0.282773    -0.205163    -0.223069    -0.331001    -0.252795   -0.0250629  -0.00313492   -0.0126347     -0.22329   -0.0104111    -0.156403    0.0740024    -0.197536   -0.0537602   -0.0530892    -0.040527   -0.0204344    -0.351484   -0.0497274   -0.0278662   -0.0759966   -0.0798499    -0.153047   -0.0465638
   -0.301118     0.012155    -0.133645   -0.0496189    -0.113841    -0.130571    -0.203337    -0.105131    -0.167195    0.0506965    -0.184931   -0.0975351    -0.079464    -0.240732    -0.129505   -0.0930959   -0.0497802    -0.099509   -0.0975814    -0.240674     -0.23064    -0.271334    -0.177092   -0.0780595     0.031836   -0.0757533    -0.195536    -0.095182    -0.171684    0.0491372     -0.19917   -0.0479374   -0.0961167  -0.00435511    -0.056702     -0.30102    -0.102192 -7.41645e-05   -0.0863048   -0.0807821    -0.149462    -0.101926
   0.0642636    -0.324735    -0.129228    -0.233267   -0.0602832   -0.0376019    -0.268269   0.00997717   -0.0377777    -0.275719   -0.0656264   -0.0609739    -0.312096     0.198664   -0.0304512    -0.115183    -0.205488   0.00783961     0.129782   -0.0995868   -0.0974001    -0.126939     0.193947    -0.195891    0.0353483   -0.0481309    0.0227054    -0.276191    0.0837965    -0.193872    0.0225226   -0.0217942   -0.0763981    0.0419294    -0.424751    -0.124831    -0.339726    -0.220611  -0.00565388    -0.246763    -0.148908  -0.00812598
  -0.0413647    -0.173026    -0.112141    -0.187419   -0.0456531    -0.137549    -0.113632     -0.19063    -0.130441   -0.0606264    -0.126091   -0.0265222   -0.0958036    -0.110495    -0.157045    -0.172747    -0.185252    -0.234578   -0.0433274    -0.124871   -0.0372238   -0.0554572   -0.0672545     -0.10673   -0.0571951   -0.0931347   -0.0178102    -0.167375   -0.0962101    -0.129063    -0.137401   -0.0982573    -0.104898    -0.175232    -0.194335    -0.121021   -0.0912326    -0.107409    -0.181031   -0.0632129    -0.252527    -0.140541
    0.469459    -0.168631      0.40352    -0.387101      0.21201     0.181486     0.246554  -0.00553206     0.163402     0.175876    -0.039552     0.132312    -0.143226     0.375107   0.00408798    -0.177799   -0.0751677    -0.155302     0.350942    -0.370868     0.191384    -0.219114     0.261601    -0.403296    -0.420552     -0.11431     -0.43349    -0.713931    -0.355531    -0.651069    -0.189222     0.087711   -0.0938768     0.113538     -0.24175   -0.0568538     -0.50661    -0.255205    -0.179763   -0.0177091     0.159918    -0.464201
   0.0536459    -0.214465   -0.0690425    -0.306421    0.0708633   -0.0416742    -0.352637   -0.0381696   -0.0458688    -0.285895    -0.121344   -0.0206165    -0.226225     0.207425   -0.0105025   -0.0595942    -0.171592   -0.0598054    0.0520702   -0.0664715    -0.180734   -0.0794168     0.100092    -0.172072    0.0255431   -0.0572031   0.00811059    -0.293124    0.0705454    -0.115638    0.0508593    0.0958105   -0.0986903   -0.0818553    -0.416391   -0.0819806    -0.339434    -0.226998   -0.0433562    -0.237043    -0.283781    0.0334852
  -0.0782609    -0.162616    -0.193435    -0.108831    -0.225289    -0.200835   -0.0574429    -0.162022   -0.0982296     -0.16742    -0.154728    -0.151014    -0.145492   -0.0699156    -0.142894    -0.163278     -0.16381   -0.0760981   -0.0751853   -0.0947349    -0.025812   -0.0752779  -0.00517563   -0.0585701   -0.0373647    -0.121823   -0.0714653   -0.0597102   -0.0860247    -0.150888   -0.0381249     -0.20621    -0.222134   -0.0615816   -0.0778105   -0.0892331    -0.136413    -0.116535   -0.0916297    -0.231741    -0.129141    -0.154161
