no weights
   0.0881816   0.00710888    0.0762139    0.0491045     0.124149    0.0637306   0.00646102    0.0943912    0.0259793    0.0850594    0.0558546    0.0285039    0.0161617    0.0576518    0.0694528     0.042881    0.0709271    0.0712929  -0.00850321    0.0626185    0.0173295    0.0572989     0.106584   -0.0262502    0.0193033    0.0828258    0.0898978      0.11349    0.0757209  -0.00352982    0.0615904    0.0943155    0.0806496    0.0492042    0.0274349   0.00962183     0.044609     0.137825    0.0660924    0.0765809     0.109659  -0.00710923    0.0919743   -0.0197989    0.0351421    0.0783988 -0.000189775    0.0457847
    0.038228    0.0849749    0.0673248    0.0487962     0.116347    0.0843709    0.0797573    0.0880893    0.0401355    0.0504494    0.0752346    0.0754777    0.0616019   0.00888816    0.0245208    0.0676374    0.0106294     0.112461    0.0917202    0.0911519    0.0573595    0.0248428     0.116527    0.0829392    0.0395269    0.0822083    0.0344459    0.0835592    0.0216444     0.122309     0.101992   0.00612586    0.0331483    0.0204216    0.0387329    0.0692969    0.0577468    0.0571785    0.0511489     0.087589    0.0934883      0.10421    0.0550367    0.0681846    0.0873275     0.107848     0.124313    0.0862788
   0.0681083    0.0426034    0.0803825    0.0556773    0.0855379    0.0164152    0.0227703    0.0908884    0.0425059     0.104169      0.05144    0.0351887     0.106926     0.063571      0.11316    0.0979857   0.00169765     0.118645    0.0433076     0.114952    0.0189108    0.0239338    0.0301018    0.0774578    0.0471742    0.0947475     0.121893    0.0589347   -0.0141894      0.06512    0.0646788    0.0499579    0.0818661     0.133653   0.00578911   0.00363268    0.0292322      0.11684    0.0612163    0.0665061     0.101754    0.0833194    0.0450645     0.113889    0.0544554    0.0609654    0.0260711    0.0786446
   0.0785874    0.0630417     0.137834    0.0682426     0.127442    0.0809962    0.0539649    0.0738767    0.0691333    0.0109592    0.0408341     0.128531    0.0324302   0.00946532    0.0289983    0.0860124     0.052486    0.0886662    0.0656283    0.0766301     0.103265    0.0555605      0.03625      0.08228    0.0541108    0.0251229    0.0683522     0.094963    0.0609802   0.00911667    0.0392039    0.0317047      0.01484    0.0504677     0.013711    0.0612311    0.0743848    0.0550763    0.0193408    0.0759665    0.0606385    0.0852035    0.0653602     0.121268    0.0490047     0.113271     0.106526    0.0449203
    0.120169    0.0485812    0.0383775    0.0354081     0.130718    0.0519474    0.0537359    0.0735668    0.0784916     0.100463    0.0609857   0.00393124    0.0859425     0.070164    0.0913109    0.0616181    0.0821572    0.0175502    0.0969793     0.115683    0.0330704   -0.0132749    0.0760847    0.0355747    0.0659896    0.0873783     0.038154     0.106244     0.080558    0.0608075     0.100241    0.0163731     0.125128    0.0310081    0.0819884    0.0414274 -0.000240128     0.105343    0.0315731    0.0244225    0.0473926    0.0125559    0.0871239    0.0321433    0.0567436    0.0723711    0.0644966     0.106645
   0.0838544    0.0912809    0.0471917    0.0649676     0.121903    0.0281042    0.0602399      0.01079    0.0907648     0.048259    0.0871461    0.0723549      0.14248   0.00858567    0.0978646   0.00987016    0.0938557    0.0780995    0.0285903     0.116668    0.0131489    0.0119243    0.0776294    0.0714821    0.0602985    0.0755288    0.0571444     0.112846    0.0249967    0.0105674     0.128546    0.0175666     0.116757    0.0748733    0.0944437    0.0940088     0.053087    0.0569265    0.0978345    0.0138522    0.0978073    0.0819478     0.115127    0.0262647    0.0545645    0.0433972     0.125618    0.0359158
   0.0156241    0.0941222     0.130148    0.0565175    0.0441822    0.0436369     0.031077    0.0487271    0.0867189    0.0826283    0.0502076    0.0141812    0.0410443    0.0111044    0.0762434    0.0174655    0.0350656    0.0109267    0.0731733    0.0387294     0.103394    0.0362821    0.0756858    0.0777115   0.00886741    0.0405559     0.125506    0.0707812     0.107973    0.0328236    0.0181176    0.0948125    0.0574631      0.12944      0.12421    0.0396274     0.064046    0.0934679    0.0162719    0.0627176     0.154232     0.045246     0.100647     0.011089    0.0578286    0.0863811     0.107532    0.0685965
   0.0702537    0.0979991    0.0261707    0.0740003     0.100167    0.0706938     0.094541    0.0716392    0.0268076    0.0190918    0.0739124    0.0335695     0.133754    0.0983534 -0.000364286    0.0650669    0.0714843     0.093727    0.0410271     0.106741    0.0515443     0.141564     0.121804    0.0924303    0.0341536    0.0399146    0.0264393    0.0759622    0.0707055     0.088544     0.058089     0.046559    0.0666289    0.0975255    0.0671458    0.0540451    0.0600167    0.0236309    0.0770013    0.0994125    0.0188617     0.123812    0.0684432    0.0108982     0.105277     0.067169    0.0519377    0.0767296
   0.0797406    0.0178844    0.0650307     0.100045     0.102789     0.111627    0.0925999    0.0876783    0.0212221    0.0997753     0.051431     0.024953    0.0322028    0.0573795    0.0609296    0.0491464     0.127067    0.0425921   0.00472178    0.0881159    0.0815653    0.0977723     0.106024    0.0483298    0.0343103    0.0864392    0.0615338     0.122696    0.0580849    0.0396352    0.0867894     0.119749      0.12119    0.0643595    0.0423873    0.0863483    0.0858923     0.103074    0.0294935    0.0513983     0.131342    0.0789931    0.0552256     0.051023     0.023508    0.0113928    0.0261146    0.0823861
   0.0323943    0.0728218    0.0695815    0.0260197   0.00091904    0.0288659    0.0692028    0.0912802    0.0654403     0.076337    0.0933209   0.00348399     0.128216     0.030696    0.0724571     0.083539    0.0115558    0.0231412    0.0991404    0.0973405    0.0328794    0.0142674    0.0809247    0.0599781     0.132817   0.00566122    0.0552364    0.0418761    0.0192598    0.0526241     0.116033     0.073713     0.126891    0.0307721  0.000717066    0.0759953    0.0844259     0.104707    0.0643452  -0.00168067    0.0369574    0.0852818     0.106764       0.1134    0.0618792    0.0756855     0.116738     0.131683
   0.0373424     0.069202    0.0401821    0.0925573     0.123995     0.063936    0.0698072    0.0105242    0.0462361    0.0952721    0.0905306    0.0145044    0.0477966    0.0361719     0.103797    0.0828334    0.0940281    0.0656829     0.111889    0.0904408    0.0962667    0.0989703    0.0934464    0.0228726     0.106779    0.0369573     0.120855    0.0694956    0.0583828    0.0184161      0.12828    0.0726007    0.0857165     0.131668    0.0804204    0.0409614     0.122801    0.0317463     0.120689    0.0767494    0.0791528    0.0501274     0.124235    0.0453955     0.100188     0.114406    0.0447395    0.0761821
   0.0548964    0.0178944    0.0985154    0.0366049    0.0529842     0.018275    0.0699328    0.0476513     0.104372    0.0251191     0.088291    0.0227786    0.0349582   0.00491062    0.0795042    0.0560313    0.0661004    0.0858613    0.0401437    0.0453286    0.0647229    0.0705472     0.023856    0.0266646    0.0587084    0.0100667     0.127575    0.0369703   -0.0139909    0.0992613    0.0741011    0.0328737     0.137131     0.102868    0.0514064  -0.00505835    0.0146845    0.0918448     0.136732     0.102832    0.0899521    0.0558696    0.0450392     0.116714    0.0525383     0.134095    0.0335485     0.026967
   0.0391304     0.100402    0.0670384     0.104176    0.0593577    0.0159316    0.0423126    0.0740289    0.0183944    0.0537736    0.0425887    0.0613024     0.118624    0.0741141    0.0600572    0.0918791     0.040286   0.00494937    0.0564699    0.0829642    0.0855235    0.0904615     0.046478    0.0594165     0.103448   0.00699053    0.0396967    0.0132766    0.0868324    0.0682603    0.0665829    0.0429815     0.115669    0.0634553     0.070256    0.0763189      0.10288     0.073961       0.0439     0.041279     0.108081    0.0815329    0.0824631     0.022011     0.119736    0.0883435     0.102565    0.0781307
   0.0159352    0.0380862    0.0868094    0.0583689    0.0292702     0.107764    0.0653421    0.0447604    0.0832914     0.032875     0.111582    0.0559692      0.04859   -0.0044223    0.0934273    0.0231354      0.16222    0.0226376   -0.0298837     0.131153    0.0168396     0.092712    0.0344685     0.082999    0.0460326    0.0770663     0.120268    0.0456949  0.000983287  -0.00415951    0.0483722     0.114071    0.0895614    0.0930449    0.0756056    0.0320711   -0.0129217     0.125047    0.0679602    0.0985125      0.11957    0.0220609  -0.00255794  -0.00536258    0.0947067    0.0555746  -0.00633577    0.0817134
   0.0963605     0.106895     0.047593     0.104739    0.0532227    0.0385477    0.0743541    0.0700349    0.0157184    0.0782797    0.0595341    0.0726746      0.09902     0.047001    0.0370238    0.0814829     0.118661    0.0713043    0.0864459     0.106477    0.0843074     0.109308    0.0512833     0.099635   0.00992939     0.033539     0.102856    0.0388544    0.0896794      0.01685       0.0533    0.0879003     0.103374     0.125437    0.0265946     0.122535    0.0326401    0.0778655    0.0592412     0.102654    0.0496626    0.0993833    0.0205696    0.0514584    0.0832315    0.0038643    0.0783312    0.0329157
    0.105386     0.121797     0.118109     0.106203    0.0265812   -0.0102436     0.112154    0.0182174    0.0610756    0.0687519    0.0528197    0.0957456    0.0563415   0.00331169    0.0235137    0.0451275    0.0055546    0.0655036    0.0995062     0.102707    0.0911553    0.0719497     0.066446    0.0603896    0.0473405    0.0811936    0.0734503    0.0602466      0.06239    0.0550327      0.10114    0.0233234     0.111138    0.0145008  -0.00941862    0.0386983    0.0308835    0.0793206      0.10288    0.0534806  0.000795048    0.0597798    0.0768172    0.0728461     0.135701    0.0882418    0.0761995    0.0798409
   0.0328223    0.0159495    0.0582483     0.128942    0.0768811    0.0597198    0.0377837    0.0258977    0.0419854     0.125684    0.0830225    0.0981735    0.0392124    0.0854283    0.0372307    0.0236905    0.0911582    0.0486554     0.104691    0.0990275    0.0880241    0.0767824    0.0543978    0.0709079     0.078608    0.0484025    0.0824542     0.110317    0.0423877    0.0697048    0.0483741    0.0569381    0.0611564     0.063592    0.0353402    0.0964192    0.0513332    0.0678279    0.0754689     0.079522     0.131687     0.054419    0.0346575    0.0977147     0.102486    0.0765105     0.108217    0.0974257
   0.0607275    0.0903733    0.0965696    0.0294717     0.123203    0.0867457    0.0885173    0.0923389    0.0735198     0.110822    0.0271788    0.0492554     0.117448    0.0491338    0.0301466    0.0628504    0.0522791    0.0286323   0.00275113    0.0858968      0.11303    0.0724295    0.0717756    0.0692849    0.0266896    0.0532519    0.0699066    0.0769591     0.047807     0.060233   0.00144468    0.0859349    0.0554504    0.0400287  0.000750745    0.0949698   0.00348969    0.0931185    0.0750266    0.0702135    0.0381414    0.0511311    0.0552466    0.0809475     0.152848     0.138801    0.0411967    0.0517463
    0.109051    0.0503259    0.0761135    0.0564286   0.00884032    0.0104824    0.0932891   -0.0124079   -0.0208134    0.0110177     0.127732    0.0584552      0.11248    0.0152984    0.0235322    0.0953269    0.0925093   0.00881762    0.0367999    0.0460136   -0.0242244    0.0496323    0.0524396    0.0398925    0.0165095    0.0947031    0.0967385    0.0525777    0.0742977    0.0324364    0.0489783    0.0574653    0.0412727     0.125759    0.0144502     0.033631   0.00805623    0.0811119    0.0497233    0.0755836    0.0838165   -0.0207738     0.129988     -0.01643    0.0721254    0.0238904    0.0455378     0.113663
   0.0369243      0.14166     0.150118      0.10012    0.0979021     0.030237    0.0387226    0.0559082    0.0825629    0.0603121    0.0396973    0.0342888    0.0367925    0.0513663    0.0675782    0.0834852    0.0520406    0.0951809    0.0336436    0.0431615    0.0823529     0.118408    0.0740477     0.104177    0.0598439     0.098045    0.0790327    0.0457037    0.0351311    0.0883346    0.0134039      0.10023    0.0661605    0.0181581    0.0944984   0.00794659   0.00161812    0.0364831    0.0920317    0.0966688    0.0994328    0.0231987    0.0161047     0.104404     0.118345    0.0290115    0.0354606  -0.00712561
    0.101786    0.0861664     0.092807    0.0620044    0.0447817     0.113614   0.00483158    0.0831122    0.0979308    0.0309622    0.0700577    0.0508352    0.0824546     0.023479    0.0342458    0.0662114     0.111819    0.0859577    0.0451328    0.0370054     0.109527    0.0981761    0.0988628    -0.012267    0.0214536  -0.00683325    0.0801813   0.00119332   0.00863679   0.00843368    0.0264786    0.0709371    0.0483145    0.0370182     0.106395  -0.00331462    0.0396484     0.122698    0.0886991   0.00232391     0.116171    0.0390916    0.0171301    0.0435695   0.00880181    0.0797963    0.0304269    0.0787725
   0.0707743     0.109072     0.134334    0.0964487     0.149994    0.0153025      0.04958    0.0443394    0.0313173   0.00569761    0.0726739    0.0284336     0.037041    0.0192645    0.0310798    0.0228648    0.0724347    0.0150828    0.0132899    0.0164243    0.0954363     0.112098    0.0628493    0.0188602    0.0578019    0.0351583     0.133771    0.0969691    0.0280038    0.0260054   0.00774955    0.0122223    0.0592155    0.0829045     0.103664    0.0117207     0.119768    0.0963164     0.104675    0.0475971    0.0676335     0.031374     0.071373    0.0974288    0.0503624     0.113922    0.0852435    0.0395292
    0.108621    0.0380517    0.0321256    0.0434903    0.0543329    0.0295077    0.0265387       0.0421  0.000447602     0.111441    0.0819779    0.0629046    0.0357118   -0.0069862    0.0309512    0.0639739    0.0636779    0.0369273   -0.0122044    0.0633027  -0.00645499    0.0386378    0.0182513   -0.0292946    0.0156028    0.0496695    0.0610542     0.104536    0.0420554   0.00441972     0.034009     0.120349    0.0559199     0.125933   0.00738122    0.0119161    0.0169341    0.0329797    0.0705256    0.0913276    0.0728614    0.0329846    0.0936448    0.0712256    0.0351411    0.0985914    0.0752447     0.016704
   0.0962648    0.0177318    0.0627106     0.125823    0.0917029     0.103943    0.0703862    0.0843547    0.0715213    0.0226162    0.0463576      0.12034    0.0684739     0.102297    0.0954945     0.106959      0.11177    0.0100346     0.104698    0.0277757    0.0339842    0.0686388    0.0470098    0.0763089    0.0913998    0.0774268     0.103051      0.03629    0.0237968    0.0730506    0.0419136    0.0889534    0.0678474    0.0457285    0.0508237   0.00771893    0.0856867       0.1165      0.11034    0.0640079    0.0830538    0.0278662    0.0379226    0.0745883     0.137354     0.116356    0.0890802    0.0873142
   0.0812985   0.00774637    0.0306864    0.0212716    0.0588155   0.00925397    0.0602188    0.0300086    0.0314554    0.0154732    0.0426115    0.0428921    0.0597203    0.0908804    0.0745841    0.0710186    0.0606624   0.00716865    0.0650613    0.0133869    0.0109277    0.0597206   -0.0119817    0.0816503    0.0102843     0.104062     0.106503    0.0563879    0.0700197    0.0940424    0.0771734    0.0271822    0.0689193    0.0579738    0.0919544    0.0285353    0.0551595   -0.0162888    0.0751492    0.0589003   -0.0195712    0.0222098     0.077643     0.107434     0.159041     0.117924    0.0529695    0.0227432
   0.0378109    0.0547824    0.0744337    0.0613033    0.0446234     0.104679    0.0762007    0.0158877    0.0363218   0.00456628    0.0332984    0.0653128    0.0861474    0.0839071    0.0342051    0.0492002    0.0787584    0.0535038   0.00897577    0.0972971    0.0607503    0.0754768    0.0475468    0.0605623    0.0833446    0.0917515    0.0986733    0.0236476  -0.00510229     0.100673    0.0114306    0.0940481     0.133432    0.0399734    0.0100756    0.0688149     0.101188     0.069857     0.146733    0.0714785    0.0806898    0.0628332    0.0616984    0.0731881    0.0720785     0.105959    0.0673664    0.0424598
   0.0964805    0.0245611    0.0891295     0.113338     0.135379    0.0480872    0.0680519    0.0707792    0.0694128    0.0122171     0.100068    0.0249834    0.0647424    0.0387162    0.0819559    0.0623198    0.0950514  -0.00797663     0.094407    0.0869722    0.0131662    0.0611475    0.0362334   -0.0126152    0.0210093    0.0903002    0.0808444     0.055464     0.110539    0.0282576    0.0280376     0.108417    0.0527614    0.0166384    0.0388452  -0.00553435       0.1121    0.0342003    0.0973934    0.0123382     0.106706    0.0789791    0.0598892     0.125321     0.128629    0.0791743    0.0534936    0.0763866
    0.120121    0.0824626    0.0900662     0.131032      0.10083    0.0494452    0.0953907    0.0353434   0.00959799    0.0427311     0.035071    0.0818659    0.0450283    0.0298502    0.0769983    0.0897047    0.0460293    0.0187446     0.128317    0.0141587    0.0175379     0.117027    0.0994564    0.0607084     0.127795    0.0679907    0.0274026    0.0719407    0.0306842    0.0376285     0.114755    0.0397127   -0.0110779    0.0464543     0.038083     0.095864     0.115228    0.0641391    0.0651482     0.102213    0.0137177    0.0766219    0.0487256    0.0748574    0.0645826    0.0945018     0.141237    0.0726702
    0.153086    0.0280566     0.054303    0.0221032     0.101232     0.101326     0.133946    0.0873158    0.0733486    0.0263672    0.0697122    0.0658875     0.027734    0.0675243    0.0544174    0.0368576     0.128505  -0.00419379    0.0815767    0.0901387    0.0938304    0.0921943     0.101623    0.0604627    0.0738975    0.0921451     0.103002    0.0558813    0.0352709    0.0644024    0.0411134    0.0992892    0.0474216    0.0783492     0.102659    0.0710407    0.0616225    0.0966133     0.149909    0.0890992    0.0723753    0.0271186    0.0115633    0.0979231    0.0640927    0.0488768   0.00310628    0.0223871
   0.0964807    0.0851173    0.0539978    0.0790935     0.108759    0.0629605     0.136609    0.0649644    0.0494847    0.0877407    0.0720961    0.0374931     0.101459    0.0661604    0.0840547      0.06572    0.0383452    0.0485475    0.0979651    0.0353169    0.0220786  -0.00379713  0.000988505    0.0920694     0.123982      0.10871    0.0803417    0.0446868     0.114965    0.0414413     0.142916    0.0270072    0.0227672    0.0779431     0.013328    0.0924307    0.0340493   -0.0362576    0.0661296    0.0548146   0.00425486     0.107579    0.0683565     0.129434     0.133911     0.122837     0.126132     0.103695
   0.0192456    0.0281361      0.11044     0.111557     0.118044    0.0501631    0.0621164    0.0184158    0.0720959    0.0130684    0.0181715    0.0289688    0.0610926     0.021448    0.0452731    0.0820287      0.07839    0.0226803    0.0232861    0.0996114     0.100873     0.100643    0.0692189     0.015964    0.0545903     0.101214    0.0757898     0.056903    0.0499943    0.0697167    0.0386421     0.102816     0.124577    0.0374628  -0.00378131    0.0330586    0.0418516    0.0952683    0.0747054     0.106198   0.00261748    0.0609588    0.0114483    0.0716841     0.132061     0.117436    0.0146499    0.0314893
   0.0807107    0.0804837    0.0411345    0.0351954    0.0534934   -0.0148867    0.0753268    0.0975728    0.0484324    0.0531368     0.117433    0.0681289     0.119346    0.0877533    0.0338192    0.0476625    0.0450126    0.0578261     0.027102       0.1061    0.0884244    0.0992596    0.0486556    0.0437333    0.0651997     0.102728      0.10614    0.0926868    0.0154466    0.0726845    0.0681984    0.0361537     0.114576   0.00235167  -0.00885077    0.0551012     0.101928     0.104656    0.0824298    0.0479174    0.0278037    0.0669761    0.0501797    0.0272364    0.0907422    0.0476438    0.0878242    0.0727488
   0.0257811    0.0940716    0.0316142    0.0148712     0.112434   -0.0137888      0.10883    0.0880108     0.112446     0.025318    0.0582083    0.0282548     0.119435    0.0565685    0.0599684    0.0881432    0.0785706    0.0773236      0.10326    0.0362674     0.071299    0.0676952    0.0233637     0.034647    0.0711826    0.0771074    0.0640066    0.0740938    0.0161359    0.0514622     0.106774    0.0898431     0.115756    0.0278712    0.0927691    0.0177274    0.0889723    0.0783391    0.0556421    0.0978636    0.0900619    0.0803253    0.0209959    0.0492937    0.0873529    0.0889575     0.100941    0.0915615
   0.0746115    0.0368815    0.0221773    0.0759415    0.0428452     0.057898    0.0419253    0.0217431    0.0166801    0.0202524    0.0405633    0.0456366    0.0670401   0.00364498     0.013588     0.115057    0.0815559     0.069109     0.101304    0.0712263    0.0027095    0.0730232   0.00930433   0.00422869    0.0255375    0.0939196    0.0206027     0.124112    0.0216607    0.0395094    0.0783988     0.104485   0.00271552    0.0454329    0.0688459    0.0429415     0.111563      0.12746    0.0954397    0.0702182    0.0267914    0.0620489     0.085467  -0.00644267    0.0280755    0.0268037    0.0922524     0.131019
   0.0363959    0.0550041     0.134948    0.0648229    0.0999875     0.103641    0.0679185    0.0508586     0.100913    0.0366986    0.0412371     0.106342  -0.00604594    0.0154816     0.107149     0.107281    0.0141522    0.0524052    0.0754117    0.0132081    0.0392599    0.0319798    0.0664468    0.0162882  0.000606818   -0.0184544    0.0963812    0.0676524    0.0265739    0.0689156    0.0203384    0.0358171     0.050708    0.0550111    0.0981034     0.119605    0.0678663    0.0751192    0.0676989    0.0919873    0.0261701     0.105385     0.075738    0.0523309    0.0809928    0.0839044     0.104306     0.102526
   0.0265273    0.0829829     0.150375    0.0972308     0.132199     0.076536    0.0886484     0.107177    0.0897932    0.0292941    0.0583665    0.0663572    0.0301497    0.0731618    0.0326212     0.100971     0.110166    0.0351105    0.0605983    0.0104722     0.105014    0.0760103    0.0716801   0.00885489  -0.00278312     0.104298     0.127409    0.0472863    0.0455628      0.02312    0.0816882    0.0164824     0.080809     0.104293     0.031081    0.0348637    0.0250046    0.0797126     0.112711    0.0973257    0.0889206    0.0307254    0.0569941    0.0661275    0.0845433    0.0404968    0.0432086    0.0854536
-0.000277608    0.0467892      0.13604     0.128958     0.057142    0.0568983    0.0456612     0.108167    0.0476082    0.0538618    0.0570562     0.106718   0.00149992    0.0985472    0.0351619    0.0209429    0.0888812     0.109806   0.00849133    0.0120839    0.0927032    0.0783284    0.0696849     0.058255    0.0543597    0.0545243    0.0947341    0.0444579     0.094127    0.0936621    0.0973231     0.021154   0.00776905    0.0596078     0.105533    0.0648119    0.0225335    0.0784423     0.118833    0.0606107    0.0423019     0.057757    0.0364995     0.133028     0.095957     0.121285    0.0577922  -0.00798884
     0.15173    0.0541712    0.0967515    0.0966117    0.0341673     0.141385    0.0648772    0.0230237     0.105985    0.0522854     0.044412    0.0254614    0.0590291    0.0996718    0.0438785     0.031917    0.0939032    0.0741349    0.0824224    0.0992617    0.0314269    0.0774406    0.0356936    0.0109343     0.113858     0.051677     0.106127    0.0334584    0.0120424     0.100348     0.100321     0.028193     0.025621    0.0329229    0.0940309    0.0689226     0.058784      0.12334     0.065134    0.0594895    0.0237056    0.0692515     0.073721     0.137411    0.0311746    0.0349621    0.0931454     0.071025
   0.0426565    0.0447462    0.0484747     0.132236     0.108311    0.0305477    0.0906396    0.0742135    0.0636628     0.103318      0.03738     0.083627    0.0251984    0.0689097     0.108011     0.100416     0.077617    0.0775801    0.0438443    0.0772996    0.0438709    0.0651106    0.0451322    0.0121952    0.0890832     0.031458    0.0135075    0.0759293    0.0108785    0.0636413    0.0530276    0.0821024     0.123824    0.0867971    0.0136688    0.0241775     0.034848     0.102566       0.1194    0.0996903    0.0510248    0.0467184   0.00586253    0.0861943     0.177137    0.0835332     0.066346    0.0950753
   0.0905508     0.075426     0.054243    0.0601458    0.0827433    0.0390037    0.0742057    0.0756226    0.0656537    0.0716899    0.0897057    0.0260353     0.127251      0.06981    0.0426105    0.0816492    0.0602493    0.0382257     0.148691    0.0920135     0.112673   0.00992133     0.108136     0.107601     0.121777     0.056222    0.0843415    0.0923127    0.0916206    0.0796327     0.141607   0.00236517    0.0190036   0.00573357     0.031875    0.0375219    0.0803534    0.0767082      0.03617    0.0286473    0.0308122     0.034769     0.108949    0.0855289    0.0124323    0.0253255    0.0567433    0.0834949
  -0.0118442    0.0272198     0.136539     0.111893    0.0929681    0.0485555    0.0301549   0.00147798    0.0442785    0.0891471    0.0412395     0.114242    0.0338052    0.0274863     0.102618     0.021572    0.0238883     0.072516   0.00572263     0.127202    0.0840284    0.0910447    0.0837628      0.06338    0.0905756    0.0565855    0.0343652     0.121595     0.101732    0.0492033    0.0375817    0.0548816    0.0185045     0.104296     0.016002    0.0221508    0.0798439     0.124953    0.0120264    0.0474647     0.119697    0.0352364    0.0884767    0.0680572    0.0833096    0.0711239    0.0916841    0.0604874
   0.0483201    0.0686318     0.108379    0.0898009     0.116967    0.0127352    0.0660025    0.0448461    0.0940266    0.0958058      0.07151    0.0515171      0.10428    0.0014614    0.0990414      0.10177    0.0970603    0.0389504    0.0394038    0.0275997    0.0702577     0.093949   -0.0056436    0.0596362    0.0931423     0.108236    0.0139989     0.103776    0.0311114    0.0256087    0.0568248    0.0159801    0.0765605    0.0918241    0.0257199     0.100277    0.0260744  -0.00467669      0.10715     0.114406    0.0922829      0.10037   -0.0035951     0.100162     0.116112    0.0562462     0.118733    0.0319505
  -0.132633   -0.104572    -0.13898   -0.116032   -0.150087   -0.111492   -0.125228   -0.161287   -0.111348     -0.1421   -0.142251   -0.144864   -0.145594  -0.0933285  -0.0858557  -0.0842941  -0.0925927  -0.0978881   -0.110255   -0.140929   -0.109376     -0.1281   -0.161334  -0.0817098  -0.0872419   -0.114421    -0.11263   -0.158633   -0.177484  -0.0793734   -0.130728    -0.11104   -0.166494   -0.163322   -0.101337   -0.126089  -0.0743918  -0.0904915   -0.115994   -0.118834  -0.0988777   -0.115102
  -0.115596   -0.145193  -0.0554478  -0.0815184   -0.104149   -0.162504   -0.100786   -0.208054   -0.167251  -0.0665198   -0.128974   0.0227297   -0.128609  -0.0883208   -0.169714  -0.0685641   -0.120656  -0.0571048    -0.19561  -0.0563601   -0.049603  -0.0996884   -0.134053  -0.0909059  -0.0368748   -0.063252   -0.116271   -0.214652   -0.067122   -0.120542  -0.0313431  -0.0646031  -0.0933739   -0.201533  -0.0596787  -0.0551016   -0.030362   -0.156284   -0.087745   -0.147887    -0.13566  -0.0914359
 -0.0774588   -0.171607   -0.157096   -0.147956   -0.190689   -0.178146  -0.0536481   -0.126178  -0.0933525   -0.107474   -0.116705  -0.0658048  -0.0939104  -0.0131544  -0.0788859   -0.110478   -0.113051   -0.159101  -0.0375753   -0.075434  -0.0888548  -0.0602091   -0.089444   -0.086651   -0.152441  -0.0855255  -0.0697158   -0.124586  -0.0740252    -0.21268   -0.121638  -0.0694614  -0.0769111  -0.0349862   -0.132579   -0.082677   -0.110708   -0.139001   -0.120886   -0.182895  -0.0968901   -0.119326
 -0.0552913   -0.108718   -0.119863   -0.165173  -0.0892602   -0.118561   -0.116775   -0.150156   -0.106248      -0.152   -0.133694  -0.0586747   -0.130602   -0.071388   -0.117257  -0.0961277   -0.108441   -0.130306  -0.0854994   -0.065551   -0.127443   -0.159573  -0.0783499  -0.0888905   -0.130248   -0.117699   -0.159394  -0.0812601  -0.0588234   -0.167744   -0.107673   -0.105979   -0.149029   -0.133971  -0.0453925  -0.0976989  -0.0709011  -0.0675861   -0.115909  -0.0986721   -0.162461   -0.124718
 -0.0949078   -0.101128   -0.114746   -0.119066  -0.0709368   -0.060622   -0.061719   -0.118948   -0.104424  -0.0892682   -0.063713   -0.137461    -0.11298  -0.0287817  -0.0511253   -0.159307  -0.0502699   -0.147337  -0.0806926   -0.125351  -0.0970266   -0.172504  -0.0286261   -0.161913  -0.0992073   -0.132904   -0.129997   -0.135082   -0.144063  -0.0701822   -0.106083   -0.152132  -0.0947606    -0.14547   -0.147233    -0.17275   -0.154152   -0.166819   -0.087031   -0.162772  -0.0826822  -0.0651991
  -0.104762   -0.108651   -0.130099  -0.0991518   -0.103116   -0.131454     -0.1177   -0.109306   -0.156737  -0.0971961   -0.114287    -0.16061   -0.107429    -0.11308    -0.07508   -0.122987   -0.129466   -0.140166   -0.155206   -0.106664    -0.10724    -0.07322  -0.0831893   -0.175115  -0.0890916   -0.122619  -0.0669466   -0.110125   -0.148834    -0.10084   -0.139837   -0.152108    -0.14022   -0.103577  -0.0934252   -0.107334   -0.138472  -0.0863856    -0.17207   -0.117313  -0.0914943   -0.102343
 -0.0850874   -0.122781   -0.116008  -0.0982207   -0.128584    -0.10096  -0.0757682  -0.0876368   -0.158398   -0.100521   -0.126354   -0.162937   -0.145674   -0.176515  -0.0929987   -0.136586   -0.136692  -0.0981267   -0.177542   -0.132558   -0.118807   -0.128074   -0.086532   -0.138442  -0.0582611   -0.118927  -0.0872233   -0.141867   -0.143516  -0.0514298  -0.0914412   -0.107509   -0.109607   -0.131939   -0.103376   -0.146917  -0.0533336  -0.0578789    -0.15552  -0.0747149    -0.12355  -0.0666234
 -0.0528395   -0.171848   -0.068008  -0.0594299   -0.108533     -0.1587   -0.126871   -0.177047  -0.0736557   -0.183814   -0.185488   -0.118268   -0.160032  -0.0291381   -0.110181   -0.113106  -0.0888843    -0.08367  -0.0750026  -0.0355799 -0.00794093  -0.0527241   -0.062341   -0.120684   -0.119105   -0.128138  -0.0662751   -0.100198   -0.117665   -0.165946  -0.0600919   -0.158494    -0.17923  -0.0949448  -0.0800907  -0.0411592  -0.0595484  -0.0319507   -0.146729   -0.168256   -0.136335   -0.160157
  -0.140598   -0.115514   -0.109891  -0.0800862   -0.155528   -0.148084  -0.0763917   -0.138633   -0.103656  -0.0674288   -0.154507  -0.0651482  -0.0901426   -0.121154   -0.080385  -0.0746227   -0.148748   -0.127883   -0.111721   -0.111408   -0.100759   -0.124073  -0.0764063    -0.14754   -0.181142   -0.134704   -0.156304   -0.153392   -0.139931   -0.180506   -0.112542  -0.0897787  -0.0736392  -0.0824621   -0.162908  -0.0670686  -0.0544391   -0.150594   -0.126598   -0.159806  -0.0742596  -0.0613598
  -0.147147   -0.130238  -0.0645769  -0.0662644   -0.160647   -0.122528    -0.11736  -0.0588189   -0.143617   -0.174135   -0.171208   -0.115025   -0.143521   -0.151974  -0.0828894  -0.0866055   -0.147068   -0.124401   -0.148314  -0.0191099   -0.069276   -0.142393   -0.137347   -0.085485  -0.0822702  -0.0864023   -0.123161    -0.15877   -0.107835   -0.101595   -0.107138  -0.0834814    -0.10889   -0.130849   -0.114003   -0.147238  -0.0429681   -0.160055   -0.102227   -0.077969  -0.0821919  -0.0835913
 -0.0898119   -0.120515   -0.149625    -0.15938  -0.0928908   -0.117836  -0.0498846   -0.113798   -0.071851   -0.131269   -0.113818   -0.117567  -0.0829898   -0.083226  -0.0880736    -0.15206  -0.0979978    -0.15693   -0.133676   -0.144177  -0.0833796   -0.134773   -0.130422   -0.158215  -0.0636222  -0.0686045   -0.162271   -0.154694   -0.156678   -0.113003      -0.131   -0.150711  -0.0881582  -0.0722797  -0.0513843   -0.147418   -0.162981   -0.111324   -0.100173   -0.106095   -0.145159   -0.113382
 -0.0839118  -0.0831746   -0.129125   -0.146748   -0.105918   -0.124336   -0.168452   -0.110301   -0.132919   -0.145963   -0.170273   -0.136577   -0.144502   -0.124783   -0.157771   -0.138019   -0.123463     -0.1026   -0.108113   -0.138548   -0.108072  -0.0823864   -0.162816   -0.150536  -0.0762135   -0.106055   -0.142592   -0.143998   -0.151913   -0.157422   -0.134194  -0.0809531   -0.083161   -0.112084  -0.0908723  -0.0843009  -0.0727751     -0.1025   -0.123486  -0.0897995    -0.12287  -0.0881225
  -0.164684   -0.130491   -0.121649  -0.0743772   -0.090389  -0.0938464   -0.117658   -0.148339   -0.157307   -0.105418   -0.103452    -0.11746  -0.0488442   -0.169246  -0.0953376   -0.066282  -0.0975838  -0.0691673   -0.125314  -0.0761114   -0.150954  -0.0777261  -0.0779628   -0.131278  -0.0981685   -0.150277   -0.064576  -0.0436098   -0.154858  -0.0681767  -0.0687555   -0.126872   -0.061004   -0.116663   -0.160254    -0.15237   -0.135393   -0.134327  -0.0609407   -0.119459   -0.151221  -0.0937249
  -0.160469  -0.0617446  -0.0842493    -0.13274   -0.126147   -0.110829   -0.134902   -0.109098   -0.116267   -0.142412   -0.149117  -0.0797598   -0.155457   -0.101618   -0.108183   -0.102476   -0.105311   -0.142593   -0.152848  -0.0731114   -0.148501  -0.0991976  -0.0891448   -0.159695   -0.104268   -0.131349    -0.11789  -0.0621062   -0.163555   -0.107573   -0.121905    -0.14644   -0.130319   -0.129964  -0.0786754   -0.152537   -0.131134  -0.0920669     -0.1275  -0.0738738   -0.104676  -0.0998537
  -0.129899   -0.113046   -0.143043  -0.0820084  -0.0936203   -0.135957  -0.0976034   -0.104789   -0.139305   -0.115428   -0.099465  -0.0926619  -0.0774851   -0.101336   -0.181227  -0.0936062   -0.148161   -0.108543   -0.119636   -0.118018    -0.12191   -0.118283   -0.151965   -0.138467   -0.106389   -0.154989  -0.0776624   -0.147785  -0.0904252   -0.114324   -0.130567   -0.176815   -0.148791   -0.168854  -0.0831939  -0.0866387   -0.171476   -0.132656  -0.0812549   -0.101678  -0.0905215  -0.0967373
  -0.117987   -0.140719   -0.139449  -0.0605255   -0.103516   -0.121098  -0.0931792  -0.0731964  -0.0740651  -0.0979473   -0.108088   -0.165722  -0.0678677   -0.116946   -0.127515   -0.102213   -0.146328   -0.153246   -0.140212  -0.0828592  -0.0724953  -0.0832276  -0.0762156   -0.117718    -0.17464   -0.122923   -0.117688  -0.0531008   -0.132224   -0.124124  -0.0590178   -0.114474   -0.151483  -0.0657608   -0.152591   -0.137085   -0.141283  -0.0875984   -0.142071  -0.0330174   -0.118843   -0.164305
  -0.122088   -0.139208   -0.170266   -0.138105   -0.123845   -0.168876   -0.103539  -0.0645108   -0.146107  -0.0717437   -0.151933   -0.112784   -0.143626   -0.169388   -0.121154   -0.110149   -0.105815   -0.136648  -0.0809742  -0.0750501   -0.104099    -0.14176    -0.13281   -0.155255   -0.109631   -0.126236  -0.0826865   -0.095153  -0.0781413   -0.120172  -0.0690683  -0.0686145   -0.132573   -0.136318  -0.0747477  -0.0796094   -0.114387   -0.127691   -0.145849   -0.145955  -0.0736338   -0.120606
  -0.100008   -0.104527  -0.0954257   -0.130152    -0.13316   -0.142779   -0.163247  -0.0389598  -0.0563946  -0.0837023   -0.137225   -0.158286  -0.0628243   -0.112059  -0.0621925   -0.108202   -0.136297  -0.0785881  -0.0870962    -0.14163   -0.125511   -0.169172   -0.133638  -0.0904258   -0.122364  -0.0644281   -0.180355   -0.127827   -0.108091   -0.116107   -0.142723   -0.068886   -0.157133  -0.0791186  -0.0674839   -0.167736  -0.0988687  -0.0741109   -0.152602   -0.098412  -0.0877911   -0.159001
 -0.0767914   -0.131922  -0.0607848    -0.11617   -0.147912   -0.161407  -0.0574908  -0.0966195  -0.0734739   -0.173789   -0.119328   -0.105504  -0.0818877    -0.12535    -0.11448   -0.131972   -0.055363  -0.0473506   -0.120367  -0.0845384   -0.171583   -0.114172  0.00427677   -0.102177   -0.083578   -0.133374   -0.160897  -0.0681094   -0.200821   -0.136831  -0.0659487   -0.166331   -0.155252  -0.0498168  -0.0378656  -0.0669023   -0.108973   -0.185753  -0.0456025   -0.197251  -0.0879239  -0.0083948
  -0.025402  -0.0646297    -0.17917  -0.0977287  -0.0559455   -0.136888  -0.0440504   -0.150941   -0.109173   -0.187448   -0.143095   -0.133713    -0.11182  -0.0235965   -0.171619   -0.161733  -0.0546653   -0.123468  -0.0746394   -0.135305  -0.0611665  -0.0660192   -0.121429  -0.0528547   -0.100974   -0.131623  -0.0395952   -0.160921   -0.099206    -0.16957   -0.126826   -0.178299   -0.140932  -0.0886196    -0.04437   -0.127077  -0.0420118   -0.130683  -0.0698407   -0.161886   -0.025185   -0.156346
 -0.0757974  -0.0670638  -0.0806838   -0.109686   -0.124922   -0.149745   -0.127144   -0.135495   -0.122998    -0.10396    -0.10817   -0.102576   -0.111064   -0.161754   -0.148403   -0.170722   -0.158575   -0.134391  -0.0480357   -0.172141  -0.0693204   -0.128364   -0.143688   -0.103687  -0.0631933   -0.127745  -0.0685471  -0.0602583  -0.0650681  -0.0776969   -0.157886   -0.110684   -0.100825  -0.0475677  -0.0642139  -0.0967267   -0.128126   -0.116029   -0.131997   -0.058231   -0.133222   -0.159083
  -0.150888     -0.1299  -0.0947324   -0.136106  -0.0803053  -0.0822117   -0.110256   -0.154177   -0.182666  -0.0113321   -0.104568  -0.0648542   -0.114729   -0.175783   -0.173922  -0.0369425  -0.0687937   -0.154858  -0.0414807   -0.187052   -0.121596   -0.149091  -0.0294901  -0.0404548 -0.00981453   -0.113126  -0.0709014  -0.0851441   -0.154213  -0.0296324   -0.146294   -0.105976  -0.0830203  -0.0216946   -0.140193   -0.152265   -0.176871  -0.0878067   -0.137352  -0.0501179    -0.16075   -0.116755
 -0.0618074    -0.15144   -0.130181   -0.156316  -0.0592801   -0.119424  -0.0556763   -0.132802  -0.0430479    -0.14492   -0.140807  -0.0884661   -0.113498    -0.14982   -0.097878   -0.119629  -0.0711368  -0.0863962    -0.08985   -0.128861   -0.106916   -0.113651  -0.0761796   -0.151793   -0.147913   -0.183997  -0.0925398   -0.125517   -0.126628   -0.119116   -0.170948  -0.0937648  -0.0995632  -0.0630152   -0.152984   -0.115018  -0.0932763   -0.138404   -0.159778  -0.0354739   -0.142102   -0.109958
 -0.0525769   -0.152447   -0.179324   -0.115003  -0.0991465  -0.0571422  -0.0603225  -0.0840568   -0.114472  -0.0698188  -0.0937392   -0.126522  -0.0764243   -0.145458   -0.148824   -0.151218   -0.151221   -0.108621   -0.082338   -0.136711   -0.108516  -0.0602998   -0.146214   -0.115541   -0.131622   -0.128994  -0.0991172  -0.0806066  -0.0804198   -0.120729   -0.133177  -0.0760512  -0.0771307    -0.13869   -0.160341   -0.125019    -0.11591  -0.0922895   -0.175919  -0.0427209    -0.14762   -0.162081
   -0.17833  -0.0494446  -0.0839861   -0.100688   -0.094151  -0.0883148   -0.148725  -0.0798032   -0.180153  -0.0894841     -0.1509  -0.0968086   -0.142047   -0.129701   -0.134263  -0.0984499   -0.100359   -0.101621   -0.149643  -0.0703783   -0.171144   -0.129338   -0.159408   -0.154754  -0.0597551  -0.0733903   -0.108084  -0.0891563   -0.151551   -0.143682   -0.149714  -0.0884482   -0.105621  -0.0850289   -0.139829   -0.163946  -0.0671976   -0.156498   -0.097877  -0.0814021  -0.0777119  -0.0833599
 -0.0971968   -0.127819   -0.136914  -0.0655349  -0.0520114   -0.104737   -0.139651   -0.151285   -0.136874   -0.140976   -0.153874   -0.151773   -0.129428   -0.137931   -0.100543  -0.0466808   -0.146908  -0.0990205  -0.0409154   -0.122575   -0.171643  -0.0706267  -0.0757266   -0.143521  -0.0914359   -0.166689   -0.154447   -0.109306  -0.0898553  -0.0511929   -0.145917   -0.109139   -0.122059  -0.0834428   -0.154768  -0.0598312   -0.108907   -0.115734   -0.173841  -0.0463986  -0.0535749   -0.162047
  -0.107224   -0.121589   -0.055014   -0.125386    -0.16151  -0.0997452   -0.110852   -0.166082   -0.176592   -0.136964   -0.140795   -0.114536  -0.0965319  -0.0918463   -0.124901  -0.0949174   -0.161277   -0.157816  -0.0843129   -0.104061  -0.0723919  -0.0768866   -0.120765   -0.118959  -0.0941151   -0.116297   -0.127549   -0.077661    -0.12757   -0.110373    -0.11404   -0.114758  -0.0786723   -0.126668   -0.158889  -0.0903097   -0.104701   -0.129802   -0.127115   -0.091383   -0.120532   -0.148627
  -0.150082   -0.092915  -0.0908733   -0.097255   -0.106136  -0.0710006  -0.0704884   -0.136506   -0.086162   -0.105585    -0.13135   -0.150536    -0.16187   -0.128032   -0.148612   -0.077603   -0.162405   -0.155136  -0.0667412   -0.078762   -0.152235    -0.11275   -0.145179   -0.137043  -0.0953179   -0.121852   -0.117939   -0.104628   -0.144881  -0.0653574   -0.131563  -0.0770581   -0.105374   -0.144015   -0.115878   -0.122109   -0.102205   -0.171495   -0.148812   -0.139962  -0.0784781    -0.12288
  -0.175775   -0.116553  -0.0979765  -0.0727603   -0.176951   -0.122697   -0.138473   -0.102241   -0.155013   -0.147581   -0.142724   -0.147637  -0.0633175   -0.080319  -0.0853324  -0.0551864   -0.134098  -0.0581932   -0.130947   -0.120047  -0.0890059  -0.0586144   -0.148285   -0.168726  -0.0838254  -0.0859499  -0.0667658  -0.0828966   -0.147977    -0.14808   -0.078098  -0.0565901   -0.141829   -0.152184   -0.129458   -0.141564   -0.131953  -0.0975568   -0.104585   -0.144551  -0.0738403   -0.135714
  -0.189995  -0.0636299   -0.102439  -0.0879624  -0.0844755   -0.101362   -0.157864  -0.0758071   -0.107088  -0.0640003    -0.12304  -0.0768079   -0.115971   -0.110455   -0.118285  -0.0948311     -0.1345   -0.121849   -0.176757    -0.12279   -0.116685    -0.19751   -0.142172  -0.0759615   -0.112483  -0.0653672   -0.178865  -0.0936704   -0.142566  -0.0596627   -0.121479  -0.0832131  -0.0876439  -0.0645423  -0.0785819     -0.1886  -0.0928472   -0.107392  -0.0789344   -0.151106   -0.110388   -0.079369
  -0.131231  -0.0702407   -0.152558  -0.0935406   -0.134199   -0.165459   -0.125169    -0.14318   -0.115939  -0.0565434    -0.18155  -0.0849179   -0.112737  -0.0886924   -0.116231   -0.133357  -0.0719151  -0.0999892  -0.0710358   -0.125222   -0.148506   -0.155139  -0.0922724   -0.116463  -0.0530331   -0.114472   -0.154413   -0.157573   -0.136403  -0.0579066   -0.107148  -0.0791028   -0.125975  -0.0602296   -0.115199   -0.172697    -0.10261  -0.0677365  -0.0790742   -0.157218   -0.128497  -0.0978989
 -0.0895613   -0.194743   -0.147363   -0.118016   -0.106934  -0.0827069   -0.160397  -0.0679458   -0.112889   -0.129381  -0.0892557  -0.0871998   -0.192486  -0.0416333    -0.10146   -0.094291   -0.166793  -0.0522619  -0.0402267   -0.124305  -0.0840284   -0.137165  -0.0208632    -0.16359  -0.0387999  -0.0716965  -0.0668211   -0.179675  -0.0435126   -0.161425  -0.0735469  -0.0907678  -0.0840864  -0.0413724   -0.196291    -0.15018   -0.180442   -0.133817  -0.0630233   -0.134079  -0.0948498  -0.0897753
 -0.0817606   -0.147183  -0.0842859   -0.144948  -0.0884287   -0.155724   -0.116086   -0.162078   -0.129087  -0.0797233   -0.148718  -0.0655993  -0.0863157   -0.114902   -0.131971   -0.139941    -0.16971   -0.183507  -0.0668782  -0.0894771    -0.06492  -0.0711787  -0.0790424   -0.108897  -0.0754734  -0.0828016  -0.0540372   -0.141872    -0.13713   -0.138354   -0.105659  -0.0956795   -0.127863   -0.141165   -0.133182   -0.111712  -0.0769632   -0.101003   -0.145149  -0.0903882   -0.180456   -0.117048
 0.00110724   -0.141195  0.00664996   -0.169949  -0.0337216  -0.0344662  -0.0419549  -0.0811048  -0.0535867  -0.0569838   -0.105781  -0.0728632    -0.12221   -0.030265  -0.0740767   -0.118752  -0.0965306   -0.116367  -0.0108323   -0.154813  -0.0452421    -0.14202  -0.0389044   -0.173457   -0.159515    -0.13272   -0.168099   -0.206668   -0.179827   -0.226156   -0.122486  -0.0671076   -0.111152  -0.0424471   -0.141057   -0.109625   -0.185183   -0.136353   -0.126172  -0.0951456   -0.046565    -0.16171
 -0.0992603   -0.107332  -0.0810043   -0.174846  -0.0294157   -0.108129   -0.192605   -0.103305   -0.110677   -0.174257   -0.125604  -0.0786942   -0.127035  -0.0212245  -0.0605863  -0.0796486   -0.124194    -0.11407  -0.0848771  -0.0897182   -0.163643  -0.0955575  -0.0673445   -0.135376  -0.0608533  -0.0975263  -0.0784022   -0.154427  -0.0483828   -0.076411  -0.0587043  -0.0211981   -0.122268   -0.115318   -0.185632   -0.114488   -0.173695   -0.138787  -0.0990264   -0.151904   -0.182208  -0.0529789
 -0.0881716   -0.123566   -0.155534   -0.137163   -0.165164   -0.142357  -0.0677878   -0.119191    -0.08828   -0.111074   -0.133985   -0.129356   -0.123757  -0.0968979   -0.121733   -0.156048   -0.163605  -0.0921806  -0.0681669   -0.118353   -0.058085   -0.116767  -0.0482893  -0.0854268  -0.0574944   -0.125427    -0.10763  -0.0719536  -0.0748375   -0.135354  -0.0658122   -0.156258   -0.169838  -0.0622628   -0.113352   -0.114539   -0.152103   -0.127405  -0.0955182   -0.154289   -0.127731   -0.131553
