no weights
   0.0702797   -0.0362467    0.0517654    0.0281325     0.117837    0.0648408   -0.0768579    0.0961328     0.025649    0.0976542     0.104841   -0.0191973   -0.0456383    0.0689124    0.0763467    0.0601125     0.117976    0.0351158   -0.0827354    0.0706996  -0.00451057    0.0545338     0.140893   -0.0867149   -0.0544476    0.0881508     0.129369     0.159206     0.101908   -0.0684413  -0.00562181     0.113266     0.112881    0.0845931    0.0485792   -0.0454806   -0.0336764     0.196982    0.0800756    0.0847231     0.168732   -0.0659574    0.0956825    -0.105728   -0.0369414   0.00855443   -0.0721896     0.046488
   0.0266067    0.0743915    0.0510418    0.0436882     0.102265    0.0983458    0.0760997    0.0742402    0.0294833    0.0462241    0.0582918    0.0929957    0.0632479    0.0131825    0.0177545     0.074463   -0.0287772     0.129247     0.112357    0.0755781    0.0453203   -0.0124492     0.123084     0.104239    0.0610868    0.0696098  -0.00956539    0.0600026    0.0232093     0.154627      0.12584   -0.0323717    0.0148574  0.000727726    0.0397158     0.102368    0.0660327    0.0360568    0.0150227    0.0767599    0.0801779     0.133778    0.0581777    0.0628278    0.0880114     0.120159     0.137877    0.0928215
   0.0479947    0.0214522    0.0645925    0.0253823    0.0487536   -0.0152231  -0.00999303     0.100696    0.0549811     0.107483    0.0120292    0.0195441     0.109684    0.0567155     0.124655     0.109959   -0.0419689     0.145485     0.015738     0.132174   0.00883324    0.0104353    0.0178211    0.0793386     0.019779    0.0904977     0.150201    0.0804538   -0.0478361    0.0628754    0.0362429    0.0290267     0.122928     0.163276   -0.0232349   -0.0062133   -0.0131457     0.125215    0.0672091    0.0727625    0.0912739    0.0737443    0.0437228     0.120164    0.0424753    0.0479978 -0.000267472     0.101027
    0.070742     0.084572      0.16823    0.0943874     0.133261    0.0990785    0.0477227    0.0750707    0.0767122    0.0037773   0.00252055     0.153776    0.0146421    0.0108454    0.0261725    0.0817614    0.0276836    0.0819378    0.0739459    0.0537181     0.119193    0.0565377    0.0170484    0.0928357     0.060519    0.0159412    0.0602829    0.0684336    0.0579438    0.0135712    0.0403854    0.0230905   -0.0193696    0.0238911   0.00610039    0.0591375    0.0770818    0.0373262  -0.00472785    0.0706945     0.022878    0.0907848    0.0451138     0.151464    0.0590356     0.131721     0.111966    0.0207692
    0.138806   0.00110371   -0.0119324   -0.0150032     0.124018    0.0454869    0.0354232    0.0756705    0.0756472    0.0997181     0.074156   -0.0262223     0.104443    0.0703852    0.0973369    0.0550985    0.0796499    0.0156518     0.103036     0.128472    0.0147404    -0.065035    0.0910739    0.0210569    0.0725249     0.103282    0.0254759     0.132796     0.102284    0.0292681     0.108985   -0.0116812     0.160515    0.0408193    0.0949236    0.0192593   -0.0290053    0.0999498    0.0180821     -0.01708    0.0571863  -0.00710566      0.10846   0.00873999    0.0457361    0.0571635    0.0516184     0.114749
   0.0849384     0.071491  -0.00288778    0.0320512     0.118142   0.00123172    0.0643418  -0.00486588    0.0767617    0.0441084    0.0844841    0.0560783      0.17628     0.013019    0.0853351  -0.00254953    0.0801241    0.0978345    0.0411168     0.141305  -0.00618614   -0.0254025     0.087831    0.0754858    0.0782843    0.0884291    0.0364981     0.138858    0.0347677    0.0021638     0.146688   0.00291695     0.126193    0.0969066     0.099274     0.093392    0.0497629    0.0464423    0.0748799  -0.00944533     0.109633    0.0762962     0.137394   0.00376213    0.0370641    0.0167002     0.132574    0.0517523
  -0.0414192    0.0869362     0.145333    0.0717378     0.034109    0.0287746   -0.0263163    0.0554445    0.0922889     0.101583    0.0460773   -0.0128899  -0.00827189    0.0150457    0.0839765      0.02228    0.0330037  -0.00498011    0.0428323    0.0158242      0.10174   0.00756361    0.0963552    0.0470583   -0.0129787    0.0119966     0.150692    0.0737157     0.132709  -0.00751825  -0.00475655     0.098058    0.0660267     0.155402     0.150304   0.00832132     0.041114     0.124343  -0.00378795    0.0799185     0.204839   0.00871039     0.107946   -0.0216058    0.0189883     0.078041     0.101938    0.0746894
    0.069783    0.0894118   -0.0161328    0.0647375     0.101359    0.0698265     0.112864    0.0393181  -0.00107335    0.0198897    0.0681311    0.0262094     0.162082     0.104399   -0.0344361    0.0663552    0.0533618     0.112482    0.0474778     0.142547    0.0460059     0.161479     0.138414     0.104296    0.0379312    0.0498557   -0.0193471     0.100873    0.0592182     0.106537    0.0591161    0.0347775    0.0430772     0.111846    0.0629224    0.0676101    0.0643213   0.00169678    0.0446152    0.0998344    0.0058158     0.145276    0.0784054    -0.026027    0.0915762    0.0338519    0.0602135    0.0789264
   0.0871723   0.00840017    0.0450875    0.0940764     0.103555      0.12454    0.0664332     0.075449    1.141e-05     0.113393    0.0681327    0.0237488    0.0164646    0.0552575    0.0507945    0.0578684     0.150818    0.0486003   -0.0265745     0.107193    0.0691487     0.118731     0.128917    0.0402809   0.00857502    0.0854768     0.066076     0.143402    0.0622053    0.0261657    0.0628814     0.138531     0.123817    0.0884997    0.0510588    0.0736238    0.0560566     0.128042    0.0160334    0.0573236     0.157688    0.0660912    0.0696831  -0.00952454   -0.0344802   -0.0477018  -0.00695186    0.0850857
   0.0253572     0.039045    0.0097602   -0.0428445   -0.0775003   0.00565766    0.0793256    0.0988194    0.0767398    0.0602399    0.0556068   -0.0394683     0.153961    0.0388915    0.0849377    0.0655023   -0.0454853    0.0367544     0.139056    0.0903251    0.0439501   -0.0449559    0.0766351    0.0586225     0.177513   -0.0144377    0.0552212    0.0234916   0.00353025    0.0540596     0.155516    0.0447605       0.1423    0.0223078   -0.0217463    0.0885782     0.117661    0.0717903    0.0520288   -0.0317348    0.0301866    0.0997161     0.144469     0.129439    0.0393273    0.0821786     0.134825      0.17006
   0.0345365    0.0513878    0.0184149    0.0732995     0.116112    0.0487431    0.0735358   0.00786412    0.0448508     0.102411     0.102152    -0.021699     0.053873    0.0428997     0.109857    0.0871907    0.0895305    0.0507611      0.11767    0.0994091    0.0916026    0.0871607    0.0977568   0.00755613     0.116402    0.0399555     0.107525    0.0810693    0.0610175   0.00300765     0.137426    0.0712475    0.0938844      0.14752    0.0817122    0.0360313     0.127314    0.0169946     0.120351    0.0724597     0.084654     0.042484     0.132631    0.0261259    0.0955742     0.108995    0.0542394    0.0830889
    0.039694   -0.0117404    0.0909725  -0.00628096   0.00355424   -0.0152395    0.0489578    0.0763688     0.126596    0.0197804    0.0917818   -0.0141847    0.0161434  -0.00598618     0.101591    0.0612783    0.0556152    0.0760819   0.00323036    0.0269291    0.0620897    0.0464647  -0.00428888   0.00764077     0.023755 -0.000736845     0.148364    0.0317042   -0.0443754    0.0854832    0.0445169    0.0245512     0.175221     0.101998     0.035645   -0.0301279   -0.0244405     0.103609     0.188226     0.115635    0.0951062    0.0297034    0.0249343     0.130965    0.0656058     0.145603    0.0107042    0.0260862
   0.0232167     0.102098    0.0671926     0.107955     0.049318    0.0121449    0.0528318    0.0678934   0.00994622     0.058999    0.0312141    0.0502003      0.12365    0.0771326    0.0552482    0.0973212    0.0153853 -0.000826262    0.0770997    0.0751525    0.0966881     0.079452    0.0609746    0.0564805     0.125544   -0.0173154    0.0140098   -0.0053614    0.0854799    0.0734822    0.0871586    0.0189366      0.10668    0.0515266    0.0755162     0.080996     0.127631    0.0613807    0.0247378    0.0473896     0.110125    0.0854468    0.0913463     0.013413     0.105877    0.0967518     0.119454    0.0835956
  -0.0192334    0.0185266    0.0829814    0.0389561    0.0131293    0.0946676   -0.0100141    0.0432717    0.0792106    0.0312717     0.148458    0.0498834   -0.0209575   -0.0325035    0.0896247    0.0127934     0.220172   0.00795919    -0.147803     0.165334   -0.0175034     0.115803    0.0270793    0.0527491   -0.0617264     0.083297     0.153491    0.0612251   -0.0111941   -0.0463566   -0.0553865     0.161792      0.13754     0.127404    0.0778627   -0.0062703    -0.117014     0.189341     0.112828     0.107008     0.159817   -0.0278723   -0.0535571   -0.0671851    0.0539617  -0.00638849    -0.090983    0.0596997
   0.0847681     0.119412    0.0306613     0.107129    0.0626833    0.0263552    0.0752626    0.0527972 -0.000483326    0.0855308    0.0606516    0.0712374     0.102314    0.0412111    0.0219379    0.0779755     0.125249    0.0863804     0.065386     0.138684    0.0719119     0.134884      0.05251      0.10669  -0.00443198    0.0448703    0.0984328    0.0549113    0.0802403    0.0253831    0.0390181     0.104957     0.107925     0.141628    0.0215137     0.135619    0.0175162     0.082135    0.0567798     0.112993    0.0522932     0.104747   0.00383842    0.0224865    0.0523017   -0.0423838    0.0672042    0.0198373
    0.109393     0.139332     0.127027     0.104104   0.00910321   -0.0363486     0.133345    0.0238894     0.066942     0.050842    0.0145675     0.091128    0.0735516    -0.012464   0.00975826    0.0345205    -0.031062    0.0705818     0.105032     0.100532     0.101041    0.0766757    0.0279135     0.069331    0.0448533    0.0907067    0.0707288    0.0555104    0.0305092    0.0556197    0.0998359   0.00404215     0.102397  -0.00496103   -0.0448623    0.0228665    0.0345231    0.0620041     0.116428    0.0547035   -0.0354362    0.0514624    0.0687125    0.0983819     0.154136    0.0954566     0.072049    0.0748762
    0.012324    0.0057956    0.0629535     0.136687     0.077491    0.0587756    0.0149717    0.0249858    0.0374058     0.145574    0.0790194    0.0966789    0.0192858    0.0770317    0.0376204    0.0299922    0.0919103    0.0424678    0.0967824    0.0844729    0.0724149    0.0650409     0.051312    0.0642583    0.0762942    0.0317685    0.0708088     0.104271    0.0468375    0.0615468    0.0469359     0.056793    0.0617053    0.0714394    0.0453532    0.0962698    0.0379516    0.0785736    0.0532184    0.0836276     0.139055    0.0515827    0.0294234     0.100629     0.113714    0.0962194     0.134559    0.0957286
   0.0487223    0.0809433      0.10978    0.0304739     0.128599    0.0835882    0.0659542     0.106783    0.0882036      0.11671   0.00581872    0.0487854      0.10011    0.0460985    0.0338063    0.0691895    0.0430184    0.0166371   -0.0222606    0.0858075     0.127559    0.0917901    0.0470665    0.0612242  -0.00468883    0.0609833    0.0691568    0.0925478    0.0302182    0.0509244   -0.0316709    0.0816825    0.0492013    0.0396917   -0.0186798    0.0799991   -0.0252962    0.0773758    0.0753742     0.066817  0.000745331    0.0495629    0.0331778    0.0949062     0.186512     0.156373    0.0485874    0.0307902
    0.134337    0.0277026    0.0194854    0.0226655   -0.0152362  -0.00494038    0.0883261   -0.0463446   -0.0655022   0.00845515     0.171161    0.0323004     0.119641    0.0142804  -0.00185184     0.101735     0.130505  0.000978363   0.00923346    0.0566513   -0.0824337    0.0485849     0.067091    0.0122982  -0.00513188     0.105579    0.0993546    0.0848695    0.0798877  -0.00643815     0.029644    0.0803682    0.0357189     0.155907    0.0144754  -0.00866215   -0.0127187     0.123228    0.0446706    0.0776019     0.129877    -0.065652     0.170343   -0.0929988   0.00251977   -0.0509622   0.00194605     0.159127
  0.00573752     0.185458     0.209241     0.143295     0.125968    0.0207794   0.00968563    0.0657617     0.093379    0.0592383     0.025296    0.0374417    -0.015258    0.0325604    0.0615205    0.0828358     0.054887    0.0738825   -0.0122206    0.0256226    0.0932947     0.146986    0.0408765     0.100949    0.0108723    0.0972812     0.091152     0.029956    0.0190759    0.0785491    -0.030245     0.108395    0.0612226   0.00128639    0.0855545   -0.0155806   -0.0402922    0.0402566     0.119141      0.12189    0.0820691  -0.00227248    -0.052812     0.115534     0.117566    0.0211038   0.00586238   -0.0710124
   0.0833931    0.0831357    0.0962103    0.0484827    0.0204551     0.131452    -0.042449     0.096141     0.108482     0.014665    0.0773922    0.0447269    0.0459929    0.0244615    0.0510132    0.0543552     0.135929    0.0646889  -0.00504841    0.0456332     0.126248     0.101727     0.129873   -0.0478698   -0.0282251   -0.0316059     0.119592   -0.0242213   0.00232677   -0.0111451   -0.0244756    0.0967799    0.0702353    0.0366864     0.120828   -0.0302609  -0.00283637     0.167143     0.101131  -0.00482878     0.141166    0.0122214   0.00759687    0.0387112   -0.0337475    0.0460613   -0.0296426    0.0820966
   0.0505995     0.139889     0.177651     0.134404     0.176885  -0.00359139     0.036238      0.04761    0.0341422  -0.00335707    0.0746306    0.0201806   0.00648139    0.0185109    0.0193007    0.0154194    0.0932512   -0.0241066  -0.00980697  -0.00491462     0.102255     0.128349    0.0467879   -0.0117293    0.0220232    0.0364715     0.151808    0.0962855     0.034941   -0.0116501   -0.0323735    0.0143363    0.0487363    0.0622605       0.1048   -0.0352601     0.108413     0.109322     0.115614    0.0520041    0.0681452  -0.00221032    0.0453089     0.094173    0.0397922       0.1099    0.0617526    0.0016822
    0.115514   0.00279086   0.00198617     0.023219    0.0559467   0.00089947   -0.0233238    0.0331435   -0.0091696     0.141424    0.0947967   0.00449107  0.000270385   -0.0218694    0.0213732    0.0779248    0.0894964  -0.00411371   -0.0703364    0.0763737   -0.0568716    0.0512987   -0.0093416   -0.0818087   -0.0329978    0.0663297    0.0740596     0.152272    0.0378263   -0.0687133   -0.0123942     0.145395    0.0749702     0.172633  -0.00468692   -0.0460371   -0.0426781    0.0523001    0.0821269     0.106305    0.0851841    -0.032369    0.0864644    0.0347428    0.0235697    0.0754749    0.0698534    0.0155164
    0.108367    0.0110577    0.0741623      0.13027    0.0736921     0.124339    0.0694574    0.0874783    0.0769729    0.0149069    0.0471547      0.12738    0.0444757     0.104604    0.0936209     0.115563      0.11134   -0.0107479     0.111039   -0.0139475    0.0300742    0.0632022    0.0264414    0.0778177    0.0915002    0.0644026    0.0965837   0.00789416    0.0203276    0.0712021    0.0453213    0.0815449    0.0442299    0.0126188    0.0518726  -0.00519154     0.094286     0.113674     0.113338    0.0747735    0.0691792    0.0215414    0.0289185    0.0936488     0.156005     0.142595    0.0890607    0.0861645
   0.0886682   -0.0297981    0.0092011   -0.0125479    0.0429326   -0.0108637    0.0617925    0.0395948    0.0512183   0.00988277    0.0284055    0.0309783    0.0515027    0.0955347    0.0854136    0.0734616    0.0445074   -0.0203698    0.0742478    -0.020678  -0.00830987    0.0386241   -0.0776823    0.0857909   0.00689423     0.124687    0.0888486    0.0547556    0.0581467    0.0868764    0.0673287     0.018465     0.070483    0.0465405    0.0797467    0.0203559    0.0544664   -0.0797265    0.0793932    0.0342457   -0.0879723    0.0346408    0.0599759     0.152299     0.224719     0.167567    0.0753936     0.025549
   0.0324452    0.0509834    0.0704899    0.0457567    0.0190108     0.101525    0.0830604    0.0178781    0.0471725   -0.0150598    0.0250334    0.0699638     0.083624    0.0798884    0.0301719    0.0423865    0.0683202    0.0597372  -0.00183273     0.101442    0.0653528    0.0846885    0.0264136    0.0723426    0.0673982    0.0938301     0.101931    0.0128205   -0.0316658     0.118176  -0.00468152    0.0987765       0.1439    0.0323894  -0.00396006    0.0783436    0.0958491    0.0603232     0.171826    0.0715124    0.0584684    0.0789052    0.0402001     0.089061    0.0843343     0.109342    0.0463251    0.0397255
    0.102479    0.0273986     0.092641     0.119436     0.150703    0.0470622    0.0736008    0.0713427    0.0712552  0.000639761     0.129964  -0.00135365    0.0439086    0.0474562    0.0837049    0.0527936     0.132876   -0.0759836     0.087568     0.062077   0.00475854    0.0668452    0.0170283   -0.0536733   0.00392079    0.0999946    0.0744462    0.0373776     0.120841   -0.0078351    0.0053258     0.119808      0.03398   -0.0171464    0.0454647   -0.0410734     0.114105    0.0245618     0.106147  -0.00553772     0.091878     0.059951    0.0287256     0.142929     0.147227    0.0917339    0.0514003    0.0478471
    0.142259      0.11525     0.090412     0.163471     0.114581    0.0674857     0.115769   0.00186571   -0.0239709    0.0478057    0.0160658    0.0851482    0.0320287    0.0398657    0.0466097     0.110538    0.0209861    -0.013235     0.169008   -0.0388372  -0.00662148     0.117659    0.0706336     0.065482     0.162948    0.0512461   -0.0360908    0.0338681    0.0212583    0.0545547     0.154506    0.0284516   -0.0924673   0.00901203    0.0232295     0.111274     0.160175      0.02797    0.0162892     0.112302   -0.0267004    0.0908196    0.0414971    0.0710004    0.0403443     0.089968     0.179594    0.0550477
    0.180625    0.0258852    0.0475448   0.00235029    0.0957111     0.119567        0.138     0.097704    0.0823019   0.00467295     0.112891    0.0523311   0.00582772    0.0766223    0.0685069    0.0324502     0.160218   -0.0422758    0.0583388    0.0850648     0.108257     0.103389    0.0979793    0.0445369    0.0482406     0.111419     0.101416    0.0420575    0.0362977    0.0574226    0.0220467     0.112092    0.0439242    0.0429747     0.104113    0.0574214     0.045042    0.0933716     0.192396     0.083759    0.0655306    0.0121083  -0.00973023    0.0819558    0.0509042    0.0132624   -0.0450786  0.000321354
    0.115083    0.0568563   0.00757414    0.0393043    0.0940832    0.0510375     0.156411    0.0626108    0.0516645    0.0898568    0.0403133    0.0230362     0.105221    0.0764248    0.0916208    0.0622493  -0.00525392    0.0258419     0.149348  -0.00330881    0.0155024   -0.0457513   -0.0511803     0.112783     0.174501     0.120103    0.0178993    0.0169873     0.117878    0.0469536     0.187262  -0.00775326  -0.00600692     0.040624   0.00665771     0.105691       0.0606    -0.131085    0.0303808    0.0215851   -0.0709677     0.127007    0.0623387     0.150582     0.151405     0.138638     0.163727    0.0935972
  -0.0066429    0.0365509      0.14277     0.127395     0.132206    0.0459811    0.0251807    0.0269579    0.0920217     0.010365  0.000961075    0.0111757    0.0188268   0.00906208     0.042265    0.0822059    0.0805569   -0.0129609   -0.0280274     0.103326     0.106419     0.134569    0.0344732   -0.0115786   0.00297416     0.110087     0.090446    0.0633758    0.0241323    0.0425016   -0.0127414      0.11285     0.140224    0.0377804   -0.0254535    0.0044469  -0.00584855    0.0917253      0.10383     0.113596   -0.0292083    0.0358118   -0.0421295     0.088924         0.16     0.130066  -0.00372388   -0.0066417
   0.0836536    0.0644957   0.00166748   -0.0127466    0.0118224   -0.0473354     0.105558     0.105946    0.0563093    0.0319789     0.114921    0.0439135     0.153693    0.0912105    0.0342219    0.0348222    0.0243828    0.0749588    0.0286025     0.126771     0.107028     0.096193    0.0414167    0.0493825    0.0627542     0.119707     0.111994     0.109168  -0.00682087    0.0828854    0.0652106    0.0143952     0.134243  -0.00923615    -0.032872    0.0542945     0.106619     0.088037     0.111639    0.0419143    0.0204417    0.0750542     0.056402     0.022525    0.0812851    0.0206628    0.0658474    0.0773957
   0.0090696    0.0800889   0.00614303    -0.014107    0.0882434   -0.0535363      0.13556    0.0933128     0.117495    0.0204126    0.0625207   0.00195259     0.140253    0.0636784    0.0690025    0.0786101    0.0619524    0.0814483     0.120533    0.0315256    0.0712805     0.036425   0.00880118    0.0354491    0.0947792    0.0815013     0.049833     0.074271    0.0148223    0.0497775     0.125967    0.0791423     0.122275    0.0295661    0.0935759    0.0174927     0.103246    0.0593225    0.0683442    0.0964383    0.0934354    0.0784579    0.0212624     0.046415    0.0875418    0.0844594     0.107428    0.0927655
    0.105423       0.0242    -0.021226    0.0674752    0.0170108    0.0668156    0.0631668   -0.0142112   -0.0246126    0.0227705    0.0451488    0.0408254    0.0918215   0.00444967   -0.0240273     0.128245    0.0815835    0.0823458     0.111441    0.0736095   -0.0488434    0.0865868  -0.00222914   0.00377632    0.0290409    0.0972649  -0.00341816     0.146947    0.0010738    0.0341293    0.0785828     0.115893   -0.0347696    0.0663608    0.0498844    0.0300576      0.12791     0.145987      0.06577    0.0807597    0.0278493    0.0621613     0.127175   -0.0524457   0.00047264  -0.00827661     0.091885     0.170398
  0.00688824    0.0559176     0.173304    0.0914209    0.0742106     0.147635    0.0140561    0.0588457     0.115407    0.0392823   0.00602079     0.127278   -0.0661445    0.0177137      0.11583     0.136196   -0.0293898    0.0470024    0.0667321   -0.0398404    0.0436706    0.0150711    0.0636938    0.0235673    -0.018897   -0.0579678    0.0958422    0.0258187    0.0131857    0.0967676   0.00865984    0.0177807    0.0318271    0.0353174    0.0929429     0.142165    0.0543485    0.0792258    0.0394479     0.103704    0.0036326      0.13297    0.0597299    0.0715795    0.0843201     0.120417     0.102394     0.101209
  0.00311483     0.102119     0.193659      0.12301     0.138686    0.0667056     0.047749     0.121902     0.102905    0.0294255    0.0546315    0.0462606   -0.0161886    0.0722621    0.0402066     0.115772     0.113665   0.00491818    0.0161602  -0.00815502     0.116081    0.0968558    0.0633267   -0.0266675   -0.0530598     0.103245     0.164343     0.055667    0.0377468  -0.00602019    0.0345406    0.0188914    0.0871159     0.100416    0.0166524  -0.00344309   -0.0159493      0.10628     0.138359     0.118679    0.0928022  -0.00648042    0.0334379    0.0505917    0.0599059    0.0223403 -0.000114431    0.0626208
  -0.0396939     0.061767     0.182236     0.161417    0.0575505    0.0755793   0.00667793     0.127623    0.0714062    0.0495532    0.0379165      0.14026   -0.0643424    0.0992239    0.0439533     0.023905    0.0760827     0.101037  -0.00784504    -0.046717     0.114125    0.0631398    0.0538123     0.070119     0.037072    0.0328019     0.104082   -0.0022011     0.106781     0.109155    0.0849446   0.00524446   -0.0202304    0.0122989      0.11558     0.072175   0.00219431    0.0824285     0.122436    0.0783369    0.0336029     0.063024   -0.0218506     0.157467    0.0922632     0.141789    0.0393349   -0.0629582
    0.186437    0.0677553    0.0772678    0.0945755    0.0203088     0.178063    0.0694767    0.0080597    0.0981571    0.0262301    0.0275621    0.0377318    0.0590038     0.109128    0.0226485    0.0238636    0.0839148    0.0674188     0.108969    0.0784312     0.024606    0.0683429    0.0290185    0.0138508     0.129054    0.0444796    0.0992211   0.00496388   0.00316963     0.115393     0.121169    0.0268693  -0.00609018  -0.00657589    0.0801749    0.0842956    0.0819976     0.123738    0.0434174    0.0391396  0.000809881    0.0900166    0.0850852     0.156764   0.00439528    0.0227185    0.0892335    0.0753433
    0.010888    0.0332751    0.0630931     0.135985     0.109856    0.0204563    0.0707772     0.076281    0.0680063     0.113022     0.035387    0.0788456   0.00134321    0.0551242     0.109808     0.110615    0.0732596    0.0649787     0.010043    0.0743846    0.0265521    0.0699424    0.0173875   0.00599859    0.0610757    0.0288726   -0.0065166    0.0728467  -0.00991323    0.0590322    0.0252473    0.0863603     0.130033     0.101518   0.00848492    0.0172358   0.00118215    0.0950009     0.131316     0.111219    0.0327283    0.0385656   -0.0332504    0.0935973     0.221218     0.112886    0.0745928    0.0807965
    0.107255     0.065769  -0.00166096    0.0216118     0.053022     0.025981    0.0960235    0.0666573     0.055348    0.0496724    0.0658719    0.0038452     0.167063    0.0859166    0.0334233    0.0703552   0.00936124    0.0518553     0.201724    0.0865421     0.118812   -0.0460378     0.123494     0.119151     0.166009    0.0520127    0.0512233    0.0774198    0.0935673    0.0906576     0.188103   -0.0414121  -0.00161595   -0.0211347    0.0308206    0.0415455     0.111302    0.0416039  -0.00115846  -0.00131442    0.0146492    0.0445911     0.154208    0.0755134   -0.0317185  -0.00824272    0.0511967     0.103429
  -0.0608781    0.0334867     0.152099     0.136067    0.0906724    0.0481734 -0.000176689   -0.0116821    0.0339464    0.0946415    0.0192864      0.13589    0.0172125    0.0185898    0.0878337    0.0175829   0.00683249     0.098828   -0.0224133     0.143808    0.0823173    0.0948491      0.10376    0.0725106    0.0671707    0.0492013     0.033675      0.13188      0.10799    0.0505184   0.00840992    0.0523225   0.00347248     0.128496    0.0178138    0.0222953    0.0540297     0.146078   -0.0212865    0.0541058      0.13462     0.036505    0.0823561    0.0382924    0.0702208    0.0603226    0.0813095    0.0566424
   0.0227851    0.0548494     0.107348    0.0873236     0.128941   -0.0201665    0.0620683    0.0497887      0.10325     0.117795    0.0644306    0.0286971    0.0817106  -0.00637071     0.102095     0.111579     0.084636    0.0194642    0.0224048    0.0195495    0.0644725     0.104295   -0.0507292    0.0561214    0.0844185     0.120493   -0.0180279     0.108051    0.0187082    0.0233787    0.0472184    0.0100231    0.0757095    0.0951386    0.0178049     0.103928   0.00312971   -0.0465644     0.123925     0.133257    0.0591449    0.0987605   -0.0551928     0.110903     0.158195      0.08125      0.14864  -0.00698799
   -0.167675    -0.101932    -0.143266    -0.110263    -0.172463    -0.117249    -0.134875    -0.161532    -0.121714    -0.142409    -0.148433    -0.148172    -0.145612    -0.103349   -0.0812933   -0.0824546   -0.0911884   -0.0978079    -0.129786    -0.133159     -0.12219    -0.130511    -0.179358   -0.0804211   -0.0805654    -0.109844    -0.116538    -0.152269    -0.186318   -0.0714914    -0.128224    -0.112737    -0.163194    -0.167909   -0.0983776    -0.133367   -0.0644139   -0.0898378    -0.115699    -0.123708    -0.101841    -0.110057
  -0.0842127    -0.197484  -0.00576417     -0.08096    -0.113354    -0.219235   -0.0675605    -0.306043    -0.219849   -0.0497996    -0.144767     0.138769    -0.157573    -0.025741    -0.217522   -0.0499854    -0.140794  -0.00618819    -0.286939   0.00153333  8.40302e-05   -0.0699849    -0.120648   -0.0744955    0.0272494   -0.0375874   -0.0933502    -0.326498   -0.0492032    -0.139325    0.0381259   -0.0560493   -0.0898446     -0.32691   -0.0185349    0.0062065    0.0316787    -0.199436   -0.0461448    -0.214624    -0.167255   -0.0641395
   -0.019318     -0.22819    -0.169846    -0.175038     -0.25862    -0.220702   -0.0187103    -0.153035   -0.0670661    -0.155199    -0.120124   -0.0322286    -0.112217    0.0855392   -0.0595145    -0.125218    -0.118012    -0.177141    0.0113811   -0.0301505   -0.0404769   -0.0158951   -0.0528222   -0.0807154    -0.200164   -0.0654423   -0.0497117     -0.14299     -0.04372    -0.302982   -0.0993174   -0.0667281   -0.0803644   -0.0162793    -0.143003   -0.0374069   -0.0964032    -0.151605    -0.120007    -0.243984    -0.100221    -0.129306
  -0.0112965    -0.101402    -0.121901    -0.178719   -0.0935884    -0.133525    -0.116214    -0.160798    -0.091745    -0.183289    -0.149966   -0.0511026    -0.144999   -0.0412482    -0.118899    -0.114096    -0.117984    -0.138852   -0.0667575   -0.0435535    -0.101802    -0.159405   -0.0701309   -0.0947849    -0.178758    -0.124744    -0.174937   -0.0783383   -0.0459028    -0.209575    -0.107378    -0.127456    -0.178239    -0.132049   -0.0254009   -0.0707517   -0.0594544   -0.0639767    -0.118865    -0.112363    -0.174674    -0.131858
  -0.0343233    -0.119386    -0.114817    -0.160379   -0.0288839   -0.0247663   -0.0185907    -0.131822   -0.0631178   -0.0822747   -0.0378818     -0.13944    -0.106154    0.0336429   -0.0333602    -0.218314    -0.032852    -0.173108   -0.0639519    -0.137557   -0.0912743    -0.197269    0.0179963    -0.191571    -0.128455    -0.158341    -0.135103    -0.166069    -0.137437   -0.0813009    -0.125087    -0.176123   -0.0934963    -0.166174    -0.168054    -0.189636    -0.169383    -0.194762   -0.0802763    -0.175034   -0.0650066   -0.0539358
   -0.138774    -0.099568     -0.14335   -0.0903678    -0.116399    -0.143955    -0.127395    -0.100024    -0.163754   -0.0995997    -0.122987    -0.173978    -0.103978    -0.141897   -0.0722435    -0.116683    -0.130847    -0.127323     -0.18808    -0.102372    -0.108396    -0.070486    -0.105773     -0.17979   -0.0925883    -0.117959   -0.0632845    -0.101315    -0.148806   -0.0981103    -0.129412    -0.154083    -0.149756    -0.115227   -0.0840281    -0.113851    -0.138721   -0.0801972    -0.175898    -0.120188   -0.0950214    -0.100801
  -0.0944628    -0.119828     -0.12691    -0.090594    -0.124565    -0.107604   -0.0787425    -0.102658    -0.169517    -0.100213    -0.126015    -0.180739    -0.154359    -0.212024    -0.110351    -0.148673    -0.125726    -0.101993    -0.226599    -0.146962    -0.155137    -0.135716   -0.0997684    -0.131648     -0.03244    -0.124553   -0.0735866    -0.133459    -0.154751   -0.0218487   -0.0850935    -0.117016    -0.109692    -0.140784   -0.0931028    -0.149823   -0.0378239   -0.0474874    -0.158732   -0.0717021    -0.127685   -0.0573347
   0.0023899     -0.22714   -0.0714308   -0.0323228       -0.147    -0.208396    -0.124129    -0.217809   -0.0430487    -0.262509    -0.224999    -0.118212    -0.203437    0.0521445   -0.0885809    -0.126718   -0.0941524   -0.0677413   -0.0654047    0.0198951    0.0632059  -0.00630603   -0.0206472    -0.095934    -0.147654    -0.122306   -0.0420971    -0.102512   -0.0824658    -0.231273   -0.0211529    -0.194264    -0.233348   -0.0949356   -0.0621327   0.00513984   -0.0253182   0.00208467    -0.145733    -0.226821    -0.128968    -0.186268
   -0.133723    -0.110698      -0.1078   -0.0846225    -0.173489    -0.150506   -0.0853617    -0.133348   -0.0986448   -0.0837015    -0.164407   -0.0625728   -0.0898593    -0.104653    -0.073394   -0.0709957    -0.150561    -0.127519    -0.118013   -0.0935237   -0.0918045    -0.127126   -0.0965266    -0.163855    -0.231307    -0.129713    -0.188823    -0.157739    -0.138195    -0.212807    -0.105865   -0.0854595   -0.0787104   -0.0902563    -0.169993   -0.0589544   -0.0422984    -0.155404     -0.12437    -0.163785   -0.0609408   -0.0624837
    -0.17328    -0.121203   -0.0609467   -0.0570568    -0.189768    -0.137929    -0.123935   -0.0379552    -0.153252    -0.214579    -0.192241    -0.117246    -0.147457    -0.137852   -0.0707998   -0.0750946    -0.150618    -0.107687    -0.172761    0.0267718   -0.0668342    -0.137282    -0.167837   -0.0998145   -0.0903252   -0.0852464    -0.146843     -0.17098    -0.107476    -0.126072   -0.0880958   -0.0876391    -0.117167     -0.16179     -0.11288    -0.140901   -0.0181496    -0.172696   -0.0943423   -0.0895319   -0.0648725   -0.0802067
   -0.115227     -0.11449    -0.143911    -0.162488   -0.0972529    -0.107754   -0.0449174    -0.104632   -0.0701695    -0.119393    -0.113492     -0.12729   -0.0741751   -0.0950909   -0.0806876    -0.152399    -0.103082     -0.17389    -0.133116    -0.147681   -0.0984374    -0.148055    -0.153542    -0.167712   -0.0714128   -0.0674959      -0.1849    -0.151035    -0.174052    -0.105604    -0.146957    -0.156078   -0.0797192   -0.0616314   -0.0414436    -0.157937    -0.168545    -0.113354    -0.104694   -0.0995496    -0.146004     -0.11959
   -0.115877   -0.0719904    -0.133972    -0.138032     -0.11791    -0.124356    -0.177769    -0.103379    -0.143559    -0.138362    -0.171181    -0.143973    -0.137503    -0.158412    -0.158022    -0.128554    -0.122074   -0.0993251    -0.133327    -0.136959    -0.119566   -0.0844219    -0.185703    -0.157647   -0.0798967    -0.103562    -0.150316     -0.13611    -0.165006    -0.151354    -0.131503    -0.077619   -0.0827973    -0.118153   -0.0853907   -0.0923854   -0.0648771    -0.100604     -0.12361   -0.0841436    -0.115292   -0.0865363
    -0.22815    -0.119837    -0.137843   -0.0573397    -0.101763   -0.0983702    -0.130486    -0.166139    -0.210728   -0.0809547   -0.0999191    -0.126318   -0.0320879    -0.234771    -0.121523    -0.043704    -0.101083   -0.0698915    -0.164788   -0.0692575    -0.188343   -0.0584252    -0.100675    -0.121521   -0.0778059    -0.160671   -0.0444226  -0.00444627    -0.190889   -0.0210775    -0.060011    -0.139443   -0.0396146    -0.133334    -0.163898     -0.15847    -0.128622    -0.133089   -0.0489169    -0.106017     -0.15898   -0.0709788
   -0.211387   -0.0431605    -0.083422    -0.116227    -0.133764    -0.103056    -0.150317    -0.103876    -0.137812    -0.128536    -0.155502   -0.0867362    -0.146642    -0.153389    -0.108246   -0.0869365    -0.104031    -0.140955    -0.172173   -0.0727225    -0.177391    -0.104473    -0.111811    -0.156598   -0.0894281     -0.12812     -0.12434   -0.0425083    -0.180764   -0.0818939    -0.132242    -0.145218    -0.126294      -0.1311   -0.0663366    -0.169852    -0.120623   -0.0818041    -0.127631   -0.0611614    -0.105706    -0.091657
   -0.147505    -0.111462    -0.155221   -0.0781464   -0.0938433    -0.142533    -0.104428    -0.103643    -0.147428    -0.107163   -0.0979282    -0.106716   -0.0743843    -0.127768    -0.191752   -0.0868458    -0.152785    -0.107076    -0.130318    -0.125154    -0.122903    -0.116283    -0.165779    -0.140885    -0.112622     -0.15988   -0.0759261    -0.139593   -0.0973098    -0.108414    -0.130286    -0.180928    -0.154203    -0.171076   -0.0876017   -0.0912987    -0.182744    -0.127393   -0.0862931   -0.0936445   -0.0916202    -0.105347
   -0.117799    -0.142782    -0.161555   -0.0552938   -0.0989884    -0.120125    -0.101993   -0.0581757   -0.0631268   -0.0933871   -0.0952723    -0.197754   -0.0594617    -0.143105     -0.12812   -0.0911263    -0.164798    -0.159483    -0.142631   -0.0844292   -0.0600339   -0.0751795    -0.100762    -0.130166    -0.212449     -0.13079    -0.120497   -0.0320691    -0.124505    -0.128554   -0.0597487    -0.114719     -0.16376   -0.0610203    -0.170501    -0.135186    -0.164847   -0.0702576     -0.16877 -0.000545576    -0.117582    -0.188148
   -0.167291    -0.124395    -0.188993    -0.128274    -0.140785    -0.179481    -0.111958   -0.0565322    -0.156021    -0.061818    -0.151867    -0.123023    -0.133008    -0.210717    -0.124709    -0.103882    -0.103655    -0.127725    -0.124415   -0.0694859    -0.112606    -0.138195    -0.169889    -0.155898    -0.111117    -0.121597   -0.0844181   -0.0763004   -0.0848857    -0.105286   -0.0589529   -0.0722147    -0.130857    -0.150322   -0.0625196   -0.0825781    -0.101949    -0.119543    -0.146232    -0.139501   -0.0744165    -0.111461
   -0.130663   -0.0753653   -0.0937261    -0.122352    -0.128606    -0.131219    -0.188792  -0.00330335   -0.0381668   -0.0508203     -0.13189    -0.180733    -0.050189    -0.137394   -0.0466911   -0.0954289    -0.134729   -0.0850265   -0.0848713    -0.177265    -0.124631    -0.215458    -0.179569   -0.0972236    -0.138387   -0.0498854    -0.218997    -0.110562   -0.0981164    -0.102427     -0.17111   -0.0455343    -0.157729   -0.0517862   -0.0633635     -0.20226    -0.116745   -0.0471712    -0.177683   -0.0564818   -0.0845134    -0.186785
  -0.0354219    -0.149976   -0.0465755    -0.106948    -0.174577    -0.207828   -0.0302997    -0.103198   -0.0857935    -0.244097    -0.120962   -0.0962555   -0.0926264    -0.102896    -0.116929    -0.146183   -0.0377536   -0.0176971    -0.122878   -0.0513867    -0.206444   -0.0917208    0.0820647    -0.110642   -0.0655944    -0.169104    -0.175292    -0.058808    -0.254607    -0.154067   -0.0214034     -0.20833    -0.180041   -0.0493202  -0.00965383   -0.0378527   -0.0986523    -0.248074   0.00414591    -0.283597    -0.053053    0.0488964
   0.0567865    -0.069327    -0.219156   -0.0913933   -0.0471227    -0.152733   0.00552673    -0.174266   -0.0881684    -0.267812    -0.155836      -0.1384    -0.118291    0.0631792    -0.192508    -0.206473   -0.0362292    -0.116826   -0.0542755    -0.111615 -0.000966595   -0.0363853    -0.104573   -0.0276773     -0.12662    -0.153134  -0.00771465    -0.191176   -0.0852059    -0.231383      -0.1073    -0.239327    -0.181974      -0.1152   -0.0162919   -0.0925968     0.014372    -0.155797   -0.0588314    -0.215299    0.0161211    -0.178642
  -0.0823564   -0.0459223   -0.0761569    -0.133954   -0.0926961    -0.140531    -0.153138    -0.111416    -0.108153    -0.048718   -0.0927015    -0.120219   -0.0951632    -0.204072    -0.157042    -0.188308    -0.169851    -0.161324   -0.0165571     -0.23604   -0.0765646    -0.185019    -0.173552   -0.0947209   -0.0561174     -0.12533   -0.0758125   -0.0322245   -0.0544235    -0.042289    -0.205497   -0.0922539   -0.0920146   -0.0143046   -0.0440142    -0.123969     -0.16772   -0.0821468    -0.152477  -0.00545865    -0.167818    -0.185079
   -0.210688    -0.114446    -0.100211     -0.13602   -0.0497688   -0.0728122    -0.137295    -0.165208    -0.237809    0.0729046   -0.0864279   -0.0614755   -0.0924562     -0.26746     -0.22027  -0.00440685   -0.0731279    -0.168274    -0.019911    -0.268213    -0.164866    -0.171989   -0.0208383   -0.0158312    0.0544036    -0.119934   -0.0499556   -0.0395743    -0.180127    0.0509486    -0.184156   -0.0907329   -0.0477785    0.0134243    -0.155425    -0.205955    -0.227629   -0.0574899    -0.138976    0.0015048    -0.200214    -0.124707
  -0.0358479    -0.153377    -0.147829    -0.171556   -0.0257726    -0.101322   -0.0331211    -0.139336   -0.0271663    -0.129854    -0.124091    -0.102363    -0.103394    -0.168975    -0.103753    -0.146019   -0.0734172    -0.107474   -0.0802232    -0.153814   -0.0968484    -0.118342   -0.0722713    -0.156794     -0.15908    -0.219735   -0.0832344    -0.123431    -0.114644    -0.107891    -0.216742   -0.0937956   -0.0848467    -0.067144    -0.174608    -0.123866     -0.10802    -0.144399    -0.180598   -0.0026482    -0.151658    -0.114512
   -0.023663    -0.155197    -0.213922    -0.127587   -0.0629973   -0.0324255   -0.0415777   -0.0749767   -0.0959071    -0.062739   -0.0764647    -0.150763   -0.0681215     -0.17545    -0.157211    -0.178897    -0.148715    -0.137413   -0.0572461    -0.169222    -0.105587   -0.0552773    -0.144366    -0.121415    -0.135856    -0.156345    -0.088875   -0.0761168   -0.0652751    -0.113754     -0.17737   -0.0694609   -0.0588763    -0.126705     -0.19321     -0.13397    -0.134681   -0.0905432    -0.209015  -0.00243546    -0.155468    -0.175514
   -0.252007   -0.0209774   -0.0817949   -0.0777694    -0.114265   -0.0825624    -0.166821   -0.0728847    -0.210427   -0.0728021    -0.159873     -0.10331     -0.12839      -0.1816    -0.131576    -0.079818   -0.0921064   -0.0970289     -0.19255   -0.0601425    -0.208397    -0.135497    -0.200582    -0.149334   -0.0442769   -0.0656602    -0.117545   -0.0630203    -0.177731    -0.109552    -0.151867   -0.0874809   -0.0929964   -0.0940874    -0.121054    -0.180812   -0.0431924    -0.149825   -0.0887541   -0.0704439   -0.0725881   -0.0633239
  -0.0939058    -0.128136    -0.134111   -0.0550909   -0.0454952   -0.0915384    -0.141703    -0.154068    -0.140718    -0.150049    -0.157463    -0.179905    -0.138633    -0.166467    -0.100011   -0.0318908     -0.16116    -0.117236   -0.0219452    -0.120125    -0.200573   -0.0683841   -0.0852309    -0.150471   -0.0887514    -0.182044    -0.161428      -0.0978    -0.101614   -0.0326222    -0.164948    -0.103863    -0.123572    -0.071893    -0.172206   -0.0601783    -0.112683    -0.116109    -0.202603   -0.0183965   -0.0490831    -0.172269
   -0.119739    -0.115252   -0.0445297    -0.129943    -0.176066     -0.10041    -0.111123    -0.167598    -0.181856     -0.13903    -0.147569    -0.114474   -0.0955651   -0.0902268    -0.121183   -0.0965206    -0.161059    -0.173625   -0.0771382    -0.103261   -0.0826827   -0.0857694    -0.143691    -0.122636    -0.120663    -0.116035    -0.156059   -0.0729087    -0.136261    -0.115997    -0.129662    -0.119857   -0.0754956    -0.116989    -0.156638     -0.08755    -0.103757    -0.135026    -0.125666   -0.0893108    -0.115997    -0.149258
   -0.141874     -0.09622   -0.0815544   -0.0966955    -0.102503    -0.063699   -0.0608879    -0.141102   -0.0844681    -0.112457    -0.133106    -0.167656    -0.167952    -0.136429    -0.149745   -0.0766296    -0.168798    -0.174785   -0.0426406   -0.0855073    -0.167639    -0.114742      -0.1457    -0.144926    -0.103524    -0.136566    -0.126174    -0.105179    -0.157613   -0.0589737    -0.155345   -0.0805776    -0.107822    -0.134294    -0.130421    -0.119675    -0.115053    -0.179285    -0.167759    -0.127793   -0.0718234    -0.131927
   -0.219272    -0.103401    -0.110636   -0.0576837    -0.209025     -0.13296    -0.148267   -0.0897134    -0.167016    -0.154196    -0.157296    -0.161284   -0.0522501    -0.104051    -0.080509   -0.0431156    -0.131439   -0.0376377    -0.172643    -0.107627   -0.0977953    -0.048754    -0.173185    -0.178005   -0.0887254   -0.0755008   -0.0679568    -0.075558    -0.159126    -0.150575    -0.058381   -0.0506706    -0.149549    -0.176258    -0.115418    -0.145774    -0.117612     -0.10588   -0.0996828    -0.159017   -0.0600257    -0.125594
   -0.277828   -0.0201305   -0.0990346   -0.0622115   -0.0921741   -0.0918288    -0.203216   -0.0594807     -0.13524   -0.0240745    -0.134796   -0.0776089    -0.105282    -0.171811    -0.115165   -0.0776709    -0.123041    -0.117638    -0.214925    -0.152534    -0.153528    -0.245897     -0.17769   -0.0549346   -0.0716769   -0.0427582    -0.197866   -0.0581426    -0.145687  -0.00223504    -0.147513   -0.0723447   -0.0736292   -0.0554708   -0.0578802     -0.24536   -0.0781814   -0.0731393   -0.0775111    -0.124955    -0.126898   -0.0677079
   -0.196093   -0.0363273    -0.147681    -0.076458    -0.131319    -0.155201     -0.15295    -0.129006    -0.134887   -0.0157315    -0.184982   -0.0900523    -0.101398    -0.143713    -0.121338    -0.118372   -0.0632043   -0.0995324   -0.0809497    -0.165491    -0.178443     -0.19618    -0.119057    -0.101725   -0.0222355   -0.0993967    -0.170211    -0.132342    -0.148846   -0.0131325    -0.138737   -0.0700599    -0.116193   -0.0398098   -0.0941974    -0.215822    -0.103527     -0.04036     -0.08183    -0.130504    -0.138498    -0.100508
  -0.0396937    -0.242808    -0.141353    -0.161666   -0.0951118   -0.0708193    -0.194433    -0.043507   -0.0905099    -0.181055   -0.0878743   -0.0838172    -0.237245    0.0391516   -0.0797024    -0.108387    -0.182385   -0.0342862    0.0206035    -0.120691   -0.0907076    -0.139484    0.0511165    -0.177233   -0.0155545    -0.067579   -0.0378303    -0.220313  9.26052e-05    -0.179993   -0.0452142    -0.068457   -0.0859926   -0.0122642    -0.271398    -0.146392    -0.232105    -0.169048   -0.0472348    -0.177062    -0.114985   -0.0652189
   -0.064989    -0.161005   -0.0958363    -0.166045   -0.0695659     -0.14669    -0.116622    -0.175032     -0.12904   -0.0728889    -0.135872    -0.046443   -0.0917396    -0.113524     -0.14381    -0.156867    -0.177312     -0.20805   -0.0585557    -0.105861   -0.0521653   -0.0625284   -0.0750106    -0.107318   -0.0660044   -0.0871716   -0.0362919     -0.15402    -0.116324     -0.13514    -0.120468   -0.0992811    -0.116264    -0.158556    -0.161121    -0.115822   -0.0832336      -0.1045    -0.162465   -0.0774644    -0.215494    -0.128806
    0.135274    -0.153274     0.113093    -0.221508    0.0279942     0.021433     0.032762   -0.0666638   0.00582182  -0.00970151   -0.0932619   -0.0248016    -0.131841    0.0778813    -0.056002    -0.138854   -0.0927112    -0.127052    0.0951526    -0.202975    0.0116647    -0.156575    0.0391174    -0.229395    -0.223233    -0.125849    -0.225526     -0.33737    -0.220444    -0.338007    -0.138169   -0.0302378    -0.111965  -0.00086715    -0.167993    -0.100167     -0.26205    -0.169365    -0.138551   -0.0892733   0.00754916    -0.235694
  -0.0500949    -0.147841   -0.0811255       -0.225   0.00365914   -0.0858108    -0.251108   -0.0819423   -0.0906676    -0.215298    -0.132951   -0.0650461    -0.164352     0.053465   -0.0468489   -0.0760219    -0.143006   -0.0982255   -0.0365318   -0.0866697    -0.173497   -0.0956016   -0.0156606    -0.151146   -0.0320168   -0.0858057   -0.0500195    -0.208015  -0.00960886   -0.0993549   -0.0240941    0.0216435    -0.117241    -0.103794    -0.263908    -0.108609    -0.230915    -0.173937   -0.0828145    -0.185592    -0.221229   -0.0249066
  -0.0827381    -0.142363    -0.174032    -0.124536    -0.191667    -0.167678   -0.0644649    -0.137633    -0.093262    -0.134816    -0.142676    -0.141051    -0.134232   -0.0862321    -0.131573    -0.161052    -0.164991   -0.0862521   -0.0689803    -0.111767   -0.0439733   -0.0978471   -0.0290331   -0.0725661   -0.0496201    -0.122826   -0.0911501   -0.0690816   -0.0821656    -0.143564   -0.0571634    -0.176401    -0.193191   -0.0606185   -0.0986829    -0.105547    -0.148755    -0.123366    -0.095705    -0.189655    -0.128397    -0.145232
