no weights
   0.0232819   -0.0956172    0.0306721   0.00724909     0.112747    0.0600603    -0.211406     0.103781    0.0299141     0.113914     0.172541   -0.0846769    -0.111289    0.0811693    0.0872362     0.077192     0.193767    0.0162285    -0.202333     0.115836   -0.0374579    0.0500423     0.219764    -0.177582    -0.178615    0.0961986     0.233639     0.262641     0.142298    -0.173308    -0.124879     0.142692     0.198153     0.170639    0.0773923    -0.135344    -0.157313     0.325107    0.0985249    0.0882628     0.288794     -0.15327     0.122377     -0.23025    -0.135002   -0.0858303    -0.182217    0.0649486
   -0.003932    0.0583764  -0.00890416    0.0431664    0.0952545     0.126282    0.0622012    0.0172456   -0.0262417    0.0495603    0.0162565       0.1306    0.0643897    0.0208855   -0.0250335    0.0871639    -0.116626     0.158855     0.171779    0.0379688     0.010345    -0.104189     0.167959     0.147222     0.128005    0.0289955    -0.141746  -0.00579533    0.0546747     0.221106     0.201371    -0.126529   -0.0624724   -0.0461604    0.0695173     0.173016    0.0992143   -0.0222257    -0.107488    0.0584802    0.0690831     0.182078    0.0752332    0.0173722      0.04385      0.12153     0.182883     0.105632
  -0.0274491   -0.0393397     0.013543   -0.0711841   -0.0768277   -0.0935951    -0.117592     0.138214    0.0962208     0.101608    -0.124471   -0.0293029     0.111221    0.0370961     0.154811     0.119208    -0.185844     0.225593   -0.0392297     0.167058    0.0103137   -0.0608827 -0.000618426    0.0834676   -0.0443085    0.0627241     0.228209     0.119829    -0.129547       0.0543   -0.0306412   -0.0419538     0.226797     0.224675   -0.0994761   -0.0310701     -0.10628      0.12654    0.0545214    0.0562917    0.0593806    0.0573439    0.0773336     0.130584  -0.00350996     0.022376   -0.0610016     0.170655
   0.0626137     0.138951     0.236569     0.160672     0.165115     0.147286    0.0291452     0.078545    0.0837195   0.00581885   -0.0672077      0.22587   -0.0689084   0.00886174    0.0252134    0.0777216   -0.0111157    0.0381472     0.113472   -0.0525977      0.15082    0.0413659   -0.0377206     0.126614     0.102621   -0.0230424   0.00224258   -0.0501103    0.0779493    0.0409076    0.0806107    0.0124029    -0.131763   -0.0665497    0.0184707    0.0835568     0.105556   -0.0307769   -0.0641465    0.0670709   -0.0612763     0.109246     -0.01987     0.211182    0.0557842     0.175162     0.143543   -0.0563594
      0.1611    -0.114458    -0.148134    -0.139397     0.099681    0.0279473   -0.0113627    0.0692317    0.0642682    0.0887768     0.071275   -0.0805506     0.169975    0.0756811    0.0999367    0.0375886    0.0379166    0.0404678     0.121356     0.185626   -0.0136251    -0.186575     0.154907 -0.000987754    0.0912097     0.130617   -0.0197023     0.191258     0.140875   -0.0107055     0.130921    -0.100142     0.234126     0.072279     0.119658  -0.00514699   -0.0870651    0.0725622   -0.0353378    -0.114373    0.0743663   -0.0336585     0.183443   -0.0488909    0.0232286    0.0256097    0.0294241     0.171623
   0.0903036    0.0307494    -0.150922   -0.0384428     0.114976   -0.0399355    0.0821796   -0.0773291   0.00544228    0.0290557    0.0706582    0.0351903      0.27707    0.0176886    0.0177313   -0.0287089    0.0353946     0.164596    0.0798494     0.219301   -0.0691322   -0.0989457     0.146272    0.0938567      0.12412     0.112545   -0.0499838     0.189283    0.0517539    0.0148636     0.195001   -0.0476391     0.115987     0.141358     0.110738     0.115526    0.0555429     0.018432    -0.013935   -0.0630356     0.136123    0.0841154     0.207277   -0.0788918   -0.0269977   -0.0639431     0.148512     0.108942
   -0.212303    0.0877002     0.199248     0.112743   -0.0202966   -0.0150769     -0.17817    0.0803633     0.114359     0.131753   -0.0107732   -0.0614315    -0.116723    0.0154103     0.105293    0.0235973   -0.0190867  -0.00225771   -0.0120452   -0.0375147     0.117769   -0.0902058       0.1698  -0.00806216      -0.0601   -0.0842666     0.241409    0.0585366      0.18378   -0.0813597   -0.0537433    0.0764209    0.0968598     0.205698     0.198918    -0.051111   0.00333236     0.205909   -0.0724672     0.109289     0.327266   -0.0596044     0.146841   -0.0743772   -0.0870404    0.0775286      0.08529     0.103581
   0.0889117    0.0911316     -0.14286    0.0668364     0.143784    0.0700592     0.170707    -0.085148    -0.121864    0.0282114     0.078665    0.0294529     0.247582     0.112965     -0.15704    0.0762524    0.0359005     0.165798    0.0790276     0.223399   -0.0331035     0.200687     0.192777     0.136911    0.0683627    0.0799744    -0.159504     0.158662    0.0562144      0.15771    0.0908139    0.0165051   -0.0525645     0.155092    0.0663367     0.114445    0.0954307   -0.0314354   -0.0616167     0.109311    0.0087497     0.187713     0.113798    -0.154991    0.0175892   -0.0754455    0.0914329     0.101071
   0.0918897    0.0220135   -0.0180476     0.112935     0.134095     0.159443     0.027507  -0.00111932   -0.0855157     0.127375     0.103947     0.040285       0.0104    0.0579571   -0.0189153    0.0664299     0.204657    0.0825654    -0.076844     0.174872    0.0121408     0.175138     0.210546    0.0312801   -0.0366028    0.0909042     0.054358     0.193091    0.0807414    0.0209127    0.0207507     0.179917    0.0919354     0.142378    0.0720447    0.0720519    0.0155825     0.198017   -0.0515068    0.0691352     0.227716    0.0569847     0.105475    -0.162446    -0.191628    -0.207583   -0.0752464     0.101751
  -0.0358538   -0.0311507    -0.114868    -0.199462     -0.27089   -0.0606439    0.0548831     0.132443     0.111596    0.0243682   -0.0663452    -0.128155     0.202551    0.0490444     0.128973    0.0257665    -0.220359     0.102283     0.214906    0.0814019    0.0872524    -0.221657     0.104138    0.0669258     0.260598   -0.0847843    0.0746354   -0.0316191    -0.029805    0.0720443     0.234857   -0.0537385     0.200882   0.00837821   -0.0647294     0.123152     0.174593   0.00426193   0.00160749    -0.101162    0.0319452     0.127291     0.250543     0.156618   -0.0404261    0.0872032     0.157312     0.273413
   0.0192803    0.0275533   -0.0321212    0.0456653     0.107405   0.00960097    0.0923743   -0.0116965     0.025486     0.115043     0.118604   -0.0814538    0.0799528    0.0519505     0.103212    0.0943024    0.0675529    0.0415354     0.139696     0.123332    0.0794776    0.0632897     0.122054  -0.00879202     0.144764     0.046171    0.0645868    0.0999573    0.0717434  -0.00808631     0.167016    0.0550752    0.0896265     0.176714    0.0879096    0.0393807     0.151666   -0.0184098     0.107073    0.0737981     0.103546    0.0338386      0.16172   -0.0304449    0.0733954    0.0885063    0.0750167     0.105167
  -0.0387159   -0.0876664    0.0620623    -0.119681    -0.141153     -0.11348   -0.0291611     0.150334     0.191315   0.00189581     0.056709    -0.111991   -0.0356105   -0.0336973     0.157809    0.0504378  -0.00442628    0.0703611   -0.0793628  0.000920967    0.0735774   -0.0353103   -0.0613904    -0.033935   -0.0618142   -0.0281879     0.221234     0.023499    -0.105615    0.0350334   -0.0371344   -0.0115821     0.280341     0.108772  -0.00814593   -0.0961274    -0.110819     0.114752     0.278782     0.120157     0.104456   -0.0320777   0.00186532     0.145356    0.0658501     0.157925   -0.0558065     0.036015
  -0.0208992     0.115163    0.0544681      0.12826    0.0305293   0.00920057     0.063334    0.0366401   -0.0253721    0.0739891  0.000410988    0.0481735     0.118439    0.0830976    0.0327456      0.10806    -0.047505   0.00245961     0.132926    0.0381092    0.0986353    0.0306405    0.0999581     0.070443     0.188743    -0.074874   -0.0581496   -0.0676513     0.105312     0.104221     0.152476   -0.0382148     0.053609     0.015146    0.0995584     0.116129     0.193399    0.0265912   -0.0512245    0.0641521     0.125171     0.104802     0.115541   -0.0178615    0.0537631     0.105574     0.168776    0.0966427
  -0.0950009   -0.0174945    0.0917129   0.00299786   -0.0235015    0.0624912    -0.139014    0.0673513     0.101552     0.015861     0.199484    0.0266678    -0.106614   -0.0788111        0.101   -0.0212769     0.316778     0.006952    -0.342201     0.249927   -0.0533351     0.152552    0.0309374  -0.00843837    -0.251577     0.105018     0.274164     0.121976   -0.0333021    -0.136866    -0.246229     0.238854     0.266861     0.204682       0.0728   -0.0930043    -0.293398     0.326394     0.205544     0.104399     0.241656    -0.116029    -0.112542    -0.144635    0.0116302   -0.0917437    -0.246787    0.0452587
   0.0817471     0.170318   -0.0205755     0.138039     0.108556    0.0239346     0.092323   -0.0244428   -0.0774864    0.0953713    0.0690733    0.0920317     0.124514     0.031976   -0.0534587    0.0711706     0.151571     0.129783    0.0444054     0.206782     0.017012      0.20082    0.0751479      0.13167   -0.0183176    0.0683046    0.0622464    0.0872668    0.0716482    0.0556173    0.0269689     0.145129    0.0679349     0.174616    0.0157825     0.172031    0.0136836    0.0994211    0.0124039     0.133877    0.0695634     0.125106   -0.0106239    -0.067886   -0.0493297    -0.167027    0.0495934   0.00257768
     0.12336     0.171092     0.135338    0.0905227   -0.0204005   -0.0814738     0.172677    0.0412954    0.0832801     0.022221   -0.0585119    0.0842506    0.0905018    -0.039847  -0.00426116    0.0108956    -0.097378    0.0700289     0.130296    0.0825184     0.130797    0.0803047   -0.0515203     0.093315    0.0570264     0.103107    0.0545909    0.0189921   -0.0219674    0.0671803     0.114818   -0.0275796    0.0830321   -0.0577577    -0.101096    0.0117819    0.0579338  -0.00295082     0.143583    0.0512736    -0.117259     0.046271    0.0511296     0.150761      0.17857     0.109493    0.0728091     0.059198
  -0.0235189    0.0104265      0.06995     0.171338    0.0945982    0.0668286    -0.016819   0.00271493    0.0115548     0.174802    0.0587839     0.117251  -0.00782635    0.0653575     0.015639    0.0364462     0.082527    0.0482292     0.104809    0.0574134     0.044273    0.0417826    0.0652295    0.0692141    0.0928574  -0.00269668    0.0390109    0.0817485     0.070237    0.0645361     0.065379    0.0462935    0.0338086     0.076808    0.0712706     0.111576    0.0416491    0.0906268   -0.0103659    0.0943644     0.160397    0.0546352    0.0304304    0.0943201     0.105357     0.120231     0.184326    0.0972084
   0.0317981    0.0699745     0.143316    0.0315075     0.155092    0.0754043    0.0267019     0.141872     0.122798     0.125641   -0.0394253    0.0584994    0.0605939    0.0293944    0.0479349    0.0698417    0.0237338  -0.00920865   -0.0582427    0.0799361     0.167585     0.120225  -0.00644038    0.0594745   -0.0494532    0.0787145     0.055447    0.0948967   0.00766724    0.0423288   -0.0783041    0.0714756    0.0418425    0.0297705   -0.0430963    0.0635216    -0.078904    0.0240053    0.0911329    0.0542668   -0.0791474    0.0442803   -0.0234419     0.127962     0.249023     0.193539    0.0520364    -0.023138
    0.183012    0.0113462    -0.114113   -0.0089751   -0.0337561   -0.0239166      0.10214    -0.159035    -0.191237  -0.00264496      0.25039  -0.00659285     0.174024    0.0172548    -0.103263     0.106596     0.204727     0.014207   -0.0228654      0.12251    -0.219442    0.0728574     0.131058   -0.0337929   -0.0367464     0.132348    0.0805575     0.165043    0.0899615   -0.0627948   0.00098596        0.129  -0.00544828     0.227999    0.0185437   -0.0711558   -0.0239384     0.220589   -0.0117016    0.0842991     0.230633    -0.129903     0.277154    -0.268337    -0.153403    -0.225665   -0.0678708      0.26793
  -0.0618773     0.291325     0.359274     0.254104     0.219767  -0.00277601   -0.0358453     0.101235     0.127515    0.0679763    0.0142963    0.0616613     -0.16075   -0.0038754    0.0711088    0.0722958    0.0873006   -0.0100378   -0.0866021   -0.0476156      0.13648     0.209719    -0.056416    0.0999671   -0.0629573     0.104772    0.0882307   -0.0468951    0.0190644    0.0596414   -0.0970827     0.144078    0.0214209   -0.0680007    0.0887484   -0.0445819   -0.0994733   0.00138928     0.187185     0.166455    0.0218659   -0.0454597    -0.226309     0.136037     0.121769    0.0187436    -0.042174    -0.248626
   0.0173018    0.0907559     0.118881    0.0244232   -0.0535392     0.161037    -0.160764     0.138636     0.143553   -0.0291107    0.0627781      0.03844   -0.0322312    0.0214226    0.0951326    0.0147572     0.156663    0.0517626    -0.096175    0.0592004     0.179056    0.0738111      0.21083    -0.109659     -0.12459   -0.0952348     0.238758   -0.0841145  0.000293029   -0.0523373    -0.122363     0.130391     0.130214     0.027334     0.143276   -0.0827379   -0.0809945     0.273325     0.111637   -0.0359625     0.210686   -0.0383528    0.0152364    0.0288993    -0.150004   -0.0249947    -0.165515      0.10028
 -0.00610598     0.222488     0.285343      0.23115     0.258075   -0.0516208   0.00243826    0.0608204    0.0446569   -0.0081189     0.078544   0.00734991   -0.0876239   0.00771322   0.00420601  -0.00410393     0.141231    -0.120414   -0.0562049   -0.0643015     0.126362       0.1635  0.000542964   -0.0668834   -0.0388575    0.0385561     0.169065    0.0633973    0.0625377   -0.0835124   -0.0967872    0.0328337    0.0126697   0.00852672     0.122516    -0.115913    0.0851708     0.110104     0.141511     0.069855    0.0598553   -0.0747517   -0.0336588    0.0889517    0.0180059     0.102356    0.0264543    -0.104078
    0.106369   -0.0593017   -0.0534117   -0.0137528     0.057441   -0.0727289    -0.116602    0.0154155   -0.0283718      0.18776     0.105243    -0.099335   -0.0364449   -0.0517568  -0.00738021    0.0928548     0.136536   -0.0482266    -0.180797     0.129961     -0.14566    0.0834524   -0.0438985    -0.175788    -0.138546     0.101229     0.126081     0.272603    0.0223676    -0.205227    -0.119381     0.193018     0.132496     0.288841   -0.0316428    -0.162328    -0.154902     0.106684    0.0963334     0.123875     0.120781    -0.148426    0.0962177   -0.0350512   0.00568766    0.0292616    0.0536975    0.0380566
    0.138409    0.0307801     0.119531     0.166021    0.0811003     0.166821    0.0904026    0.0971711    0.0867935    0.0104727    0.0588549      0.16164   -0.0328478     0.108634      0.10269     0.123248     0.126404   -0.0893226     0.147528    -0.129628    0.0388486    0.0589339    -0.040702    0.0909468     0.124998     0.044994    0.0399235    -0.102083    0.0390161    0.0832447    0.0840406    0.0824265   -0.0456607   -0.0927745    0.0703824   0.00066093     0.139121    0.0594501     0.120398    0.0918163    0.0118485    0.0235374   -0.0301506     0.136902     0.185964     0.194488     0.108348    0.0297091
    0.129078    -0.110225   -0.0248907   -0.0942867    0.0441312   -0.0574429    0.0868299    0.0877823     0.106585    0.0145562    0.0150128   0.00269867    0.0188271    0.0997655     0.139646    0.0754324    0.0180527     -0.11584     0.110393    -0.106245  0.000170586  -0.00446378    -0.228354    0.0980609    0.0331639      0.17685  -0.00241355    0.0113105    0.0537273    0.0783585     0.084815   -0.0112794    0.0532832   -0.0145416    0.0700366    0.0170662    0.0564894    -0.273692     0.120123   -0.0183405    -0.255967    0.0487061   -0.0121285     0.239273     0.371175     0.274401     0.131991   -0.0284551
   0.0334592     0.062054    0.0655965    0.0180616   -0.0236238    0.0969085     0.106781    0.0311371    0.0691198   -0.0523592   0.00922133    0.0815051    0.0830743    0.0697794    0.0347421    0.0182975    0.0516547    0.0729658  -0.00582475     0.107998    0.0873007    0.0962436   -0.0102648    0.0993609    0.0564979     0.101715     0.113519   -0.0241667   -0.0707995     0.153178   -0.0147609     0.109358     0.156686   0.00160519   -0.0321139     0.103886      0.10554     0.034275     0.222045    0.0644989    0.0200029     0.106866    0.0104324     0.118188    0.0902884     0.103434   0.00865927     0.031281
    0.133133    0.0584132     0.125304     0.153363     0.221787    0.0411967     0.107176    0.0778942    0.0770176    -0.011122     0.207569    -0.031097   -0.0366445    0.0593423    0.0980524    0.0334795     0.227599    -0.246309    0.0873327   -0.0250951   -0.0017122    0.0907448   -0.0676418    -0.115486  -0.00260611     0.135213    0.0112101   -0.0458913     0.159683   -0.0655859  -0.00626744     0.163763   -0.0460494    -0.121352    0.0733554    -0.088388     0.131868   -0.0468305      0.14672   -0.0276264    0.0266752    0.0198754   -0.0745821     0.170155     0.187285     0.110036    0.0539905   -0.0625443
    0.211994     0.213055    0.0739951     0.277566      0.21267     0.127476     0.190814    -0.122833    -0.151023     0.083777    0.0276416     0.141052   -0.0408452    0.0574659    -0.057853     0.152643    0.0362526    -0.120324     0.264992    -0.180064    -0.098336     0.161202  -0.00357979    0.0952657     0.270574    0.0264857    -0.259216    -0.104667    0.0515167     0.109814      0.27356    0.0539678    -0.363878    -0.106785    0.0451659     0.177581      0.27673   -0.0783901    -0.115853     0.162059    -0.116925     0.125839   -0.0309091    0.0212152   -0.0496937    0.0389842     0.280205   -0.0382406
    0.240927    0.0428899    0.0418182    -0.023418     0.113986     0.155879     0.170538     0.118774    0.0988267   -0.0361408     0.208315    0.0491555   -0.0628885    0.0921296      0.10324    0.0055733     0.246773    -0.147177    0.0322866    0.0533976     0.149036     0.138258    0.0619987    0.0273697    0.0247827     0.157544    0.0604837   -0.0396286    0.0577636     0.056746   0.00683851     0.158707 -0.000541153   -0.0656811       0.1235    0.0555443     0.034199    0.0423762     0.281259    0.0642742    0.0214974  -0.00359539   -0.0937809    0.0525456    0.0149331   -0.0661632    -0.138633   -0.0917068
    0.174503    0.0186531   -0.0655943   -0.0201609     0.130947    0.0299834     0.214759     0.057802       0.0473     0.113833    0.0144253    0.0097253    0.0796838    0.0919738     0.115387    0.0689414   -0.0661567   -0.0687906     0.251651   -0.0965644    0.0258792    -0.103779    -0.159946     0.155539     0.294393     0.150409    -0.183762   -0.0871815     0.145162    0.0844724     0.307335   -0.0683463    -0.108702   -0.0661215    0.0209063     0.164948     0.115876    -0.376545   -0.0114153   -0.0238346    -0.241128     0.160815  -0.00140589     0.174432     0.191966     0.168769     0.251637    0.0156651
  -0.0651242     0.065546     0.227503     0.167961     0.180335    0.0170467   -0.0408255    0.0632092     0.141253    0.0104593    -0.024959    -0.016786   -0.0863728   -0.0227122    0.0529126    0.0722702    0.0967747    -0.100745    -0.124022    0.0905124      0.13764     0.200407   -0.0540669   -0.0584264    -0.095976     0.137121     0.107655    0.0501784  -0.00846616   -0.0123547     -0.11231     0.137058     0.158403    0.0165083    -0.054949    -0.051908   -0.0972608      0.05778     0.177945     0.126006    -0.105095   -0.0183857    -0.172342     0.118021     0.213832     0.152377   -0.0482403    -0.117328
   0.0877214    0.0326652   -0.0970392    -0.126926   -0.0860975    -0.124461     0.166847      0.12242    0.0705862   -0.0141835    0.0961308   -0.0189642     0.238253    0.0938565    0.0393918 -0.000444504   -0.0353712     0.124143    0.0447077     0.188003     0.143931     0.072567    0.0352472    0.0652701    0.0697181     0.150998     0.124319      0.13606   -0.0577491      0.10681    0.0713291   -0.0300232      0.18855   -0.0223996   -0.0854296    0.0623876     0.130635    0.0393782     0.164952    0.0175248    0.0052086     0.092876    0.0976381    0.0052738    0.0489945   -0.0419501    0.0247282     0.114063
  -0.0178864    0.0572178   -0.0519135   -0.0749558    0.0401787    -0.132039     0.195761     0.100837     0.123045    0.0111835    0.0682379   -0.0552411     0.185952    0.0716464    0.0840338    0.0593971    0.0175628     0.091875     0.164652    0.0341067    0.0816387   -0.0218053  -0.00675839    0.0458578     0.148909    0.0910739    0.0102345    0.0635576     0.013426    0.0601771     0.176864    0.0486709     0.130021    0.0238762    0.0924634    0.0326373     0.151188   -0.0046439    0.0930073    0.0938219    0.0955301    0.0825341    0.0346601    0.0308437    0.0847928    0.0766361      0.12801     0.101613
    0.179421    0.0470405    -0.128933    0.0942314    0.0248348    0.0931822     0.136086    -0.147016      -0.1613     0.027213    0.0652409    0.0553106     0.182845   0.00888989     -0.15915     0.149286     0.102868     0.137027     0.156961     0.117344    -0.184618     0.142419    0.0219247    0.0184429    0.0634902     0.112595   -0.0744687     0.209102   -0.0194852    0.0512187     0.112662     0.153037    -0.146951     0.124951    0.0269949     0.038707     0.195995     0.198979   -0.0361319      0.11177    0.0641151    0.0790079     0.222669     -0.16553   -0.0921584    -0.114006     0.120555     0.260155
  -0.0692031    0.0820216     0.276681     0.161815    0.0308988     0.233959   -0.0932245    0.0911163     0.153275    0.0548551   -0.0878059     0.195983    -0.205744    0.0214343     0.157862     0.180433    -0.128764    0.0347581     0.082167    -0.182426    0.0804126    -0.051027    0.0611647    0.0548942   -0.0107252    -0.164414    0.0934582    -0.114645     0.018239      0.15924    0.0277175   -0.0285225   -0.0276817   -0.0366025     0.102998     0.203587    0.0621305    0.0656648    -0.035971     0.124229   -0.0372124     0.186576    0.0229885     0.130839    0.0664073     0.208754     0.119035    0.0797523
  -0.0745792       0.1547     0.299742     0.187631     0.166289    0.0336355    -0.043111     0.163428     0.141942    0.0311587     0.041516   0.00869669     -0.12161    0.0659832    0.0670528     0.128783     0.122393   -0.0565785   -0.0707834   -0.0423154     0.156736     0.128367    0.0520738   -0.0927711    -0.150577    0.0970853     0.245192    0.0558841    0.0372762   -0.0680388   -0.0589249    0.0281937     0.110875    0.0911839   0.00473389     -0.07604   -0.0929129       0.1472     0.188239     0.151989     0.104757    -0.080105   -0.0211857     0.023289   0.00915389  -0.00940774   -0.0870694   0.00171953
   -0.122399     0.127794      0.31942     0.256875    0.0806236      0.12437    -0.065625     0.180116     0.124802    0.0573766  -0.00617305     0.229945    -0.251614    0.0935297    0.0870275    0.0208444    0.0560985    0.0399439   -0.0112283    -0.223055     0.181171    0.0216802  -0.00908239     0.109655    0.0419368   -0.0340948    0.0877462     -0.17866     0.158268     0.147063    0.0975687  -0.00895222    -0.114932    -0.127257     0.159555     0.110597   0.00316158    0.0359683     0.118298     0.109724   -0.0123027    0.0807499    -0.169159     0.222129    0.0742445     0.204721    0.0321981    -0.217036
    0.252212     0.127934    0.0286473     0.113274    0.0162702     0.250882    0.0928429   -0.0526925    0.0426203    -0.016456  -0.00253659      0.09206     0.043976     0.122479   -0.0382509  -0.00131649    0.0775725    0.0480419       0.1758      0.01638    -0.012038     0.048307    0.0145642    0.0364659     0.188904      0.01944    0.0368472    -0.100594    0.0068973     0.158998     0.190553     0.038936    -0.127227    -0.107397    0.0759959      0.13087     0.149535     0.107457   -0.0399883   0.00531667   -0.0423636     0.128001    0.0907111     0.171207   -0.0964922   -0.0390079    0.0922854    0.0672143
  -0.0408864    0.0210882     0.100455     0.148694     0.133799  -0.00781045    0.0432901    0.0931075    0.0866988     0.133749    0.0323327    0.0721419   -0.0530601     0.028046     0.122505     0.120585     0.068772    0.0269945   -0.0368849    0.0535615    0.0149857    0.0763684   -0.0464916   0.00014622    0.0230112    0.0362834   -0.0502362    0.0522275   -0.0279763    0.0513827   -0.0118403    0.0901964     0.130607     0.108968   0.00665011    0.0107369   -0.0483064    0.0518169     0.166833     0.129626   -0.0120544    0.0221572    -0.119591     0.110787     0.302963       0.1709    0.0924208    0.0265601
    0.117284    0.0559806    -0.147643   -0.0524792   -0.0065656   0.00834479     0.119684   0.00693871  -0.00527559   0.00789252  -0.00242847    -0.016681     0.247139     0.106074   -0.0202259    0.0410542    -0.107227      0.10734     0.301022    0.0927382    0.0962745    -0.172091     0.183054     0.152546      0.26199    0.0248131   -0.0466945    0.0285462     0.100835      0.13903     0.293279    -0.132178   -0.0632447    -0.065386    0.0347648    0.0852374     0.174155   -0.0228964    -0.125467   -0.0624076   0.00410102    0.0750229     0.247356    0.0326835    -0.155099   -0.0933395    0.0612125     0.165348
    -0.17262    0.0644218     0.168368     0.203764    0.0961371    0.0558581   -0.0799926   -0.0643131   -0.0153734     0.109355   -0.0474162     0.187425   -0.0125013 -0.000239517     0.025284    0.0106834   -0.0423595     0.173272   -0.0564556     0.169003    0.0577331    0.0804756     0.175857    0.0955549    0.0367642   0.00514421    0.0269185      0.14105     0.130571    0.0627196   -0.0275215    0.0386181   -0.0469606     0.184477    0.0348707    0.0344117    0.0238835     0.203833    -0.137977    0.0682173     0.190886    0.0445242    0.0967645   -0.0372755  -0.00970532    0.0225266    0.0745608    0.0674914
  0.00499987    0.0506967     0.129469    0.0969023      0.19514   -0.0830697    0.0922278    0.0697299     0.124423     0.162062    0.0798224  -0.00159945    0.0107256   -0.0229476     0.121362     0.124987    0.0862158   -0.0721169     0.015922   -0.0392053    0.0758819     0.131926    -0.176214    0.0628469    0.0965681     0.161547    -0.133941    0.0633423    0.0204208    0.0278508    0.0617509   0.00831642    0.0270822    0.0496352    0.0209803     0.123515  -0.00865406    -0.194488        0.184     0.168175   -0.0434723    0.0934888    -0.195538     0.130306     0.250382     0.134827     0.212726     -0.13971
   -0.236407   -0.0986237    -0.157442   -0.0990389     -0.21704    -0.129441    -0.156255     -0.16434    -0.141388    -0.147304    -0.159689     -0.16252    -0.146131    -0.137827   -0.0757092   -0.0782157   -0.0900583   -0.0956771    -0.173405    -0.113615    -0.149157    -0.129586    -0.220631   -0.0769774   -0.0674114    -0.103823    -0.117326    -0.139642    -0.198202   -0.0572019    -0.121463    -0.119919    -0.162114    -0.175175   -0.0879098    -0.145298   -0.0426671   -0.0861284    -0.112371    -0.131114    -0.103708   -0.0992205
   0.0372276     -0.34882      0.22924   -0.0561907   -0.0910181    -0.407862    0.0782671    -0.680687    -0.435375     0.109606    -0.177953     0.529502      -0.2383     0.217705    -0.419902    0.0407545    -0.187406     0.152521     -0.61202     0.179677     0.204318    0.0232941   -0.0442628   -0.0180696     0.261588    0.0570795    -0.023443    -0.731177     0.024241    -0.135902     0.271961    0.0184944    -0.049836    -0.778584     0.135686     0.211989     0.228242    -0.359613    0.0869303    -0.395845    -0.281332    0.0424613
    0.131464     -0.36693     -0.21754    -0.214085    -0.442709    -0.335291    0.0792093    -0.213721   0.00465739     -0.28405    -0.122028    0.0547837    -0.140851     0.314799  -0.00758939    -0.143086    -0.126205    -0.214902     0.132012     0.100755    0.0837487     0.103591    0.0446934   -0.0484018    -0.331625   -0.0223857    0.0222112    -0.135433    0.0475482    -0.517365   -0.0242756   -0.0652782   -0.0829236    0.0259724    -0.160141    0.0908055    -0.031989    -0.160723    -0.110183    -0.397595   -0.0995552     -0.13852
   0.0641106   -0.0915768    -0.136609    -0.191666    -0.114183    -0.163238   -0.0995652    -0.175226   -0.0615411    -0.245943    -0.171282   -0.0435899    -0.157995    0.0182255    -0.116441     -0.14765    -0.128284    -0.157964   -0.0378483  -0.00175259   -0.0585867    -0.150436   -0.0598724    -0.096948    -0.266135    -0.139636    -0.190951   -0.0569899    -0.020123    -0.273621    -0.101737    -0.170172    -0.222477    -0.134196    0.0117197   -0.0235997   -0.0259501   -0.0564476    -0.123727    -0.135267    -0.181945    -0.144717
   0.0875666    -0.133241    -0.123413    -0.223635     0.038784    0.0229399    0.0629498     -0.14029  -0.00102358   -0.0715626  -0.00302488    -0.136445   -0.0972482     0.147942  -0.00795036    -0.323229  -0.00755457    -0.213206   -0.0179989    -0.156755   -0.0611851    -0.227558     0.107524    -0.238592    -0.172788     -0.20445    -0.135772    -0.203726    -0.124609   -0.0872163    -0.149963    -0.216827   -0.0876466    -0.197332    -0.204566    -0.205172    -0.190275    -0.242158   -0.0702812    -0.186903   -0.0407866   -0.0345338
   -0.201751   -0.0911442    -0.169256   -0.0778165    -0.145053    -0.166073    -0.154352   -0.0924716    -0.179939    -0.110342    -0.136685    -0.201727     -0.10165    -0.193844   -0.0716127    -0.109685    -0.135866    -0.110945    -0.250207   -0.0880363    -0.116114   -0.0652078    -0.149694    -0.183484   -0.0912934    -0.113668   -0.0555671   -0.0876642    -0.147548   -0.0890898    -0.109939    -0.161419    -0.166218    -0.135176   -0.0682912    -0.121777     -0.13115   -0.0735548    -0.177675    -0.125849    -0.100967   -0.0940537
   -0.112055    -0.118327    -0.144676   -0.0813113    -0.118864    -0.122594   -0.0759339    -0.132033     -0.20075   -0.0968503    -0.130908    -0.202224    -0.167682     -0.26868     -0.14364    -0.167348    -0.119189    -0.103357    -0.305796    -0.160102    -0.205991    -0.143262    -0.113525     -0.12655   0.00693525    -0.139152   -0.0554076    -0.125059    -0.173116    0.0142099   -0.0722488    -0.140733    -0.115916    -0.170801   -0.0735832    -0.153355   -0.0111029   -0.0426987    -0.161869   -0.0729637    -0.140354   -0.0419992
    0.123381    -0.341885   -0.0916447     0.053714    -0.262594     -0.33899    -0.109128    -0.307868    0.0367991    -0.467601    -0.322145    -0.135374      -0.2936     0.246777   -0.0374679    -0.138535   -0.0950446   -0.0225561    -0.043001     0.167658     0.225355      0.10926    0.0702206   -0.0350846    -0.215342    -0.106491    0.0313398   -0.0506151    0.0045089    -0.366613    0.0907605    -0.304959    -0.377164   -0.0918203   0.00832069     0.126226    0.0857916    0.0991856    -0.138765    -0.368539    -0.101515     -0.23614
   -0.123306    -0.106498    -0.105815     -0.09076    -0.206213    -0.154337   -0.0892813    -0.125345   -0.0828366    -0.110994    -0.178155   -0.0651037   -0.0890713   -0.0740776    -0.059449    -0.070384    -0.157168    -0.133498    -0.120715   -0.0648457   -0.0725335     -0.12675    -0.129474    -0.187134    -0.318198    -0.126951    -0.235769    -0.161105    -0.135423    -0.267286   -0.0987566   -0.0820164   -0.0874483   -0.0991376    -0.178132   -0.0411338   -0.0244088    -0.162133    -0.126822    -0.167295   -0.0398286   -0.0703146
   -0.206563    -0.115913   -0.0531464   -0.0452213    -0.240575    -0.161132    -0.132194   -0.0164526    -0.156596    -0.286101    -0.224369    -0.124591     -0.15568    -0.104238   -0.0525745   -0.0635766    -0.159677     -0.08723    -0.213574    0.0911858   -0.0538133    -0.123129    -0.210819    -0.120214    -0.116593   -0.0835725    -0.180615    -0.187421    -0.107575    -0.165254   -0.0549549   -0.0963762    -0.135802    -0.205022    -0.110549    -0.121578    0.0162469     -0.19417   -0.0826663    -0.111033   -0.0359529   -0.0754787
   -0.159291    -0.104825    -0.136578    -0.165504    -0.105389   -0.0955414   -0.0385586   -0.0950929   -0.0644203    -0.101848     -0.11751    -0.152296   -0.0664535    -0.126107   -0.0711791    -0.156237    -0.111116    -0.202348    -0.128376    -0.159099    -0.119481    -0.171906    -0.198287    -0.184124   -0.0898813   -0.0696379    -0.225806    -0.143452    -0.204139   -0.0970932     -0.18271    -0.162872   -0.0739348   -0.0483128   -0.0300311    -0.180793    -0.175377    -0.113046    -0.118324   -0.0836129    -0.139669    -0.136575
   -0.184489   -0.0577101    -0.143758    -0.125581    -0.139695    -0.124395    -0.196064   -0.0951652    -0.163169    -0.125223    -0.174331    -0.167114    -0.128293    -0.225553    -0.158286    -0.117657    -0.121593   -0.0946844     -0.18474    -0.133463    -0.144572   -0.0886333    -0.238691    -0.165651   -0.0826871    -0.101437    -0.163424    -0.124512    -0.188376    -0.138857    -0.131114   -0.0749903   -0.0831407     -0.12739   -0.0729615    -0.109585   -0.0505928   -0.0973959    -0.124396   -0.0723163    -0.103087   -0.0828679
   -0.335862    -0.111146    -0.182201   -0.0256117    -0.135228    -0.120074    -0.146251    -0.204303    -0.316313   -0.0608728    -0.103032    -0.144146   -0.0116241     -0.34322    -0.173247   -0.0137884    -0.104893   -0.0698066    -0.249076   -0.0380718     -0.26289   -0.0164786    -0.133383    -0.103137   -0.0332536     -0.18418  -0.00160606    0.0520803    -0.246454    0.0442983   -0.0356849    -0.175706   -0.0186851    -0.170783    -0.161687    -0.164081     -0.10172    -0.133801   -0.0289337   -0.0955944    -0.183972   -0.0279623
   -0.319176   -0.0138933   -0.0900301   -0.0876942    -0.151762   -0.0921545    -0.189845   -0.0956823    -0.183689    -0.103618      -0.1665    -0.113453    -0.131445    -0.256044    -0.109997   -0.0629016    -0.100067    -0.137508    -0.225893    -0.068912    -0.244503    -0.115718    -0.177671     -0.14638   -0.0571299    -0.121835    -0.132913   -0.0102537    -0.212964   -0.0399633    -0.155981    -0.145728    -0.119291    -0.128802   -0.0373384    -0.212866   -0.0923968   -0.0619261    -0.126251   -0.0345657     -0.10551   -0.0742344
   -0.187427    -0.111141    -0.176299   -0.0733441   -0.0962893    -0.151028    -0.117313    -0.104793    -0.163117   -0.0966618   -0.0986273    -0.132801   -0.0714007    -0.182643    -0.208127   -0.0805401     -0.16008     -0.10695    -0.149326    -0.136828    -0.131002    -0.114315    -0.188693    -0.143831    -0.116415    -0.169349    -0.072768    -0.129453    -0.108583   -0.0980546    -0.131474    -0.189047    -0.162776    -0.173783   -0.0920926    -0.100072    -0.198534    -0.122799   -0.0954194   -0.0826935   -0.0975399    -0.116047
   -0.128323     -0.14721    -0.203471   -0.0483869    -0.100051    -0.121395    -0.119841   -0.0412038   -0.0458625   -0.0938574   -0.0875884    -0.257751   -0.0502962    -0.194185    -0.127653   -0.0825247    -0.193234    -0.175328    -0.136222   -0.0857576   -0.0474455    -0.062267    -0.137376    -0.146148    -0.270759    -0.147896    -0.122391  -0.00210702    -0.113055    -0.129241   -0.0675411    -0.119003    -0.182633   -0.0509905    -0.198292    -0.131262    -0.196062   -0.0498432    -0.214362    0.0381107    -0.120587    -0.225324
   -0.257492    -0.103373    -0.230388    -0.107279    -0.178565    -0.200783    -0.132566    -0.049438    -0.185204   -0.0493466     -0.15481     -0.15343    -0.116813    -0.297589    -0.133117   -0.0940515    -0.100979    -0.114608     -0.21292   -0.0508194    -0.137939    -0.130097    -0.244355    -0.150353    -0.102162    -0.116882   -0.0781429   -0.0464107   -0.0937106   -0.0758452   -0.0418102   -0.0836629    -0.130921    -0.175777   -0.0334903   -0.0899273   -0.0704398    -0.106069    -0.143476    -0.128225   -0.0763344   -0.0917069
   -0.197522   -0.0168679   -0.0714661    -0.109932   -0.0965366   -0.0864703    -0.252409    0.0660895    0.0187664    0.0306513    -0.117054    -0.234071   -0.0188723    -0.205474  -0.00522597   -0.0714034    -0.138376    -0.106511      -0.0438    -0.281797    -0.114698    -0.331281     -0.28057    -0.110555    -0.176505   -0.0172624    -0.314571   -0.0767439   -0.0784231   -0.0661147    -0.262954    0.0152532    -0.146581    0.0134259   -0.0542274    -0.293685    -0.166135   0.00809621    -0.242542    0.0305217   -0.0631183    -0.258712
   0.0608784    -0.176911  0.000293765    -0.085468    -0.229513    -0.290946    0.0490552    -0.104982   -0.0967013    -0.391486    -0.112573   -0.0602476    -0.103547   -0.0346717    -0.120161    -0.167334   0.00548863     0.055681    -0.146593    0.0361779    -0.285733   -0.0344178     0.266604    -0.117707   -0.0150039     -0.23645    -0.188738   -0.0192725     -0.36358    -0.161776    0.0906162     -0.31171    -0.228888   -0.0556314    0.0548959     0.045037    -0.068492    -0.382399      0.10905      -0.4609    0.0141738     0.168785
    0.241333   -0.0516562    -0.322475   -0.0631069   -0.0182317    -0.187761     0.132127    -0.221115   -0.0344122    -0.451474    -0.179564    -0.152317    -0.118433     0.249228    -0.229172    -0.313422    0.0141685    -0.104351   -0.0141487   -0.0420551     0.124452    0.0401511   -0.0603957    0.0261037     -0.18216    -0.204429      0.06771    -0.214536   -0.0459185    -0.346852   -0.0581017    -0.394239    -0.267289    -0.173809    0.0648987   -0.0139543     0.143521    -0.190885    -0.023364     -0.32641     0.102306    -0.209548
   -0.086957   0.00404197   -0.0682173    -0.173221   -0.0208326    -0.106465    -0.198822   -0.0648461   -0.0683521     0.055521   -0.0601946    -0.148138   -0.0608967    -0.295463    -0.167041    -0.222627     -0.19168    -0.226183    0.0702305    -0.387471   -0.0789401    -0.308604    -0.237494   -0.0801413   -0.0445179    -0.122205    -0.092483    0.0219999   -0.0211549     0.026403    -0.327453   -0.0486221   -0.0669584    0.0509213  -0.00810098    -0.193414    -0.244796   -0.0229024    -0.210118    0.0901528    -0.229191    -0.246314
   -0.324181   -0.0915827   -0.0968069     -0.14077    0.0231078   -0.0452747    -0.187553    -0.192025    -0.371629     0.222956   -0.0544718   -0.0239722    -0.058336    -0.420718    -0.332916    0.0536247   -0.0829678    -0.194805    0.0178671    -0.440421     -0.25929    -0.230023    0.0173831    0.0232786     0.188513    -0.138704  -0.00839761    0.0213881    -0.247009     0.179271     -0.26008   -0.0566909    0.0136927    0.0681477    -0.196779     -0.32337     -0.34611   -0.0182953    -0.147803    0.0925388    -0.303564    -0.129738
  0.00448037    -0.152678    -0.190431    -0.192426    0.0201536   -0.0803802  3.49907e-05    -0.147059  -0.00944317    -0.103385    -0.106342    -0.121851   -0.0904851    -0.209479    -0.117888    -0.184361   -0.0780959    -0.143089    -0.053782    -0.199818   -0.0861168    -0.124748   -0.0664984    -0.162227    -0.167985    -0.268672   -0.0648984    -0.114215   -0.0952638   -0.0808822    -0.286438   -0.0943902   -0.0666727   -0.0730411    -0.213104    -0.142524    -0.128346     -0.15117      -0.2167    0.0375899    -0.175357    -0.122184
   0.0418458    -0.150792    -0.283813    -0.153686   0.00335424    0.0113274  -0.00613169   -0.0519516   -0.0581103   -0.0407658   -0.0469718    -0.194157   -0.0510634    -0.228282     -0.16388    -0.225686    -0.146858    -0.189191     0.012154     -0.24039     -0.10402   -0.0472094    -0.127645    -0.129788     -0.14573     -0.20381   -0.0629275   -0.0574813   -0.0361985    -0.088689    -0.260218    -0.056299   -0.0294858   -0.0990033    -0.266981    -0.155698    -0.180617   -0.0839179    -0.268475    0.0586765     -0.17256    -0.198754
   -0.393395    0.0198366   -0.0912245    -0.038113    -0.166301   -0.0810556    -0.209371   -0.0668831    -0.282662   -0.0514153    -0.181196    -0.132393    -0.107895    -0.291956    -0.131361   -0.0522853   -0.0801299   -0.0889404    -0.300703   -0.0272752    -0.295356     -0.14333    -0.299225    -0.136667  -0.00860224   -0.0547728    -0.130532   -0.0213485    -0.230792   -0.0572741    -0.157044   -0.0966302   -0.0780075    -0.114501   -0.0778248    -0.222795     0.013879    -0.136171   -0.0698826   -0.0511263   -0.0604799   -0.0246286
  -0.0994655    -0.131278    -0.136596   -0.0462691   -0.0387583   -0.0770118    -0.147562      -0.1568     -0.14011    -0.162537      -0.1673    -0.227719    -0.151379    -0.212507    -0.098586   -0.0194168    -0.183645    -0.145042   0.00733116    -0.118591    -0.243564    -0.062706     -0.10191     -0.16393   -0.0976409    -0.205522    -0.176609   -0.0836734    -0.119245   -0.0143553     -0.19775      -0.1021    -0.129063   -0.0565245    -0.202535   -0.0612309    -0.120472      -0.1144    -0.248656    0.0135608   -0.0440388     -0.19579
   -0.142083    -0.108752   -0.0338792    -0.136904    -0.201563    -0.100715    -0.106314    -0.168666    -0.182767    -0.140301    -0.158149    -0.120499   -0.0946514   -0.0963077    -0.115881    -0.101185    -0.165328    -0.201556   -0.0642395    -0.102675   -0.0967084   -0.0990226    -0.179867    -0.132032    -0.169177     -0.12007    -0.200942     -0.06576    -0.154194    -0.130251    -0.158575    -0.127813   -0.0746579    -0.105721    -0.153804   -0.0868867    -0.100763    -0.140401    -0.131653   -0.0830026    -0.106677    -0.159742
   -0.126666     -0.10065    -0.068271    -0.101368   -0.0927236    -0.050793   -0.0428743    -0.142711    -0.073411    -0.115081    -0.135443    -0.195101    -0.175316    -0.151163    -0.148126   -0.0781926    -0.178791    -0.204021  -0.00183177    -0.102081    -0.187365     -0.11736    -0.141751    -0.160577    -0.127288    -0.157601    -0.146506    -0.106863    -0.179546   -0.0581571    -0.194947   -0.0839013    -0.111025    -0.117769    -0.156446    -0.116988    -0.140743    -0.186598     -0.19949    -0.109599    -0.060309    -0.157083
   -0.293832   -0.0904786    -0.131684   -0.0375168     -0.26884    -0.156155    -0.169243   -0.0785482    -0.190448    -0.176677    -0.180429    -0.187213   -0.0424088    -0.141546   -0.0752558   -0.0300462    -0.131442   -0.0101994     -0.25361   -0.0760997    -0.110607   -0.0312469    -0.222381    -0.188702   -0.0912119   -0.0643804   -0.0670082   -0.0643726    -0.174499    -0.150812   -0.0224871   -0.0514921     -0.16564    -0.217616   -0.0924177    -0.145804   -0.0905655    -0.117079   -0.0876214    -0.184402   -0.0404919    -0.107047
   -0.451129    0.0519837   -0.0980923   -0.0144889   -0.0960458   -0.0712912    -0.325874   -0.0333331    -0.215581    0.0565974    -0.160866   -0.0876292   -0.0861325     -0.30672     -0.12374   -0.0462506    -0.109546    -0.114015    -0.314199    -0.228784    -0.253267    -0.371167    -0.281089   -0.0157827    0.0216838  -0.00324132    -0.236389   0.00162026    -0.161619     0.095144    -0.220819   -0.0489655   -0.0485604   -0.0384161  -0.00760282    -0.397001   -0.0384121   -0.0150324   -0.0761363   -0.0671734    -0.167416   -0.0384893
   -0.337542     0.029304    -0.125296   -0.0404041    -0.104824    -0.120164    -0.228349    -0.096567    -0.183018    0.0768615    -0.185845     -0.10107   -0.0723162    -0.272296    -0.134723   -0.0843637    -0.045064    -0.100718    -0.106403    -0.278842    -0.255057    -0.310883    -0.201444   -0.0697765    0.0530163   -0.0666777    -0.211846   -0.0844669    -0.184764    0.0689107    -0.230197    -0.038652   -0.0892095   0.00885856   -0.0414585    -0.341681    -0.104097    0.0138506   -0.0894641   -0.0628374    -0.155443    -0.104941
    0.100757    -0.366077    -0.131444    -0.267918   -0.0455515   -0.0221922    -0.317719    0.0369178   -0.0161161    -0.328234   -0.0563373   -0.0546003    -0.351197     0.259535  -0.00804584    -0.115701    -0.220572    0.0276882     0.176885   -0.0886064    -0.110915    -0.121371     0.256592    -0.205296    0.0669432   -0.0398312     0.053513    -0.291885     0.121563    -0.190042    0.0557777 -0.000407934    -0.071543    0.0678281    -0.503487    -0.119718    -0.396648    -0.244104    0.0137227    -0.280595    -0.171561    0.0233163
  -0.0342007    -0.176722    -0.119742    -0.194329   -0.0368961    -0.134507    -0.112422    -0.196376    -0.131465   -0.0559804    -0.122982   -0.0193149    -0.096751    -0.111428    -0.162282    -0.178446    -0.187885    -0.243989   -0.0382617    -0.131261   -0.0320118   -0.0525496     -0.06561    -0.105826   -0.0539071   -0.0953522   -0.0106181    -0.171093   -0.0887656    -0.125989      -0.1437   -0.0977425    -0.100872    -0.181485    -0.206181    -0.122733   -0.0933914    -0.107999    -0.187113   -0.0582385    -0.266421    -0.143629
     0.53794    -0.177063     0.486131    -0.449184     0.255618      0.21541     0.304126   0.00233383     0.192012     0.235717   -0.0361782     0.178171     -0.15315     0.437498   0.00841382    -0.196247   -0.0801626    -0.175069     0.402527    -0.440447     0.238733    -0.254975     0.312208    -0.474819    -0.490559    -0.121469    -0.521654    -0.833226    -0.422068    -0.751729    -0.219537     0.115413   -0.0981981      0.13569    -0.267168   -0.0542365    -0.588468    -0.291059    -0.207563   0.00516501     0.197925    -0.554013
   0.0910416    -0.247012   -0.0666088    -0.345353     0.102379   -0.0224197    -0.409569   -0.0178447   -0.0294491     -0.32288    -0.116721    0.0006502    -0.257898     0.267335    0.0048555   -0.0489136    -0.189266   -0.0412776    0.0888457   -0.0555657    -0.190924   -0.0714807     0.150857    -0.182172     0.059823   -0.0441397    0.0369504    -0.328307     0.107124    -0.112957    0.0877189      0.13029   -0.0893185    -0.073118    -0.491445   -0.0724828    -0.393498    -0.252173   -0.0252652     -0.26087    -0.320528    0.0641012
  -0.0785088    -0.169833    -0.200892     -0.10206    -0.239221    -0.214347   -0.0548558    -0.171373    -0.100355    -0.181225     -0.15973    -0.155342    -0.149376   -0.0658503     -0.14703    -0.163054    -0.162891   -0.0716438   -0.0779054   -0.0871392   -0.0190409    -0.066313   0.00292449   -0.0529293   -0.0322164    -0.121343   -0.0635675   -0.0546786   -0.0867893    -0.153033    -0.029563     -0.21872    -0.233457   -0.0615564   -0.0692866   -0.0823493    -0.130353    -0.112803   -0.0893333    -0.247785    -0.129199    -0.156509
