no weights
   0.0643131    -0.290616   -0.0144121  -0.00813375     0.205684     0.142803    -0.301111     0.130822    0.0875807     0.206971     0.538688    -0.277166    -0.201764     0.314507     0.239384     0.273495     0.383242    -0.141281    -0.180002     0.003525     -0.10459   -0.0613615     0.397262    -0.356685    -0.163666     0.155529     0.317079     0.493787     0.379868    -0.257243   -0.0892183     0.157496     0.276692        0.282     0.211074   -0.0964207    -0.194937      0.45789     0.166978     0.114319     0.526962    -0.126297     0.171869     -0.45529    -0.234133    -0.120113    -0.208889    0.0200494
   -0.154231    -0.154232   -0.0971395    -0.023624    0.0619315     0.269602    -0.149731   -0.0043437    -0.051336     0.043638    0.0457773     0.252437     0.014874    0.0362217   -0.0183491      0.15774    -0.279079     0.267899     0.090325    0.0470452   -0.0176936    -0.379734     0.400953     0.202405    0.0554971    -0.025671    -0.413918   -0.0366905     0.145311     0.389525     0.181257    -0.478712  -0.00837764    -0.135208     0.184049     0.330089   -0.0944594   0.00885849    -0.269249   0.00142442     0.158603     0.276952    0.0760801    -0.148276     0.139005     0.201679     0.164748     0.158483
    0.153979    -0.132879  -0.00690942    -0.178781    -0.229374   -0.0845682    -0.222547     0.215312     0.167247     0.188992    -0.399941     0.132282     0.167975    -0.013537     0.258433      0.31507     -0.45787     0.518637    -0.103097     0.244979   -0.0316882    0.0372585    -0.145378     0.298747    -0.128964    0.0886707     0.365675     0.236491     -0.38584     0.257762    -0.094438    -0.139283     0.403647     0.367695    -0.319667    0.0862853    -0.331596     0.159679    0.0811164     0.177243    -0.169835     0.159454     0.203795     0.262733    0.0156723   -0.0340579    -0.185217     0.446055
   0.0443287     0.134617     0.316032     0.217978     0.195594     0.303959    -0.184654     0.125742     0.108043   -0.0414695    -0.500047     0.543651    -0.129059     -0.11317    -0.119719   -0.0929095    -0.142885     0.176492     0.104562    -0.107352     0.267235    0.0347735    -0.171516     0.267641   0.00883397   -0.0694489  -0.00119651   -0.0885897    0.0562413   -0.0272908   -0.0718808   -0.0707173    -0.313455    -0.116966   -0.0217482   -0.0725302   -0.0411946   -0.0562699    -0.372344    -0.134799    -0.306795     0.104991   -0.0320911     0.396113     0.146304     0.279532      0.15249     -0.12904
    0.329711     -0.56073    -0.434831    -0.446422    0.0616514     0.215779    -0.198367     0.122512     0.134875    0.0497738     0.269962    -0.138844     0.168903     0.151753     0.218201   0.00432017     0.127787   -0.0782684     0.168673     0.183293   -0.0786968    -0.560383     0.352048    -0.135338     0.126454     0.219569    -0.111718     0.253481     0.429807    -0.172223     0.173536    -0.401251     0.516329   -0.0749983     0.329081    -0.069936    -0.256641    0.0737666    -0.117853    -0.425392     0.165305   -0.0870301      0.35342    -0.100339     0.159451     0.161101     -0.02917     0.296897
    0.139755    -0.207581    -0.445313    -0.298941    0.0929229   -0.0790407     0.045483    -0.115953   -0.0228172    -0.038083     0.133665    0.0973783     0.387759     0.030024   0.00284251     -0.14381    0.0461466      0.27628     0.101976     0.348736    -0.133937    -0.352934     0.229765     0.163605     0.187417      0.20208    -0.228256     0.237683     0.182094    0.0198289     0.253944    -0.158811      0.19497     0.157793     0.224914     0.167747   -0.0593292   -0.0577037   -0.0886771    -0.281337      0.17622      0.09845     0.288349     -0.19546     -0.01759    -0.131914    0.0995747     0.163555
   -0.667432   0.00745238     0.315369     0.218679    -0.057771    -0.314774    -0.292584      0.16499     0.180787     0.292783    0.0996986    -0.308362    -0.301466    0.0769488      0.18911    0.0226027  -0.00919518   -0.0778113    0.0113291    -0.255395     0.141327      -0.3739     0.243074    -0.139184 -0.000986782    -0.215354     0.303253      0.12867     0.453615    -0.314976   -0.0285161    0.0697647     0.133747     0.407697     0.446196    -0.184312     0.135953     0.247948    -0.121032     0.247188     0.723083     -0.20618      0.28014    -0.298771    -0.119298     0.232568     0.293144     0.143681
  0.00842608    -0.048587    -0.302057    -0.028826    0.0759355     0.104322     0.117475    -0.210108     -0.20385    0.0289272    0.0599349    0.0312054     0.252959     0.193563    -0.285962     0.162811    -0.115658     0.300889    -0.085462     0.440196    0.0759259     0.348465     0.315526     0.235704    -0.114107     0.114891    -0.462668     0.370876   -0.0601574     0.354741   -0.0785747   -0.0651742    -0.199825     0.288122    0.0259461     0.245923   -0.0976486    -0.127652    -0.176282      0.19391   -0.0759205     0.328083     0.114945    -0.483882    -0.011295    -0.304849    0.0506047    0.0485439
    0.141777    0.0377872   -0.0621958     0.127102      0.17342     0.354182   -0.0529804   -0.0362959    -0.148174     0.164482     0.227698     0.113727   -0.0703636     0.134634    0.0160939     0.113299     0.337957     0.140381    -0.188326     0.391446     0.181342     0.440007     0.493297    0.0459326    -0.135599     0.101587    0.0386161     0.240973     0.110568     0.136173   -0.0726398     0.328959   0.00823681     0.205741     0.116746     0.205468    -0.117237     0.298999    -0.130991    0.0741251     0.294465     0.173537     0.206514     -0.52418    -0.549713    -0.630375    -0.323392    0.0718809
  -0.0755481    -0.167791    -0.330885    -0.520097    -0.620207   -0.0995004  -0.00862718     0.244858     0.216476  -0.00950305    -0.130402    -0.331358     0.192751    0.0309761     0.320251   -0.0665248    -0.318453    0.0961065     0.292035    0.0620717     0.103439    -0.461018     0.103875   -0.0245378     0.402788    -0.191994     0.234859    -0.205934   -0.0884011    0.0425238      0.36983   -0.0638323     0.456474   -0.0359155    -0.159594     0.226273     0.282951   -0.0435959    0.0820798    -0.255585    0.0923556     0.167371     0.372192     0.276049    -0.144529     0.151411     0.204614     0.476118
   -0.135344    -0.133823    -0.151724   -0.0803584   -0.0563524    -0.190892      0.11883  -0.00696427    0.0336676     0.178334     0.298157    -0.491648    0.0306326     0.105249     0.180847     0.153376    0.0581922     -0.17297     0.156856     0.120808    0.0417363   -0.0190274     0.156974    -0.236898     0.169314    0.0355183  -0.00552409     0.151604    0.0960209    -0.181158     0.181935    0.0863267     0.106358     0.316381    0.0773624   -0.0336127     0.265754    -0.119578     0.187234     0.105356     0.227159   -0.0463786      0.28668    -0.278849    0.0618096     0.125374     0.151821     0.205648
   -0.051539     -0.18361  -0.00899125    -0.292402    -0.519803    -0.400682     0.152387     0.238923     0.219912   0.00352979      0.17312    -0.445049    0.0505648    -0.134923     0.224597     0.145065    -0.088131    0.0414815   -0.0615556    -0.149353    -0.112075    -0.152978    -0.218138    -0.139195   -0.0863457    -0.097731     0.401944   -0.0404471    -0.287274   -0.0112206   -0.0304714    -0.159598     0.579698    0.0320252    -0.133669    -0.214966    0.0202959      0.21482      0.64141     0.345635     0.261435    -0.142956    0.0430978     0.235718     0.139193     0.335068   -0.0846207     0.221731
   -0.254168     0.050086     0.064758     0.124837    -0.117354   -0.0725997     0.103782    0.0313926   -0.0595991     0.113937    0.0836918   -0.0672685     0.108393    0.0808303    0.0510922      0.13416    -0.137056  -0.00930184     0.173835    0.0104905      0.14251    -0.109072     0.271615    0.0237161     0.252472    -0.233894    -0.185338    -0.167533     0.153901     0.123194     0.216495     -0.24907     0.125945   -0.0730408     0.184409     0.148714     0.344736     0.028088   -0.0783587     0.148346     0.329598     0.110772       0.2034    -0.178067    0.0529415     0.230694     0.272445     0.178654
   -0.243725   -0.0627994     0.116677    -0.032427   -0.0314695    0.0211326    -0.205642     0.074778     0.131572    0.0279625     0.355427    0.0881694    -0.199411     -0.17674     0.182889     -0.11252     0.514465    0.0529454    -0.551932     0.429628    -0.127098     0.206703    0.0725741   0.00825083    -0.367464     0.143661     0.379079    0.0797594    0.0160421     -0.16252    -0.388547     0.422322     0.502667     0.320734     0.178608   -0.0524491    -0.529625     0.504022     0.366727     0.102941     0.373279    -0.147473    -0.326493      -0.1777   0.00551876     -0.16427    -0.456454   -0.0319453
   0.0143528     0.284798    -0.126793    0.0859078    0.0633719   -0.0197244    0.0355311   -0.0936966    -0.150607     0.176148   -0.0442876     0.201847    0.0380098   -0.0410608   -0.0931001    0.0365427     0.123044     0.376282    -0.149038     0.484533    0.0810854     0.479651    0.0397912     0.358567    -0.140877    0.0995706    0.0394809      0.12468    -0.089871     0.278075   -0.0871178     0.357751    0.0492171     0.316111    -0.109696     0.441632    -0.175729    0.0826989  -0.00632448     0.219366   -0.0193474     0.301977    -0.190908    -0.282803    -0.410801    -0.640601   -0.0860469    -0.189164
    0.225711     0.366301     0.205441    0.0656667    -0.184998    -0.286127     0.291285    0.0999121    0.0720484   -0.0887007    -0.493214     0.175419     0.256103    -0.338566    -0.220088    -0.212852     -0.24802     0.272377    0.0807554     0.238744     0.242696     0.343735    -0.371573     0.218229   -0.0801655     0.133216      0.22432    0.0179899    -0.365402   -0.0188071   -0.0450983   -0.0823667     0.173093    -0.167966    -0.410755    -0.243358     0.047084    0.0141596     0.232719    0.0503969    -0.344095   -0.0983115     0.116438     0.370536     0.231087    0.0683214  -0.00508387     0.143054
   -0.228749    -0.157448   0.00415945     0.121161    0.0522845    0.0183037    -0.238245    0.0280186  -0.00135729     0.310841   -0.0358115     0.201093    -0.171025   -0.0213491  -0.00163791   -0.0329945     0.109618     0.109325    0.0237568   -0.0364565   -0.0366355    -0.100659   -0.0174016     0.109847    0.0416384   -0.0907406   -0.0353886    0.0776285     0.154845 -0.000201369   -0.0149919    0.0563283     0.024103      0.18072     0.161686     0.123768   -0.0767083     0.115561     -0.20601    0.0395861     0.221272    0.0701097    0.0129746    0.0977006     0.206955     0.267733     0.411543     0.105887
    0.113646   -0.0886628     0.094367   -0.0545355     0.180901      0.20132     -0.16736      0.21419      0.16367     0.135693    -0.419133     0.312422    0.0882789    -0.117225   -0.0766512   -0.0314161     -0.07156     0.142524    -0.185288     0.227443     0.295935      0.31293    -0.162674     0.173214    -0.284566     0.149004    0.0163716     0.241522    -0.148335    0.0279056    -0.361013   0.00684527   -0.0261833    0.0871333     -0.18175   -0.0482962    -0.348131   -0.0625887    -0.106649    -0.132621    -0.440627     0.108089    -0.023932     0.325247     0.554893     0.331166     0.118209   -0.0198825
    0.389777   -0.0422023    -0.238566     -0.11125    -0.203165   -0.0662589     0.235342    -0.244943    -0.290651   -0.0813652     0.517266    -0.164206     0.230474      0.10052    -0.110609     0.177142     0.352481    -0.105457    0.0365087    0.0950254    -0.354079    0.0784268     0.207858    -0.166339  -0.00149721     0.164013     0.129179     0.206761     0.110792    -0.167314    0.0539978     0.266767   -0.0817149     0.278773    -0.012341    -0.171969     0.131608      0.33677    0.0796091     0.100896     0.394302    -0.232237     0.663718    -0.538449    -0.356554    -0.403376    -0.228382     0.632371
   -0.238138     0.645056     0.734778     0.575781     0.497917    -0.153525   -0.0153161      0.15434     0.121343     0.104167   -0.0530706     0.121087    -0.194704    -0.152485    0.0463968     0.042802    0.0797037    0.0380348    -0.152436   -0.0592459     0.167505     0.310986    -0.155093     0.171422    -0.142894     0.114003     0.130027   -0.0999372   -0.0351585    0.0700132    -0.166257      0.16483    0.0589242   -0.0662441    0.0704633   -0.0965323    -0.165562     0.027066     0.280501     0.250455    0.0019218    -0.100759    -0.471631     0.167623     0.114702  -0.00232198    -0.118801    -0.557488
   0.0482339     0.178797     0.170472    -0.011544     -0.18245     0.455104     -0.21652     0.252148     0.194586    -0.167169     0.146727     0.141548   -0.0686367   0.00589539     0.268441   -0.0979263     0.297148    0.0212306    -0.157314     0.227189       0.4688     0.201258     0.645835    -0.212348    -0.213839    -0.269535     0.464334    -0.451904 -0.000429574    0.0597913    -0.224036     0.251707     0.217899    -0.149175     0.260012   -0.0274678   -0.0851639     0.480685     0.162048    -0.167139     0.329371    0.0420202    0.0994582     0.094176    -0.417286    -0.176544    -0.542761     0.190782
  -0.0909009     0.490379     0.595902     0.519195     0.524568    -0.370772     0.119113    0.0838059    0.0336739    -0.136631   0.00397763    -0.061402    0.0126934    0.0255454    -0.213324    -0.143935     0.238117    -0.245808    0.0243589    -0.215168     0.274735     0.215753   -0.0752691    -0.216314    -0.133551    0.0341025     0.288782     0.203156     0.124076    -0.361512    -0.249023   -0.0916366    -0.038138    -0.136662     0.184745    -0.556622     0.211307     0.150568     0.137065    0.0385787     0.104736    -0.300771    0.0645419      0.15498    0.0474889     0.184836    0.0267359    -0.268478
    0.256579    -0.165759     -0.16714    -0.101474    0.0536338    -0.310328    -0.169691  -0.00930029   -0.0512153     0.418002    0.0333475    -0.358602   -0.0778635    -0.105179    0.0141079     0.137488     0.236803    -0.218018    -0.185491     0.136909    -0.348833     0.182948    -0.314079     -0.35658   -0.0755147     0.141445     0.228679     0.477384   -0.0142321    -0.537999   -0.0921254     0.470928     0.184246     0.617726    -0.125971    -0.342366    -0.132828    0.0391966    0.0392686     0.157959    0.0669535    -0.357762      0.28304    0.0628525     0.119393     0.139526     0.420317     0.227238
    0.231986   -0.0772919    0.0778651    0.0980403    -0.119609      0.28535    0.0516942     0.138874     0.106149    -0.133448     0.105378      0.12642    -0.116091      0.14753    0.0684706     0.123811     0.189502    -0.239733     0.211173    -0.506959    -0.147933    -0.136703    -0.244571     0.010726    0.0203719   0.00801306     0.134215    -0.199932    0.0155136     -0.03358   -0.0280874   0.00762077    -0.141174    -0.310763    0.0202351    -0.206813     0.219032     0.126263     0.120758   -0.0113175   -0.0407694  -0.00487577   -0.0278361     0.259829      0.28461      0.36947    0.0453342    0.0661972
    0.291556    -0.356221    -0.155211    -0.266566    0.0596412    -0.119771     0.028213     0.120098     0.170218    0.0242171  -0.00801885   -0.0765224    0.0574765     0.130691     0.197334      0.17104    0.0375175    -0.265392     0.109649    -0.339255    -0.347983    -0.182433    -0.627302  -0.00439678   -0.0287366     0.323209    0.0330793     0.163824   -0.0069776   -0.0599873   -0.0140772   -0.0258031     0.165869    0.0581342   -0.0279152     -0.11509   0.00310233    -0.487445     0.164238    -0.166903    -0.529397    0.0224749   -0.0446074     0.546589     0.845673     0.684385     0.354003    0.0799991
    0.112691    0.0966638   -0.0652702    -0.177976    -0.379495     0.168617     0.172405    0.0307907     0.108007    -0.301358     -0.10185     0.222631     0.119707   -0.0145322   -0.0325388    -0.107673    0.0127391     0.274057    -0.124814     0.215614     0.081432     0.254211    -0.144231     0.253285    -0.142067     0.125766     0.360753    -0.156817    -0.360506     0.361265    -0.223043     0.198134     0.288254     -0.13608    -0.259214     0.210754    0.0961961    0.0887799     0.453959    0.0186074    -0.126142     0.297879    -0.069156     0.263353  -0.00897313    -0.025559    -0.332704     0.132758
    0.183029    0.0361201    0.0770115     0.112949     0.251686   -0.0646727     0.201215     0.100194    0.0953108    -0.130017     0.435733    -0.369514   -0.0338012     0.210655      0.18893   -0.0712151     0.510161    -0.784556     0.195863    -0.241483    -0.117958   -0.0370893    -0.171939    -0.551408 -6.94932e-05     0.184376    0.0679668    -0.114475     0.270888    -0.457357   -0.0988135     0.264595   -0.0832437    -0.295429     0.118227    -0.421882     0.320085    -0.111643     0.111158     -0.33073    -0.030097    -0.123007   -0.0455964     0.297627     0.293694      0.24775     0.120374     -0.11451
    0.324978     0.318192    0.0722507     0.356339     0.185398     0.191957     0.147464    -0.203729    -0.250593      0.14431   -0.0543434     0.052078    -0.151369     0.117334    -0.120942     0.283688   -0.0206941    -0.267396     0.320006    -0.374924    -0.229596     0.206114    -0.193953    0.0130205     0.294769   -0.0288318    -0.363285    -0.102804   -0.0804207    0.0777782      0.32947     0.276726    -0.765264    0.0296766    -0.152259     0.191885     0.371223   -0.0894623    -0.280643     0.198092    -0.243766     0.136079    0.0210403   -0.0683463    -0.209667   -0.0739786     0.440768   -0.0413567
    0.446077   0.00287729    -0.120577    -0.234032  -0.00180286     0.469536     0.217254     0.180221     0.155808    -0.225688     0.517991    0.0114911    -0.135545     0.219551     0.253158   -0.0754995     0.491748     -0.31634   -0.0362103     0.148801      0.38316     0.255635     0.312342   -0.0605663   -0.0714489     0.208516     0.110364     -0.23149     0.101285     0.175615   -0.0671534     0.261317  0.000845586     -0.36876     0.179029     0.168359  -0.00878525    0.0692116     0.470746   -0.0851818    0.0306061     0.114386    -0.257342   -0.0358357    -0.231304    -0.383893    -0.509275    -0.309001
    0.331953    -0.167641    -0.269694     -0.25073     0.201002  -0.00750128     0.122578    0.0997665     0.084167     0.243456   -0.0116482    -0.124653    0.0639136     0.112534     0.275254    0.0956297   -0.0420509    -0.218555     0.320788    -0.123798   -0.0925378    -0.225398    -0.346138     0.113338     0.405067     0.257997    -0.264092   -0.0145958     0.185702   -0.0393426     0.398606   -0.0451955    0.0375509   0.00679124  -0.00983087     0.188682    0.0987387    -0.710521    -0.110079    -0.250722    -0.472796     0.164645    0.0355409     0.263465     0.329329     0.260204     0.493116    0.0541349
   -0.188893     0.225428     0.431975     0.354416     0.331278   -0.0367251   -0.0746534    0.0680852     0.185023   -0.0151443    -0.198063    -0.106313   -0.0911368   -0.0976917   -0.0304149    0.0392974    0.0544276     -0.21832    -0.241204     0.207244     0.197712     0.458548    -0.173298    -0.195879    -0.269171     0.196044     0.167228     0.124919    -0.180071    -0.136839    -0.320163     0.146163     0.214883     0.023881    -0.191125    -0.225399      -0.2081    0.0277198     0.206592     0.120431    -0.322833   -0.0932731    -0.329161      0.26924     0.408464     0.245936   -0.0601147    -0.256069
    0.154201   0.00242319    -0.293475    -0.414006    -0.542659    -0.321636     0.482357     0.204104     0.119944    -0.245969     0.119817    -0.145961     0.442378     0.113506   0.00373896     -0.11864    -0.115739     0.245421    0.0452776     0.273061      0.37107     0.183445 -0.000207973     0.108671   -0.0372024     0.192187     0.279265     0.136808    -0.272557     0.225486   -0.0459254    -0.167866     0.275097    -0.287552    -0.274565    0.0110308     0.307621    0.0238075      0.46743    0.0849902    0.0180221     0.163228      0.23319   -0.0340032   -0.0699937    -0.237024    -0.213661     0.209361
    -0.23838    -0.027848    -0.223919    -0.305118    -0.267618    -0.536441     0.443692     0.153921     0.155409   -0.0213246     0.230567    -0.345857     0.284294    0.0957602     0.177396   -0.0321645    0.0119606     0.103905     0.222935   -0.0111608    0.0317832    -0.207469    -0.149591    0.0115212     0.258357     0.102131    0.0291194     0.048314   -0.0160015 -0.000987499     0.244091    0.0632072     0.252872    0.0266902    0.0749629  0.000371976     0.336846   -0.0804192     0.326442     0.164457     0.255552    0.0397507    0.0295914   -0.0625728    0.0648878    0.0467821     0.169808      0.13145
     0.40954    0.0310319    -0.233804    0.0339039    -0.296274     0.133331     0.145501    -0.245147    -0.263986   -0.0488635   -0.0510257   -0.0327917     0.146971    0.0802597    -0.340732      0.26172    0.0352457     0.149006     0.166174   -0.0345836    -0.323955     0.297273    -0.245104   -0.0191782    -0.061582    0.0931212   -0.0205411     0.370906    -0.296337   -0.0137697  -0.00922776     0.363229    -0.511388     0.272813    -0.294458    -0.105101     0.299698      0.29134   -0.0966024     0.204762   -0.0481457    0.0567627     0.585048    -0.395372    -0.285005    -0.321142    0.0721313     0.547253
   -0.144655   -0.0584644     0.348799     0.196751    -0.114029     0.693017    -0.524379     0.149017     0.220406    0.0846864    -0.190337     0.408417    -0.470281    0.0873301     0.325134     0.455206    -0.343164     0.124833   -0.0583372    -0.395488   -0.0658828    -0.202577     0.135523      0.12067    -0.243784    -0.290652     0.139897    -0.216096   -0.0891003     0.451948    -0.158805    -0.131699   -0.0310596  -0.00251572   0.00719209     0.486359    -0.174109     0.189494    -0.228759    0.0681304    -0.177027     0.514365   -0.0106795     0.157325    0.0951261     0.337362  -0.00974994     0.211389
   -0.154048     0.417287     0.635145      0.48873     0.332462   -0.0263341   -0.0332959     0.227959     0.175702   -0.0196218  -0.00738864   -0.0783694   -0.0929418    0.0883241    0.0324334     0.200616    0.0705655    -0.110332   -0.0672274    -0.126856     0.269657     0.246544    0.0961386    -0.233866    -0.268778     0.106676     0.427385      0.15247  -0.00906575    -0.133036    -0.167334   -0.0866346     0.127787    0.0283258    -0.068198     -0.25957   -0.0816778     0.286859     0.265183     0.248942      0.13996    -0.174714     0.037872    0.0119487    -0.033198   -0.0133385    -0.223263   -0.0604426
    -0.37955     0.171186     0.435452     0.350724     0.109686     0.196445    -0.237609     0.305707     0.187845    0.0931233     -0.05398      0.51177    -0.456432   -0.0203905     0.119407   -0.0751933    0.0832299     0.241671   -0.0881611    -0.471857     0.159505    -0.193987   -0.0618865     0.313018   -0.0227876    -0.123833     0.212158    -0.378258     0.309014     0.281569    0.0430889   -0.0704227    -0.107085    -0.255109     0.305292     0.226394    -0.107622      0.15984     0.141348     0.143188     0.133317     0.183415    -0.552843     0.356083    0.0219675     0.303016   -0.0203743    -0.570457
    0.580883     0.182453     -0.16954   -0.0381837    -0.180186      0.53921   -0.0155958    -0.108991    0.0375836    -0.308326    -0.164035     0.139486    0.0231235     0.197304    -0.173737    -0.102443    0.0567473   0.00626975     0.276196    -0.137357   -0.0877979   -0.0494931   -0.0879989   -0.0166382     0.159369   0.00245967     0.212241    -0.215679    -0.124885     0.167126     0.203877     0.087584    -0.240443    -0.353631    -0.142543      0.13511       0.2001     0.206305    -0.117514    -0.274553    -0.206268     0.216317      0.21485     0.322378    -0.390453    -0.216573    -0.106761     0.154072
   -0.294166   -0.0883483     0.121886      0.12618     0.134479    -0.141409   -0.0602612     0.116143    0.0900761     0.258245   -0.0092864      0.09601    -0.117098    -0.121864     0.181232     0.120043    0.0299042    0.0602472    -0.198349    0.0507479    -0.216984   -0.0481458    -0.265845     0.035717    -0.075347    0.0318934    -0.198185     0.018546    -0.106839    0.0382347    -0.135566      0.15407     0.220112     0.321329    0.0293101    0.0286415    -0.224543   -0.0138713     0.150759     0.139139   -0.0892264   0.00773195    -0.327143     0.239967      0.69634     0.453024     0.305878    0.0108744
    0.278394    0.0399226    -0.327754    -0.223322    -0.113842    0.0582173     0.132625    0.0191357 -0.000433533    -0.161725   -0.0697725   -0.0739422     0.404865     0.144552   -0.0517289   -0.0180109    -0.263447     0.194339     0.453033    0.0854675     0.131305    -0.419625      0.27848     0.176801     0.358445    0.0215213   -0.0658367    -0.023897    0.0768148     0.191688     0.450397    -0.359221   0.00294744    -0.260141    0.0044658    0.0820198     0.194188   -0.0236223    -0.153599    -0.206428   0.00108756    0.0636979     0.423719    0.0577041    -0.315724    -0.233343   -0.0765119     0.263806
   -0.493791    0.0405174     0.258848     0.329306     0.160409     0.060168    -0.306487    -0.109844   -0.0576301     0.212901    -0.290296     0.556901    -0.153311    -0.140719    -0.124198    -0.136472    -0.101374     0.523423    -0.230303     0.403222     0.240691     0.230734      0.30399     0.373285   -0.0809138    -0.038938   -0.0612469     0.229928     0.226083     0.145991    -0.205066     0.158288    -0.255781     0.492452     0.122812     0.143207    -0.187241     0.262079    -0.401167     0.070415     0.247053     0.155332     0.113381    -0.267092   -0.0749829   -0.0643677    0.0654196    0.0364052
   -0.258118   -0.0762563  0.000407633    -0.042635     0.203337     -0.48135     0.100284     0.158041     0.150094     0.421671    0.0819649    -0.243723   -0.0504802     -0.15723     0.248011     0.120667    0.0164111     -0.11599   -0.0778848   -0.0507346   -0.0575077 -0.000324047    -0.478087    0.0632549     0.120336     0.222907    -0.356153    0.0812204    -0.013356   -0.0210537    0.0778871    0.0190029     0.140258      0.21322    0.0257141     0.186056    -0.127048    -0.446612       0.2622     0.263878    -0.103377    0.0502775    -0.550969     0.169342      0.49375     0.257645     0.560368     -0.42608
   -0.442486    -0.152492    -0.215698   -0.0391922    -0.494249    -0.225863     -0.27899    -0.211591     -0.21594    -0.220734    -0.256021    -0.246881    -0.168975    -0.242285    0.0444193   -0.0317228   -0.0549806   -0.0624099    -0.359841    0.0245635    -0.261028    -0.079593    -0.346958   -0.0318352  -0.00970661    -0.008346    -0.109902   -0.0950966    -0.245372  -0.00415779   -0.0438161    -0.154385    -0.134617    -0.176636   -0.0479476    -0.163426    0.0925645   -0.0354719   -0.0434628    -0.206316    -0.053613   0.00188035
  -0.0121599    -0.560205     0.472607    -0.117837   -0.0562299    -0.657103     0.143601     -1.12164    -0.810638     0.362966    -0.289894     0.866505    -0.403171     0.318503    -0.772734    0.0795697    -0.347922     0.204906    -0.983854      0.17024     0.341959   -0.0536222    -0.110142   -0.0706986     0.436363     0.112532   -0.0811996      -1.2731    0.0248459    -0.166909      0.33199     0.120148   -0.0305924     -1.25903     0.204307       0.2468     0.289457    -0.610248     0.109516    -0.571376    -0.545671    0.0701675
    0.256951    -0.966351    -0.576321    -0.674225     -1.16032    -0.851756     0.443589    -0.482172    0.0183703    -0.485481  -0.00120884     0.502269    -0.136126     0.549409    0.0502791    -0.188723     -0.33685    -0.773609     0.467853     0.234327      0.21905     0.244917     0.146627   -0.0571259    -0.842823    0.0876756     0.156636    -0.135186     0.163752     -1.14422    -0.016586     0.210104     0.210493      0.19205    -0.590802     0.223997  -0.00297228     -0.34374    -0.277183    -0.831678    -0.302944    -0.188714
    0.368105     0.142059    -0.157626    -0.366236    -0.212517    -0.296953   -0.0372093   -0.0824985     0.114922    -0.468674    -0.199191   0.00805533   -0.0926024     0.093971   0.00390126    -0.474579     -0.22268    -0.452001     0.127138     0.164582     0.104271    -0.231291    -0.278048   -0.0966775    -0.650428    -0.201798    -0.413492     0.143475     0.185833    -0.537417    -0.174268    -0.364585    -0.423066   -0.0903729     0.366073     0.163966     0.171318    0.0556807    -0.215266   -0.0776136    -0.239489    -0.227596
    0.347151   -0.0930701    -0.344335    -0.587177     0.277789     0.225644     0.418211    -0.154535     0.194121    0.0187918     0.164785    -0.310662   -0.0264502     0.631687     0.267387     -1.00912     0.192402     -0.52986  -0.00956665    -0.209606   -0.0155025    -0.633639     0.494041    -0.692573    -0.383494     -0.61645    -0.172405     -0.33048   -0.0772859     0.155742    -0.373344    -0.787294    -0.026369    -0.682497    -0.359578    -0.511287    -0.140261    -0.696727      0.17039    -0.342516     0.208491     0.395884
   -0.365684   -0.0659576    -0.245785    -0.031028    -0.259223    -0.256578    -0.322197   -0.0261264    -0.184252    -0.199576    -0.189557    -0.318575    -0.102721    -0.337937   -0.0337057   -0.0713013    -0.178138   0.00195805    -0.455203  -0.00948817   -0.0844643   -0.0263586    -0.284686    -0.195838   -0.0996935   -0.0650365  0.000682425   -0.0627165   -0.0577827   -0.0542373    0.0274961    -0.159155    -0.275859    -0.215363   0.00164082   -0.0968829    -0.129023   -0.0386196    -0.177647    -0.143354    -0.112893   -0.0779574
    0.011654   -0.0685948    -0.201956  -0.00688715     0.105589    -0.124912    0.0893777    -0.284794     -0.35274   -0.0249933   -0.0765266    -0.287634    -0.220368    -0.425968    -0.351145    -0.378741   -0.0325749   -0.0490917     -0.57891    -0.210969    -0.416759    -0.144239   -0.0667046    -0.053179     0.265336     -0.27169     0.147912    -0.101597    -0.211715     0.150363    0.0245849    -0.352195    -0.145953    -0.355771     0.097778     -0.12457     0.156536   0.00851094    -0.103339   -0.0724803    -0.198528     0.102141
    0.109822     -0.81704   -0.0412119     0.371275    -0.652755    -0.748046     -0.55403    -0.651075     0.184026    -0.852779     -0.95734    -0.498787    -0.896014      0.48124     0.165844   -0.0437357    -0.259791      0.18708     -0.20222     0.288934     0.478707     0.157551     0.104936   -0.0154865     -0.46826   -0.0198315    0.0493858    0.0720465     0.179936    -0.705791     0.259167    -0.730325     -1.04745   -0.0882534     0.164119     0.201137     0.227407     0.539034     -0.34073    -0.633862    -0.100405    -0.614696
   -0.111402   -0.0207603   -0.0526765     -0.15589    -0.471238    -0.120015    -0.102776    0.0338183      0.10989    -0.259179    -0.225626    -0.111641  -0.00512226    0.0745581     0.136022   0.00974857    -0.215342    -0.218009    -0.132207     0.127609     0.122566   -0.0908624    -0.414331    -0.456177    -0.748791   -0.0233049    -0.653277    -0.186011  -0.00431442     -0.65564   -0.0335658    0.0833487   -0.0463214    -0.172071    -0.257023     0.112136     0.129352      -0.2273     -0.20676   -0.0878829     0.158851    -0.140055
   -0.474165   -0.0264798     0.144177    0.0931501    -0.469207    -0.198772    -0.250898     0.237887  -0.00466711    -0.722322    -0.480492    -0.230116    -0.197896    0.0685021     0.180034      0.10116     -0.20546     0.173037    -0.499989      0.32215     0.106786  -0.00103691    -0.480379    -0.336285    -0.408175    0.0205221    -0.575071    -0.408333   -0.0666454    -0.454261     0.190642    -0.025285    -0.283918    -0.482227    -0.136417    0.0354156     0.182253    -0.446408    0.0410895    -0.181795     0.231851   -0.0397976
   -0.297312   -0.0716631   -0.0470495    -0.149971    -0.221437   -0.0347107    0.0424853   -0.0445148    0.0336027   -0.0346734    -0.123522    -0.245644   -0.0411713    -0.203333    0.0556407    -0.148999    -0.100577    -0.322349   -0.0823821   -0.0965994    -0.145074    -0.231168    -0.329009    -0.281623    -0.248922   -0.0268168    -0.447073    -0.113802    -0.351479   -0.0847288    -0.311267    -0.189523   -0.0342442    0.0211133     0.049714     -0.21489    -0.131239   -0.0921211     -0.13599   -0.0254984  -0.00789414    -0.210415
   -0.359935  -0.00840932    -0.157258   -0.0770518    -0.263403    -0.107761    -0.257033   -0.0401736    -0.199308   -0.0778583    -0.173407    -0.280973   -0.0966858    -0.376382    -0.121121   -0.0713195    -0.109382    -0.037465    -0.379254   -0.0721556    -0.190257   -0.0582861    -0.387077    -0.241492    -0.188521   -0.0901158    -0.280116    -0.119917    -0.308622    -0.117873   -0.0934047   -0.0453069   -0.0875612    -0.199778    -0.036001    -0.120063  -0.00246928    -0.108171    -0.124851    -0.025308   0.00863007   -0.0816403
   -0.644703    -0.222922    -0.558806    0.0748501    -0.358048     -0.30252    0.0337808    -0.601553    -0.855687   -0.0732103   -0.0280845   -0.0647217    0.0803631    -0.609137    -0.636553     0.137937    -0.136252    -0.184246    -0.499264     0.279249    -0.626238     0.407949   -0.0865789    0.0165108     0.221201    -0.530284     0.483749      0.24801      -0.6105     0.226675     0.234121    -0.467641     0.148421    -0.388445    -0.467885    0.0210695   -0.0049115    -0.251807     0.153986   -0.0846868    -0.504508     0.293853
   -0.548599    0.0556159   -0.0652923    0.0056301    -0.310923   -0.0416756    -0.365707    -0.100079    -0.401388   -0.0677207     -0.28841    -0.245402    -0.118336    -0.433978    -0.116909    0.0151925   -0.0846384    -0.105739    -0.443324    0.0548406    -0.511646    -0.085286    -0.358817    -0.109494    0.0555716    -0.110881    -0.234433    0.0311901    -0.437749    0.0320158    -0.269991    -0.189466     -0.13632    -0.106551    0.0649468    -0.345694    0.0522819   0.00989247    -0.107109    0.0472361   -0.0697579  -0.00759949
   -0.305356    -0.117539    -0.226952   -0.0270467   -0.0844753    -0.171709     -0.16864    -0.113294    -0.217026   -0.0504034   -0.0667755    -0.212196   -0.0512338    -0.319002    -0.309385   -0.0126436    -0.184395   -0.0555933    -0.173976    -0.154604    -0.123202   -0.0462497    -0.203659    -0.135019    -0.123856    -0.211757  -0.00484292   -0.0993459    -0.159514   -0.0580696    -0.075205    -0.200941    -0.199981    -0.150378    -0.138068   -0.0666566    -0.332752   -0.0863215    -0.136144   -0.0290293    -0.128338    -0.194554
    -0.21513    -0.244495    -0.419243    0.0491176    -0.169704    -0.138323    -0.285494    0.0677507      0.15696    -0.157198   -0.0167643    -0.504642  -0.00113434    -0.438184    -0.042877    0.0888351     -0.43377    -0.210063  0.000425567    0.0554708     0.151028     0.168074    -0.277194    -0.233082    -0.639166    -0.218483   -0.0129475     0.151787    0.0778611    -0.128998    0.0463163    -0.070359    -0.321362    0.0797332    -0.445527    0.0737712    -0.470261     0.128988    -0.548047     0.240015    -0.125023    -0.514599
   -0.474137   -0.0250387    -0.455932   -0.0411853    -0.366361    -0.339106    -0.204311     -0.02426     -0.28783   -0.0134844    -0.136575    -0.304437   -0.0491234    -0.511384    -0.195954    -0.103312    -0.105942   -0.0750128      -0.5067    0.0642673    -0.173868   -0.0621584     -0.46947    -0.122344    -0.143403    -0.139554   0.00407629     0.025148   -0.0563735    0.0165921    0.0720021    -0.168591    -0.155866    -0.354233    0.0983628   -0.0463744    0.0574751   -0.0580898    -0.151168   -0.0827183   -0.0911058  -0.00569297
   -0.600658    0.0717704      0.13394  -0.00670204   -0.0973549    0.0108516    -0.728012     0.280916      0.46066     0.166743    -0.233045    -0.575091    -0.039968    -0.365871     0.405546     0.167449    -0.281364   -0.0564079     0.110099    -0.710033     0.156811    -0.893147    -0.637338    -0.418435    -0.800559     0.238829     -1.04993    -0.123856     0.156547    -0.117995    -0.594808     0.243644    -0.270326     0.168521    -0.111924     -0.70562    -0.483508     0.143876    -0.725971     0.129902     0.319204    -0.812605
    0.220514    -0.235023     0.262164   -0.0984561    -0.486306    -0.608518     0.355367    0.0393193    -0.261291    -0.854269   -0.0294632    0.0446545    -0.135848    -0.131334    -0.170978    -0.298603      0.12395     0.266587    -0.364726      0.14082    -0.961433   0.00684758     0.859196    -0.317835     0.268995     -0.72248     -0.42037     0.125976     -1.11765    -0.103235     0.320888    -0.804907    -0.450436  -0.00781195     0.184667     0.177465    -0.167451     -1.09501     0.395864     -1.02055     0.250229     0.591706
    0.536437     0.315456    -0.856077    0.0642219     0.406844    -0.160705     0.506221    -0.409748   -0.0323371    -0.932933    -0.315693    -0.440668   -0.0222525     0.500225    -0.708632    -0.960714     0.182035    -0.142247   -0.0849193   -0.0253585     0.338943     0.161718    -0.348901     0.181415    -0.351051      -0.6648      0.25101    -0.478086   -0.0595176     -0.71156    -0.115387     -1.02153    -0.667458    -0.648291     0.327102    0.0267605     0.451239    -0.492406    0.0695453    -0.617297     0.359517    -0.468665
   0.0600866     0.113132  -0.00989823     -0.64029     0.218455    -0.116682    -0.484122    0.0374384     0.148749     0.285596    0.0883942    -0.121139   -0.0273679    -0.510075    -0.273936    -0.737228    -0.493503    -0.756614     0.475542    -0.895827    0.0251539    -0.982508    -0.557004   0.00691357   -0.0389964   -0.0747779    -0.115063     0.140888     0.284879     0.144627    -0.694453    0.0780618   -0.0234251     0.239313     0.373135    -0.443598    -0.663459     0.164225    -0.528992     0.187458    -0.807885    -0.631499
   -0.631418    -0.235209   -0.0300624    -0.257864      0.24983   -0.0557558    -0.247077    -0.513366      -1.0206     0.505984    0.0875574     0.425991   -0.0755986    -0.608594    -0.970388     0.312689    -0.189515    -0.251926     0.204028    -0.922209    -0.621647    -0.261927     0.481013     0.083224     0.667633    -0.324666     0.350433    0.0239006    -0.711812     0.324026    -0.364991    0.0371129     0.153542     0.211804     -0.64878    -0.588404     -1.00408     -0.04489   -0.0974973     0.187281     -0.85039   -0.0363065
    0.239031    -0.111487    -0.538809    -0.310612      0.24443  -0.00235139     0.352189    -0.310602    0.0792414    0.0844879    0.0190301    -0.210134    0.0165769    -0.506054    -0.328671    -0.521083   -0.0348962    -0.389454    0.0487581    -0.401887    0.0461185   -0.0484867   -0.0669877    -0.133737     -0.27352    -0.716963     0.181924   -0.0226453    0.0861114      0.10743    -0.639209    -0.125929    0.0613399     -0.30766    -0.514196    -0.234241    -0.142424     -0.28808    -0.434503     0.208986    -0.387385 -1.77747e-05
    0.405402    -0.131038    -0.832821    -0.381608      0.24926     0.161686     0.264435     0.187351     0.122737    -0.148405    0.0675357    -0.542276    0.0036658    -0.568216    -0.280011    -0.637679    -0.155155    -0.512724     0.310725    -0.630089    -0.312251     0.231522   -0.0634873    -0.202063    -0.294679    -0.666073     0.214351    0.0692632    0.0805424   -0.0327405    -0.608872   -0.0276843    0.0683047     0.126469    -0.856437     -0.26414    -0.566986   -0.0490066    -0.675204     0.239061    -0.295498    -0.408782
   -0.664227     0.138532    -0.118892    0.0659334    -0.523668   -0.0939539    -0.325124    -0.106409    -0.644446   -0.0672394    -0.385504    -0.265069   -0.0744055    -0.481923    -0.101402  -0.00543323   -0.0130003   -0.0833405     -0.67713     0.265903    -0.659927    -0.102864    -0.576497    -0.118595    0.0805577   -0.0445286    -0.316358    0.0251647    -0.589907     0.023796    -0.170438    -0.261286    -0.039952    -0.332076    0.0853139     -0.35774       0.2975    -0.157703      0.10001   -0.0156334     0.108725     0.214162
    -0.11595    -0.191267    -0.100196    0.0437254   -0.0512855   -0.0137263    -0.161943    -0.180322   -0.0911635    -0.271365    -0.239593    -0.358206    -0.225283    -0.344144    -0.031614    0.0962474    -0.270665    -0.201447     0.143466   0.00398822    -0.411003    0.0797345    -0.137856    -0.183939    -0.160894    -0.250867    -0.221057   -0.0392825    -0.203093    0.0228541    -0.263179   -0.0689462    -0.146501    0.0533571    -0.370449    0.0454373   -0.0917459    -0.048251    -0.440332      0.12011    0.0278172    -0.324074
   -0.227359   -0.0619757    0.0701887    -0.166882    -0.408837   -0.0842108   0.00772815    -0.135438    -0.125824    -0.130074    -0.165129    -0.061826    -0.049418    -0.127398  -0.00532011   -0.0649557    -0.148445    -0.381819    0.0409612 -0.000746006    -0.139178    -0.110074    -0.318119    -0.167641    -0.425978   -0.0674047    -0.460968   -0.0119421    -0.276854    -0.278764    -0.286357    -0.096249   0.00412224   0.00673574    -0.110912   -0.0149418   0.00418318    -0.146768    -0.119578   -0.0230657    0.0184156    -0.186505
  -0.0632444    -0.132907    0.0403798   -0.0660661   -0.0767274    0.0143423    0.0840033    -0.141632  -0.00243328     -0.13905    -0.132781     -0.27712    -0.200747    -0.234273   -0.0943766  -0.00117572    -0.193303    -0.293022     0.173073   -0.0842085    -0.291824   -0.0298762   -0.0796709    -0.208595    -0.245995    -0.213782    -0.256635   -0.0845554    -0.352163   -0.0726197    -0.321184   -0.0746992    -0.102268   0.00535471    -0.288755   -0.0261135    -0.223254    -0.163361    -0.334402   -0.0300785    0.0601505    -0.307251
   -0.526035   -0.0295819    -0.206352     0.023974    -0.508399    -0.268974    -0.291747    0.0327276    -0.222962    -0.358164    -0.280741    -0.317319  -0.00157988    -0.275769    0.0163247    0.0228824    -0.134163     0.163351    -0.547399    0.0578921   -0.0804215    0.0654053    -0.406172    -0.292126    -0.156021    0.0167863   -0.0730621   -0.0729503    -0.189388    -0.173658     0.204319    -0.018593    -0.277328    -0.461639  -0.00111034   -0.0752127   -0.0126322    -0.251215    0.0179065    -0.347078     0.113113   0.00498135
   -0.702666     0.170755   -0.0890127     0.123449   -0.0965841   -0.0156902    -0.728168  -0.00239998    -0.543708     0.202581    -0.426204    -0.122453    -0.153622    -0.418566    -0.138357    -0.039047   -0.0992815   -0.0249092    -0.809476    -0.493541    -0.549561    -0.964782    -0.516224    0.0927009     0.357578     0.156891    -0.482755    0.0376829   -0.0847531     0.213609    -0.491546  -0.00780302    -0.058902    -0.152038     0.149746    -0.906851     0.284715    0.0978413    0.0152286  -0.00151317    -0.385193     0.198543
   -0.660938     0.155673     0.139279     0.109386    0.0873067    -0.014987    -0.523989   -0.0322634    -0.498431     0.278118    -0.274225    -0.103818   -0.0631874    -0.433446    -0.332275    0.0193078    0.0587763    -0.014902    -0.260095    -0.847237    -0.552751    -0.895126    -0.421673     0.032701     0.399381    0.0825357    -0.626735   -0.0965237     -0.54021     0.143509    -0.635614    0.0547947   -0.0833542     0.201325     0.230403    -0.802347    -0.162207     0.112752   -0.0957336    0.0149757    -0.210766    -0.294147
    0.168166    -0.778518     -0.25814    -0.506547    -0.194594    0.0165583    -0.711062     0.231121    0.0890226    -0.759645   -0.0135509    -0.285429    -0.791818     0.449778     0.151114    -0.240118    -0.374694     0.151339     0.393586    -0.111603    -0.391719    -0.224697     0.581157    -0.383488     0.250461    -0.084857     0.151504     -0.19449     0.234501    -0.161883      0.15782   -0.0329825    -0.136168      0.37123     -0.95411    -0.261089    -0.836769    -0.447206     0.115998    -0.642195     -0.22673     0.191884
     0.18484    -0.292455    -0.397378     -0.44032     0.239038   -0.0167288   -0.0158341    -0.613633    -0.297025      0.15165   -0.0268706     0.384164   -0.0636503   -0.0209168    -0.467078    -0.302678    -0.263208    -0.590475    0.0786293    -0.164334     0.220883     0.141022   -0.0989951    0.0589268     0.129557   -0.0380603     0.269938    -0.448153     0.183955   -0.0494279    -0.284564   0.00020112    0.0639514    -0.592214    -0.564462   -0.0964812    0.0455031   -0.0437038     -0.30388     0.111553    -0.759986    -0.188088
    0.611952    -0.240744     0.748797    -0.631694     0.298197      0.21291     0.424787   -0.0469344     0.165197      0.37857    -0.110132     0.347558    -0.244515     0.554898   -0.0561713    -0.221268    -0.151718    -0.221961      0.43564    -0.702993     0.332465    -0.414981     0.401939     -0.73852    -0.706995      -0.1378     -0.88108     -1.25351     -0.74706     -1.13826    -0.333145     0.171905    -0.188073     0.163692    -0.327859   -0.0608595    -0.848069    -0.425764    -0.336996    0.0359367     0.282218    -0.888239
    0.115043    -0.365804   -0.0536049    -0.647946     0.431328    0.0805525    -0.918492   0.00573182    -0.106609    -0.516351    -0.222155     0.206468    -0.452016     0.422341   -0.0529905     0.107767    -0.446295    0.0366978    0.0882099   -0.0643117    -0.389717   -0.0845918     0.198833    -0.290359     0.303588    0.0469217     0.116868     -0.84805     0.252786   -0.0468074     0.260938     0.382142   -0.0609814    -0.310717    -0.893718   -0.0901003    -0.737753    -0.463758  -0.00751762    -0.308973    -0.825006      0.20784
   -0.220591    -0.397332    -0.255964     0.105838    -0.473447    -0.505618   -0.0849439    -0.474064    -0.214621    -0.353514    -0.295908    -0.276521    -0.255743    -0.166337    -0.362736   -0.0183094   -0.0808864     0.125849   -0.0567788   -0.0457887     0.133538    0.0552094     0.315239     0.141958     0.289889   -0.0402706     0.176354    0.0873929    -0.210055    -0.061175     0.121686    -0.499771    -0.565455     0.144509      0.13112   0.00841846    -0.118823     0.114704   -0.0113038    -0.516016    -0.154685     -0.35868
