no weights
    1.37459   -0.334883   -0.834537   -0.121338    0.701476    0.264084   0.0805383   -0.139835   -0.627226  -0.0433595    0.451391    -0.49263    0.218676   -0.502239   -0.434792   -0.612332 -0.00212295     1.05043     1.28791    -0.78822    0.480205    0.955338   -0.597059    0.381368    0.728472     0.74848     0.98332   -0.357882   -0.439656   0.0513764   -0.549645   -0.464448    0.554477    0.401387   -0.264874   -0.172754   -0.186109    0.731091    0.247901  -0.0419253   -0.449681     1.32354     1.06131    -0.42565   -0.908787   -0.240231   -0.061918     1.02355
  -0.432571     1.06205   -0.818054    0.257161  -0.0114186     1.51952 0.000633377   -0.830956     0.16674   0.0951859    0.903127   -0.229081   -0.573846    0.229165   -0.900562    -0.81543   -0.222184     1.05903    -0.84231  -0.0177097    0.212453   -0.817406     1.09599    0.185629    0.577278    0.594671   -0.161975   -0.731293    0.886955    0.615821   -0.612267    0.377694    0.298076   -0.512404    0.400533   -0.520219   -0.370176    0.555169   -0.732635    0.890199    0.467575    0.190463   -0.730626    0.769334   -0.501193    0.224522 -0.00872162     1.15036
    1.02649    0.755247   -0.363996  -0.0522801   -0.285146    0.347633     0.69351    0.573922     0.35002   0.0226278   -0.310772     1.21236   0.0444803    0.934182   -0.247395    0.835621   -0.657606    0.257194    0.298777    0.970628     1.00218    0.644718   -0.246118      1.0967    0.229471   -0.120252   -0.653724   -0.809667    0.922828    0.493148    0.170274    0.142436    0.961788    -1.00497    0.553071   -0.411245    0.324215    0.745953    0.954276   -0.630548   -0.294818    -0.90168     1.63438     -1.0315     -1.5363    -1.12436     -1.4765     -0.1486
    1.25387    0.393213    0.261537   -0.368602   -0.799973      1.4399   -0.278247   -0.401329    0.160749   -0.594815   -0.257775   -0.801236  -0.0468976   -0.799689   -0.526909   -0.571284   -0.804679   -0.483594    0.677728    0.663512    0.640911    0.103672    0.453132   -0.093413   -0.305726   -0.735724   -0.915589    -0.75534   -0.748099    0.629314    0.453656     1.25665  -0.0960089     1.00054     0.11428   -0.123064   -0.980687   -0.553421    0.485996   0.0123908    -0.42126   -0.791511    -1.04553     1.28691  -0.0115569   -0.807439  -0.0368009    -1.30097
   0.583364   -0.696188     1.02503    0.255583    0.112385    -0.43641   -0.240438   -0.284655   -0.710674 -0.00181046  -0.0736075   -0.838729     0.85523   -0.591404   -0.385202   -0.082212    0.334639   -0.549026    0.198249   -0.139878    0.389776    0.880036    -1.21204   -0.144776    0.294179     1.00842    0.513798     1.18967     0.14362    -1.00041   -0.808094      0.4065    0.517213   -0.565182   -0.109567   -0.132968   -0.473876    0.407623     1.04062   -0.551752   0.0517273  -0.0488903    0.832884     -1.1607   -0.452913   -0.566403    0.186908    -1.08193
   -1.17876    0.228833     1.06995   -0.633123   -0.448131   -0.453024   -0.513543    0.484396    -1.01392    -1.08648  -0.0489288   -0.755928    0.703526   -0.454399   -0.464282   -0.600985    0.388661   -0.573359    -1.11123   0.0400495    0.839288      1.2169    0.740533    0.101632    0.666671    -0.80993    0.996936    -0.73084   -0.757575   -0.890971      0.6847     1.71342   0.0342956      0.3946   0.0884107     0.31598   -0.512583    0.903036     1.08657   -0.721137    0.842237    0.331011    0.796985   -0.637966   -0.910009    0.894017    0.863226    0.301441
  -0.376226   -0.473476    0.161675   0.0072396    0.455156   -0.780124    0.549621   -0.300123   -0.480919    0.624702    0.363208     0.36976    0.233831    0.427719   -0.996551   -0.538973    0.240047    0.224699   -0.503129   -0.233655    0.176851  -0.0649006   -0.141732    0.456424    0.110162   -0.387243   -0.574579    0.503281     1.10432    0.386928  -0.0807984   -0.864082    0.745048    0.493396    0.779968     1.09487    0.202697    0.195134    0.578033   -0.569365   -0.369986     0.92843    -1.17372    0.487703      1.0661    -0.36363    0.580617    -1.47557
   0.274738    0.282136   -0.429945    0.250356    -1.08575   -0.811553    0.330544    0.688218   -0.401652 -0.00075427   -0.444128  -0.0173892    0.102667    0.265051    0.372441   -0.532045   -0.458412    0.498466    -0.61626   -0.293004   -0.358126    0.363012    -1.09339   -0.548032    0.960316    0.588955    0.624626    0.411121   -0.152058    0.203455   -0.573018    -1.04983     0.11638    0.919577    0.181085  0.00455783   -0.819605    0.834137    0.669666    0.164787     1.35185   -0.623206   -0.510876    -1.26378    0.201837     -0.9176    -1.02369    0.280407
  -0.256933   -0.362698    0.314507   -0.614399   -0.172441     1.60221    0.901045    0.751484    0.342928     1.08697  -0.0361971    0.596171    0.681995    -1.19204    -0.43763    0.146409    0.961547  -0.0140405    0.218983   0.0802357    0.195739    0.724629   -0.557109   -0.820114     -1.1449  -0.0278532    0.593849   -0.383478   -0.827137    0.501608    -1.04528  -0.0925378   0.0187848    0.155912   -0.244983    -1.20582    0.134502    0.158624   -0.119819    -1.02076  -0.0683947   -0.804289    0.574118    -0.24864    0.740731   -0.116475    0.996388    0.366028
   0.392503    0.474616   -0.337021    0.854972    0.466617   -0.334467    0.240801    -1.03738     0.72976   -0.382471    0.108052    -1.20748   0.0217067     1.33919   0.0553134    0.855572   -0.760557    0.240805    0.242368    0.562385   -0.349614    -1.12968     -0.1751   0.0436899   -0.559238   -0.140845   -0.821099     1.11634  -0.0406433    0.559717     1.06783   -0.715323    0.167624    -1.49076    -1.07079    -0.62001    0.737158    -1.10626    0.170726    -0.69239    -1.04737    0.311276   -0.609837    0.350481   -0.414963    -1.26179    0.611028     -1.7635
  -0.191459   -0.154535   -0.258547     0.40636    0.592736  -0.0998862    0.711512   -0.627816   -0.646716    -0.70546    0.762354    0.402923   -0.314903     1.15168    -0.77929    0.187045   -0.120236   -0.245826    0.479044    -1.35982   -0.500753    -1.25702   -0.793308     -0.1326   -0.118162    0.215911    0.695358  -0.0532626     0.68798    -0.34433   0.0326307     0.25967    0.486155     1.13333    0.287502    0.258774   -0.496719    0.452494    0.376578    0.208451   -0.203786     0.11946   -0.403556    0.394813   -0.615197    0.141713    0.122042     1.47734
   0.384919   -0.545856  -0.0798562     1.24047    0.891392    0.928757   -0.404542    0.644054   -0.303694    0.168009     0.93068   -0.983863    0.361704   -0.858696    0.442026   -0.102394   -0.174202    -1.21561    -1.11535    0.274008     0.96132   0.0222117  -0.0554509  -0.0375447    -0.36193    0.870499    -0.64375    0.652917    0.936068    0.967851   0.0555744     1.09948   0.0593666   -0.515183    0.885227    0.138661   -0.746126    0.559151   -0.491906 -0.00414718     0.89054     0.87859    -1.06216    0.287309   -0.915104   -0.173294   -0.827865   -0.697289
   0.603064   -0.261967  -0.0813755    0.258531  -0.0802815    0.315979  -0.0701827    0.327615    0.320415    0.112304   -0.201745   -0.455595    0.226201   0.0231409    0.642682    0.717197   -0.971052   -0.403953    0.740261   0.0945811     0.75984    -0.74053    -0.51411    -1.21133     1.25391     0.67747    0.272321     1.04498    -0.47692    0.619449    0.666434    -1.02692    0.155014   -0.574153   -0.439714   -0.774621   -0.264294    0.267506     1.03091   -0.383362   0.0570148   0.0342124     1.33557   -0.808335    0.463423    0.954698    0.718246    0.273678
 -0.0472301     1.05575   -0.125873     0.59389    -0.51757   -0.182689   -0.722753    0.713158    0.748838   -0.785541    0.298902     -0.3089   -0.726806    0.558147    0.466159    0.974858     0.73706    -1.01262   -0.160993    0.426075    0.246473   -0.827617   -0.259477    0.385457    0.411885     0.43498   -0.117362    0.763158    0.920148   0.0819049    0.293215    0.221221   -0.887028  -0.0795353    0.676513   -0.427527    0.837702   -0.203038   -0.257048  -0.0226338    0.958399    -0.10313    0.795601     -1.1796   -0.817156    0.822706   -0.236015   -0.860727
    1.60885    0.648336   -0.993403     -1.0616  -0.0519439   -0.323133    0.828969      -0.482    0.276081    0.638502    0.899921   -0.518532     1.03394    0.620282    0.763805   -0.812025   -0.224497      0.1524    0.869848    0.137205  -0.0569289   -0.518313    0.746139 -0.00538732    0.296671   -0.444379   -0.682415    0.947277    0.372658    -1.09011    0.647529     1.01273    0.272976   -0.384556    0.574342    -1.32201     0.78083   -0.545005    0.107558    0.919432   -0.288609    0.196722    0.344503    0.319262   0.0338089   -0.946057   -0.972616   -0.164736
    1.02352    0.824327    0.782717    0.730697    0.545131     0.52207    0.566411   -0.104547   -0.428582    0.118833   -0.475116   -0.573716   -0.359126    -1.39384     1.37657   -0.311377      0.7194     0.70891   -0.632587     1.08279    -0.83068   -0.797297    0.919331   -0.191942    0.224857    0.686614    0.568737   -0.897731   -0.134146    0.544877   -0.957533   -0.241561    0.944703   -0.625652    0.253912    0.498778   -0.550764   -0.700947    0.486361    0.296391    0.605636   -0.091476   -0.108376   -0.779406   -0.328944    0.591673   -0.293858   -0.476016
   0.288639   -0.524737    -1.00619    0.405239    0.137026    0.572223   -0.524866   -0.641455    0.767198    0.292432   -0.491179   -0.489633   -0.661489    0.222635   -0.747837   0.0453506    0.163065   -0.148296    0.411487   -0.814286     0.64041  -0.0866321   0.0382721   -0.401494     1.60938   -0.192195   0.0179419   -0.234244    0.996475      1.1085    0.841973   -0.161725   -0.516742   -0.559419    -1.03342   -0.081647   -0.680085   -0.644848   -0.545334    0.601774   -0.507358     1.23647   -0.648499     1.07161    0.591775   -0.711838    0.270809   -0.114466
  -0.245115    0.330039    0.547653     0.95471  -0.0856149   -0.939519   -0.962686    0.209848   -0.478554   0.0778353   -0.599042    0.378626  -0.0926833      0.5311   -0.946609    0.429044    0.716584    0.733494     0.38083    0.660337    -0.18013     0.71606    0.192233    -1.51376    0.251131  -0.0747127     1.50187     1.19052    0.683803  -0.0509914     1.15105   -0.730982   -0.476634   -0.632595     0.54926    -1.06275    -0.44062    0.282555   -0.797402    0.733872   -0.130413   0.0901757   -0.909313   -0.314019   -0.253088   -0.102272   -0.791139   -0.242615
    -1.4089      0.2933    -0.57754    0.746053    0.175995    0.292437   0.0277246   -0.768465   -0.522653   -0.656784  -0.0757671   -0.107203   -0.781018    0.407253    0.280635    0.802172    -0.79599   -0.819912    0.793943     0.43373    0.143847    0.339589  -0.0157442    0.390746  -0.0361297    0.223111    0.511094    -1.08894    -0.20037    0.309858    0.066889   -0.517678     1.13964     0.37672    0.550557    0.133999  -0.0481224    0.797651  -0.0470271   -0.243351    0.188747    0.339398    0.243239    0.328675    0.402406    0.546899   -0.577946     1.42259
 -0.0769297    -0.24964     0.54574    0.644175   -0.473782   -0.148974    0.189063     0.17357   0.0598882   -0.290522    0.142651    -1.13785   -0.501688    0.863675   -0.697297   -0.582659    -1.33678    0.671709    0.309532  -0.0864813   -0.986167   -0.347079    0.227554    0.573316    0.449253    0.395862    0.351301   -0.776351     1.05685    0.119914    0.621358   -0.608657  -0.0560529     0.91818    0.604116   -0.420167      -1.515   -0.562415     0.58142   -0.261888    0.322241   -0.348733    0.132923     1.08669     1.31842    0.113428     0.87799   -0.742346
   -1.39387    0.445665   -0.767614     1.03704    0.828929    0.695187   -0.599598    0.638493    0.665264   -0.558228   0.0751707   -0.571761    0.791028    -1.16633    0.756393    0.152649    0.973063  -0.0378147    0.681836    0.649486    0.605258   -0.183618    0.632492   -0.628016   -0.390171     1.17373    0.751026   -0.348343   -0.663905    0.237974    0.908242    0.657127    0.315158   -0.563823   -0.297201    -1.23499    0.434079     1.03924    0.201121   -0.105394   -0.795218     -1.2535   -0.156552   0.0595653 -0.00138009   -0.254392   0.0220168     1.59742
  -0.570563   -0.386795     1.01888    0.727321    0.749587   0.0790752    0.216885    0.132278     0.13912   -0.295957    0.251554    -0.38206    0.549051    0.583484    -1.20979    0.165621    0.527095  -0.0158626  -0.0415569    -1.06012   -0.259912   -0.227145   -0.603858    0.658587   -0.414665   -0.376557  -0.0811059    0.966605   -0.691882      0.5499    0.724885    0.119423    -1.23691   -0.695818   -0.121194   -0.831377   -0.764636    0.603488    0.991013     1.18439   -0.677887    0.255342   -0.343259   -0.300141   -0.355439   -0.116445    0.179438    -1.46551
  -0.910044    0.122675   -0.594927     1.13581    0.655069    -1.01711     1.38155   -0.657846    0.797869     -1.0186   -0.798645    0.623227    0.189799    0.928578   -0.312926    0.533634   -0.736328   -0.116388   -0.858755    0.359811     1.06502    -0.25238    0.584919   -0.641809    -0.87602   -0.939621    -0.97449   -0.480389   -0.427528 -0.00953528   -0.670965    0.271729  -0.0727102   -0.426967   -0.258004   -0.995013    0.751564    0.805612   -0.302781   -0.156936   -0.441303   -0.540117    0.538614    -1.09208   0.0392667   -0.559504    0.064477    -1.56601
   0.708224    0.803525    0.182157     1.23012  -0.0435358   -0.336673    0.454239   -0.157109   -0.456462    0.607253    0.345663    0.635477   -0.391416   -0.628338    0.351777    0.639033     0.99517    0.132405     1.17152   -0.157644  -0.0440557    0.215755    0.390386   -0.102449   -0.129275    0.368298    0.226501   0.0730208   -0.179093    0.982638   -0.178933   -0.540759    0.504941   -0.763231   -0.493467   0.0256788    0.487899   0.0980922    0.550963    0.995287    0.579446    0.528916   -0.121131   -0.280227   -0.498845    0.544771     1.16233    0.853564
  -0.869038     1.47453    0.188973     1.06256    0.944139   -0.202683   -0.412116    -0.56651   -0.443533    0.139657    0.142563   -0.142267     0.55532    -0.81743   0.0284408    0.350132   -0.582982    0.450382   -0.293929    0.431826    0.438265   -0.831936    0.399184   -0.871696   -0.938356    0.495829     -1.4757    0.138591   -0.379602    0.821085   -0.141862    -1.14207      1.1693   -0.450479       0.157    0.812289   -0.858755   -0.260548   -0.554182    0.617542    0.514879    0.843645    0.104815   -0.744222    0.845399   -0.795565   -0.573101    -1.35645
  -0.292762   -0.373973  -0.0600799    0.299096   -0.759019   -0.925742   -0.200158    0.265156    0.698365       1.032    -0.87746     1.59767   -0.312038   -0.465834    0.839744    -0.66484    0.683733    0.836708    0.653728   -0.773844   -0.477719   -0.105431   -0.189186   -0.153552    -1.09682    0.226961   -0.763423     1.07647    0.848822    0.500489    0.472546   -0.243535    0.231669    0.885007     0.79133    0.959828    -1.02132  0.00346266   -0.572171   -0.343412    0.656847    0.629031    0.885327     1.14304     0.35338   0.0545011   -0.291784     -0.2614
  -0.803088   -0.361996    0.794451    -0.51625   -0.261573   -0.639468     1.11122   -0.510165    0.742587    0.284014   -0.399786    -1.19302    -0.45964    0.592987    0.211418    0.190743     0.26671    0.736611   -0.882532  -0.0901598    0.453245     0.45838   -0.145616   0.0384962   -0.141886  -0.0693082   -0.669442    0.493515   -0.848387    0.117931 0.000688288     1.08248    0.943994    0.975208    -0.41872   -0.592381      0.3155   -0.759143   -0.109764    0.534342   -0.706632    -1.09112   -0.851883    0.280944      1.1483    0.588421   -0.480548   -0.938578
   -1.00301    0.688548    0.454316    0.813966     1.03921  -0.0196784   -0.898029   -0.585566    0.193349    -0.34825   -0.214615   -0.219851    0.449074   -0.523945   -0.583658    0.243857     0.29872    -0.86738   -0.303512   -0.881664   -0.441649    0.920637    0.403438    0.633178    0.276001   0.0456993   -0.784097    0.549981    0.363355    0.160566     1.29916   -0.376723   -0.316207    -1.02769    0.319266   -0.489636     0.50088    0.618793    0.550014   -0.629091  -0.0706413    -1.27556   -0.045162    0.355898   -0.357195   -0.699404   -0.806244   -0.736917
    1.96067   0.0808253    0.649587     1.09608    0.606306   -0.688374    -0.97966   0.0918813     0.50807   0.0898326    -1.03102   -0.968625    -0.61305    0.519356     1.08051    0.669826   -0.289008    -1.28152    0.744849    -0.10922   -0.274791   -0.697287    0.330984    0.245808  -0.0636587    0.463474   -0.800062    0.354781   -0.851388      0.2321   -0.955149     1.07939    0.334086   -0.730589   -0.126447    0.533397   -0.120114   -0.604524   -0.105591   -0.319757    -1.16041    -1.20845     1.43005     0.79351   -0.500293    -0.19576    0.174466   0.0507666
  -0.500216    0.663838     1.04777   -0.609384   -0.571926     1.11599   -0.133726    -0.87734    0.930889    0.915604    0.607905    0.467589    0.510468   -0.111426  -0.0337092     0.57694    0.580538    -1.17521   -0.888831  -0.0965738   -0.762742     1.25811   -0.904526   -0.386321    0.557758   0.0522903   -0.294483     1.22931   -0.420429     0.58714    0.703111    0.664187   -0.120964    0.918673   -0.544482    0.572247     1.08622    0.165709    0.220979   -0.592522    0.266451    0.371941    -1.15192   -0.485868   -0.713532    -1.20442    0.157029     -0.2855
    1.22609    0.954307    0.385049    0.302519   -0.930259    0.645714   -0.142081     0.15658    -0.48422    -1.00547  -0.0182791     1.11638   -0.882605   -0.726687    0.720902   -0.619951    0.899932    0.967876   -0.889875   -0.298733    0.578975   -0.469178  -0.0895017      1.1862   -0.604428  -0.0856836    0.625029  -0.0038779   -0.198104   -0.425075    -1.52168   -0.858635   -0.678733  -0.0617247    0.198271    0.728946   -0.125625    0.606851  -0.0265224   -0.954833    0.203836    0.370878    -0.61902     1.15077 -0.00178834    -0.51523  -0.0699069   0.0066747
    1.39464     0.10462    0.515467     -0.6569   -0.498422    0.173454    0.453198    -1.24881    0.764244    -1.15429    0.927938   -0.493387    0.667166     1.11179   -0.667659    -0.63335    0.615267    0.505295   0.0866392   -0.513044   -0.720767   -0.774359    -1.15092   -0.331877   -0.598502    0.225625   -0.844865    -0.46544   -0.234254   -0.778137     -0.6505    0.976274    0.429804    0.775899    -1.09526    -1.20606    0.398927   -0.859288   -0.386571   -0.783884   0.0893515    -1.26729     1.32659     1.07564   -0.367873    0.510942    0.719115    0.812125
 -0.0919557    0.450832   -0.354633    0.677138   0.0446168    0.963045    0.618206  -0.0453064    0.148433    0.304314    0.584669    0.961733    0.942241    0.253825    0.626876    0.782415   -0.433807   -0.546263   -0.238522    0.843443   0.0974547   -0.642773   -0.766151    0.401008   -0.282557   -0.613145    0.920108    0.746256   -0.779549    0.284867    0.628511    0.182929   -0.522266   -0.741379   -0.987337    0.726109   -0.708238  -0.0152238    0.460285     1.07407   -0.707023   -0.292275    0.644213   -0.212457    0.883878     1.05627    -1.00855  -0.0292269
  -0.299688     1.02813   -0.601993   -0.353023    0.245836     0.53092   -0.735921   -0.047029    0.972445    0.387638     0.96085    0.244181     0.17034   -0.803653    0.148079   -0.390752   -0.702904   -0.077129    -1.15269   -0.462989    0.691426   -0.610668   -0.679473    0.347593   -0.504326      1.0965      1.0688    0.282018   -0.137533    0.943399    0.804348     1.16629    -1.05831    0.644522   -0.289042   -0.495037    0.842389    0.604366   -0.168958   -0.491975     1.04005   0.0705595     -1.0089   -0.977622  -0.0583079    -0.62204   -0.108553    0.786177
  0.0200052  -0.0350948    0.227424    0.452816     0.77038   -0.361823    -1.05627   -0.534012  -0.0237436   -0.605638   -0.514418   -0.201378   -0.398324     1.07117   -0.251781    -0.47842    0.451945   -0.759575    0.325351    -0.83972   -0.914454   -0.425092    0.559121    0.856398     0.61459    0.163188    -1.33281   -0.664842    0.290194    -1.03469    -0.68872    0.153899   -0.302946     1.36748    0.166897   0.0409125    0.985873   -0.747163   -0.528406    0.209109     1.69813    -1.17287    -1.21558    0.882939   0.0766293    0.787675   -0.455568     1.11612
   0.363126    0.789365   -0.970784   -0.515622    -0.48533   -0.405215   -0.341121    0.358863  -0.0471482   -0.646415    0.206655   -0.906639     0.81354    0.695437   -0.844992   -0.268511   -0.402691   -0.610137    0.980238   -0.656417   -0.864095    -0.71187    -0.92016   -0.889899    -0.63516   -0.452667   0.0984574    0.760098    0.650784     0.26547   -0.719325    -0.18128    0.907111   -0.512875    0.131918   -0.351569    0.187086    0.894469    0.639348   -0.656637     0.54622     0.49355    0.645348   0.0857427   -0.463018   -0.318277    0.970219    0.645826
   0.165027   -0.616339    -1.32408   -0.497841   0.0362791  -0.0370479   0.0654862   -0.597269     0.93463    0.271403   -0.417315    0.987281    0.205944  -0.0621496    0.573907   -0.207739    0.379991    0.917309   -0.770232    0.836359    0.728161   -0.347892    0.981204   -0.246663    0.898909   -0.445144    0.668095    0.799276    0.269227   -0.557959  -0.0932602     1.01177   -0.165717   -0.526716    0.919286    0.943055   -0.762579    0.258963    -1.15328   -0.665617    0.488307    0.354345     1.58917   -0.571692    0.315443   -0.934248   -0.344961    0.280337
   0.944747    0.822729   -0.386166   -0.479169   -0.357274    0.286142    0.794273    0.440886    0.738543    0.819525    0.788269    0.576178    0.669033    0.385281   0.0206415   -0.348791   -0.209066    0.143848    0.896023   0.0546935     1.06699   -0.720985   -0.379415    0.069833    -0.10072    0.856777   -0.441641    0.367457    0.257826    0.166163    0.365819    0.689256   -0.537632  -0.0326271   -0.163497   -0.100429     0.18371     0.27415    0.955942    0.410551   -0.180635    0.893465    -1.10996    0.407638  -0.0444352   -0.985856    0.669922   -0.256512
 0.00867935   0.0564993   -0.545058    -1.33691   -0.583007   0.0257023    0.557936   0.0967078    0.598875    0.312902    0.126169    0.819563   -0.138677  -0.0958435    0.436343    0.237172   -0.635247   -0.676204    -0.79824    0.453655    0.263405    0.349678   -0.572348    0.234532    -1.11404    0.955915   -0.713444  -0.0920981   -0.526588     0.11028   -0.508707   -0.846606  -0.0310238     -1.1243   -0.395289     1.01095    0.200121    0.154631   -0.549479    0.254337    0.145947   -0.629226     -1.1506    0.114785    0.774759   -0.344671     1.01284    -1.01275
   0.280876    0.791977    0.684614    0.281763   -0.947659   -0.317274   0.0103906    0.776678   0.0157704    0.020711    0.714433    0.425397   -0.435711   -0.333005    0.737914   -0.685874    -0.49291   -0.357132  -0.0143939   -0.489929 -0.00584904     1.35794   -0.600717   -0.348406    0.423543    0.510218   -0.451295   -0.504615  -0.0807849   -0.473009    -0.28328   -0.373664    -1.42777     1.13401     -0.9691   -0.761739     0.60713    -1.01362       0.402    -0.47162   -0.569343    0.954287     1.75492   -0.186845  -0.0872944    0.130191   -0.456998    0.301778
   0.218483  -0.0722795    0.302274     -0.3883     1.19008   -0.804848    -0.85828    0.365432    0.363459    0.257327   -0.565835    0.586436   -0.857357    0.297925    0.819688   0.0307885   -0.286623   0.0693255   -0.610676   -0.440865     -0.6766   -0.599661     0.35085   -0.248457   -0.116237   -0.307949  -0.0270656     1.18183   -0.723481   -0.197197    0.162352   -0.794604    0.435147     1.10147   -0.230006    0.376748   -0.668562   0.0706489   -0.223428   -0.521081    0.592757     0.13976    -0.18463   -0.398181   -0.889629   -0.624616     1.17098    0.374064
 -0.0274985     -0.7668    0.278393  -0.0389237    -1.33604    -1.70217   0.0681252    0.573985    0.900135    0.769405   -0.889985   0.0760673    0.133808    -0.64529    0.423123    0.483273    0.103135    0.742569    0.569537    0.321652   -0.574058    0.528387   -0.616827      1.2082   0.0217563   -0.127968     1.00883    0.512134    -1.05257    0.500274    0.453379     1.00059   -0.699162   -0.322679    0.845032   0.0691211    0.171713   -0.187855    0.911724   -0.429556     1.21208     0.20345   -0.185812   -0.341147    0.652612    0.404716    0.125761   -0.382882
  -0.281003    0.624039    -1.02949  -0.0653579     0.83889    -1.14506   -0.180567    0.352174    0.872464     1.02201      1.1106    0.556279    0.442947    0.504661     0.41918    0.533679    0.787326   0.0444118    0.197123    0.795699     -1.2434   -0.916082   -0.459357    -1.19203   -0.798713    0.398542  0.00109169   -0.520482  -0.0469162    -1.07776   -0.917867   -0.308535  -0.0653758   -0.959703    0.870855    0.128271    0.756499    0.156787    0.718391   0.0392913    -1.12797    0.516354    0.530734   -0.478559    0.838301     1.73667     0.80744     1.30053
   0.415432    0.839961   -0.679686    0.940388   -0.248588    0.757258    0.281279   -0.546324   -0.420979    0.619487    0.145184   -0.431052    0.518961   -0.721589    0.112423   -0.840861   0.0200073    0.692439    0.857062    0.423302    -1.16182   -0.312534    0.582913   -0.232457   -0.262859   -0.913685   -0.972962    0.569035   -0.725468   -0.200828   -0.828753   -0.609858     1.29069      0.7912    0.338661    0.585358   -0.399658   0.0968183   -0.189674   -0.149747     1.15132   -0.557127    -2.26348     0.25731    0.801436   -0.801147    0.119913    -1.43462
   -1.09543   -0.683817    0.950773   -0.345224   -0.496597   -0.240336    0.286557    0.177171    0.751328    0.757544    0.772575    0.882696    0.083661   -0.564657  -0.0751008    0.574882    0.120372   -0.185216   -0.947867    -1.25287     0.32787    0.582502   -0.411142    0.752979     1.14322   -0.235283   -0.464628     0.33436    0.937115   0.0452044   -0.483337    0.639056    -1.54169     1.02751    0.312111   -0.734391 -0.00757821    0.236041   -0.574757     0.11684     1.13608  -0.0494693    -1.47588   -0.229555     1.22936     0.19429     1.13252   -0.242953
  -0.385664     1.09853   -0.296473    0.424233  -0.0105623    -1.30555    0.129296   -0.931495    0.124141    0.571101    0.435307   -0.166052      0.7653   -0.408616   0.0424299    0.301706    -1.40323  -0.0649957    0.132365   0.0755977    0.538008   -0.320865   -0.622172    0.246498    0.696554   -0.769302   -0.105866    -0.71059   -0.717112   -0.730291    0.831938    -1.13167    -1.14792   -0.195073    0.162329   -0.137649    0.670281     0.74316    0.106573    0.296697   -0.192131   -0.299924     1.58461    0.285379   -0.861179    -1.15381   -0.254594   -0.423056
    1.04976    0.160945    0.709417    0.361201    0.615638   0.0529741   -0.433792    0.578931    0.424404    0.064052    0.286854    0.053865    0.707695   -0.899312    0.566789   -0.115465   -0.797787    0.646972   -0.354926   -0.107551   -0.954609    -1.09287   0.0907563     1.21777     -1.0434    0.491944    0.680723    -1.28085    0.598567   -0.767724   -0.713736   -0.591741    0.944361   -0.815657   -0.211475 -0.00422223    0.725836    0.402791   -0.830823  -0.0734558     1.33253   -0.091333   -0.125022    0.433047   -0.790401    0.803413   -0.623299    0.238684
   0.268354   -0.249228   -0.678754   -0.722425    0.800984   -0.793749    0.470876    0.714421    0.534895   0.0104887   -0.701631   -0.807664    0.232606   0.0379132    -0.14596   -0.664828     -0.3835    0.619204    0.589872   -0.210896    0.463997   0.0603674    -0.66352    0.547581    0.999143    0.222724     0.90165    0.729199    0.983822    -0.49752    0.610722    0.990331   -0.435068   -0.914443    0.742394   -0.883191    0.196223     1.07355    0.289056  -0.0415074   -0.202669   -0.680088   -0.245687      0.0877    0.977029    0.872925   -0.232779     0.58936
   -1.27438   -0.100109    0.792771   -0.192438    0.310935    0.250354  -0.0488518    0.103717    0.719243   -0.819502    0.952569    -0.99069   -0.177217   -0.542681   0.0885158     -0.2215  -0.0307715   -0.758853   -0.564146  0.00888398     1.42939     1.12932    0.961006   -0.243064   -0.759346   -0.230809   -0.361984     1.32877    0.237433     1.21422    0.302349   -0.804687   -0.660447    0.582551   -0.717131     1.05833    -0.64069    0.576278    0.551844   -0.300569    0.384108   -0.192668    0.782619    -1.09774    0.151729  -0.0372851  -0.0256275     0.54714
   0.980815   -0.106282   -0.647719    0.486915    0.782399    0.954812   -0.737656    0.542416    0.703172    0.182156    -0.60878   -0.704545   -0.392397    0.720554   -0.589381   -0.489985    0.102483    0.795882    -0.75002   -0.108604    0.796142   -0.368589   -0.646235 -0.00838492    0.483475    0.288289    0.152869   -0.619851     1.37531     0.58187    0.759829    0.323793    0.708742   -0.456612    0.856644   -0.628759   -0.537833    0.337223    0.433802    0.333675   -0.549864   -0.476996   -0.334999   -0.554549    -1.43076   0.0938363   -0.157635   -0.954982
   0.877433    0.432161    0.691666    0.653421    -1.01214    0.515178    0.168373    0.103719   -0.540378    0.913947    0.763637    -1.15938   -0.979171   0.0604591    0.571854     0.22813    -0.40468   -0.477389   -0.217938    0.810991    0.839047   -0.430163    0.801649    0.107316    -0.10826   -0.531231    0.272454    0.713682    0.580215   -0.926002   -0.284732   -0.886912    0.931416   0.0261504    0.116971  -0.0546257    0.190521   -0.631957  -0.0834616    0.813454    0.709542    0.387057     1.32261    -0.52602    0.581352   -0.836677   -0.861774     0.86658
  -0.219598   -0.368997   -0.611798  -0.0115944    0.107145   -0.440331    0.306289   -0.354001    0.306911   -0.275346   0.0935335   -0.987506   -0.936454   -0.299125   0.0977337   -0.866326    0.359602   -0.554489     1.04319    0.796547    0.920933   -0.197557    0.279325   -0.308359  0.00229686   -0.708217   -0.338761   -0.545979    0.742538    0.087626    0.216233   -0.833738    0.487569 -0.00254171    0.246749    0.481085    0.729564   -0.013483     -0.9079    0.298496    0.361385   -0.378034   -0.748545    0.509916    0.822348      1.0521   -0.440121    -1.33441
  -0.716315   0.0230929   -0.616704   0.0948888   0.0264404     0.18287    0.183867    -0.32701    0.040431     1.11159    0.858771    0.320592    -1.45951     0.50037   -0.474703     1.26808    -0.17922   -0.286225    0.188477   -0.130091   -0.801943    0.710665   -0.338901   -0.442072    0.494789     0.91027   0.0191774    -0.55886  -0.0686082   0.0111373   -0.128376   -0.710439     1.40491    0.519852  -0.0873028   -0.559991    0.327102   -0.859838   0.0878509    0.375904    0.427025     1.36974    0.193073    0.647768   -0.359005   -0.141244   -0.764724   -0.184137
   0.362332   -0.496654      0.9615    0.800858    0.598165    0.561293    0.276404    0.446473   -0.615966    0.894829    0.884162   -0.880765    0.225193    0.144235   -0.740057  -0.0976739   -0.273978     1.03466   0.0207459   -0.338448    0.360325   -0.267898    0.200114     0.84104     0.11531   -0.391408    0.912492   -0.411253   -0.682356    0.531539    0.219094    0.360749   -0.313159   -0.780904    0.510024    0.623091    0.282447   -0.245371    0.853111   -0.146311   -0.317533   -0.738487    0.621975    0.240775   0.0378023    0.361381    0.920746     1.08924
   0.297473   -0.393454    0.665883    0.237657      1.2717    0.579462    -0.68425    0.518836      0.6738   -0.934018    -0.63781     1.00697   -0.307665   -0.203802   -0.584839    0.708406    0.110937     1.00039    0.740696   -0.844108   -0.697485     0.35352   -0.531855    0.965257    0.520414    0.755266    0.563359     0.37142   -0.706689    0.403217     0.73193   -0.782709   0.0745663    0.255413    0.684738   -0.536875   -0.576983   -0.640313    0.742801    0.138826  -0.0852287     1.03138   -0.101094    0.734482    -0.94984 -0.00853927    -1.29629   -0.819347
  -0.102167  0.00236937   -0.514028   -0.703048     1.06187   -0.690876    0.913624    0.199869     0.56507   0.0204993    -0.55393     1.17529    0.831499    0.886771    0.468687    0.336385    0.041727    -0.38931    0.836247  -0.0272372   -0.831939     1.13657   -0.497886   -0.446102    0.510422    0.406905   -0.110986    0.876263    0.253035   -0.166549    0.625272   -0.290001    0.831803   -0.519786    0.867553    0.990776    0.594741     0.12264    0.207703  -0.0188306   -0.103595    0.944525    0.147186    0.928104    -0.67757   -0.442197   -0.169757    0.396915
  -0.329015   -0.186264    -1.15812   -0.818581    0.424831    0.421906   -0.727355   -0.912134    0.785438    0.276805   -0.592645   -0.749494     0.80309    0.717201    0.487803   0.0160521    -0.42537     1.18685   -0.215671   -0.144117    0.326785    0.480257    0.629474   0.0420761    0.190251     1.05361    0.673487    -0.54309    -1.08077    0.467062  -0.0132733   -0.405106    0.610612     1.48259    0.235765    0.971978  -0.0418965    0.214554    0.152161    0.610068   -0.312028    0.867323    0.196506  -0.0764302    0.869422    0.817606    -1.04501    0.120484
    -1.5766    0.376317    0.200351    0.628449   -0.250122   -0.209237   -0.941339    -1.03619    0.353384    0.392892   -0.747382    0.894297  -0.0546416   -0.704697    0.375991  -0.0903375     -1.0503    0.975843    0.718576   0.0495184    0.667931   -0.207167   -0.140315    0.168973   -0.854935   -0.584048    0.803918   -0.381734    -1.02007   -0.321386   -0.407706   -0.649307   -0.449525     -0.1461     0.86564  -0.0129718    0.604966   -0.836954   -0.883379   -0.425162   -0.710462   -0.794222     1.25909    0.415328     1.11091   -0.375643   -0.269521   -0.587334
   0.844252   -0.259251     1.16707      1.1192    0.577697   -0.572784    0.992958   -0.676723   -0.242553     0.86569    0.273819  -0.0183941   -0.224117   -0.864235   -0.454824  -0.0971389   -0.699151   -0.972559   -0.552714   -0.780406   -0.553274    0.491625   0.0676131     -1.2164   -0.927563    -1.01747   -0.422054   -0.999314   -0.815725   -0.784398    0.354667    0.519726    0.258902   -0.704407   -0.120413   -0.548491   0.0345185   -0.300886   -0.362499    0.305363    0.953943      0.7396     1.59264   0.0310266   -0.283187   -0.252229   -0.232997    0.366331
  -0.848515    0.845578    0.515883     -0.4844    0.082833   -0.434663   -0.843891    0.205708   0.0644223   -0.483887   -0.645258   -0.542666   -0.809214   0.0312497    0.174397   -0.424428    0.488306    0.956879   -0.665941    0.252966   -0.419688   -0.851939    0.841195   -0.631327    -0.79663    0.295878    -0.85402    0.932592    -0.46115   -0.347717    0.140223   -0.960852  0.00450963   -0.799935   -0.445784    0.163571   -0.946375    0.825809    0.611962   -0.533195   0.0792915     0.59779   -0.171146   -0.852349    -1.10488     -0.5583  -0.0366034    0.775202
    0.739049    -0.850757     -1.44426    -0.524193    -0.478789       1.5639     0.512002     0.320983   -0.0354374    -0.589431     0.550194    -0.194502     -1.67831      -1.1458    -0.263622    -0.588607      1.01425      1.13181     0.769936    -0.210531      0.75999     0.841141    0.0267994    -0.713448        -1.05    -0.497392    -0.316223    -0.200349     -1.24359    -0.393793     0.142166    -0.869368     0.760972     0.145085    -0.898753     -1.31569    -0.258838    0.0761807     -1.01452    -0.955065    -0.362284     0.821785     0.685207    -0.776744   -0.0056898      -1.4153     -1.08738      1.00181     -1.35573   -0.0809702     -1.84103    -0.179069     0.171643    -0.163422    -0.698142    -0.494033     0.248028     0.259546    -0.160811    0.0822512
    -1.26187     -1.38151    -0.461287      0.22696     0.440059     0.610284     -1.01771     0.868481     0.212102    0.0153418     -1.08785    -0.680147    -0.868236    -0.270613    -0.715196     0.243101   -0.0256121    0.0687761     0.281744     0.920573   -0.0491079     -1.08759     -0.86433     -0.85045    -0.976448     0.430143      1.26812      -0.7175     0.546131    -0.723438      0.81771     0.135461     0.272648    0.0349286     0.132689    -0.745015     -1.00274     0.389016      0.41586     -1.03446    -0.023419     0.609916      0.16424     -1.26473    -0.955125    -0.797623     0.743446     0.610607     0.550672     -0.10187      0.58812      1.26747   -0.0682687    -0.618199      0.40884      -1.1675     0.247124     0.161502     -1.27616    -0.882876
    -0.73984     0.360047     0.513016    -0.975826     0.721135     0.252645    -0.714153      1.18303    -0.843462     -1.22739    -0.473154     0.235434     -1.15518     0.460664    0.0749913   -0.0907144     -1.29044     0.298195    -0.884638    -0.955984    -0.524555      1.07601    0.0693412    -0.762828    -0.802042     -1.79601      1.22721     0.319906     -1.45921    -0.475637     0.535419     0.314017  -0.00365881     0.214852     -1.04444     0.772737     -0.96604     0.316452    -0.703587     0.902254     0.025224    -0.732384    -0.522596    -0.626102    -0.100944     0.915507      0.66809    0.0983051     0.539332  -0.00437513    -0.473847     0.561558       1.0699    0.0561888     -1.22681    -0.307546    -0.711605     0.291547     0.997129     -0.81483
   -0.839311     0.236725    0.0877035      1.08641     -1.27258    -0.358154    -0.960873    -0.789297     -1.12493     0.320685      0.86236    -0.191882     0.807922    -0.620565    -0.880213     0.335404    -0.289906     0.331335     0.573279    -0.089716    -0.984465     0.461933    -0.588061     0.639115     0.566617     -1.17887    -0.622996   -0.0392107    0.0637719   -0.0646033    -0.642473     0.430725    -0.863891       1.0954     0.345469    -0.781572     -1.40344   -0.0863038     0.381381    -0.834376     0.774901     -1.24088  -0.00867165     0.375622    -0.593878    0.0137412     0.668001     -1.55036     0.601967     0.657954      0.31198      -1.3501    -0.181608    -0.180874    -0.752616     -1.13096     0.174757    -0.618176     0.848699      1.18682
    -1.28489    -0.358922    -0.762907     0.421646    -0.449676      1.11575    -0.765092   -0.0159699    -0.164897    -0.504243    -0.317593     0.156303    -0.717082     0.111333     0.968767   -0.0532002     0.264753     0.142501    0.0147982     0.392624    -0.732667    -0.491757     0.400627     0.478224     0.595949    -0.779736     0.610123    0.0687412     0.366786     0.753389    -0.974223    -0.469762     -1.57371    0.0509054     0.536087      -0.9121      1.04835      0.22938     -0.43496     -1.45136      1.38851     -0.35802  -0.00306113     -0.26723     0.253905       -1.063     0.155965    -0.379842     -0.35179      0.76835    -0.617105     0.231424     0.721954     -1.07072      -1.3696     0.617454    -0.338206    -0.301244     -1.32292     0.133728
     0.91106     0.120137     -1.23106      1.14193    -0.394552     -1.42671     0.038219 -0.000375466     0.325192     0.788251    -0.987171     0.940018    0.0270733     -1.05661    -0.150005     0.457703     0.777391     -1.21868      0.43424    -0.712457    -0.963951    -0.552448     0.328931      0.35979     0.927219     -1.22217  -0.00622131     -1.67174      1.46579     -1.29904       1.1002    -0.616267      0.20578    0.0615558     -0.40792    -0.710024    -0.698438      -1.0283     0.180938    -0.228902     0.557986     -1.15402     -0.37823     0.993872     -1.97237    -0.927522   -0.0533671    -0.447401     0.330301     -0.29507   -0.0470945     0.666331    -0.614491    -0.304958    -0.524695     0.217244    -0.329548    -0.692923    -0.194133  -0.00896071
    0.456339     0.336022    -0.399169    -0.141158    0.0411401     -1.69691     0.618037     0.190671    -0.968419     0.785074      0.62457    0.0220971    -0.857006    -0.497874     -0.40929     -1.68329    0.0151765       1.0285     0.679979    -0.117374     0.208402    -0.153945   -0.0184264   0.00507904     -1.38369      0.24006    -0.336484     0.514271    -0.116568  -0.00608853    -0.933922     -1.04402    -0.279443     0.179538    -0.411148    0.0553441    0.0801478    -0.582888    -0.320661    -0.911209   -0.0215798     -0.60751      0.57673    -0.497528     0.372054    -0.151054     0.092311    -0.286058     -0.11989     0.651202     -1.05113    0.0205238      1.22016    -0.891653      0.20528    -0.471348     0.779091    0.0127782   -0.0835348     0.671501
    0.208469     0.108691        0.726      1.08398     0.591838     0.118179   -0.0114254    -0.180667     0.335515    -0.694362    -0.479826      1.25592     -1.85087     -1.10508    -0.945101      -0.4047    -0.195398     0.317702     -0.71081     -1.40106    -0.785913     0.185945    -0.847547     0.282355     0.230452     0.377494    -0.888876     0.428844     0.417914     0.551946      1.30665     0.538639     -1.12702     0.276663    -0.454546     0.259469    0.0574675     0.261212     -1.03382    -0.368708      -0.6361    -0.621149    -0.752591    -0.343657    -0.647216    -0.582847    -0.651225   0.00687274     -1.06742      1.11099     -1.29042    -0.264459     0.589027     -0.84329     0.703534   -0.0777694    -0.645685    -0.204134     0.590597     -0.30837
   -0.160095   -0.0883586    -0.346404   -0.0850517    -0.311761     0.739431    0.0478971      1.50419     -1.44044     -1.01509    -0.574012      1.18868    -0.559224    -0.432681    -0.505873    0.0828514     0.483413      1.47553    -0.889801    -0.719962    -0.889918     0.530195      1.37422     -0.51043   -0.0995277    -0.850227    -0.833392    0.0283968    -0.713977     0.742372    -0.222097    -0.956127    -0.382928     0.178008     -1.28059    -0.189507      1.18439   -0.0897369    -0.264256    -0.778762    -0.500934     0.620258    -0.819126    -0.298324   -0.0683194      1.20549     -1.17191    0.0796856    -0.550783     0.732823    -0.680316    0.0203281     -1.08067    -0.960845     0.564874    -0.638455     0.730978     -1.00613   -0.0133966     0.167656
    -1.10942     0.718052    -0.473343      0.50694    -0.985369      -1.5394     0.179277     -1.02632     0.131756    -0.642465     -1.00972   -0.0655479     -1.79013    -0.583959     0.642196     -1.14079     -1.02066     0.962627     0.397808     0.498241    0.0177172     0.515851     0.537125   -0.0227486   -0.0963898    -0.969938     0.457157     0.903582    -0.666663     -1.23452     0.342061    -0.846182     0.424998     0.282946     -1.39186      0.58336     0.745239     0.108881     0.788283    -0.789231    -0.153544     0.417914     -1.30255     0.143845     0.576044     0.575105   -0.0610406     0.107523    -0.484416     -0.30157    -0.131591    -0.561473     0.315587    -0.715291     0.366829    0.0659849     -1.00181       1.3317    -0.109355    -0.982999
    0.834302    -0.973041    0.0279768    0.0336743   -0.0694437    -0.620108     0.129002    0.0771779     0.394496     0.566745    -0.954944    -0.301208    -0.257983     0.423369    -0.660684     0.376815    -0.362785     0.333456     -1.11766      0.28757   -0.0353302    -0.347735     0.223257      0.16624    -0.651961     0.385815    -0.125046     0.525879     0.585898    -0.794789    -0.302278    -0.560706    -0.813499     -0.48773    -0.594091     -1.01329    -0.375611   -0.0542066     0.219656    -0.704503     0.879112      -1.0164     0.051852    0.0680862    -0.346864    -0.193728     0.354709    -0.881537     0.160737    -0.680702     0.326122    -0.321641     0.686686    -0.646015    -0.943138     -1.01319   -0.0480966     0.186272     -0.35081      0.43675
   -0.679088    -0.749301     0.339041    -0.627558    -0.355139     0.156613     0.612658     0.490148     -1.10376     0.564153     -1.33913     -1.98419     0.837962     -0.90881     -0.86179     0.473057    -0.258816      1.15339     0.274736     0.218181     0.320917     -1.00597     0.570936    -0.637209     0.500976    0.0720431    -0.171337     0.239054   -0.0507703     -1.59994     -1.40305     -1.50085    -0.239648    -0.932456     -1.12697     0.079699     0.997296   -0.0844208    -0.062506     0.363642    -0.717977      1.00434     0.691813     -1.02394     -1.00945     0.956723     -1.45196     0.416573     0.973535    -0.689009     -1.15621     0.293792     0.197956    -0.532857    -0.310215     -1.01108     -0.64309       1.2643     0.363862    -0.505379
     -1.6429    -0.272058     -1.59592    -0.615258   -0.0114489     0.042489     0.891017     0.188498     0.234876      0.99748    0.0971977    -0.317278   -0.0574991    0.0822215     0.952169    0.0310737    -0.248953     0.494008      -0.8119     0.637319     0.696903    -0.164156     0.925683     -1.12486     0.449002     -1.43904     0.779813      1.14485     0.748308    -0.140994    -0.985235      1.34457     0.522096    -0.297117     0.470237     0.446767      -1.5588   -0.0440188     -0.60501    -0.913851     -0.94178    0.0761028     -0.91898     0.565592    -0.314537     -0.18453    -0.527611     0.433557     -1.39854    -0.987085       -1.512     -0.50335    -0.944814   -0.0843562     0.391359    -0.837622     -1.50962     0.466039     0.640103    -0.574441
    0.599779     -0.99847     0.765573     -1.30118    -0.748003    -0.238624     -0.20869    -0.610406    -0.982557     0.237365    -0.897262    -0.837746    -0.341978    -0.915211       0.4728      1.07959     0.660519     -1.45653     -1.10681      1.16148     -2.30791     0.998498    -0.383648     -1.01034       1.3318     0.127412     -1.08307    -0.276028      1.69539    -0.905216      1.15564     0.675744    -0.991152    -0.395493    -0.768599    -0.399521    -0.649036     0.225201     0.271909     0.301303     0.334694    -0.792636    -0.182671    -0.858096    -0.442606       1.0292    -0.121453    -0.768041     -1.16648     0.161054    -0.114547    -0.113605    -0.294298    -0.734509   -0.0297959    -0.633407     0.656599     0.807674      1.45535      0.62237
   -0.659842     0.432502      1.28463     0.688593     -1.48484     0.999782    -0.934472     -0.23387     0.565223    -0.384828      -1.5596     -1.42795     -0.28269     -1.01938     0.938254     0.872611      1.09294     0.397954    -0.152026     0.908959    -0.285801     0.152989     -1.30486    -0.627746    -0.856015      -1.7983     0.499949     0.535733     0.952795    -0.764216    -0.836094     0.580453    -0.628722     0.428145    -0.126438     -1.19906    -0.662109   0.00622998    -0.584981      -1.0208   -0.0273272    -0.831831      1.10133    -0.831577     -1.13164     0.287473    -0.667825     0.486536     0.547822    -0.744931       1.1493     0.518662      -1.0122     -1.11645      -1.0595     -1.04843    -0.347513     0.676618    -0.423463      0.38157
   0.0354295    -0.441143     0.558887    -0.236364     0.928511     0.470838     -1.78372    -0.691882     0.123906      1.28377    -0.815757    0.0259844     0.243881     0.396405    0.0568834      0.81673    -0.567953     0.366798  -0.00977934    -0.917901    -0.935458    -0.071071      1.41821    -0.772764     0.868535     -1.22016    -0.595401     0.204467     0.226944     0.158006    -0.626718    -0.925285      0.22983     -1.28316    -0.696604   -0.0406232      0.43475   -0.0325157     0.495667      1.04809   -0.0413028     -1.36001     -1.71112    -0.622436    0.0360716     0.798524    -0.518912    -0.229224     -0.46843     0.225029     0.749674     0.584791    -0.969262    -0.831105    0.0340691     -1.15168     -1.18209     0.307969     -0.12035     0.769829
    0.464045   -0.0395231     -1.62364     0.049248     -1.55147     0.273601    -0.757053     -1.15851    0.0963206    0.0968964     -1.06804     0.986134     0.281073    -0.278866    -0.450731    -0.443583      1.31098    -0.301348    -0.549928     0.543875     0.786321     0.843557     -1.22011    -0.482675      1.14495    -0.960691   -0.0838469      0.84239     -1.27444      0.26904     -1.37065    -0.986581    -0.454176      -1.0064     -0.94454     0.566392     -1.58471    -0.384844    -0.960357     0.893543     -1.05075    -0.459183     -1.90217     0.714271       1.0229    -0.513067     -1.80606     0.754665     0.760037     0.581593     0.150275     0.370798    -0.478412     -0.69612     0.535338    -0.158185   -0.0844391    -0.246448    -0.965193     0.174089
    0.583965     0.736627     0.306175    -0.207481   -0.0733809    -0.191177    -0.142314    -0.979714    0.0767598     -1.02164     -1.49623    -0.193965    -0.673284     -1.13785     0.420601    -0.485283     0.837187     -0.47541    -0.676539     -1.60042    -0.392003     -1.08731    -0.413883    0.0290786    -0.952948    -0.396387      0.39688     0.014227     -1.16381     0.281421     0.500793     -1.44571      0.25246    -0.216775     0.560872    -0.530374      1.29733    -0.266788     0.223113     0.430854     0.564385      0.82775     -1.77987    -0.574047     -1.04599     0.713041    -0.999677     0.359053     0.345633     0.139393      1.02365    -0.502859    -0.291426    -0.616588     0.430888    -0.780017     0.810071    -0.504428     -1.19162    -0.167431
   -0.865753     -1.15381    -0.615786     0.280201     0.338397    -0.348736     0.585135   -0.0441587      0.10933    -0.726694     0.562942      0.42716  -0.00839137      -0.1145     -1.28411    -0.504778   -0.0599657      1.32273    -0.752519   0.00928301      -0.6062     0.709067   -0.0617458     0.358777     0.516918     0.240803     0.871054     0.548352   -0.0149079     0.236893    -0.926579      0.31724    -0.211132     -1.23327    -0.173552     -1.05507     -1.16753     -1.10429     -0.46258     0.366302      1.47136     0.304117     0.200981    -0.685915    -0.221821    -0.411986      -1.3031    -0.275108     0.448515    -0.948836   -0.0506414  0.000297017      1.33643    -0.446363    -0.429888    -0.830124    -0.457905    -0.135955    -0.479331    -0.281788
    -1.23494    -0.489876     -1.45384     -0.60005     -0.66606   -0.0853965   -0.0252958   -0.0544226     0.544047     0.455212     0.952989     0.042335     -1.10474     0.570919    0.0592473   -0.0794707     -1.19326     0.376728    -0.312375   -0.0237422   -0.0203098     -0.01473     0.645249     0.563064     0.863372    -0.312559     -1.13499     0.938279    -0.685535     -1.30423   -0.0483428    0.0762148     0.141705    -0.709362     0.291215     0.196055     0.834755    -0.704849    -0.333176     -0.58287     -0.34994      -1.3537     0.466548      0.45393     0.591411     -1.19034     0.957226     0.029479      1.00856     0.212244    -0.766457     0.177488   0.00967465    -0.855478     0.665613     -1.56554     -1.39931    -0.686305    -0.126148     0.259941
   -0.785051   -0.0665295      1.16516      0.36691     0.356318     -1.42032    -0.709259     0.263967     -1.19922      1.30887     0.885625    -0.612236    -0.709748   -0.0850179    -0.360869     0.184367     0.722119    -0.837306     0.194525     -1.18008    -0.820652     -1.32186      -0.9142      -1.0909    -0.852082    -0.625338  -0.00271556    -0.688383      1.07957    -0.289476     -1.24067     0.299792     0.202121     0.406737    -0.166712     0.465611       1.0645  0.000944824     0.284922  -0.00583116    -0.274936     -1.14011     0.178046    -0.453437    -0.801499     -0.55089    -0.387442      -1.3412   -0.0550335    -0.130539     0.705684    0.0124921     0.813731    -0.263148    0.0322331     0.622525     0.852074    -0.380346     0.400915     0.347168
   -0.471076     -1.03101      -1.1404    0.0495817   -0.0242017     0.366137    -0.601916     -0.45445    -0.103065     0.325519     0.276104    -0.929076   0.00185291    -0.188452     0.246437     -1.96332    0.0465556     -1.01285     0.400554     0.474232     0.814276    -0.490365    -0.789811     -1.03772     0.176787    -0.273698    -0.883333    -0.992736      1.07495     -1.62854    -0.116939     0.405909    -0.260284     0.421637     0.162425      1.10898     0.302465    -0.416469     0.192094    -0.121226     -0.29953      1.02912     0.302413     -1.11249    -0.430678      1.21917    -0.143993    -0.179234     -1.65814     -1.22024     0.190225     0.729775     -1.04703   -0.0122819     -1.39846     0.261426    -0.111059    -0.782891     0.582907     0.886005
  -0.0600839    -0.394535     0.556519   0.00885966    -0.237416    -0.514901     0.163635     0.139258     0.622466     -1.46551    -0.845488     0.891244     0.672748     0.585241   -0.0334113     0.965851    -0.263583    -0.243593     -1.67645    -0.996016     0.111505    -0.865926    -0.800251      0.59367    -0.959606     0.818017     0.480237    -0.677116    -0.418887    -0.731661    -0.282412     -1.04967     -0.59466    -0.185748      -1.0207     -0.26877     0.497483    -0.357603     0.192454   -0.0498541    -0.226657    -0.679343     0.110149    -0.829874     -0.30843     0.918288     0.851395     0.886603    -0.582244     0.834101     0.156507    -0.158174    -0.902206    -0.932052     -1.82294    0.0476428     -1.17222     -1.31352     0.665437    -0.293941
   0.0810664     0.280461     0.546956     0.557615      0.89623     0.173135    -0.415709     0.609299     -1.44349     0.443238     0.319815     0.197751     0.467498     0.819656    -0.032044     -1.85853     0.117219     0.195415     -1.41515     -0.31555     -1.19638     0.456656   -0.0525888     0.316576    -0.681601    -0.404121   -0.0908588     0.749723    -0.871886     0.258935     0.120496      1.08452     -1.42601     -1.31644    0.0946843     0.305793     0.174583     -0.61088     0.537091    -0.935496    -0.286419    -0.783448     0.478857    -0.655264     0.332446     0.308415     -1.59565    -0.362139     0.399573     0.279576     0.189221     0.811239     -1.10907     0.382061    -0.700892    -0.673508    -0.158058     0.374872    -0.688955    -0.510712
      0.5973     0.818368      -1.6071     -1.12047    -0.860705    -0.884279   0.00393289     -1.09772     -1.02003      1.56164     0.289852    -0.631813    -0.941612    -0.295386     -1.42401    -0.858961     0.670744    -0.847574     0.575718      0.69664    -0.703877     0.626013     0.128709     -1.14328      1.89203     0.283601    -0.313447   -0.0153985     -1.08888    -0.512451      0.11926     -1.47289     -1.18612    -0.641798     0.510214     0.411465     -1.73627    -0.770829    -0.359288    -0.412025     0.173363    0.0330448     0.999772      1.33468       1.3259      1.11688     0.883589    -0.547054    -0.315715    -0.782794     -1.75244    -0.414234      0.68897     -1.21705     0.320489    -0.123495     0.165434     0.463291     -1.72272    -0.694732
    0.334819    -0.694889    0.0681073    -0.757626      1.21912     -1.57588     0.164206     0.188405     -0.16042      1.49443    -0.238204     -1.27395    -0.625464     0.690397     0.230156     0.733624     0.477167      0.43828     -1.39937     0.113735     0.329873     0.902376   -0.0395824     0.289365    -0.413171     0.347974     0.202841     0.926329     0.528317    -0.783999  -0.00574351     0.501521    -0.202146     0.395163     -1.65076     0.762477    -0.500084     -1.26109     0.595057     0.060062    -0.674434    -0.335016    -0.994239     -1.33969     -1.37205      0.23463    0.0991778    0.0866114     -1.24259      1.39742    -0.171549     -1.01289    -0.639065    -0.741713     0.494529     -1.09598    -0.875361     0.432628      -1.0382    0.0382132
   -0.778819     0.249311     0.854469     -1.27127     -1.15063    -0.162372     0.377595      1.64508  -0.00159171     -0.30936     0.763885     -1.45841    -0.726292    -0.678124    -0.176807     -1.14501     -1.16382   -0.0268111    -0.692055    -0.343664     0.600174     0.800519    -0.810334    -0.781033     0.175464   0.00177442    -0.438603     0.362754    -0.590462   -0.0480893    -0.371147     -1.45089     0.320146    0.0595267       1.4222    -0.101725     -1.86551    -0.242865    0.0182404    -0.592484    -0.145263     0.641302    -0.827532    -0.495939   -0.0836148     0.774066     0.614365    -0.138226     0.838987    -0.287905     -1.17593     -1.31629    -0.675085     0.528397    -0.278579   -0.0710563     0.625283    -0.392946    -0.562016    -0.122417
   -0.759859     0.224125    -0.377869    -0.860506     0.311022     -1.81862     -1.19578      1.72135     -1.10112    -0.857638    -0.283139    0.0396408     0.557772      0.36387    -0.189283    -0.410279     -1.26951     0.511593     0.134491     0.566059    0.0366876     -1.23903      0.42293    -0.891589    -0.766694     0.580502    -0.541119     0.350464    -0.839279    -0.324814     0.329413      1.28696    -0.577461     0.962578      1.75005      0.15244     0.585737    -0.482775     0.789964      1.29406     0.868829    0.0953324     -1.21641     -1.03264     0.527444     0.786387    -0.642395    -0.720908     -1.04171    -0.633781     0.298124    -0.405093     0.611136     -1.26075     0.277357    -0.543902    0.0642357    -0.873252     0.352843    -0.478755
     -1.6699     0.315553     0.190094     0.152557    -0.389146     0.407927    -0.375179     0.585663     0.360077     0.319884    -0.266086     0.215133     -0.21702      -1.0705     -1.30074     0.107745     -0.92515    -0.530541    -0.779443      -1.3217    -0.412994    -0.893424      1.46006    -0.643353     0.995596     0.663897     0.129049    -0.660255    -0.426257     0.535962     0.923642    -0.600881    -0.735225   -0.0594209     0.234333    0.0413893   -0.0211933    -0.668921      1.74059      0.92615    -0.848849    -0.242371     0.966313    -0.546235     0.625049    -0.134044    -0.930438     -1.35469     0.680089     0.202835     -1.51483     0.171762    -0.418521    -0.172625     -1.18982     0.769214    -0.475249     0.676302     0.271642   -0.0164512
   0.0278172     0.707574    -0.660926      1.22362    -0.307163   -0.0662483     0.724294     0.712262     0.183017    -0.124867     -1.14143    -0.167816     0.477332     0.179801     0.804001    -0.377032     0.956008     -1.10162     -1.32931     0.198961     -1.87894    -0.501243     -1.10518     -1.17529    -0.827959    -0.700985     0.440606    -0.214459     -1.17826      0.38046     0.883584    -0.212338    -0.229094    -0.458276    -0.951135    -0.238693    -0.192918     0.119398      1.56136     -1.36359    0.0955406    -0.509176    -0.658718     0.854758      1.27459     -1.13416     0.472883    -0.231876     -1.18138    -0.505648     -1.29538      1.24669    -0.220681    -0.472229     0.848312     0.681968    -0.868341    -0.882939     -1.28838     0.446293
    0.875175     0.837078     0.583131      -1.0216   -0.0489896     -1.46305     0.500625     0.706168     0.871094     -2.00619    0.0271876    -0.585634    -0.737969     -1.17703     0.533864    -0.384478     0.510696     -1.32375    -0.164734   -0.0558524     -1.03077     -1.16072     0.656406    -0.818691     0.233842     0.905282    -0.526008    -0.835196     -1.40375     -1.31223     0.392904       1.4373    -0.598027      -1.0119    -0.650822   -0.0229171     0.882915    -0.710358    -0.926931     0.864766    -0.482605       0.1004      1.30364     -2.13733    -0.140852    -0.218268    0.0622922     0.631559     -1.32672     0.389261     -1.20589     -1.63648    -0.635026      0.34525     0.232968    -0.987282     0.167424     0.137432     -1.39131       0.6029
     1.04822     -1.38274    -0.807306     0.549127    -0.366443      0.35864        0.849     0.613288    -0.604604     -1.25848    -0.076313     0.264014    -0.423478    -0.722867    -0.468593     0.469185     -1.17234     -1.00624     -1.34738     0.113891    -0.268662      1.03328    -0.205825    -0.545117     -1.25706    -0.931314      0.69319    -0.658458      0.29024     0.668897     -0.66912      1.11123    -0.760491     0.345902     -1.00974    0.0685675    -0.198508     0.702191     -0.99172      1.20982    0.0204182    -0.306299     0.591235     0.573922      1.24167   -0.0385141     -1.36072    -0.299373      1.10071   -0.0437196     -1.22888    -0.954904    -0.990066     -1.15301    -0.500552    -0.643352     0.791864     -0.79078    -0.849624    -0.828015
    0.581856     -0.77775     0.955394    -0.626436    0.0499652     0.501118     0.660051     0.549242    -0.519237    -0.309479    -0.240079     0.697659     0.482855    -0.497162    -0.211121     -0.64324    -0.244071     0.423034     0.614602    -0.046589    0.0811942    -0.781351     -1.08874    -0.410514      -1.1176     -1.19468   -0.0383182     0.664033     -1.35105     -1.25705     -0.16939    -0.169237     -1.02074     -1.32332       1.2748     0.330835    -0.952859   -0.0697243   -0.0945443     -1.09859     -1.08617    -0.536311    -0.357507     0.286146     -1.31964    -0.685019       1.0439    -0.255256     -1.67816     0.776491    -0.588354      1.12416      1.26816     0.381954     0.501651     -1.04394         0.39    0.0376733    -0.293116     0.387432
   -0.367654   -0.0348882    -0.239053     0.142341     0.144098     0.626335    -0.832043      1.14493     0.734625     -1.12952   -0.0459453    -0.694864    -0.250456   -0.0578199     0.219386    -0.830861     0.423712     0.639487    0.0394635    0.0275424     0.404258     -1.03638    -0.179604    -0.579817    -0.298091       0.7631    -0.116386     0.321162     -1.03985    -0.827706    -0.328779     0.317144     0.115499     0.150711    -0.395814     0.534896     -0.48743      -1.6643    -0.373296    -0.289442      1.51997     0.180287    -0.693694     0.255243     -1.40516    -0.201402     0.301642    0.0358128     0.925775    0.0434223    -0.299206    -0.894404    -0.589881     -0.45078     -0.25892      0.16223    -0.677239    -0.136861     -1.14678      1.67662
   -0.283877     -0.19122     0.775998    -0.904299    -0.216701     -1.55481    -0.512741      1.02533    0.0695422     0.611896    -0.351615     0.478043      0.28731    -0.753399   -0.0825412     0.440688    -0.497829     0.427231     -1.10398    -0.831367   -0.0709227     0.139977     0.126813   -0.0986533      0.89796    -0.880711     0.934943     0.521265    -0.569528    -0.211228     -0.20117     0.709181    -0.531763    -0.935257     -1.31404     0.678165    -0.570463    -0.279381      1.11838    -0.851914    -0.269502    -0.487647     0.237517     0.236985     -1.07885     -1.19203    -0.699126  -0.00390574     0.374667    -0.297848     0.857323    -0.356607     0.491002    -0.110376   0.00867403    -0.267041     0.115796    -0.358854    -0.660128    -0.689095
    0.620911    -0.101602    -0.968032     -1.32221    -0.950527     0.323379     -1.58427    -0.344817    0.0637675     -1.07118    0.0451689    -0.943686    0.0353215     0.216314     -1.43394     0.317295    -0.551146     0.034472     0.214816     -1.08392     0.771438     -1.30522     -1.07421    -0.295571     -1.01397     -1.27298    -0.283935   -0.0372234     0.776831     0.962286      1.16658      1.10802    -0.391036    0.0745457     0.902455     0.449281     -1.04032       -1.055      0.71541    -0.346127     -1.09715    0.0512222     0.925299     -1.41488     0.154422    -0.769143     0.491135     0.627643    -0.356491    -0.557871    0.0402321     -0.66209     0.363767     -1.20654     0.684655     0.138273    -0.759117   -0.0542474    -0.138875    -0.269278
