no weights
   0.0612301    -0.050331    0.0448905    0.0218755     0.117237    0.0630695    -0.108261     0.097313    0.0253474     0.103232     0.121571   -0.0338793   -0.0654597    0.0702903    0.0794037    0.0643944     0.136787    0.0272151     -0.11067    0.0791623   -0.0127107    0.0542781     0.156527    -0.107128   -0.0816184    0.0901599     0.148621     0.177794     0.112461    -0.092351   -0.0307596     0.121879     0.128684     0.102196    0.0561892   -0.0647122   -0.0620539     0.222135    0.0856194    0.0873201     0.194642    -0.088435    0.0992452    -0.137835   -0.0630223   -0.0163084   -0.0982108    0.0491334
   0.0222075    0.0716077    0.0433995    0.0426723    0.0998379     0.103276    0.0756017     0.068212    0.0231459    0.0465516    0.0508569     0.100647     0.063752    0.0139799    0.0145964    0.0758331    -0.043862     0.134341     0.125194    0.0679541    0.0424628   -0.0288582     0.128953     0.113211     0.074727    0.0625879   -0.0305902    0.0456821    0.0283645     0.167512     0.140752   -0.0483826   0.00330145  -0.00941881     0.044044     0.116465     0.074363    0.0241895  -0.00277398    0.0725033    0.0761925     0.143657    0.0611527    0.0586888    0.0841944     0.124308     0.146333    0.0949525
   0.0385085     0.013019    0.0582315    0.0130059    0.0343649   -0.0267915    -0.024375     0.105744     0.059832     0.109374  -0.00489691    0.0153925     0.112168    0.0527214     0.130241     0.112143   -0.0587825     0.159508   0.00788066     0.140838   0.00726069    0.0024095    0.0178344    0.0812845    0.0118139    0.0871714     0.163016    0.0876216   -0.0577062    0.0623628    0.0278584    0.0211349     0.140357     0.176097   -0.0322708  -0.00811813   -0.0263091     0.128405    0.0664761    0.0722689    0.0903288    0.0706157    0.0494232     0.121003    0.0367082    0.0444264  -0.00812772     0.113332
   0.0686723     0.094711     0.181613     0.106766     0.138573     0.107611      0.04573     0.076574    0.0785931   0.00391793   -0.0116328     0.167912   0.00296795   0.00994614    0.0267697    0.0799983    0.0200915      0.07672    0.0829317    0.0373142     0.126278    0.0543084   0.00897927     0.099787    0.0691638   0.00878851    0.0521007    0.0478309    0.0613388    0.0187607    0.0479638    0.0209469   -0.0385274   0.00884384   0.00773507    0.0635422    0.0844926     0.025856   -0.0160539    0.0692139   0.00789841    0.0946204    0.0364635     0.163493    0.0607201     0.141638      0.11858   0.00940282
    0.145669    -0.017926   -0.0342477   -0.0362026     0.121231    0.0434554    0.0291766    0.0757135    0.0739268    0.0985919     0.076348   -0.0343474     0.115617     0.070282    0.0995718    0.0509727    0.0766458    0.0192904     0.108903     0.137322   0.00924394   -0.0860323     0.100997    0.0182197    0.0785537     0.108675    0.0193116     0.141138     0.111203    0.0213735     0.115664    -0.024087     0.173939    0.0453065     0.100097    0.0157032   -0.0362178     0.095674    0.0105772   -0.0350674    0.0610334   -0.0119841     0.121662 -0.000688567    0.0416291    0.0522739    0.0483661     0.123617
   0.0864269    0.0637084   -0.0258285    0.0181756     0.116732  -0.00727498    0.0679384   -0.0128911    0.0682581    0.0417318    0.0833908    0.0527105     0.193246     0.013104    0.0786542  -0.00884183    0.0748652     0.108979    0.0489419     0.154242   -0.0141921   -0.0397126    0.0965544    0.0790965    0.0876891    0.0929705    0.0259511     0.146197    0.0393585   0.00258967     0.156219  -0.00394108      0.12835     0.104626     0.101921    0.0966948    0.0518395    0.0419631    0.0640537    -0.019943     0.115308    0.0761551     0.149782  -0.00794837    0.0281146   0.00516094     0.134664     0.061572
  -0.0685375    0.0867415     0.154417    0.0795198    0.0273364    0.0228935   -0.0517581    0.0592586    0.0950243      0.10885    0.0384284   -0.0190472   -0.0281763    0.0143437    0.0880471    0.0226392    0.0277425   -0.0057296    0.0343477    0.0063085     0.103401  -0.00760208     0.108592    0.0383566   -0.0190738  -0.00428601     0.164413    0.0693064     0.143576   -0.0201603   -0.0110715    0.0973287    0.0691129     0.164683     0.160452 -0.000425566    0.0361105     0.137737    -0.015464    0.0857992     0.226441   -0.0036593      0.11411   -0.0319609   0.00101111    0.0781856     0.100852    0.0795899
   0.0721198    0.0877223   -0.0349652    0.0625997     0.106631    0.0689085     0.122819    0.0235563   -0.0168822     0.021778    0.0692579    0.0266571     0.175889     0.105117   -0.0495838    0.0665324    0.0502394     0.121109    0.0537191     0.156646    0.0386712     0.167617     0.147255     0.110627     0.043919    0.0544297   -0.0407333     0.108279    0.0591018        0.115    0.0646513    0.0315204    0.0304632     0.118206    0.0641478    0.0756445    0.0700554    -0.006464    0.0302046     0.100145   0.00464366       0.1525    0.0843989   -0.0447489    0.0829659     0.019054    0.0652113    0.0818612
   0.0884012   0.00775844    0.0371191    0.0946856     0.107241     0.129702    0.0573338    0.0676013   -0.0106752     0.117705    0.0753674    0.0262055    0.0124269    0.0540096    0.0444244    0.0595585     0.161888    0.0532993   -0.0369066     0.117827    0.0624618     0.127524     0.141581    0.0383551 -3.89878e-06    0.0858263    0.0676219     0.150733    0.0661812    0.0231385    0.0550792     0.146696     0.122984    0.0985656    0.0552625    0.0720331    0.0472778      0.13985    0.0096262    0.0596507     0.170641     0.061727     0.075682   -0.0349171   -0.0587332   -0.0719123   -0.0196649    0.0875935
   0.0177567     0.026928   -0.0138029   -0.0702117    -0.109861  -0.00469301     0.079984     0.103361    0.0810286    0.0540285    0.0371638   -0.0533334     0.163624    0.0404982    0.0920834     0.056484   -0.0718991    0.0460325     0.157213    0.0873635    0.0500309   -0.0751498    0.0796866    0.0608553      0.19719    -0.025758    0.0549164    0.0103551  7.38086e-05     0.057278     0.173675    0.0302619     0.148289    0.0175921   -0.0282052    0.0965995     0.133079    0.0578862    0.0426664   -0.0458886    0.0295287      0.10605     0.162961     0.133681      0.02584    0.0838499     0.141303     0.187304
   0.0330735    0.0461621    0.0110285    0.0679984     0.115149    0.0426285    0.0764882   0.00642874    0.0429163     0.105754     0.106388   -0.0321223    0.0574085    0.0439437     0.111317    0.0883188    0.0883105    0.0475343     0.122045     0.103138    0.0900534    0.0833608     0.101086   0.00412301     0.121994    0.0411885     0.101461    0.0836842     0.063836 -0.000494843     0.143027    0.0701935    0.0944424     0.153182     0.083042    0.0362605     0.131941    0.0111018     0.119963    0.0720903    0.0880782    0.0398795     0.137455    0.0169114    0.0934724     0.107318    0.0583398    0.0868406
   0.0307919   -0.0219717    0.0898103   -0.0212233    -0.013916    -0.028217    0.0389248    0.0885993     0.136075    0.0189817    0.0914324   -0.0255658   0.00794108    -0.011626     0.111931    0.0604788    0.0526744    0.0743396  -0.00930551    0.0227414    0.0636144    0.0367003   -0.0117715   0.00182441     0.012016  -0.00534305     0.159099    0.0278033    -0.052019    0.0796451    0.0342641    0.0226651     0.191219     0.102836     0.031765   -0.0378883   -0.0366766     0.107566      0.20582     0.118625    0.0991382    0.0197009    0.0197378        0.135    0.0691492     0.150506   0.00265009    0.0269838
   0.0160823     0.104405    0.0678366     0.111581    0.0465886    0.0117836    0.0560482    0.0652675   0.00578587    0.0623638    0.0252945    0.0506991     0.123433    0.0773221    0.0542154    0.0986451   0.00507558   -0.0010238     0.089123    0.0685664     0.100126    0.0715838    0.0673119    0.0591733     0.138551   -0.0281742   0.00226907   -0.0183226     0.088992    0.0788315      0.10007   0.00921343    0.0987622    0.0444635     0.079683    0.0875804     0.141418    0.0542064    0.0133965    0.0495695     0.111436    0.0888742    0.0960008     0.010345    0.0996904     0.101954     0.129415    0.0859367
  -0.0340897    0.0106799    0.0817711    0.0308646   0.00806139    0.0874026   -0.0395024     0.045702    0.0796677    0.0307818     0.162523    0.0466414   -0.0450421    -0.043831    0.0903745    0.0065319     0.244348    0.0042546    -0.191788     0.181729   -0.0275168     0.124562    0.0279578    0.0400411    -0.102928    0.0869608     0.172228    0.0693297    -0.013147   -0.0651221   -0.0955312      0.18012     0.159487     0.142102    0.0799763   -0.0233767    -0.155792     0.215562     0.131522     0.108877     0.178305   -0.0494393      -0.0695   -0.0911585    0.0380034   -0.0304097    -0.125019    0.0532086
   0.0832291     0.126531    0.0251777     0.110887    0.0700586    0.0245327    0.0775773    0.0446184  -0.00937735    0.0881756     0.062688    0.0751818     0.105017    0.0381967    0.0144692    0.0757001     0.130941    0.0932528    0.0613912       0.1508    0.0667016     0.145196    0.0561646     0.111166   -0.0067319    0.0487553    0.0952643     0.058432    0.0800096    0.0299359    0.0369391     0.112142     0.105745     0.146829    0.0217915     0.141982    0.0164408     0.084341     0.053873      0.11622     0.055482     0.106911  0.000571226    0.0098403    0.0392488   -0.0595407    0.0639803    0.0163522
     0.11241     0.145697     0.130009     0.103215   0.00570061   -0.0432241     0.142054    0.0272523    0.0693012     0.046121   0.00261007    0.0929714    0.0782364   -0.0183135   0.00789654    0.0291685   -0.0410753    0.0713425     0.112177    0.0977891     0.106764    0.0765052    0.0160915    0.0748605    0.0497111    0.0923781    0.0671965    0.0467895     0.023765    0.0584102     0.105064  -0.00139768    0.0980228   -0.0150675   -0.0527585    0.0220763    0.0414973    0.0512369      0.12021    0.0531783   -0.0485079    0.0507588    0.0669657     0.108347     0.160229     0.100402    0.0738062    0.0728237
  0.00606756   0.00537432    0.0663677     0.142649    0.0809216    0.0599753   0.00877997    0.0236316    0.0346467     0.152561     0.076566     0.100369    0.0132493     0.073781    0.0367189    0.0314229    0.0925052    0.0421685    0.0982065    0.0792222    0.0683328    0.0615948    0.0528441    0.0646192    0.0793364    0.0253515    0.0666073    0.0993336    0.0514461     0.061157    0.0503356    0.0563825    0.0586851    0.0728453    0.0502865    0.0990434    0.0387743    0.0808843    0.0442063    0.0857551     0.142792    0.0513477    0.0292924     0.101159     0.115933     0.104095     0.145096    0.0960379
   0.0457458    0.0794901     0.117252    0.0327662     0.135195    0.0829679    0.0596435     0.112887    0.0936347     0.120096 -0.000620483    0.0520931    0.0934554    0.0427583    0.0367656    0.0699298    0.0424395    0.0121403   -0.0279707    0.0856052     0.134236    0.0989435     0.039165    0.0608524   -0.0119317    0.0636264    0.0674222    0.0930194    0.0274679    0.0494694   -0.0393556    0.0817698    0.0469557    0.0388434   -0.0221071    0.0778132   -0.0326489    0.0692621    0.0775603    0.0656716   -0.0120552     0.048742    0.0241113     0.100706     0.199474     0.165053    0.0519492    0.0220065
    0.144371    0.0214972  -0.00496436    0.0119923   -0.0207716  -0.00960514    0.0894157   -0.0626305   -0.0861939   0.00782459      0.18706    0.0261157     0.127715     0.012852   -0.0148908     0.101504     0.145837   0.00330847   0.00377094    0.0668813    -0.105581    0.0488541     0.078044   0.00510014   -0.0089785     0.109504    0.0972445    0.0960716     0.084033     -0.01766    0.0265656    0.0900291    0.0317542     0.169014    0.0168829   -0.0196631   -0.0153085     0.139537    0.0377266    0.0768051     0.149594   -0.0793578     0.190113    -0.125017   -0.0263037   -0.0815195   -0.0117572     0.178871
 -0.00659537     0.204459     0.236043     0.163625     0.142057      0.01833 -0.000222874    0.0714592    0.0982305    0.0611583    0.0218374    0.0437841   -0.0403149    0.0243328     0.061917    0.0809593    0.0605741       0.0618    -0.026246    0.0147916      0.10048     0.158828    0.0266695     0.101521   -0.0036713    0.0966485    0.0920268    0.0159594    0.0184457    0.0760888   -0.0429951     0.114458    0.0544447  -0.00993245    0.0863338   -0.0207385   -0.0511968    0.0365964     0.129687     0.130942    0.0734555   -0.0108206   -0.0819559     0.119288     0.118203    0.0211751  -0.00246319    -0.100129
   0.0748741    0.0849405    0.0994726    0.0445701      0.01071     0.138471   -0.0610533     0.102645     0.112801   0.00829721    0.0783616    0.0463343    0.0323612    0.0230017    0.0590125    0.0469545     0.144568    0.0610953   -0.0203941    0.0492558     0.134889    0.0993494     0.145252   -0.0580351   -0.0433564    -0.042831     0.137555    -0.037891   0.00354416   -0.0168995   -0.0396054     0.106413    0.0786286    0.0350583     0.127504    -0.037258   -0.0148413     0.185292     0.103916  -0.00950047     0.154241    0.0029347   0.00796966    0.0363912   -0.0536564    0.0331698   -0.0520595    0.0849881
   0.0419519     0.153834     0.196673     0.151315     0.190665   -0.0100105    0.0308636    0.0501135    0.0355065  -0.00369753    0.0753559    0.0204746  -0.00860512    0.0157867    0.0171191    0.0116237     0.103061   -0.0393353   -0.0164444   -0.0141942     0.106378     0.134997    0.0404167   -0.0203702    0.0124004    0.0359074     0.156146    0.0897392    0.0404993   -0.0236284   -0.0429037    0.0180221    0.0426243    0.0531764     0.108117   -0.0484709     0.106622     0.111085     0.119532    0.0547644    0.0678953   -0.0144758    0.0335251    0.0935037     0.036561     0.110192    0.0564575   -0.0145941
    0.115866  -0.00966489  -0.00790518    0.0168358    0.0586026   -0.0111992   -0.0417917    0.0302339   -0.0133678     0.152676    0.0998282    -0.013437   -0.0106643   -0.0286015    0.0175306    0.0812538     0.101945   -0.0154391   -0.0905784    0.0839777   -0.0744478     0.056739   -0.0161252   -0.0993665   -0.0509537    0.0723631    0.0813412     0.170903    0.0386073   -0.0951225    -0.029956     0.156006    0.0833726     0.192821  -0.00707843   -0.0667694   -0.0628489    0.0613286    0.0855977     0.110594    0.0930648   -0.0561139    0.0867482    0.0193847    0.0191892    0.0673847    0.0678116    0.0176427
    0.113599    0.0133147    0.0823373     0.136238    0.0734273     0.132431    0.0721854    0.0897447    0.0788386    0.0145189    0.0483712      0.13392    0.0326428     0.104493    0.0954144     0.117452     0.113739   -0.0219045     0.118093   -0.0328645    0.0312233       0.0622    0.0168335    0.0805467    0.0971875    0.0597095    0.0893251   -0.0103103    0.0230683     0.073276    0.0521612    0.0811941    0.0301126  -0.00394382    0.0547692  -0.00470278     0.102975     0.106886      0.11421    0.0784385    0.0611033      0.02121    0.0221491     0.101595     0.162735     0.153737    0.0930762    0.0803228
   0.0960192    -0.043349   0.00260914   -0.0253434    0.0428452    -0.016914    0.0676556    0.0467108    0.0594607    0.0105854    0.0248441     0.029946    0.0476001     0.096207    0.0937271    0.0723554    0.0411061   -0.0350943    0.0854372   -0.0365966  -0.00844021    0.0304715    -0.102797    0.0903493     0.014327     0.132215    0.0737128    0.0448264    0.0591316    0.0867021    0.0722818    0.0142263    0.0653705    0.0349305    0.0795942    0.0214666    0.0609364    -0.113708    0.0813941    0.0227984    -0.117926    0.0404691    0.0511169     0.170079     0.251515     0.189543    0.0888853    0.0197859
   0.0332189    0.0525774     0.070614    0.0418219    0.0137064      0.10162    0.0883174    0.0204901    0.0507466   -0.0205686    0.0243909     0.074189    0.0837717    0.0774176    0.0317107    0.0378286    0.0684582     0.061637  -0.00139928     0.103098    0.0695129    0.0876795    0.0213676    0.0776808    0.0666832    0.0948469     0.102845   0.00461168   -0.0367385     0.125095  -0.00530095     0.102053      0.14561    0.0270637  -0.00660488    0.0841204    0.0991395    0.0559009     0.180998    0.0704056    0.0526446    0.0840896    0.0349007    0.0945047    0.0877634     0.110572    0.0413006    0.0383415
     0.10813    0.0314945    0.0966337     0.123796     0.160809    0.0479561     0.079472    0.0727594    0.0721486  -0.00216995     0.142168  -0.00503134    0.0333189    0.0489413    0.0863374    0.0477741     0.149663    -0.102449    0.0898622    0.0495516   0.00371526    0.0700419   0.00570818   -0.0637319   0.00370319     0.104745     0.066634    0.0229055     0.127759   -0.0174799   0.00362911     0.127152    0.0220034   -0.0343242    0.0501468   -0.0486379     0.120067    0.0143953     0.111084   -0.0120007    0.0822062    0.0546015     0.015035     0.149371     0.154925    0.0970736    0.0529134    0.0332681
    0.151356      0.13002    0.0902793     0.180258     0.125153    0.0772724      0.12548   -0.0140293   -0.0408499    0.0527395    0.0109455    0.0932157    0.0176654    0.0423436    0.0331021     0.117683    0.0156302   -0.0322516     0.188776   -0.0682387   -0.0175479     0.118869    0.0551188    0.0709465     0.182297    0.0434496   -0.0730354   0.00532953    0.0239316    0.0643997      0.17583    0.0270086    -0.137966   -0.0147101    0.0235401     0.122401      0.18224   0.00557058  -0.00674755     0.117935   -0.0473043    0.0977391    0.0308649    0.0670149    0.0280104      0.08793     0.197785    0.0400683
    0.192339    0.0280853    0.0464204  -0.00302191     0.098387     0.126631     0.142989     0.102012    0.0851332  -0.00266646     0.130905    0.0520656  -0.00426735    0.0783451    0.0750155    0.0277252     0.176914   -0.0585999    0.0530686    0.0819566     0.114955     0.109365    0.0945384    0.0412663    0.0429737     0.119511    0.0971315    0.0294119    0.0401834    0.0569494    0.0188559     0.120517    0.0386347    0.0256777     0.107517    0.0563857     0.042895    0.0879082     0.209413     0.080605    0.0609291   0.00774921    -0.021355    0.0762317    0.0454993 -0.000234308   -0.0622069   -0.0124969
    0.123382    0.0478197  -0.00778792    0.0262382     0.094338    0.0474221     0.165698    0.0625733    0.0516135    0.0924058    0.0296057    0.0213048    0.0998695     0.078947    0.0957371    0.0608853   -0.0205585   0.00929145     0.172303   -0.0247547    0.0169398   -0.0613086   -0.0739814     0.122072     0.197812     0.123087   -0.0182039  -0.00607362     0.122352    0.0527159     0.209087   -0.0219427   -0.0268987    0.0172508    0.0077204     0.115007    0.0743282    -0.178021    0.0171293   0.00905965    -0.106199     0.135044    0.0531178     0.157537     0.158581     0.147029     0.180492     0.081214
  -0.0157921    0.0416762     0.158101     0.135868     0.142543    0.0434867    0.0137227     0.032694    0.0996773    0.0118209  -0.00294037   0.00859214   0.00146847   0.00252506    0.0438654    0.0806445    0.0855413   -0.0272682   -0.0438214     0.102964     0.111451     0.147656    0.0217539   -0.0192716   -0.0130111     0.113706    0.0936289    0.0604218    0.0194585    0.0337465   -0.0286307     0.118151      0.14337    0.0350486   -0.0293672  -0.00384624   -0.0199461    0.0872952     0.115813     0.116399   -0.0407659    0.0265311   -0.0634599    0.0946795     0.171189     0.136377  -0.00878629     -0.02425
   0.0862235    0.0595314    -0.013988   -0.0310976  -0.00156677   -0.0588613     0.118312     0.109299    0.0584954    0.0247406     0.114894    0.0368891     0.168829    0.0909981    0.0363336    0.0272988    0.0188238    0.0829463    0.0335215      0.13752       0.1141    0.0927801    0.0420016    0.0533073    0.0667174     0.125564     0.113379     0.111328   -0.0119262    0.0876093    0.0688316   0.00834635     0.143061   -0.0130509   -0.0387915    0.0573411     0.113074    0.0801261     0.121353    0.0366953    0.0192985    0.0784856    0.0630074    0.0202041     0.077195    0.0113946    0.0597577    0.0825287
  0.00495166    0.0763048  -0.00283455   -0.0239413    0.0813717   -0.0664076     0.147365    0.0953641     0.118614    0.0191987    0.0643546  -0.00509664     0.148775    0.0646267    0.0728405    0.0738876    0.0569255    0.0834416     0.130562    0.0311522     0.073127    0.0258562     0.005966    0.0381844     0.106809    0.0829256     0.043048    0.0702714    0.0166223    0.0515385     0.136771    0.0753418     0.122918    0.0280865    0.0950594    0.0208025     0.113494    0.0490297    0.0725163     0.094959    0.0942867    0.0791553    0.0235991    0.0449865    0.0881874    0.0846945     0.111855    0.0943473
    0.118479    0.0239012   -0.0397883    0.0679174    0.0149569    0.0707294     0.074717   -0.0328372   -0.0453033    0.0247705    0.0490369    0.0429606     0.105575    0.0042392   -0.0420379     0.131154    0.0856163    0.0904797     0.120966    0.0788531   -0.0702418    0.0925669   0.00029009   0.00644332    0.0370408    0.0988655   -0.0151759      0.15434 -0.000997361    0.0353598    0.0859591     0.122303    -0.052064     0.075766    0.0467043    0.0311905      0.14047     0.152803    0.0501818     0.083854    0.0332457    0.0640958     0.145197   -0.0720833   -0.0140953   -0.0235364    0.0964908     0.186485
 -0.00693516    0.0602895     0.192034     0.105163    0.0664845     0.164162  -0.00611905    0.0640072     0.121307     0.043156   -0.0108582     0.139875   -0.0923132    0.0176972      0.12258     0.145405   -0.0470456    0.0443213    0.0701006   -0.0661719    0.0490454   0.00407296    0.0635158    0.0292078   -0.0179532   -0.0781268    0.0941746 -0.000409031    0.0136612     0.108997    0.0121849   0.00999435     0.019253    0.0226886    0.0946038     0.154398    0.0569418    0.0768917    0.0245878     0.108419  -0.00416309     0.143369    0.0537318    0.0817273    0.0824318     0.138063     0.107486    0.0983833
 -0.00875382     0.111102     0.212796     0.135365      0.14523    0.0625012    0.0313049     0.128618     0.108442    0.0315688    0.0542115    0.0414892    -0.036147     0.070221    0.0450041     0.119377      0.11803  -0.00663015  0.000290426   -0.0143434      0.12184     0.104462    0.0618457   -0.0382733   -0.0702274     0.102082     0.177764    0.0549258    0.0387489   -0.0166297    0.0185756    0.0221109    0.0896125    0.0990909     0.015077   -0.0153682   -0.0294505      0.11464     0.147668     0.126391    0.0959284   -0.0206214    0.0233091    0.0440031    0.0509553    0.0168673    -0.014725     0.052064
  -0.0550478    0.0731979     0.206293     0.179059    0.0610642    0.0851173  -0.00714373     0.136555    0.0805193    0.0506195    0.0281217     0.157877   -0.0967428    0.0976379    0.0503832    0.0236675    0.0712405    0.0920923  -0.00783857   -0.0773896     0.125754    0.0559643    0.0441999    0.0777083    0.0374925    0.0199411     0.101454   -0.0341362     0.115199     0.117455    0.0871592   0.00154575   -0.0385358   -0.0128568     0.122809    0.0797555   0.00282677    0.0756727     0.120297     0.084652    0.0252168    0.0665809   -0.0466866     0.169716    0.0901772      0.15436    0.0385339   -0.0883205
    0.198935    0.0770781    0.0711555    0.0965752    0.0183151     0.192176    0.0735369   0.00159169    0.0924033    0.0180039    0.0219647    0.0475292    0.0574328     0.111122     0.015876    0.0186632    0.0824811    0.0646051     0.123092    0.0677683     0.021907    0.0630326    0.0274639    0.0181089     0.140851    0.0397843    0.0919903   -0.0146619   0.00424813     0.123519     0.134932    0.0282633   -0.0237922    -0.024987    0.0789471    0.0937157    0.0959271     0.121076    0.0319857     0.031311  -0.00679445    0.0976456      0.08845     0.162832  -0.00922687    0.0168695    0.0901649    0.0755842
   0.0018071      0.03105    0.0707075     0.139538     0.115366    0.0164993    0.0661679    0.0788703    0.0702649     0.118273    0.0359676    0.0792629  -0.00751327    0.0494361     0.112147     0.113312    0.0746114    0.0590491   0.00179957    0.0722737    0.0236697    0.0732865   0.00778961   0.00519965    0.0544955       0.0292   -0.0143097    0.0691132   -0.0132313    0.0582895    0.0188804    0.0885893     0.129992     0.104569    0.0087943    0.0167913  -0.00666563    0.0890447     0.137237     0.115724    0.0260004    0.0355959   -0.0475351    0.0962797     0.237501     0.124799    0.0794981     0.073049
    0.110553     0.062806   -0.0262587   0.00591116    0.0403338    0.0228905     0.102354    0.0604561    0.0484103    0.0409777    0.0539996  0.000538455     0.180868    0.0896153     0.028687    0.0629145   -0.0111959    0.0598606     0.223729    0.0847536     0.118875   -0.0716642     0.131915     0.126476     0.186568    0.0472818    0.0345538    0.0639231    0.0965046    0.0988874     0.209785   -0.0578712   -0.0121783   -0.0330619    0.0322282    0.0494742     0.125755    0.0267026   -0.0205759   -0.0152849   0.00987202    0.0504675     0.171235    0.0709583    -0.051613   -0.0206502    0.0518341     0.113185
  -0.0795458    0.0377301     0.157612     0.146818    0.0919248    0.0484745   -0.0122405   -0.0171264    0.0283096    0.0983914   0.00904167     0.146072    0.0121547    0.0143394    0.0815144    0.0155474  0.000319408     0.111217   -0.0277202     0.148936    0.0815205    0.0933787     0.115329    0.0774785    0.0631346      0.04262    0.0340306     0.132249     0.113246    0.0524367   0.00282528    0.0514406  -0.00328293      0.13834    0.0215447    0.0248333    0.0498355     0.154285   -0.0376203    0.0564672     0.143657    0.0372982    0.0844684    0.0270794    0.0609179    0.0571717    0.0807995    0.0580791
   0.0180113    0.0530462     0.111517    0.0900229     0.140073   -0.0302366    0.0657052    0.0530239     0.106596     0.126772    0.0648648    0.0250092    0.0706541   -0.0101453     0.104807     0.114369    0.0842653   0.00644219    0.0217885    0.0112626    0.0659359     0.110013   -0.0702347    0.0576278    0.0862988     0.126037   -0.0364266     0.101395    0.0186256    0.0246542    0.0491428    0.0090495    0.0682002    0.0892561    0.0181753     0.107875   0.00155105   -0.0699491     0.131887      0.13978    0.0422528    0.0986944   -0.0772201     0.115229      0.17627    0.0936172     0.162038   -0.0269192
   -0.180833    -0.100817    -0.144839    -0.107614    -0.179334    -0.118835     -0.13737    -0.161799    -0.124925    -0.141882    -0.150084    -0.149522    -0.144928    -0.108492   -0.0798499   -0.0811568    -0.090618   -0.0973206    -0.136639    -0.129922    -0.125751    -0.130409    -0.185771   -0.0795436   -0.0773718    -0.108403    -0.116637    -0.149331    -0.188589   -0.0680265    -0.127065    -0.113471    -0.162292    -0.168936   -0.0960445    -0.135293   -0.0600334    -0.088792    -0.115265    -0.124163    -0.101887    -0.108061
  -0.0639912    -0.217271    0.0213442   -0.0770193    -0.112541    -0.242569   -0.0469936     -0.35233     -0.24229   -0.0347976    -0.147098     0.193082    -0.166817    0.0117552    -0.238386   -0.0379319     -0.14453    0.0183526    -0.332403    0.0299104     0.027749   -0.0544109    -0.110281   -0.0642609    0.0583152   -0.0236535   -0.0811327    -0.376229   -0.0366066    -0.140716    0.0727996   -0.0485827   -0.0851508    -0.387703   0.00451311    0.0375113    0.0628643    -0.218094   -0.0254454    -0.240276     -0.17898   -0.0480189
   0.0100915     -0.25019    -0.174776    -0.182793    -0.286148    -0.236514  -0.00150043     -0.16208   -0.0524785    -0.174642    -0.117741   -0.0163129    -0.116914      0.13065   -0.0491875    -0.129004    -0.117316    -0.181747    0.0313216  -0.00825693   -0.0182783   0.00481454   -0.0348674   -0.0747942    -0.222663   -0.0563123   -0.0385901    -0.145895   -0.0267082    -0.340752   -0.0871984   -0.0656238   -0.0798613  -0.00878071    -0.145183   -0.0146072   -0.0870986    -0.153566    -0.116755     -0.26901   -0.0991637    -0.131482
  0.00655556   -0.0985324     -0.12336    -0.181742   -0.0961312    -0.138404     -0.11288    -0.163744   -0.0844902    -0.194487     -0.15304   -0.0479541    -0.147476   -0.0270837    -0.117821    -0.120044     -0.11936    -0.141778   -0.0608578   -0.0344724   -0.0920289    -0.157597   -0.0668181   -0.0944551    -0.197819    -0.126748    -0.178975    -0.074137   -0.0392347    -0.223696    -0.106356    -0.135321    -0.186898    -0.132077   -0.0165247   -0.0597742    -0.052406   -0.0613812    -0.119029    -0.116322     -0.17686    -0.134231
  -0.0101096    -0.122953    -0.114793    -0.172251    -0.015977   -0.0151444  -0.00348941    -0.133578   -0.0508486   -0.0797376   -0.0304248     -0.13808      -0.1044    0.0571327   -0.0278204    -0.235566   -0.0277034     -0.17984   -0.0551415    -0.141434   -0.0857592    -0.203142    0.0353217    -0.200243    -0.136245    -0.165338    -0.135718    -0.174749    -0.134778   -0.0842064    -0.129335    -0.182056   -0.0920579    -0.170561    -0.174175    -0.192548     -0.17386    -0.203261   -0.0783483    -0.177369   -0.0601017   -0.0511109
   -0.151613   -0.0965576    -0.147521   -0.0867685    -0.120662    -0.147521    -0.130925   -0.0974374    -0.166224   -0.0998677    -0.124997    -0.178349    -0.102132    -0.152303    -0.071169    -0.114176    -0.130999    -0.123314    -0.199737    -0.099627    -0.108626   -0.0691003    -0.113759    -0.180168   -0.0917432    -0.116289   -0.0612245   -0.0972916    -0.148231   -0.0952679    -0.125467     -0.15468    -0.152291     -0.11872    -0.079842    -0.115301    -0.136839   -0.0777197    -0.176179    -0.119962   -0.0954757   -0.0990809
  -0.0978769    -0.118103    -0.130289   -0.0873476    -0.122387    -0.109407   -0.0776988     -0.10764    -0.174371   -0.0981385    -0.125578    -0.185653    -0.155729    -0.224858    -0.116025    -0.151418    -0.122626    -0.102053    -0.242984    -0.150437    -0.165852    -0.137288    -0.102811    -0.129354   -0.0227242    -0.126632   -0.0689427    -0.129709    -0.158319   -0.0115687   -0.0826768    -0.120635    -0.109703    -0.144941   -0.0877539    -0.150509   -0.0313534   -0.0445185    -0.159326   -0.0697272    -0.128943   -0.0534911
   0.0283425    -0.247343   -0.0726733    -0.018833    -0.163147    -0.228093    -0.119413    -0.233029   -0.0276129    -0.295827    -0.238484    -0.117031    -0.218257     0.090921   -0.0785792    -0.129699   -0.0930452   -0.0591084   -0.0612797    0.0463138    0.0932863    0.0149175  -0.00222576    -0.084388     -0.15996    -0.118704   -0.0294297   -0.0979846   -0.0655505    -0.256438  -0.00218436    -0.210196    -0.254845   -0.0948943   -0.0508541     0.027734  -0.00681792    0.0177448    -0.142979    -0.250663    -0.123983    -0.194424
   -0.130301    -0.109081    -0.106763   -0.0852642    -0.179425    -0.150534   -0.0861266    -0.131307   -0.0952984   -0.0882708    -0.166412   -0.0616517   -0.0887699   -0.0970785   -0.0699753   -0.0698169    -0.151136    -0.127856    -0.119049   -0.0870704   -0.0873625    -0.126926     -0.10282      -0.1681    -0.249261    -0.128187    -0.198486    -0.158219    -0.136684    -0.223729    -0.103942   -0.0840783   -0.0796714   -0.0923323    -0.171319   -0.0550259   -0.0375126    -0.156208    -0.123931    -0.163976   -0.0559075   -0.0633344
   -0.180831    -0.118648   -0.0590093   -0.0532132    -0.199812    -0.142214    -0.125126   -0.0318503    -0.154504    -0.228444    -0.198266    -0.117808    -0.147971    -0.130451   -0.0659485   -0.0712576    -0.151571    -0.102227    -0.181636     0.041936    -0.064218    -0.134294    -0.177449    -0.103369   -0.0943777   -0.0842386    -0.153748    -0.173967    -0.106529    -0.133495    -0.081152   -0.0888836    -0.119811    -0.171767    -0.111567    -0.137137  -0.00904546     -0.17648   -0.0910617   -0.0929091   -0.0580847   -0.0782734
   -0.123387    -0.112031    -0.142205    -0.162325   -0.0980135    -0.104575    -0.042702    -0.102408   -0.0692894    -0.114809    -0.113665    -0.131141   -0.0714831    -0.100135   -0.0785179    -0.152204    -0.104578     -0.17916    -0.131853     -0.14935    -0.101542    -0.152014    -0.161437    -0.170429    -0.073281   -0.0675138    -0.191625    -0.148907    -0.179534    -0.102752    -0.153136    -0.156998   -0.0775904   -0.0583109    -0.038365     -0.16183    -0.169134    -0.112824    -0.107064   -0.0954338    -0.144599    -0.122417
   -0.128886    -0.068386    -0.135034    -0.134693    -0.120989     -0.12376    -0.179888    -0.101289    -0.146821    -0.134798    -0.171134    -0.146806    -0.134577    -0.171556     -0.15763    -0.125509    -0.121475   -0.0981215    -0.141807    -0.135975    -0.122751   -0.0847308    -0.194472    -0.158844   -0.0792944    -0.102622    -0.152022    -0.132838    -0.168987    -0.147931    -0.130855   -0.0765284   -0.0821811    -0.119411   -0.0823199   -0.0949872   -0.0613799   -0.0992581    -0.123532   -0.0808762    -0.112407   -0.0854506
   -0.252359    -0.115869    -0.144765   -0.0495009    -0.106202    -0.100595    -0.133029    -0.172263    -0.230338    -0.073164   -0.0991511    -0.129556   -0.0254569     -0.26004    -0.130393   -0.0356678    -0.100905   -0.0692546    -0.180301   -0.0646039    -0.202031   -0.0508378     -0.10752    -0.117105   -0.0677603    -0.164116   -0.0362137    0.0097646    -0.202821  -0.00445356   -0.0559406    -0.144497   -0.0333175    -0.138998    -0.162368    -0.160306    -0.123126    -0.131714   -0.0446766     -0.10095    -0.161742   -0.0619975
   -0.232535   -0.0365523   -0.0832302    -0.109807    -0.135423    -0.100118    -0.155092    -0.101905    -0.145284    -0.122346    -0.157061   -0.0896104    -0.142503     -0.17429    -0.107982   -0.0812742    -0.102931    -0.139977    -0.179592   -0.0718345    -0.187161    -0.105734    -0.121769    -0.154382    -0.082155    -0.126466    -0.125209   -0.0349245    -0.186394    -0.072183    -0.135523    -0.144326    -0.124161    -0.130107   -0.0602658    -0.176314     -0.11502   -0.0771804    -0.127332    -0.054829    -0.104843   -0.0882417
   -0.154692    -0.110658     -0.15854   -0.0763738   -0.0935059    -0.143689    -0.105899    -0.103321    -0.149966    -0.103956   -0.0973224      -0.1109   -0.0727674    -0.138377    -0.194485   -0.0847352    -0.153726    -0.106655    -0.133549    -0.126898    -0.123303    -0.115587    -0.169512     -0.14104    -0.112598    -0.161219   -0.0748377    -0.136553   -0.0991584    -0.105342    -0.130036    -0.181999    -0.155343    -0.171069   -0.0878262   -0.0926802    -0.185154    -0.125655   -0.0877729   -0.0903533   -0.0919784     -0.10708
   -0.118611    -0.142721    -0.169037   -0.0527308    -0.097596    -0.119321    -0.104628   -0.0535534   -0.0593337   -0.0913016   -0.0918947    -0.209046   -0.0560743    -0.152661     -0.12755   -0.0877526    -0.170383    -0.162084    -0.141642   -0.0843852   -0.0560838   -0.0721951    -0.108124    -0.133167    -0.223675     -0.13336    -0.120451   -0.0244565    -0.121581    -0.127955   -0.0605627    -0.114504    -0.166834   -0.0583465      -0.1757    -0.134367    -0.170977   -0.0644912    -0.177636   0.00987301    -0.117108    -0.195552
   -0.185199    -0.119208    -0.195277    -0.123423    -0.146275    -0.182662    -0.114064   -0.0543631    -0.160359   -0.0576062    -0.151667    -0.126956    -0.128496    -0.228026    -0.125612    -0.100947    -0.102527    -0.124782    -0.139876    -0.066282    -0.115445    -0.136449    -0.183297    -0.154706    -0.108712     -0.11998   -0.0833015   -0.0689913   -0.0868158   -0.0983797   -0.0554776   -0.0732655    -0.129968    -0.154343   -0.0562426   -0.0835326   -0.0955184    -0.116027    -0.145735    -0.135919   -0.0738274    -0.107476
   -0.142411   -0.0644774   -0.0911879    -0.118928    -0.123714    -0.124096    -0.197757   0.00889281   -0.0308724   -0.0360705    -0.129507    -0.188873   -0.0441764     -0.14889   -0.0405053   -0.0903149    -0.135335   -0.0883061   -0.0797081    -0.192149    -0.122436    -0.232361    -0.197149   -0.0988703    -0.141756   -0.0444358    -0.231714    -0.103704   -0.0947041   -0.0946474    -0.184107   -0.0355109    -0.155712   -0.0406081   -0.0611262    -0.216376    -0.122599   -0.0368227    -0.187674   -0.0395943   -0.0813926    -0.197177
   -0.015018    -0.155494   -0.0387473    -0.102003    -0.185387    -0.224145    -0.015667    -0.103531   -0.0861268    -0.272785    -0.116662   -0.0903547   -0.0936575   -0.0893193    -0.116133    -0.151126   -0.0272522  -0.00264078    -0.127734   -0.0349804    -0.221532   -0.0804781     0.116387    -0.110096   -0.0589777    -0.181423    -0.179349   -0.0510563    -0.273805    -0.157475 -0.000904307    -0.227623    -0.188803   -0.0502147   0.00470967   -0.0213254   -0.0919779    -0.272663    0.0265767    -0.318854   -0.0385699    0.0737717
   0.0908095   -0.0688516    -0.232983   -0.0875602   -0.0430147    -0.158551    0.0269444    -0.182301   -0.0781796    -0.297561    -0.158912    -0.138058    -0.118835    0.0990165     -0.19745    -0.221767   -0.0272763    -0.113537    -0.047077   -0.0995239    0.0213935   -0.0232755   -0.0949117   -0.0182385    -0.135893    -0.159691   0.00466047    -0.197717   -0.0777297    -0.252602   -0.0982103    -0.261763     -0.19523     -0.12399  -0.00275012   -0.0779986    0.0362542    -0.162085   -0.0525292    -0.234192    0.0308037    -0.183957
   -0.083562   -0.0357701    -0.074512    -0.140272   -0.0791194    -0.134055    -0.160827    -0.102316    -0.102249   -0.0271575   -0.0859685    -0.125534   -0.0876668    -0.221609    -0.159154     -0.19276    -0.173507     -0.17202  -0.00227988    -0.262009   -0.0769119    -0.205632     -0.18521   -0.0910557    -0.051671    -0.123957   -0.0772529   -0.0206024   -0.0489246   -0.0273079    -0.225591   -0.0838419   -0.0867658  -0.00115499   -0.0361691    -0.135433    -0.180474   -0.0693932     -0.16158    0.0154288     -0.17841    -0.195142
   -0.235344    -0.106873    -0.100803    -0.134336   -0.0355927   -0.0660663    -0.146075    -0.168001    -0.260024     0.104994    -0.079129   -0.0580595   -0.0829751    -0.303825    -0.237952   0.00850361   -0.0735156    -0.172735   -0.0121041    -0.299704    -0.181409    -0.181682   -0.0164114  -0.00664026     0.081707    -0.121809   -0.0411901   -0.0232138    -0.190803    0.0811697    -0.198326    -0.083458   -0.0343442    0.0266405    -0.159996    -0.228041    -0.246194   -0.0465649    -0.140327     0.023105    -0.215233    -0.125363
  -0.0272643      -0.1532    -0.154207    -0.175376    -0.016661   -0.0968443    -0.026507    -0.140661   -0.0238155    -0.124121    -0.120363     -0.10532    -0.100502     -0.17479    -0.105881    -0.152132   -0.0742962    -0.113945   -0.0747437    -0.162296   -0.0940211     -0.11969   -0.0700747    -0.158234     -0.15993    -0.228255    -0.080155    -0.122171    -0.111327    -0.103014    -0.229241   -0.0930188   -0.0809501   -0.0670033     -0.18125    -0.127373    -0.112044    -0.145601    -0.187414   0.00601425    -0.155117    -0.116598
  -0.0116117    -0.154538    -0.225204    -0.131745   -0.0503585   -0.0236723   -0.0349371   -0.0708353   -0.0895664   -0.0578542   -0.0703946    -0.158032   -0.0646518    -0.184308    -0.158683    -0.186312     -0.14826    -0.146604   -0.0454569    -0.181665    -0.104527    -0.053922    -0.141418    -0.123007    -0.136208    -0.164172   -0.0843921   -0.0733151   -0.0598652    -0.109113    -0.191861   -0.0662052   -0.0527061     -0.12098    -0.205369    -0.137768    -0.142265   -0.0891301    -0.219764    0.0104821    -0.158019    -0.180005
   -0.281508   -0.0112265   -0.0815856   -0.0685793    -0.120982   -0.0805936    -0.172213   -0.0705813    -0.222055   -0.0660048    -0.162811    -0.106466    -0.122458    -0.204242    -0.130574   -0.0727862   -0.0889307   -0.0948818    -0.209419   -0.0549656    -0.221655    -0.136498    -0.217483    -0.146235   -0.0358833   -0.0626312    -0.119197   -0.0527961    -0.187072   -0.0968323    -0.152353   -0.0871695   -0.0885309   -0.0964191    -0.111955    -0.187341   -0.0321461    -0.145829   -0.0852587   -0.0645316    -0.069364   -0.0557765
  -0.0936962    -0.127748    -0.133656   -0.0516676   -0.0426642   -0.0869296    -0.141873    -0.154282    -0.140745    -0.151228     -0.15823    -0.189309    -0.140307    -0.175795   -0.0991714   -0.0276038    -0.165382    -0.122707   -0.0155128     -0.11948     -0.20903   -0.0669557   -0.0879981    -0.152368   -0.0885772    -0.186523    -0.163406   -0.0935427     -0.10461   -0.0265233    -0.171379    -0.102406    -0.123521   -0.0678084    -0.177702   -0.0601068    -0.113402    -0.114928    -0.211872  -0.00939248    -0.047104    -0.176279
   -0.123501    -0.113171   -0.0417143    -0.130602    -0.180534   -0.0998053    -0.109545    -0.167723    -0.182241    -0.138335    -0.148918    -0.114749    -0.094343   -0.0901178     -0.11965   -0.0966604    -0.161225     -0.17883   -0.0745129    -0.102775   -0.0848305   -0.0880273    -0.150707    -0.123604    -0.129804    -0.116232    -0.164617   -0.0706364     -0.13898    -0.117802    -0.135101    -0.121243   -0.0743122    -0.114161    -0.155254   -0.0866889    -0.102364    -0.135634    -0.126139   -0.0872683    -0.113744    -0.150619
   -0.138249   -0.0968085   -0.0787014   -0.0965986     -0.10015   -0.0604224   -0.0568307    -0.141622   -0.0825215    -0.112579    -0.132832    -0.172828    -0.168865    -0.138655    -0.149313   -0.0761922     -0.17057    -0.180483   -0.0347408   -0.0881189    -0.171328    -0.114971    -0.144689    -0.147304    -0.106753    -0.140707    -0.128987    -0.104886    -0.161181   -0.0572832    -0.162896   -0.0811398    -0.107901    -0.130585     -0.13492     -0.11885    -0.119089    -0.180544    -0.173813    -0.123184   -0.0691429    -0.135957
   -0.235038   -0.0993539    -0.114156   -0.0521891     -0.21975    -0.136476    -0.151141   -0.0863246    -0.171099    -0.156429    -0.161349    -0.165542   -0.0484256    -0.111669   -0.0786061   -0.0391263     -0.13045   -0.0312521    -0.188126    -0.101644   -0.0996935   -0.0450314    -0.182345    -0.179799   -0.0884915   -0.0722597   -0.0673453   -0.0720459    -0.162172    -0.149594   -0.0514249   -0.0495895    -0.151808    -0.184069      -0.1096    -0.146077    -0.111254    -0.107402   -0.0970726    -0.162738   -0.0551458     -0.12122
   -0.314011  -0.00403928   -0.0977537   -0.0515151   -0.0915406   -0.0866486    -0.220831   -0.0532547    -0.147485  -0.00670941    -0.138448   -0.0782995   -0.0993927    -0.200098     -0.11489   -0.0696367    -0.119223    -0.116122    -0.229007    -0.164075    -0.167723    -0.264254    -0.194743   -0.0467643   -0.0527043   -0.0344579    -0.202534    -0.044038    -0.147958    0.0200843     -0.15809   -0.0666184   -0.0672863   -0.0505809   -0.0475464     -0.26946   -0.0702917   -0.0599913   -0.0770548    -0.111355    -0.131545     -0.06216
   -0.222758    -0.023597    -0.144483   -0.0691011    -0.126867    -0.149094    -0.162596    -0.123207    -0.142183   0.00137679    -0.185152   -0.0913792   -0.0952645    -0.168662    -0.122872    -0.111432   -0.0598525   -0.0993132   -0.0834893    -0.181345    -0.188618    -0.211648    -0.131441   -0.0957903  -0.00780234   -0.0935958    -0.174455    -0.122103    -0.153846    0.0039628     -0.15123   -0.0645977    -0.110991    -0.030919    -0.084651     -0.23421    -0.102048   -0.0297102   -0.0829589     -0.11713     -0.14026    -0.100408
  -0.0127174     -0.26246    -0.137302    -0.179783   -0.0860811   -0.0610239    -0.211906   -0.0289699   -0.0759999    -0.203683   -0.0803833   -0.0782873    -0.255721    0.0812148    -0.066337    -0.111128    -0.186627   -0.0229529    0.0476072    -0.116437   -0.0926108    -0.137038    0.0861452    -0.180548  -0.00455463   -0.0618645     -0.02226    -0.236123    0.0237548    -0.184957   -0.0291154   -0.0562864   -0.0829363   0.00151277    -0.308465    -0.140608    -0.258235    -0.181883    -0.035799    -0.194533    -0.122735    -0.051032
  -0.0583517    -0.163979   -0.0996226    -0.171576   -0.0627777    -0.143834     -0.11569    -0.178935    -0.129297   -0.0691684    -0.132871   -0.0408825   -0.0926605    -0.111574    -0.146872    -0.160353    -0.179331    -0.214998    -0.054303    -0.110813   -0.0478184   -0.0605862   -0.0726303    -0.107211    -0.062837   -0.0882886   -0.0311343    -0.157555    -0.110548    -0.133299    -0.124552   -0.0984235    -0.112814    -0.162393    -0.169672    -0.117309   -0.0852307     -0.10501    -0.167549   -0.0730287    -0.225021    -0.132122
    0.214106    -0.155216     0.174516    -0.250351    0.0684583    0.0591193    0.0790381   -0.0519699    0.0442089    0.0258212   -0.0773239    0.0073239    -0.132098     0.146167   -0.0401476    -0.145767     -0.08563    -0.129798     0.153058    -0.231078    0.0492331    -0.163858    0.0866323    -0.257832     -0.26209    -0.120312    -0.258704    -0.410283    -0.239141    -0.399438    -0.145511  -0.00534255    -0.105869    0.0242619    -0.181495   -0.0884881    -0.307239    -0.183785    -0.142462   -0.0761367    0.0412749    -0.276223
  -0.0234997    -0.163745   -0.0784062     -0.24605    0.0215021   -0.0723439    -0.277881   -0.0692634    -0.077765    -0.232795    -0.128522   -0.0548042    -0.179571    0.0938659   -0.0365933   -0.0720886    -0.148626   -0.0879168   -0.0148573   -0.0826459    -0.176644   -0.0922975    0.0115865    -0.155192   -0.0187259   -0.0775374   -0.0347038    -0.230246    0.0129768    -0.104893  -0.00579949    0.0417033    -0.111615   -0.0980825    -0.301921     -0.10192    -0.258501    -0.187104   -0.0715724    -0.198711    -0.236836  -0.00954004
  -0.0804672    -0.147728    -0.178914     -0.12006    -0.199845    -0.175866   -0.0618632    -0.143861   -0.0939222    -0.142416    -0.145259    -0.143523    -0.136767   -0.0810431    -0.134181    -0.161709    -0.164298   -0.0834632   -0.0702484    -0.107513   -0.0386089   -0.0916516   -0.0220184   -0.0684467   -0.0462493    -0.122294   -0.0856239   -0.0665101   -0.0831629    -0.145296   -0.0525833    -0.183894    -0.200631   -0.0603732   -0.0926184    -0.101243    -0.145522    -0.121306   -0.0947485    -0.200304    -0.128227    -0.147841
