no weights
   0.0832278  -0.00909698    0.0675508    0.0417708     0.121816    0.0664763   -0.0235587     0.095262    0.0259385    0.0899282    0.0741243    0.0123673  -0.00563917    0.0619513    0.0723814    0.0497472    0.0887209    0.0589388   -0.0331725    0.0647286   0.00908296     0.055892     0.120068   -0.0475847  -0.00591968    0.0838752     0.104845     0.129478    0.0856883     -0.02587    0.0390447     0.101678    0.0922977    0.0621156    0.0355466  -0.00871139    0.0182941      0.16031    0.0706379    0.0792867     0.131607   -0.0269794    0.0954215   -0.0499395   0.00995713    0.0550626   -0.0247875    0.0480452
   0.0337926    0.0802199    0.0628223    0.0469545     0.111177    0.0903519    0.0773832    0.0842011    0.0372976     0.049457    0.0703489    0.0831219    0.0615476    0.0100291     0.024048    0.0704057  -0.00228221     0.119166    0.0985317    0.0858929    0.0526366    0.0108346     0.119451    0.0909121    0.0469941    0.0775138    0.0200077    0.0748121    0.0228668      0.13421     0.110297  -0.00760018    0.0289418    0.0136421    0.0394625    0.0822023    0.0601609    0.0508894    0.0391657    0.0833757    0.0898144     0.115233    0.0563472    0.0668822    0.0897667     0.114505     0.129367    0.0894785
   0.0610114    0.0340407    0.0756372    0.0446596    0.0726444   0.00458626    0.0100756    0.0954797    0.0477737     0.106581    0.0369784    0.0301616     0.108289    0.0605579     0.118751     0.103086   -0.0135456     0.128879     0.032773     0.122119    0.0153188    0.0195947    0.0262529    0.0780396    0.0367797    0.0927174     0.133871    0.0672729   -0.0264719    0.0639643     0.053782    0.0420341    0.0989455     0.145572  -0.00456216 -0.000353074    0.0129304     0.121232    0.0641224    0.0695053    0.0985646    0.0789892    0.0445757     0.117662    0.0517041    0.0578909    0.0167977    0.0877798
   0.0753042     0.070838     0.150464    0.0780261     0.129976    0.0877872    0.0513622    0.0754856    0.0730658   0.00876841    0.0267156     0.138373    0.0264092   0.00982486    0.0298923    0.0838767    0.0442762    0.0865431    0.0682675    0.0700953     0.110418    0.0563711    0.0304292    0.0858399    0.0565973    0.0217967    0.0675748     0.085583    0.0606816   0.00961921     0.039195     0.029517   0.00366144    0.0418644    0.0113538     0.059704    0.0748574    0.0495358    0.0108918    0.0735622    0.0473577    0.0862292     0.058271     0.133439    0.0538805     0.120966     0.108298    0.0362456
    0.128223    0.0307258    0.0210073    0.0167109     0.129191    0.0501071    0.0464407    0.0755277    0.0780846     0.100316    0.0670767   -0.0066289    0.0930346    0.0690237    0.0944722    0.0585365    0.0834494    0.0169742    0.0991025     0.120883    0.0257833   -0.0328494    0.0815781    0.0300304    0.0679733    0.0939385    0.0354245     0.116586    0.0895277    0.0476987     0.103238   0.00660788     0.140772    0.0347279    0.0872291    0.0322044   -0.0115917     0.104957    0.0278443   0.00781974    0.0518676   0.00422752    0.0950147    0.0244376    0.0544107    0.0682059    0.0594229     0.109265
   0.0842311    0.0834204    0.0295435     0.052554     0.120937    0.0172625    0.0608534   0.00612281    0.0866942    0.0470482    0.0865912    0.0662601      0.15514   0.00980044    0.0943249   0.00477449    0.0901458    0.0856417     0.032639     0.126611   0.00582492  -0.00248826    0.0811545    0.0725721    0.0664256    0.0808272    0.0517367     0.123844    0.0292616    0.0057786     0.134794    0.0132239     0.122145    0.0848159    0.0964239    0.0926636    0.0511804    0.0544944    0.0904612   0.00491999     0.103517     0.078247     0.123841    0.0187823    0.0498365    0.0346501     0.128604    0.0425168
 -0.00586498    0.0909093     0.136681    0.0628749    0.0400856    0.0390227   0.00933507    0.0517633    0.0891626    0.0908075    0.0486103   0.00468387    0.0221883     0.012498    0.0799632    0.0195709    0.0347967   0.00520342     0.062898    0.0292684     0.102724    0.0251193    0.0838686    0.0663373   0.00211146    0.0286404     0.135698    0.0711419      0.11805     0.017503    0.0108285    0.0966993    0.0605917     0.139911     0.134743    0.0283538    0.0570503     0.105818   0.00823603    0.0698046     0.174465    0.0315375     0.104745 -0.000580113    0.0443145      0.08549     0.107366    0.0724173
   0.0693544     0.093673    0.0113431    0.0703989     0.100742    0.0704095      0.10065    0.0608981    0.0177777    0.0203199    0.0721835    0.0304014     0.144125     0.100201   -0.0118095     0.065228    0.0660275       0.1008     0.042418      0.12208    0.0510395     0.150614     0.128846     0.096382    0.0345577    0.0437758     0.011176    0.0865627    0.0665987    0.0941503    0.0571398     0.043187    0.0597931     0.104427    0.0659971    0.0583888    0.0610377    0.0159835    0.0659208    0.0997655    0.0145042     0.131376    0.0724173  -0.00217829     0.102695    0.0563867    0.0557155    0.0776655
   0.0832213    0.0136237    0.0592158    0.0980066     0.102896     0.116703    0.0821294    0.0845232    0.0139635     0.106259    0.0574198    0.0250294    0.0260618    0.0554877    0.0582681      0.05305      0.13687    0.0452833  -0.00716962    0.0950056    0.0770441     0.106426     0.113991    0.0453254    0.0245554    0.0854042    0.0650191     0.130883    0.0592768    0.0336057    0.0777103     0.127629     0.123519    0.0746532    0.0453995    0.0806368    0.0747458     0.113279    0.0250908    0.0541188     0.141604    0.0733455    0.0618991    0.0291535   0.00374956  -0.00841394    0.0148737    0.0843693
   0.0302679    0.0598447    0.0488046  0.000694956   -0.0283816    0.0212186    0.0729091    0.0951158    0.0707491    0.0705246    0.0805222   -0.0120784     0.137486    0.0333634     0.078153    0.0761772   -0.0071836    0.0279759     0.113862    0.0950839    0.0376162  -0.00697713    0.0799792    0.0586517     0.149695  -0.00214198    0.0580596    0.0350857    0.0143592    0.0519453     0.130752    0.0648425     0.133919    0.0284389  -0.00717543    0.0802579     0.097426    0.0947031    0.0616798   -0.0126428    0.0366071    0.0897957      0.12128     0.120686    0.0551675    0.0804238     0.123988     0.146827
   0.0362823    0.0612888    0.0325902    0.0847178     0.120967    0.0579769    0.0703864    0.0105028    0.0465915    0.0987257     0.096355 -0.000259922      0.04977    0.0383382     0.107486    0.0847693    0.0940312    0.0593725      0.11288    0.0949567    0.0942095    0.0949651     0.095121    0.0159658      0.10934     0.038429     0.117403    0.0751488     0.059398    0.0110811     0.130686    0.0734621    0.0908498     0.139617    0.0808046    0.0382992     0.123559    0.0275183     0.122315    0.0752874    0.0824115    0.0459955     0.127353    0.0379403     0.100175     0.113443    0.0484723    0.0793833
   0.0508662   0.00605668    0.0962115    0.0196131    0.0342845   0.00585542    0.0629684    0.0598078     0.113266    0.0235482    0.0914071   0.00903739    0.0287338  0.000303467    0.0893836    0.0584187    0.0636617    0.0822062    0.0266019    0.0384254    0.0641487    0.0613982    0.0137681    0.0193996    0.0461783   0.00569075     0.135969    0.0344613   -0.0254507    0.0943977     0.063999    0.0302888     0.152692     0.102531    0.0458607    -0.014254  0.000354694    0.0972761     0.158311     0.108089    0.0929745    0.0454978    0.0382881     0.123006     0.059169     0.139941    0.0254736    0.0274845
   0.0323505     0.100706    0.0690134     0.106134    0.0556024    0.0144067    0.0456818    0.0728254    0.0159144    0.0566827    0.0387872    0.0566958     0.120075    0.0745912    0.0593052    0.0942423    0.0320187   0.00216399    0.0636041    0.0807281    0.0906697    0.0872709    0.0528252    0.0572046     0.111183  -0.00324319    0.0316567   0.00635879    0.0863433    0.0688985    0.0735996    0.0341853     0.114294    0.0596855    0.0724914    0.0770352     0.112281    0.0708377    0.0380443    0.0443985     0.110247    0.0816369    0.0860361    0.0186558     0.115236    0.0930874      0.10902    0.0806886
  0.00622673    0.0314695    0.0856718    0.0510459    0.0237469     0.104569    0.0402528    0.0442527    0.0812374    0.0321092     0.126625    0.0561119    0.0251988   -0.0157401    0.0922695     0.018566     0.185696     0.018372   -0.0712265     0.144698   0.00371996     0.101745     0.031864    0.0733708   0.00829478    0.0792803     0.132312    0.0501885   -0.0035824   -0.0180794    0.0122778     0.133105     0.107861     0.105362    0.0764005    0.0202091   -0.0483946      0.14937    0.0853216     0.100566     0.134793   0.00541259   -0.0197035   -0.0264799     0.081733    0.0347737   -0.0355209    0.0749953
   0.0913225     0.110734    0.0413546     0.105005     0.056746    0.0329492    0.0744168    0.0646166    0.0105256    0.0818549    0.0606068    0.0716836     0.100497    0.0440489    0.0326459     0.079698     0.122401    0.0771687    0.0776964     0.120191    0.0797652      0.11929    0.0519084     0.101875   0.00406954    0.0381653     0.102752    0.0454945    0.0863886    0.0192602     0.047384    0.0950988     0.107557      0.13242      0.02496     0.127374    0.0264928    0.0802436    0.0597539     0.106723     0.051512     0.100671    0.0141014    0.0410286     0.073188   -0.0125586    0.0746362     0.028325
    0.107094      0.12824     0.122494     0.105222    0.0206474   -0.0210059     0.120249    0.0215976    0.0639544    0.0625551    0.0396526    0.0942595    0.0635017  -0.00370317    0.0196995    0.0404985  -0.00653073    0.0676781     0.100954     0.103373    0.0953564     0.073639    0.0528406    0.0634703     0.046307    0.0852477    0.0740885    0.0588758    0.0514095    0.0541992      0.10073    0.0168002     0.109739   0.00811103   -0.0221936    0.0321084    0.0317267    0.0744453     0.109733     0.053965   -0.0109358     0.055003    0.0738873    0.0828647     0.143917    0.0917491    0.0745885    0.0781724
   0.0243027    0.0107688     0.061492     0.131908    0.0769501    0.0591241    0.0272474    0.0270107     0.041024     0.135033    0.0822959    0.0970872    0.0303836    0.0810976    0.0391305    0.0266917    0.0930327    0.0456343     0.100476    0.0933738    0.0815663    0.0722153    0.0532985    0.0672214    0.0768062     0.041182    0.0795927     0.108229    0.0443561    0.0649549    0.0470255    0.0578223     0.063586    0.0679658    0.0396485    0.0954077    0.0448944    0.0739052    0.0675871     0.081475     0.135794    0.0519529     0.032954     0.099406     0.108798     0.086275     0.119372    0.0973614
   0.0563648     0.085461     0.101949    0.0294932     0.125911    0.0852553    0.0792063    0.0989253    0.0797481     0.114526    0.0198106    0.0491158     0.111049    0.0479189    0.0329621    0.0658169    0.0503559    0.0240531  -0.00713181    0.0865923     0.118617    0.0803299    0.0626765    0.0656412    0.0145631    0.0564875    0.0711515    0.0846013    0.0417984    0.0554805    -0.011479    0.0854369    0.0540282    0.0416679  -0.00653482    0.0887291  -0.00764401    0.0877503    0.0754077    0.0687764    0.0244616    0.0499361     0.047806    0.0864389     0.167396     0.146928    0.0455204    0.0444638
    0.119577    0.0422214    0.0561914    0.0438087  7.26054e-06   0.00533239    0.0923896   -0.0240579    -0.037139    0.0103012     0.144893     0.050177     0.115965    0.0141772    0.0154864    0.0972756      0.10855   0.00630818     0.027726    0.0495171   -0.0457956    0.0491197    0.0583287    0.0300245   0.00984527    0.0983934    0.0995376     0.063587    0.0771985    0.0181887    0.0431505    0.0673979      0.03994     0.137086    0.0147347     0.018543   0.00217035    0.0976384    0.0487911    0.0756602     0.101985   -0.0372677      0.14604   -0.0430672    0.0477162  -0.00168703    0.0305435     0.131797
   0.0271506     0.157898     0.172537     0.115747     0.108182    0.0274691    0.0286671     0.060358    0.0869088    0.0603512    0.0345938    0.0357654    0.0190163     0.043849    0.0663095    0.0834698    0.0536557    0.0882792    0.0175461    0.0375174    0.0868708     0.129249    0.0628134     0.103514    0.0424875    0.0971882    0.0850584    0.0398426    0.0289483    0.0850058  -0.00171236     0.103356    0.0658733     0.012383    0.0913243 -0.000778858   -0.0131996    0.0389984     0.102841     0.106455     0.093939    0.0133061   -0.0080695     0.110347     0.119181    0.0271993     0.025199   -0.0292964
   0.0955458    0.0848961    0.0942138    0.0563281    0.0350932     0.121321   -0.0123244     0.088818      0.10267     0.024579    0.0722989     0.050185    0.0699334    0.0237914     0.041969     0.060833     0.121671    0.0787899    0.0277276    0.0405376     0.116246    0.0990411     0.110991   -0.0250361   0.00436854   -0.0171738    0.0963908   -0.0101231   0.00620359   0.00190724   0.00848519    0.0822771    0.0572347    0.0373487      0.11245   -0.0123056    0.0253791     0.139828    0.0933049  -0.00138375     0.125424    0.0298686    0.0147196    0.0447356  -0.00562269    0.0691621   0.00897654    0.0818503
   0.0644216     0.120159      0.15091     0.110374     0.159767     0.008959    0.0457607    0.0461313    0.0325657   0.00229483    0.0742573    0.0265298    0.0270087    0.0190867    0.0276721    0.0196701    0.0817354  0.000976273   0.00606812   0.00885669    0.0981695     0.118201    0.0576425   0.00764073    0.0454317    0.0354644     0.142035    0.0966953    0.0313909    0.0117447   -0.0067811    0.0132684    0.0562794    0.0751455     0.104294   -0.0057143     0.117374     0.102337     0.109079    0.0484307    0.0687342    0.0191942    0.0632243    0.0966646    0.0468968     0.113535     0.076635    0.0266938
    0.113252    0.0250331    0.0215469    0.0368559    0.0565295    0.0199479   0.00914736    0.0388079  -0.00335134      0.12418    0.0866232    0.0417215    0.0238478   -0.0133848    0.0277141    0.0698009    0.0736959    0.0219844   -0.0318575    0.0688714    -0.025747    0.0443414   0.00798955   -0.0484143 -0.000178031    0.0558839     0.065492     0.122248     0.040649   -0.0224706    0.0191613     0.130413    0.0627663     0.144313   0.00262122   -0.0084187  -0.00342828    0.0399493    0.0748832     0.097439    0.0770677    0.0088917    0.0921641    0.0587271    0.0329029    0.0923689    0.0759614    0.0171081
    0.100676    0.0137643    0.0677079     0.127009    0.0837563     0.111793    0.0688351    0.0863892    0.0741664    0.0204355    0.0476656     0.122801     0.058987     0.102595    0.0958125      0.11096     0.112672   0.00273201     0.105966    0.0126507    0.0323661     0.066691    0.0404948     0.076564    0.0904765    0.0716601      0.10258    0.0261319    0.0225747    0.0714556    0.0425565    0.0864509    0.0607829    0.0344705    0.0517675   0.00171034    0.0881096     0.117608     0.112672    0.0694214    0.0799278    0.0237901    0.0356912    0.0815904     0.145584     0.127448    0.0887264    0.0886924
   0.0840413  -0.00723024    0.0227674   0.00826596    0.0533582   0.00188578    0.0600899    0.0340924    0.0394051     0.013759    0.0384434    0.0393891    0.0567417    0.0922804    0.0798275    0.0717023    0.0564361  -0.00282165    0.0682185   0.00171709   0.00291901    0.0516083    -0.035877    0.0833079   0.00856113     0.112138     0.101418    0.0560402    0.0664711    0.0911207    0.0729625    0.0254844    0.0713741    0.0553275    0.0884119    0.0259215    0.0549312    -0.039249    0.0772068    0.0489219   -0.0444329    0.0269601    0.0719248     0.125024      0.18541     0.137933    0.0616309    0.0257747
   0.0356027    0.0517502    0.0731756      0.05447     0.034982     0.102866    0.0785636    0.0177383    0.0412915  -0.00216492    0.0317226    0.0671329    0.0850009    0.0818423    0.0339451    0.0465154     0.076677    0.0556614   0.00407114     0.099777    0.0628992    0.0793373    0.0399481    0.0648899    0.0766039     0.092589     0.100753    0.0198267   -0.0146165     0.106769   0.00459867    0.0969512     0.139194    0.0383924   0.00590326      0.07214    0.0985598    0.0667115      0.15796     0.071689    0.0732345    0.0683315    0.0532359    0.0794419    0.0785806     0.108556    0.0593675    0.0416379
   0.0990548     0.025102    0.0901578     0.115074     0.140887    0.0482925    0.0708033    0.0713403    0.0702284   0.00745923     0.112566     0.015379    0.0583377    0.0418742    0.0833655    0.0577619      0.11132   -0.0335071    0.0922367    0.0790628   0.00992656    0.0635162    0.0305541   -0.0286755    0.0145564    0.0938264    0.0800454    0.0485011     0.114903     0.014185    0.0189961     0.113613    0.0470002   0.00437568     0.041863   -0.0191457     0.113771    0.0321802     0.101049   0.00442739     0.102442    0.0719219    0.0490096     0.132925      0.13669    0.0849132    0.0526603     0.067179
    0.128412    0.0949712    0.0928589     0.144055     0.106537    0.0565338      0.10173    0.0242964  -0.00186858    0.0456838    0.0284225    0.0824094    0.0408643    0.0333005    0.0676083     0.098541    0.0373438   0.00721475     0.143156  -0.00443984   0.00900102     0.117298    0.0906244    0.0613283      0.14043     0.060908    0.0070954    0.0594499    0.0271483    0.0428529     0.129356    0.0357498   -0.0382921    0.0349318    0.0320769     0.101047     0.132183    0.0533115    0.0479918     0.106414   0.00107012    0.0807414    0.0480345    0.0740752    0.0569183    0.0948917      0.15642    0.0679928
    0.164581    0.0266673    0.0523668    0.0137779    0.0987549     0.108477     0.135505    0.0924219    0.0776576    0.0176588    0.0881068    0.0602441    0.0199503     0.070679    0.0610862    0.0353263     0.142133   -0.0187334    0.0717671    0.0891217    0.0992888    0.0965514       0.1006    0.0538553    0.0629835     0.100386     0.104262    0.0516737    0.0354481    0.0611214     0.033159     0.104839    0.0480651    0.0653706     0.102816    0.0650869    0.0548573    0.0968226     0.168716    0.0871266    0.0708057    0.0202379   0.00436309    0.0920054    0.0610832    0.0360359   -0.0160666    0.0152903
    0.104069     0.073761     0.037446       0.0642     0.103672    0.0591452     0.143859    0.0651154    0.0514403    0.0890723    0.0610169    0.0327618      0.10399    0.0697632    0.0884877    0.0639574    0.0237485     0.041245     0.117542    0.0224001    0.0193845   -0.0196425    -0.017673     0.100215     0.143243     0.113782    0.0600683    0.0359397     0.117368    0.0423886      0.15957    0.0146264    0.0151962    0.0653673    0.0115516    0.0969893    0.0441525   -0.0700129    0.0533266    0.0418084   -0.0224145     0.114342    0.0676771     0.138617     0.142684     0.130368     0.140629     0.101782
   0.0114424    0.0302197     0.122515     0.116537     0.123993    0.0494555     0.048683    0.0226539    0.0802853    0.0129903    0.0124934    0.0224097    0.0466403    0.0166593    0.0457212    0.0822023    0.0807337   0.00945835   0.00497965     0.102127     0.103414      0.11369     0.057001   0.00545465    0.0365836     0.104552    0.0826172    0.0600397    0.0407316    0.0590204     0.020679     0.107379     0.132493    0.0388053   -0.0115703    0.0225932    0.0249206    0.0942013     0.086466     0.108408  -0.00867702    0.0512608  -0.00691423    0.0794979     0.144388     0.123961   0.00937822    0.0187579
   0.0816834    0.0736777    0.0268423    0.0164636    0.0378312   -0.0274053    0.0869532     0.102116    0.0524594    0.0451445     0.118291     0.059593     0.132456    0.0884904    0.0352434    0.0421019     0.039313    0.0644541    0.0268999     0.114747    0.0964066    0.0982833    0.0467556    0.0457842    0.0637208     0.109607     0.110021    0.0990142   0.00803086    0.0762116    0.0666363     0.028183     0.124012  -0.00228891    -0.017116    0.0546236     0.103388     0.099669    0.0957671    0.0456726     0.026721    0.0694152     0.051988    0.0259617    0.0886278    0.0383683    0.0788782    0.0741286
   0.0184188    0.0882131    0.0229239   0.00377896     0.103195   -0.0295146     0.118665    0.0910988     0.115209    0.0237513      0.06137    0.0185958     0.127187    0.0589322    0.0648282    0.0840368    0.0741062    0.0792229     0.108907    0.0350866    0.0712289    0.0554256    0.0182328    0.0344436     0.079738     0.078851     0.060306     0.074453    0.0164191    0.0498973      0.11349     0.087096     0.119777    0.0298812    0.0938884    0.0171229    0.0936797    0.0733735    0.0622935    0.0977527    0.0934939    0.0783553     0.020817    0.0481031    0.0883573    0.0877722     0.102744    0.0923257
   0.0859517    0.0305629   0.00739428    0.0725616     0.032206    0.0614951    0.0491559    0.0100401    0.0021886     0.022519    0.0430485    0.0440747    0.0755446   0.00302131   0.00147104      0.12029    0.0831821    0.0736953     0.104315    0.0720175   -0.0164653    0.0786742   0.00473263   0.00324203    0.0260549    0.0944258    0.0133575     0.132459    0.0140075    0.0360043    0.0771929     0.110208   -0.0101615    0.0544661    0.0621228    0.0367547     0.117521       0.1357     0.085368    0.0745333     0.027754    0.0610913     0.101962    -0.023323    0.0200412    0.0161289    0.0924473     0.146525
   0.0254444    0.0538621     0.150536    0.0749822    0.0902062     0.121482    0.0454046    0.0548165     0.107106     0.038916    0.0290197     0.114002   -0.0301368    0.0159399     0.111635     0.119659  -0.00122666    0.0500427    0.0711174  -0.00681768    0.0408093    0.0259584    0.0667268    0.0183515  -0.00815008     -0.03405    0.0977546    0.0525381    0.0219216    0.0789952    0.0150496    0.0296021    0.0452773    0.0490854    0.0968052     0.128001    0.0615349    0.0782764    0.0575583    0.0970574    0.0188856     0.115442     0.070316    0.0595186    0.0835652    0.0994328     0.103724     0.103023
   0.0194513    0.0896984     0.167451     0.106685     0.133967    0.0736322    0.0736281     0.113587    0.0950877    0.0301637    0.0568668    0.0595536    0.0135996    0.0725215    0.0367039     0.107421       0.1119    0.0246921    0.0448567   0.00324184     0.109247    0.0843849    0.0687527  -0.00432557   -0.0207019     0.103397     0.143153    0.0507978    0.0423791    0.0125027    0.0649531    0.0176601    0.0841735     0.103438    0.0248493      0.02098    0.0105464    0.0910656     0.123089     0.105908    0.0909377    0.0167906    0.0498572    0.0614064    0.0762822    0.0354125    0.0279961     0.078737
  -0.0150978    0.0512012      0.15362     0.140545      0.05656    0.0644317    0.0299591     0.116775    0.0577016    0.0525459    0.0503008     0.119961   -0.0230233    0.0988728    0.0399363    0.0223989    0.0844821      0.10791   0.00228125  -0.00952184     0.101531    0.0718163    0.0657188    0.0628149    0.0479775    0.0458374     0.100743    0.0272229    0.0997921     0.099654    0.0930924    0.0147669  -0.00118804    0.0422894     0.109953    0.0677653    0.0142671    0.0821749     0.121141     0.067863    0.0411368    0.0592205    0.0155889     0.142809     0.094695     0.129644     0.050056   -0.0274526
    0.165674    0.0585842    0.0900825    0.0957486    0.0293037     0.156492    0.0652078    0.0183898     0.104191    0.0424291    0.0391009    0.0301989    0.0586504     0.102968    0.0366976     0.028727    0.0920186    0.0713801    0.0917822    0.0924333    0.0290738    0.0742775    0.0342743    0.0110923     0.118541    0.0491088     0.106132    0.0234722   0.00924982     0.105234     0.107546    0.0287783    0.0156837    0.0187066    0.0889027    0.0747565    0.0669633     0.125786    0.0584056    0.0512871    0.0163962    0.0767195    0.0786425     0.145541    0.0221387    0.0315734     0.091352    0.0732251
   0.0304549     0.039162    0.0545889     0.133407     0.109246    0.0267611    0.0827704    0.0754898    0.0653357     0.108071     0.037985    0.0820431     0.016517    0.0629276     0.109556     0.104849    0.0775338    0.0730927    0.0301043    0.0774481    0.0366774    0.0675615    0.0352635   0.00961181    0.0778887    0.0303129   0.00629965    0.0755857   0.00297507    0.0612363    0.0419069    0.0847256     0.127531    0.0943552    0.0122335    0.0210108    0.0214285     0.100718     0.124728     0.104457    0.0451174    0.0427947  -0.00847682    0.0886787     0.196061     0.096226    0.0701202     0.090721
   0.0976669    0.0717602    0.0351942    0.0461984    0.0724077    0.0344545    0.0821674    0.0741173    0.0634103    0.0635024    0.0819152    0.0177432     0.142592    0.0759888    0.0410584    0.0773628    0.0425438    0.0432679     0.169108    0.0904847     0.116425   -0.0113439      0.11531     0.111598     0.138351    0.0547733    0.0745823    0.0871799    0.0935144     0.082715     0.159192   -0.0135772    0.0129596  -0.00396261    0.0324718    0.0379412    0.0923466    0.0649441    0.0236489    0.0172881    0.0259349    0.0373324      0.12758    0.0827589  -0.00280723    0.0139382    0.0539757    0.0916194
  -0.0309353    0.0285596     0.143183     0.120558    0.0909695    0.0482964    0.0188043  -0.00242057    0.0411798    0.0915854    0.0330779     0.123331    0.0278126    0.0235544    0.0984898    0.0195916    0.0179372    0.0833091  -0.00500814     0.134196    0.0841284    0.0925254    0.0918618    0.0672968    0.0817546    0.0537619     0.035533     0.125411     0.104737    0.0494835    0.0260709    0.0545342    0.0133818     0.114337    0.0168317    0.0221606     0.070345     0.133515 -8.48363e-05    0.0497542     0.125925    0.0357137    0.0867769    0.0572274    0.0801067    0.0687574    0.0878798    0.0598632
   0.0379375    0.0615672     0.107934    0.0883753     0.121471 -0.000257098    0.0634451    0.0473703    0.0981346      0.10564    0.0692288    0.0424163    0.0960268  -0.00214178      0.10105     0.106008     0.093232    0.0325387    0.0318295    0.0265627    0.0677427    0.0987857   -0.0218667    0.0577254    0.0890882     0.112946   0.00344328      0.10728    0.0264584    0.0239296    0.0522812    0.0140945    0.0787712    0.0953983    0.0229393     0.101375    0.0161323   -0.0191975     0.114302      0.12238    0.0810716    0.0991159   -0.0225446     0.104431     0.134255    0.0674676       0.1311    0.0185289
   -0.14418   -0.103451   -0.140335   -0.113661   -0.158224   -0.113422   -0.128142   -0.161226   -0.114973   -0.141806   -0.144394   -0.145565   -0.145153  -0.0959933  -0.0836952  -0.0835101  -0.0918396   -0.097912    -0.11664   -0.137948    -0.11358   -0.128988   -0.166891  -0.0810552  -0.0844702    -0.11256    -0.11402   -0.155973    -0.18064  -0.0760807   -0.129681   -0.111402   -0.164726   -0.164807   -0.100235   -0.128711  -0.0703253  -0.0902039   -0.116075   -0.120404   -0.100064   -0.113144
  -0.107839    -0.16474   -0.038882  -0.0816687    -0.10858    -0.18312  -0.0887036   -0.243432   -0.186471  -0.0605851   -0.134544   0.0657729    -0.13855  -0.0695504   -0.186717  -0.0617447   -0.129202  -0.0381288    -0.23056  -0.0357778  -0.0334193  -0.0890367   -0.132982  -0.0842458  -0.0137496  -0.0540747   -0.107922   -0.254901  -0.0610397   -0.127498 -0.00771767  -0.0623228  -0.0918001   -0.247849  -0.0444545  -0.0333537 -0.00693766   -0.171306  -0.0726267   -0.172115   -0.147752  -0.0822217
 -0.0593751   -0.192781   -0.162446   -0.159004   -0.217909   -0.193939  -0.0411493   -0.135738  -0.0833973   -0.124232   -0.116839  -0.0531508   -0.100693   0.0217149  -0.0711247    -0.11671   -0.114545   -0.166715  -0.0206059    -0.05951  -0.0716141  -0.0440241  -0.0781569  -0.0838973   -0.170843  -0.0764822  -0.0629557   -0.131627  -0.0624535    -0.24612   -0.114994  -0.0677889   -0.077304  -0.0270763   -0.136557  -0.0669141    -0.10613   -0.143133   -0.120973   -0.205178  -0.0990998   -0.123426
 -0.0397763   -0.104225   -0.120048   -0.170262  -0.0897514   -0.123237   -0.117896   -0.153694   -0.100458   -0.162551   -0.139624  -0.0553231   -0.136205  -0.0624692   -0.117866   -0.102323   -0.112154   -0.132909  -0.0786949  -0.0571277   -0.117351   -0.160058  -0.0759613  -0.0909018   -0.149004   -0.119793   -0.166091  -0.0793899  -0.0534359   -0.182988   -0.108152   -0.114035   -0.160462   -0.132344  -0.0369651  -0.0869606  -0.0669651  -0.0648299   -0.116879    -0.10256   -0.168439   -0.126872
 -0.0753792   -0.108446   -0.114556   -0.134521  -0.0547351  -0.0459081  -0.0458156   -0.124468  -0.0884673  -0.0857292  -0.0532219    -0.13863   -0.109457 -0.00733928  -0.0442079   -0.180759  -0.0435345   -0.157389  -0.0767883   -0.129881  -0.0968128   -0.182675  -0.0124364   -0.173112   -0.109821   -0.142208   -0.132314   -0.146374   -0.141439  -0.0740967   -0.113874   -0.161202  -0.0944908   -0.153195   -0.154316   -0.180206   -0.159698   -0.176703   -0.084433   -0.167093  -0.0753443  -0.0608091
  -0.116757   -0.104316   -0.135148   -0.095317   -0.107441   -0.135992   -0.120229   -0.105078   -0.158765  -0.0974938   -0.117505   -0.165452   -0.105454   -0.123684  -0.0732905   -0.120005   -0.129546   -0.134582   -0.166949   -0.105091   -0.106896  -0.0717828   -0.091032   -0.176973  -0.0905411   -0.120478  -0.0651745   -0.106176   -0.148401  -0.0995105   -0.135566    -0.15254   -0.143618   -0.107848  -0.0894705   -0.109836   -0.138595  -0.0834698   -0.173832   -0.117969  -0.0927252   -0.101678
 -0.0882782   -0.121235   -0.120055  -0.0945908   -0.126391   -0.103271  -0.0766172  -0.0934854   -0.161378   -0.100459   -0.125497   -0.170169   -0.148625   -0.189554  -0.0993443   -0.141053   -0.131188   -0.100083   -0.196715   -0.138463   -0.133208   -0.130942  -0.0920654   -0.134914  -0.0476347   -0.120725  -0.0809607    -0.13759     -0.1475  -0.0383451  -0.0887446   -0.110624   -0.109044   -0.134063  -0.0990171   -0.147485  -0.0465955  -0.0526252   -0.156769  -0.0725442   -0.124297  -0.0627412
  -0.034543   -0.193545  -0.0692614  -0.0489192   -0.122556   -0.176782   -0.127314   -0.192535  -0.0619839   -0.211717   -0.200222    -0.11821   -0.176774 -0.00229973   -0.101025   -0.118977  -0.0911612  -0.0780428  -0.0730092  -0.0163377   0.0189142  -0.0359465    -0.04805   -0.110113   -0.130421   -0.125697  -0.0578373   -0.101358   -0.103658   -0.189958  -0.0476457   -0.171015   -0.198882  -0.0945917  -0.0743482  -0.0252119  -0.0476433  -0.0174229   -0.147133   -0.188541   -0.134372   -0.170672
  -0.138095   -0.112585   -0.108909  -0.0814903   -0.161997   -0.148248  -0.0802964   -0.136082   -0.101719  -0.0730632   -0.157824   -0.063278  -0.0893485   -0.115732  -0.0775807  -0.0723892    -0.14859   -0.126827   -0.114697   -0.104062  -0.0971236   -0.125377  -0.0841955   -0.153736   -0.200394   -0.131967   -0.169396   -0.154473   -0.138683     -0.1925   -0.109386   -0.087618  -0.0750923  -0.0853046   -0.165566  -0.0638966  -0.0489668   -0.151769   -0.124945   -0.160635  -0.0685865  -0.0610986
   -0.15813   -0.125112    -0.06305  -0.0620477   -0.171408    -0.12803   -0.119359  -0.0489277   -0.147792   -0.189273    -0.17898    -0.11516   -0.144259   -0.147821  -0.0774564  -0.0811541   -0.147658   -0.116834    -0.15743 0.000436944  -0.0686349   -0.140447   -0.149506  -0.0909906   -0.084094  -0.0859676   -0.132703   -0.163099   -0.106935   -0.110477  -0.0994239  -0.0848882   -0.111122   -0.143477   -0.113396    -0.14493  -0.0320228   -0.164345  -0.0988101  -0.0813722  -0.0750883  -0.0818649
 -0.0987093   -0.118282   -0.147098   -0.160385  -0.0940907   -0.113452  -0.0469883   -0.109996  -0.0711438   -0.126128   -0.113228   -0.120413  -0.0787393  -0.0869096  -0.0849634   -0.151737   -0.099937   -0.163313   -0.133173   -0.144842  -0.0886431   -0.139376   -0.137832   -0.161688   -0.066029   -0.068042   -0.170154   -0.153217   -0.163095   -0.109871   -0.136284    -0.15285  -0.0843113  -0.0677801  -0.0468291   -0.150799   -0.164707   -0.112202    -0.10158   -0.103663   -0.145643   -0.115348
 -0.0938979  -0.0785962   -0.130906   -0.143172   -0.110109   -0.124178   -0.171302   -0.107645   -0.136747   -0.142817   -0.170398   -0.138753   -0.141429    -0.13605   -0.157794   -0.134011   -0.122779   -0.101343   -0.116631   -0.137772   -0.111689  -0.0829088   -0.169798   -0.153541   -0.077558   -0.105078   -0.145334   -0.140785   -0.156792   -0.155166   -0.132807  -0.0795321  -0.0829259   -0.114247  -0.0887376  -0.0870937  -0.0693737   -0.101787   -0.123586  -0.0875268   -0.119684  -0.0875807
  -0.186826   -0.125907   -0.127072  -0.0680011  -0.0939408  -0.0952001   -0.122136   -0.155372   -0.177056  -0.0946122   -0.101566   -0.120629  -0.0416645   -0.192332   -0.105203  -0.0572164  -0.0994307  -0.0696891   -0.138625   -0.073931    -0.16386  -0.0700145   -0.086414   -0.127454  -0.0907635    -0.15427  -0.0568083  -0.0277325   -0.169038  -0.0486742  -0.0653334   -0.131127  -0.0517521    -0.12261   -0.161802   -0.154302    -0.13274   -0.133792  -0.0561641   -0.113598    -0.15314  -0.0847603
  -0.176341  -0.0548253   -0.083654   -0.126392   -0.128664    -0.10773   -0.139564   -0.107458   -0.124187   -0.137207   -0.151838  -0.0818353   -0.151981   -0.118729   -0.108068   -0.096459    -0.10511   -0.142146    -0.15847  -0.0727858   -0.157997   -0.100865  -0.0952358    -0.15897  -0.0987326   -0.130483   -0.120083  -0.0547371   -0.170029  -0.0977825   -0.125468   -0.146056    -0.12902   -0.130665   -0.074225   -0.158504   -0.127152  -0.0885073   -0.127857  -0.0693091   -0.105038  -0.0968431
  -0.135466      -0.112   -0.147579   -0.080167  -0.0931251   -0.138424  -0.0996494   -0.104119   -0.142064   -0.111688  -0.0983954  -0.0977856  -0.0758632   -0.109864   -0.185067  -0.0904417   -0.149767   -0.107725   -0.123297   -0.120502   -0.121424   -0.117144   -0.156915   -0.139376   -0.108824   -0.156617  -0.0767551   -0.144095  -0.0929154   -0.111767   -0.130157   -0.178172   -0.150683   -0.169556  -0.0847473  -0.0882051   -0.175506    -0.13015  -0.0830422  -0.0980303  -0.0903018   -0.100039
  -0.117369   -0.141042    -0.14769  -0.0581351   -0.100769   -0.120201  -0.0960494  -0.0668597  -0.0694491  -0.0953728   -0.101714   -0.177331  -0.0642217   -0.125956   -0.127537  -0.0969286   -0.153354   -0.155139   -0.141625  -0.0830825  -0.0663831  -0.0797908  -0.0858393   -0.122688   -0.188924   -0.125325   -0.118569  -0.0442781   -0.128774   -0.125915  -0.0583541   -0.114234   -0.156181  -0.0639607    -0.15939   -0.136202   -0.150423  -0.0799738   -0.152039   -0.018965   -0.117538   -0.173148
  -0.137244   -0.133204   -0.177309   -0.134535   -0.129739   -0.172905   -0.105842  -0.0612951   -0.149028  -0.0674935   -0.151669   -0.116059   -0.139192    -0.18301   -0.122309   -0.107597   -0.104919   -0.133052  -0.0961654  -0.0729567   -0.106286   -0.140068   -0.145607   -0.155857    -0.11044   -0.124348  -0.0835848  -0.0875758  -0.0806249   -0.114398  -0.0648164  -0.0698282   -0.131652   -0.141455  -0.0702868  -0.0803715   -0.109551   -0.124526   -0.146274   -0.143251  -0.0737223   -0.117054
  -0.110275  -0.0935551  -0.0952764   -0.126768   -0.131647   -0.139065   -0.171423  -0.0256125  -0.0498356  -0.0719034   -0.135263   -0.166068  -0.0581892   -0.119389  -0.0563347   -0.102886   -0.134947  -0.0805451   -0.087014   -0.153348   -0.124247   -0.185552   -0.148945  -0.0933657   -0.127985  -0.0590618   -0.193874   -0.121296   -0.103925    -0.11185    -0.15141  -0.0606884   -0.157979   -0.069416  -0.0659133   -0.179623   -0.104925  -0.0640356   -0.161612  -0.0825929  -0.0866221   -0.169103
 -0.0627696    -0.13781  -0.0554956   -0.111109   -0.158112   -0.180128  -0.0476322  -0.0984204  -0.0787678   -0.200535   -0.118176   -0.102516   -0.084809   -0.121272   -0.114914   -0.137883    -0.04772  -0.0360189   -0.121285  -0.0728955   -0.187292    -0.10532   0.0329531   -0.104608  -0.0772181   -0.148477   -0.167926  -0.0624592   -0.222913   -0.142243  -0.0499856   -0.182302   -0.164011  -0.0488335   -0.025821  -0.0563443   -0.104582   -0.209675  -0.0250718   -0.230482  -0.0726278   0.0154893
 0.00215636  -0.0664042   -0.194391  -0.0950156  -0.0530239   -0.142345  -0.0265053   -0.159145   -0.101902   -0.216271   -0.147777   -0.136053   -0.113742  0.00589003   -0.179986   -0.177673  -0.0481608   -0.120946   -0.068173   -0.127896  -0.0389789  -0.0561834   -0.117457  -0.0426634   -0.110177   -0.139618  -0.0281728   -0.172382  -0.0945503   -0.191941   -0.120592   -0.200614   -0.156501  -0.0983239  -0.0341079    -0.11495   -0.020579   -0.140215  -0.0668647    -0.18069 -0.00931863   -0.165616
 -0.0790042  -0.0595704  -0.0784978   -0.119244   -0.112147   -0.146904   -0.136992   -0.126254   -0.117374  -0.0821977    -0.10221   -0.109693   -0.104898   -0.175817   -0.151833   -0.177009   -0.162845   -0.144262  -0.0367939   -0.194678  -0.0717597   -0.149494   -0.154248  -0.0999453  -0.0597438   -0.126541  -0.0704847  -0.0492253  -0.0613113  -0.0640866   -0.173962   -0.103974   -0.097991  -0.0351916  -0.0555859   -0.106029   -0.143247   -0.102492   -0.138803   -0.037542   -0.146612   -0.168434
  -0.171065   -0.124504  -0.0971352   -0.136063  -0.0687987  -0.0798227   -0.119379   -0.159266   -0.202927   0.0207278   -0.097893  -0.0647537   -0.106101   -0.206865   -0.190893  -0.0243469  -0.0709125   -0.160291  -0.0322697   -0.216709   -0.136044   -0.156366  -0.0258458  -0.0312646   0.0141018    -0.11599  -0.0623065  -0.0671347   -0.163618  0.00153422   -0.159822   -0.100748   -0.069739 -0.00856701   -0.145501   -0.171286   -0.194985  -0.0761014   -0.137593  -0.0310039   -0.173936   -0.120453
   -0.05302   -0.152062    -0.13611   -0.161619  -0.0462851   -0.112351  -0.0468276   -0.135615   -0.037007   -0.139307   -0.134219  -0.0939294   -0.109391   -0.156491  -0.0998301   -0.129239  -0.0722026  -0.0942477  -0.0874414   -0.137305   -0.102484   -0.115316  -0.0748936   -0.153758   -0.151299   -0.197676  -0.0889911   -0.124642   -0.122028   -0.115133   -0.187893  -0.0936992  -0.0938177  -0.0644997   -0.160119   -0.118089  -0.0983944   -0.140663   -0.167313  -0.0221858   -0.144926   -0.111256
 -0.0433219   -0.153364   -0.192273   -0.118855  -0.0852104  -0.0475047  -0.0530882  -0.0806978    -0.10748  -0.0677173  -0.0868782   -0.135808  -0.0730979   -0.156741   -0.152165    -0.16134   -0.149789   -0.119596  -0.0744587     -0.1478   -0.106822  -0.0579167   -0.146346   -0.117628   -0.131813   -0.139011  -0.0951987  -0.0788289   -0.074321   -0.118384   -0.149262  -0.0733807  -0.0697669   -0.134046   -0.171459   -0.127883   -0.121957  -0.0913932   -0.188203  -0.0262233   -0.149807   -0.166704
  -0.202316  -0.0386862  -0.0827849  -0.0921258   -0.101111  -0.0859696   -0.154332  -0.0774865   -0.190863  -0.0830049   -0.154553  -0.0986121   -0.136693   -0.146465   -0.133149  -0.0914379  -0.0974108    -0.10015    -0.16332  -0.0667055   -0.183516   -0.131495    -0.17214   -0.153146  -0.0543332  -0.0709347   -0.111501  -0.0794053   -0.161224    -0.13065   -0.150283  -0.0880107    -0.10082  -0.0883742    -0.13323   -0.169579  -0.0583325   -0.154543  -0.0948922   -0.077449  -0.0758612  -0.0759877
 -0.0949105   -0.127598   -0.135102  -0.0604806  -0.0489576  -0.0988284   -0.139636   -0.152496    -0.13863   -0.144643   -0.154641   -0.162332   -0.132924   -0.148517   -0.100055  -0.0398896   -0.152185    -0.10629  -0.0331472   -0.121046   -0.182497  -0.0696825  -0.0788244   -0.145886  -0.0890792   -0.172724   -0.156279   -0.104208  -0.0943167  -0.0428012   -0.152878   -0.106626   -0.122444  -0.0786825   -0.161018  -0.0596167   -0.109846   -0.115941   -0.184918  -0.0341292  -0.0511562   -0.165202
  -0.111701   -0.118524  -0.0502605    -0.12671   -0.166711  -0.0996207   -0.110584   -0.166515   -0.178813   -0.137317   -0.142896   -0.113808  -0.0955247  -0.0910131   -0.123161  -0.0952409   -0.160425   -0.163544  -0.0814145   -0.103575  -0.0759868  -0.0801021   -0.129226   -0.119759   -0.104139   -0.115769   -0.138313  -0.0752209    -0.13028   -0.111832   -0.119706   -0.116814  -0.0768972   -0.122408   -0.157438  -0.0885944   -0.104042   -0.131582   -0.125781  -0.0901803   -0.118551   -0.148056
  -0.146881  -0.0938221  -0.0865802  -0.0960639   -0.104509  -0.0677202  -0.0660041   -0.138361  -0.0856054   -0.108388   -0.131442   -0.156843   -0.163805   -0.131039   -0.148792  -0.0766129     -0.1644   -0.162837  -0.0572584  -0.0808122     -0.1579   -0.113236   -0.145161   -0.139627  -0.0976286   -0.127524   -0.120177   -0.104317   -0.149563  -0.0618382   -0.140607  -0.0783768   -0.106087   -0.140082   -0.120894   -0.120659    -0.10662   -0.174529   -0.155907   -0.134453  -0.0752039   -0.125515
  -0.191445   -0.110532   -0.103027  -0.0663414   -0.188678   -0.125963   -0.141238  -0.0966933   -0.158986   -0.149126   -0.148309   -0.152631   -0.057847  -0.0897708  -0.0830095  -0.0498148    -0.13253  -0.0495639   -0.145614   -0.115605  -0.0922155  -0.0543651   -0.156649   -0.172441  -0.0858864  -0.0814827  -0.0670847   -0.079514   -0.152179   -0.148707  -0.0702696  -0.0534363    -0.14434   -0.161247   -0.123696   -0.143313      -0.126   -0.100924   -0.102971   -0.149721  -0.0679427   -0.131643
  -0.218816  -0.0476953   -0.101123  -0.0783592    -0.08781  -0.0983464   -0.172615  -0.0704241   -0.116904  -0.0500481    -0.12845  -0.0768844    -0.11235   -0.129337   -0.116596  -0.0887083   -0.130244   -0.120416   -0.189123   -0.132908   -0.128153   -0.214375   -0.151965  -0.0685813   -0.097797  -0.0574059   -0.185604  -0.0806405   -0.143082  -0.0383872    -0.13011  -0.0799267  -0.0830266  -0.0618317  -0.0716104   -0.207984  -0.0873564  -0.0949255  -0.0788924   -0.142361   -0.116564  -0.0754435
  -0.152152  -0.0579821   -0.151101  -0.0871742   -0.133548   -0.162381   -0.133961   -0.138664   -0.122869  -0.0419983   -0.183721  -0.0869263   -0.108889   -0.105553   -0.118065   -0.128003  -0.0688592  -0.0999791  -0.0737091   -0.139006   -0.158108   -0.169305  -0.0995231   -0.111553  -0.0420175   -0.109355   -0.159749   -0.148514   -0.140901  -0.0413448   -0.117867   -0.076614   -0.123093  -0.0532889   -0.107758   -0.187214   -0.102737  -0.0579282  -0.0804812    -0.14822   -0.132275  -0.0992558
 -0.0738958   -0.212597   -0.145306   -0.135118   -0.103106  -0.0772042   -0.174846  -0.0570422   -0.104388   -0.149547  -0.0883488  -0.0875584   -0.209993  -0.0133286  -0.0928817   -0.100627    -0.17212  -0.0448932  -0.0177482   -0.123964  -0.0889033   -0.139327  0.00445864   -0.167434  -0.0296321  -0.0699851  -0.0548684   -0.194812  -0.0249614    -0.16777  -0.0636702  -0.0818233  -0.0844155  -0.0295936   -0.224532   -0.149712   -0.199756   -0.147282  -0.0566719   -0.150617   -0.103279  -0.0797877
 -0.0764293   -0.152444  -0.0884896   -0.152862  -0.0812212   -0.151882   -0.116601   -0.166688   -0.128962  -0.0771735   -0.143045  -0.0576792  -0.0883904   -0.114575   -0.136322   -0.146082    -0.17262   -0.192885   -0.064532  -0.0955182  -0.0596546  -0.0673274  -0.0779004   -0.108002  -0.0706047  -0.0839376  -0.0467005    -0.14613   -0.128268   -0.136806   -0.111017  -0.0972511   -0.122945   -0.147762    -0.14338   -0.113195  -0.0789541   -0.102064   -0.151849  -0.0847814   -0.194136   -0.121511
  0.0449411    -0.14483   0.0449904   -0.186978  -0.0127303  -0.0139536  -0.0156401  -0.0765181  -0.0331828  -0.0404616    -0.10115  -0.0570119   -0.125264  0.00319593  -0.0687651   -0.126424  -0.0947881   -0.120397   0.0242603   -0.172701   -0.027739    -0.14706  -0.0148804   -0.193325   -0.183654   -0.129661   -0.187893   -0.253188   -0.195414   -0.266836   -0.129722  -0.0550618   -0.112259  -0.0286058   -0.150292   -0.108337   -0.212561   -0.147803   -0.130939  -0.0940801  -0.0270084   -0.190032
 -0.0838367   -0.121965  -0.0822533   -0.194748  -0.0161525  -0.0973445   -0.217989   -0.093217    -0.10257   -0.190133   -0.128573  -0.0750425   -0.141222  0.00452431   -0.055242  -0.0777796   -0.130562   -0.107472  -0.0675315  -0.0895673    -0.17002  -0.0967159  -0.0510939   -0.140174  -0.0489803  -0.0922457  -0.0666095   -0.174508    -0.03236  -0.0849251  -0.0458137 -0.00298836   -0.119261   -0.110556   -0.215371   -0.113109   -0.196004   -0.152134  -0.0919856   -0.164706   -0.198596  -0.0409671
  -0.086094   -0.130867   -0.162993    -0.13156   -0.175113   -0.151745  -0.0661594   -0.125979  -0.0899817   -0.119543   -0.136629   -0.134191   -0.127212  -0.0936608   -0.125102   -0.157975   -0.164057  -0.0900424  -0.0680669   -0.116487   -0.052324   -0.108948  -0.0406618  -0.0796501  -0.0543739   -0.123795   -0.100673  -0.0704458  -0.0778561   -0.137938  -0.0634319   -0.163263    -0.17838  -0.0609775   -0.107282   -0.111388   -0.150883   -0.125374  -0.0959927   -0.167583   -0.127643   -0.137288
