no weights
   0.0885296   0.00866963    0.0770109    0.0497639     0.124378    0.0632743   0.00924484    0.0942977    0.0259657    0.0846101    0.0540892    0.0299722    0.0181194    0.0571752    0.0691603    0.0421632    0.0692286    0.0724025  -0.00635239    0.0624928    0.0181139    0.0574625     0.105215   -0.0242629     0.021585    0.0827934    0.0884327     0.111968    0.0747776  -0.00152996    0.0636023    0.0936208    0.0795411    0.0479882     0.026638    0.0112469    0.0469384     0.135609    0.0657179    0.0763448     0.107563  -0.00538769    0.0914861   -0.0170856    0.0374104    0.0804361   0.00201229    0.0454179
   0.0386715     0.085527     0.067646     0.048983      0.11686    0.0837373    0.0801133     0.088383    0.0403128     0.050518    0.0755677     0.074689    0.0617269   0.00879295     0.024425    0.0673309    0.0117177     0.111829    0.0912376    0.0916355    0.0578878    0.0261736     0.116288    0.0822087    0.0389514     0.082623    0.0356801    0.0843396    0.0215184     0.121222     0.101345   0.00738011    0.0333339    0.0210221    0.0386678    0.0680658    0.0576788    0.0576478    0.0521601    0.0880082    0.0937812     0.103161    0.0549749    0.0682721     0.086912     0.107082     0.123889    0.0859622
   0.0687795    0.0435054    0.0807861    0.0567568    0.0867739    0.0176012    0.0240625    0.0903846    0.0419325     0.103878    0.0528578     0.035699     0.106791    0.0638714     0.112549    0.0974205   0.00315673     0.117682    0.0444212     0.114208    0.0192553    0.0242807    0.0304832      0.07746    0.0482785    0.0949586     0.120622    0.0580463   -0.0129417    0.0652923    0.0658446     0.050777    0.0800597     0.132445    0.0068196   0.00410958    0.0309375     0.116331    0.0608595    0.0661525     0.102072    0.0838144    0.0451774     0.113399    0.0546024    0.0611716     0.026986     0.077742
   0.0789202    0.0623377      0.13655    0.0673411      0.12719    0.0803638    0.0542307    0.0736442    0.0686523    0.0111707    0.0421344      0.12764    0.0329812   0.00940847    0.0287728     0.086243    0.0531953    0.0889134    0.0655073     0.077079     0.102496    0.0554062    0.0367702    0.0820249    0.0539527    0.0253689    0.0682726    0.0957506    0.0609994   0.00920855    0.0393315    0.0318407    0.0157693    0.0512052    0.0139462    0.0615074    0.0744924    0.0555381    0.0200389    0.0762249     0.061907    0.0852223    0.0660992     0.120051    0.0484404     0.112541     0.106467       0.0458
    0.119364    0.0503072    0.0399096    0.0371752     0.130813    0.0521156    0.0545195    0.0732932    0.0784756     0.100474    0.0603163   0.00495223    0.0852941    0.0703684    0.0909711    0.0619422     0.081885    0.0176234    0.0968923     0.115168    0.0338274   -0.0113957    0.0756089    0.0361668     0.065945    0.0866914    0.0382376     0.105148    0.0796749    0.0622296     0.100086    0.0172668     0.123419    0.0306215    0.0814758    0.0424822   0.00100963     0.105202    0.0318118     0.026062    0.0468967    0.0134805    0.0864437    0.0328149    0.0568335    0.0726859    0.0650608     0.106482
   0.0838672    0.0920764    0.0487962    0.0661474     0.121978    0.0292424    0.0603057    0.0111689    0.0910601    0.0483391    0.0872176    0.0730095     0.141303   0.00847267    0.0981512    0.0103497    0.0941737    0.0773922    0.0283082     0.115686    0.0138821    0.0133412    0.0773639    0.0714489    0.0598154     0.074988    0.0574911     0.111616    0.0245875    0.0111953     0.128047    0.0179194     0.116112    0.0737477    0.0942772      0.09428    0.0533919    0.0570476    0.0984894    0.0146914    0.0971923    0.0824451     0.114298    0.0268998    0.0548717    0.0441481      0.12528     0.035256
   0.0176767    0.0944981       0.1295    0.0558721    0.0445603    0.0440402    0.0331838    0.0484252    0.0864671    0.0817742    0.0502859    0.0151603    0.0428825    0.0109344    0.0758614    0.0172082    0.0350123    0.0115422    0.0741818    0.0396687     0.103501    0.0373242     0.074899    0.0788896   0.00950543    0.0417111     0.124495    0.0706688     0.106978     0.034389    0.0188168    0.0945776    0.0571331     0.128346     0.123156     0.040772    0.0647127    0.0922029     0.017025    0.0619648     0.152193    0.0466262     0.100197    0.0122414    0.0590508    0.0863955     0.107471    0.0681483
   0.0704406    0.0985165    0.0275506    0.0743663     0.100155    0.0707247    0.0940679    0.0725935    0.0275595    0.0189172    0.0741032    0.0339742     0.132821    0.0981746  0.000681354    0.0650586    0.0719822    0.0930632    0.0410255     0.105138    0.0514823     0.140571     0.121108    0.0921222    0.0342493    0.0395354    0.0277639    0.0747845    0.0711383    0.0881246    0.0583426    0.0468316    0.0671448    0.0967371    0.0672709    0.0537241    0.0600243    0.0243318    0.0780302    0.0993585     0.019283     0.123111    0.0680758    0.0120968     0.105357    0.0681091    0.0515265    0.0766623
   0.0793651    0.0183623    0.0654788     0.100232     0.102826     0.111137    0.0936814    0.0878827    0.0218766    0.0990421    0.0509267    0.0249487    0.0328188    0.0576292    0.0611326    0.0486898     0.126124    0.0423004   0.00591504    0.0874967    0.0819923    0.0968694     0.105338    0.0486325    0.0353035    0.0865976    0.0610769      0.12182    0.0580483    0.0403131    0.0877241     0.118963     0.120874     0.063259    0.0421411    0.0870307    0.0870148     0.102046    0.0299151    0.0510859     0.130366    0.0795984    0.0544813    0.0530789     0.025285    0.0131552    0.0271238    0.0821301
   0.0325593    0.0741416    0.0714786    0.0284488   0.00374254    0.0295702    0.0688833    0.0908519     0.064831    0.0768803    0.0944433   0.00503287     0.127383    0.0304515    0.0718785    0.0842557    0.0131615    0.0227326     0.097865    0.0975026    0.0323943    0.0161565    0.0810369    0.0602205     0.131301   0.00637602    0.0547221    0.0423761    0.0197163    0.0528468     0.114741    0.0744124     0.126078    0.0308747   0.00148497    0.0757113     0.083263     0.105487    0.0643792 -0.000709498    0.0368471    0.0849697     0.105415     0.112616     0.062361    0.0750902     0.116046     0.130216
   0.0374467    0.0700635    0.0408897    0.0933791     0.124307    0.0645424    0.0698229    0.0104651    0.0461262    0.0949021    0.0898632    0.0160653    0.0476352    0.0359646     0.103349    0.0826119    0.0939325    0.0663713     0.111929    0.0899063    0.0964896    0.0993209    0.0933064    0.0236527     0.106656    0.0367732     0.121087    0.0688107    0.0583241    0.0192507     0.128168    0.0724228    0.0850428     0.130749    0.0804094     0.041301     0.122857    0.0320691     0.120395    0.0768836    0.0787841    0.0506168     0.123977     0.046113     0.100053     0.114445    0.0443821     0.075856
   0.0551317    0.0191406     0.098763    0.0383783    0.0548647    0.0195022      0.07053    0.0463839     0.103467    0.0252698    0.0878593    0.0242017    0.0354765   0.00535923    0.0784592    0.0557341    0.0662845    0.0862507    0.0414716    0.0460209    0.0647789    0.0714535    0.0248631    0.0274235    0.0599298    0.0104797     0.126738    0.0371686   -0.0128076    0.0997469    0.0750561    0.0331327     0.135524       0.1029    0.0519757   -0.0041099    0.0161094    0.0912614      0.13445     0.102283    0.0896271    0.0569352    0.0456446     0.116039    0.0517639     0.133454    0.0343292    0.0268596
   0.0398264     0.100413    0.0667238     0.103962    0.0597223    0.0161054    0.0420331    0.0740848    0.0185845    0.0534455    0.0428841     0.061863     0.118534    0.0740941     0.060096    0.0915998    0.0409911   0.00532869     0.055916    0.0831104      0.08497    0.0906354    0.0458412    0.0597758     0.102838   0.00802035    0.0403545    0.0138514    0.0869319    0.0683564    0.0660509    0.0438107     0.115632     0.063758    0.0700535    0.0764148     0.102053    0.0741274    0.0443048    0.0408876     0.107791    0.0816701     0.082164     0.022381     0.120138    0.0878358     0.102009    0.0778945
   0.0166426    0.0386524     0.086859    0.0590325    0.0297554     0.107941    0.0675524    0.0448357    0.0835227     0.032968      0.11007    0.0558214     0.050639  -0.00330076     0.093549    0.0235852     0.159884    0.0229649    -0.026069     0.129785    0.0181515     0.091803    0.0347159    0.0838384    0.0495117    0.0768571      0.11912    0.0452739   0.00146782  -0.00294201    0.0516815     0.112172    0.0877416    0.0918503    0.0755725    0.0330482  -0.00971235     0.122645    0.0662674    0.0983803       0.1181    0.0235037  -0.00103919  -0.00350949    0.0957525    0.0573775  -0.00372763    0.0822403
    0.096942     0.106608    0.0482419     0.104789    0.0529188    0.0392089    0.0743904    0.0705061    0.0161549    0.0778729    0.0594033     0.072894    0.0988606    0.0473143    0.0373775    0.0816657     0.118267    0.0707337    0.0874079     0.105014    0.0847657     0.108317    0.0512406    0.0994839    0.0105729    0.0330441     0.102761    0.0380901    0.0900282     0.016696    0.0539564    0.0871717     0.102757     0.124669    0.0267724     0.122093    0.0333342    0.0775915    0.0590961     0.102234    0.0494438    0.0993068    0.0212438    0.0524589    0.0841185   0.00544108    0.0786662     0.033358
     0.10522     0.121194     0.117616     0.106326     0.027147   -0.0090674     0.111386    0.0178094     0.060738    0.0693307    0.0540184    0.0959677    0.0556247   0.00405793    0.0238252    0.0455844   0.00663975    0.0653173    0.0995214      0.10254    0.0907444    0.0717441    0.0677895    0.0601709     0.047562    0.0807193     0.073245    0.0602404     0.063464    0.0552514     0.101282    0.0239104     0.111131    0.0150191  -0.00813636    0.0394782    0.0309572    0.0796441      0.10203    0.0533822   0.00182662    0.0604191    0.0771665    0.0718653     0.134813    0.0879055    0.0764223    0.0800344
   0.0337223    0.0165729    0.0578228     0.128665    0.0769079    0.0598129    0.0389785    0.0256741    0.0420137     0.124636    0.0830268    0.0983776    0.0401934    0.0859295    0.0369113    0.0233312    0.0908783    0.0490429     0.105249      0.09961    0.0887117    0.0772524    0.0545365    0.0713958    0.0789012    0.0491736    0.0826386     0.110477    0.0422113    0.0703291    0.0486108    0.0567923     0.060728    0.0630577    0.0348911    0.0966399    0.0521469     0.067072    0.0761982    0.0793045     0.131211    0.0547823    0.0348346    0.0974986     0.101706    0.0754051      0.10706    0.0974215
     0.06115    0.0909715    0.0960486     0.029518     0.122931    0.0869338    0.0895069    0.0916201    0.0728523     0.110369    0.0278697      0.04933      0.11808    0.0492112    0.0297879    0.0624923    0.0524013    0.0291106    0.0037816    0.0858157     0.112492    0.0716291     0.072705    0.0697182    0.0279347    0.0528914    0.0696687    0.0760106    0.0483848    0.0608289   0.00278062    0.0859298    0.0555384     0.039742   0.00150705    0.0956776   0.00463942    0.0936114    0.0749915    0.0703691    0.0394836    0.0512945    0.0559154    0.0804109     0.151325     0.137948     0.040681    0.0524293
    0.108013    0.0511127    0.0779565    0.0576651   0.00974076    0.0109558    0.0933875   -0.0113562   -0.0192902    0.0110862     0.126022    0.0592408     0.112152     0.015422    0.0242093    0.0951406    0.0908598   0.00909452    0.0376925    0.0457382   -0.0221494    0.0496832    0.0518571    0.0409041    0.0171495    0.0943735    0.0962738    0.0515262    0.0739926    0.0338658    0.0495445    0.0564267    0.0413226     0.124654     0.014439    0.0351276   0.00859393    0.0794158    0.0497327    0.0756007    0.0819903   -0.0191487     0.128405    -0.014001    0.0744034    0.0262263    0.0469559     0.111835
   0.0377171     0.140116      0.14797    0.0986822    0.0969575    0.0304765    0.0396413    0.0554417    0.0821144    0.0603094    0.0401825    0.0342243    0.0383817    0.0520942    0.0676583    0.0834454    0.0518948    0.0958128    0.0351597    0.0436605    0.0819213     0.117354    0.0751133     0.104247    0.0614991    0.0981345    0.0783382    0.0461919    0.0358037    0.0886753    0.0148257    0.0999596    0.0660557    0.0186737    0.0948565    0.0088477    0.0030511    0.0361731    0.0909182    0.0957034    0.0999376    0.0241956    0.0183626      0.10369     0.118196    0.0291472     0.036437    -0.005083
    0.102387    0.0863709    0.0927006    0.0626348    0.0457697     0.112857   0.00650164    0.0825097    0.0973881    0.0315933    0.0698858    0.0508905     0.083596    0.0234117    0.0334056    0.0667528     0.110839    0.0866432    0.0468231    0.0366106     0.108874    0.0980816    0.0977083   -0.0109966    0.0231047   -0.0058153    0.0784864   0.00226754   0.00893308   0.00908068    0.0282673    0.0697339    0.0473346    0.0368682     0.105802  -0.00243525    0.0410362     0.121022    0.0882277   0.00273798     0.115335    0.0399571     0.017331    0.0432637    0.0100523    0.0807105    0.0324739    0.0783557
   0.0713029     0.108044     0.132729    0.0951365     0.149078    0.0158959      0.04986    0.0441474    0.0311849    0.0060757    0.0724307     0.028602    0.0379101    0.0192224    0.0313701    0.0231852    0.0714409    0.0164641    0.0139361    0.0171404    0.0951727     0.111502    0.0633227    0.0199894    0.0589947    0.0351008     0.132876    0.0969259    0.0276458    0.0274397   0.00919834    0.0121415    0.0594324    0.0836781     0.103614    0.0134708      0.11993    0.0956476     0.104205    0.0475851    0.0674876    0.0325423    0.0720798    0.0975119    0.0507018     0.113951    0.0861514    0.0407187
     0.10805    0.0393054    0.0331295    0.0440841    0.0540418    0.0303813     0.028165    0.0424277  0.000815344     0.110119    0.0815612    0.0650255    0.0367658  -0.00633251    0.0312552    0.0633489     0.062745    0.0383908   -0.0103778    0.0626844  -0.00455032    0.0380127    0.0192476   -0.0274024    0.0170201    0.0490515    0.0606384     0.102768    0.0422336   0.00704811    0.0353265     0.119358    0.0552372     0.124078   0.00790052    0.0138623    0.0188553    0.0323021    0.0700864    0.0906774    0.0724961    0.0353455    0.0937242    0.0723563    0.0352393    0.0990843    0.0750351    0.0166128
   0.0958497    0.0182566    0.0621935     0.125767    0.0926131     0.103176    0.0706342    0.0841113    0.0712194    0.0228039    0.0461598     0.120163    0.0694446     0.102288    0.0954243     0.106485     0.111651    0.0107285     0.104709    0.0292206    0.0341545     0.068817    0.0475726     0.076329    0.0916158    0.0780508     0.102975    0.0372016    0.0239534    0.0732879    0.0419484    0.0892201    0.0684023    0.0467516     0.050708    0.0084452     0.085572     0.116235     0.110013    0.0633529    0.0832246    0.0284067    0.0380793    0.0739329     0.136464      0.11521    0.0891887    0.0870606
   0.0810875   0.00922973    0.0314088    0.0225184    0.0593423   0.00997117    0.0603546    0.0296163    0.0306493    0.0156435    0.0429401    0.0432218     0.060064     0.090759    0.0740381    0.0709151    0.0609846   0.00813526    0.0649217    0.0144336    0.0118195    0.0604785  -0.00968206    0.0815466    0.0106163     0.103246      0.10685    0.0563341    0.0703914    0.0943635     0.077733     0.027217     0.068526    0.0580611    0.0922921    0.0288047    0.0553164   -0.0142188    0.0748632    0.0598446   -0.0172324    0.0217894    0.0781937     0.105708     0.156399     0.115956    0.0522112    0.0223029
    0.038073    0.0552413    0.0745493    0.0620592    0.0455963      0.10494    0.0760229    0.0156426    0.0357555   0.00517964    0.0333787    0.0651891    0.0863106    0.0841247    0.0341743    0.0494208    0.0789029    0.0533325   0.00957445    0.0970241    0.0605304    0.0750652    0.0483367    0.0601623    0.0841239    0.0916508      0.09843    0.0239252  -0.00415397     0.100137    0.0122224    0.0937233     0.132728    0.0400046     0.010436    0.0685612     0.101576    0.0701719     0.145503    0.0714144    0.0814183    0.0623384    0.0626138    0.0725577    0.0712837     0.105606    0.0681806    0.0425633
   0.0962559    0.0245245    0.0890149     0.113159     0.134849    0.0480459      0.06776     0.070727     0.069337    0.0127176    0.0987533    0.0259658    0.0652986    0.0383867    0.0818023    0.0627844    0.0933513  -0.00542857     0.094667     0.087667    0.0134947    0.0608662    0.0366743   -0.0109356    0.0217197    0.0899761    0.0808264    0.0561129     0.110117    0.0296921    0.0290333     0.107878    0.0532571    0.0178029    0.0385247  -0.00412189     0.111954    0.0342442    0.0970093    0.0131356     0.107024     0.079696    0.0609585     0.124522     0.127784    0.0785711    0.0536193    0.0772223
    0.119302    0.0812349    0.0896148     0.129728     0.100238    0.0487727    0.0948898    0.0363192    0.0106292    0.0423936    0.0356409    0.0819426    0.0453927    0.0295124    0.0777864    0.0887495    0.0468004    0.0198778     0.127019    0.0158427    0.0183501     0.116951     0.100207    0.0607965     0.126721     0.068693    0.0290957    0.0729232    0.0310857    0.0372584     0.113469     0.040069  -0.00872227    0.0473644    0.0387377    0.0954884     0.113681    0.0649602    0.0666689     0.101757    0.0147663    0.0763601    0.0486967    0.0749181    0.0652437    0.0943984     0.139782    0.0730267
    0.151922    0.0282375    0.0544005    0.0229457     0.101522     0.100616     0.133823    0.0867292    0.0728357    0.0272535    0.0678035    0.0665388    0.0284872    0.0671985    0.0536794     0.036931     0.127144  -0.00273068    0.0826433    0.0902234     0.093287    0.0917568     0.101734    0.0611833    0.0751003    0.0912731     0.102746    0.0561489    0.0353167    0.0647881      0.04199    0.0987533      0.04722    0.0795777     0.102715    0.0717281    0.0623566    0.0965084     0.147884    0.0892496    0.0725007    0.0278775    0.0122141    0.0984809    0.0642023    0.0500504   0.00503722    0.0229933
   0.0956948    0.0862677    0.0555357    0.0805318     0.109223    0.0632952     0.135942    0.0648892    0.0492055    0.0875752    0.0730663    0.0379555     0.101163     0.065809    0.0835209    0.0658944    0.0396053    0.0491863    0.0961572    0.0364198    0.0223781  -0.00231684   0.00275648    0.0912894     0.122183     0.108119    0.0820339    0.0453229     0.114674    0.0414679     0.141383     0.028125    0.0232168    0.0790206    0.0134684    0.0920697    0.0331694   -0.0331765    0.0672652    0.0560574   0.00670386     0.107007    0.0683606     0.128485     0.132926     0.122078     0.124768     0.103774
   0.0198835    0.0280269     0.109297     0.111177      0.11747    0.0501934    0.0634491    0.0179429    0.0712304    0.0130419    0.0186962    0.0296848    0.0624334    0.0218907     0.045137    0.0819846    0.0780993    0.0239967    0.0250737    0.0993093     0.100622    0.0993664    0.0704055     0.017056    0.0563145     0.100872     0.074994    0.0564759    0.0509189    0.0708513    0.0403645     0.102327     0.123626     0.037224  -0.00299344    0.0341278    0.0435148    0.0953453     0.073488     0.106028   0.00369633    0.0619569    0.0131372    0.0708287      0.13077     0.116727    0.0151029    0.0326255
   0.0806805    0.0812313    0.0424886    0.0370871    0.0550858   -0.0136041    0.0742257     0.097027    0.0479399    0.0539292     0.117262    0.0689958     0.118096    0.0876963    0.0336168    0.0482054    0.0455035    0.0571791     0.027262     0.105237    0.0875732    0.0993333    0.0488326    0.0435739    0.0654778     0.102022     0.105615    0.0919792    0.0161705    0.0723825    0.0684688    0.0369688     0.113505   0.00280686  -0.00803945    0.0552217     0.101903     0.105036    0.0809373     0.048078    0.0278073     0.066798    0.0500994    0.0273276    0.0908561    0.0485104    0.0887889     0.072678
   0.0266115    0.0947001    0.0323995    0.0159724     0.113375   -0.0121771     0.107935    0.0876395     0.112104    0.0254596    0.0577872    0.0292417     0.118729    0.0563333    0.0594036    0.0885439    0.0789152    0.0771402     0.102859    0.0363523    0.0713284    0.0689286    0.0238703    0.0347502    0.0704519    0.0769214    0.0642483    0.0739747     0.016096    0.0517117     0.106229    0.0900295      0.11524     0.027549    0.0926288    0.0178717    0.0886616     0.078633    0.0548398    0.0978083     0.089572    0.0806357    0.0210844    0.0494449    0.0872131    0.0890901     0.100862    0.0915023
   0.0735786     0.037649    0.0234992    0.0763122    0.0440421    0.0575549    0.0413272      0.02273    0.0179876    0.0199554    0.0403169    0.0458308    0.0663084   0.00376713    0.0146288     0.114501    0.0813559    0.0687106     0.101178    0.0711792   0.00455605     0.072421   0.00982756   0.00443023    0.0256685    0.0939366    0.0211622     0.123271    0.0224943    0.0399942    0.0787427     0.103867   0.00385937    0.0444727    0.0695219     0.043737      0.11111     0.126543    0.0963287      0.06974    0.0267102    0.0622418     0.083845  -0.00484988    0.0286532    0.0276665    0.0922694     0.129479
   0.0373954    0.0552571     0.133375    0.0638535     0.100938     0.101807    0.0702553    0.0504256     0.100253    0.0364384    0.0422953     0.105667  -0.00361008    0.0154475     0.106669     0.105952    0.0155491    0.0526953    0.0759906    0.0151161    0.0391409    0.0324657    0.0663732    0.0161736   0.00166222   -0.0169713    0.0961414    0.0689656    0.0270544    0.0680012    0.0210176    0.0363775    0.0510731    0.0554658    0.0982197     0.118868    0.0686848    0.0746838    0.0685736    0.0914493    0.0268386     0.104446    0.0762772    0.0516657    0.0806101    0.0823242     0.104456     0.102446
   0.0270911    0.0823736     0.148681     0.096358      0.13212    0.0767955    0.0900971     0.106498    0.0892454    0.0291826    0.0585511     0.067044    0.0316913    0.0732139    0.0321575      0.10026      0.11002    0.0360875    0.0621071    0.0111971     0.104593    0.0751382    0.0719835    0.0101816  -0.00104887     0.104403     0.125721    0.0468505    0.0459512    0.0241688    0.0833158    0.0163803    0.0803933     0.104334    0.0318011    0.0362498    0.0264081    0.0785083     0.111641     0.096455    0.0887288    0.0320957    0.0575703    0.0665075    0.0853113    0.0409207    0.0446699    0.0859787
  0.00111256    0.0464963     0.134372     0.127927    0.0572607    0.0561399    0.0472426     0.107247    0.0465374     0.054002    0.0576172     0.105458   0.00384048    0.0984686    0.0346141    0.0207434     0.089264     0.109916   0.00915907    0.0141286    0.0918132     0.078983    0.0699576    0.0578461     0.055039      0.05533     0.093962    0.0459955     0.093548    0.0930989    0.0977677      0.02183   0.00849459    0.0612526     0.105098    0.0645719     0.023472    0.0779015     0.118466    0.0598564    0.0422759    0.0576663    0.0384993     0.132076    0.0960793     0.120505    0.0586971  -0.00614516
    0.150317    0.0538414    0.0973766    0.0967173    0.0346158     0.139858    0.0649833    0.0234249     0.106071    0.0532546    0.0448546    0.0250635    0.0591239    0.0993509    0.0445781    0.0321975    0.0939702    0.0744666    0.0816535     0.099852     0.031668     0.077676    0.0358191    0.0110364     0.113593    0.0518717     0.105952    0.0342597    0.0123289    0.0999762    0.0997766    0.0280816    0.0264296    0.0342302    0.0945632    0.0684276    0.0581401     0.122942    0.0656539    0.0602974    0.0243729    0.0685711    0.0732608     0.136583    0.0319519    0.0352277    0.0933842    0.0708238
   0.0438822    0.0453878    0.0478511     0.132151     0.108233    0.0309042    0.0914575    0.0740788    0.0635014     0.102814     0.037232    0.0837897    0.0260408    0.0695319     0.107828    0.0999377    0.0775503    0.0780092    0.0453026    0.0772114    0.0446527    0.0648549    0.0460799    0.0124794    0.0902622    0.0315786    0.0141997    0.0758822    0.0116868    0.0639428    0.0542012    0.0817883     0.123362    0.0859206    0.0137884    0.0245618    0.0362634     0.102667     0.118836    0.0992114    0.0515497     0.047162    0.0072583    0.0859746     0.175137    0.0822033    0.0659704      0.09544
   0.0898118    0.0758085    0.0559288    0.0614427    0.0836566    0.0394929    0.0734821    0.0756295    0.0657382     0.072455    0.0903594     0.026943      0.12576    0.0691792    0.0426542    0.0820007      0.06187    0.0377983     0.146785    0.0921143     0.112215     0.011916     0.107398      0.10731     0.120303     0.056305     0.085075    0.0926274    0.0914163    0.0794826     0.140023     0.003886    0.0194394   0.00658457    0.0317864    0.0376742    0.0792803    0.0777331     0.037217     0.029685    0.0312286    0.0346597     0.107073    0.0857586    0.0137763     0.026373    0.0570983    0.0827144
 -0.00994119    0.0271855     0.135868     0.111117    0.0932847    0.0485909    0.0312553    0.0018006    0.0445177    0.0889344    0.0419837     0.113344    0.0343737     0.027887     0.102938    0.0217896     0.024439    0.0714242   0.00686772     0.126437    0.0839905    0.0908684    0.0829662    0.0629966    0.0915291    0.0568031    0.0341508     0.121155     0.101447    0.0492047    0.0388344    0.0548817    0.0189371     0.103258    0.0159619    0.0221889    0.0808502     0.124054    0.0131204    0.0472637     0.119072    0.0351852    0.0886601     0.069118    0.0834908    0.0712989    0.0921408    0.0605256
   0.0494133    0.0694724     0.108467      0.09001     0.116591    0.0140618    0.0663673    0.0445657    0.0935716    0.0947563    0.0717249    0.0525049      0.10508   0.00183662    0.0987973     0.101308    0.0974174    0.0395038    0.0402881    0.0275487    0.0705512    0.0934258  -0.00409881    0.0598999    0.0936403     0.107769    0.0148875     0.103249     0.031611    0.0258597    0.0573834    0.0161479    0.0761231    0.0912882    0.0260088     0.100226    0.0272127  -0.00338394     0.106391     0.113558    0.0932793     0.100549  -0.00176816     0.099725     0.114218    0.0550745     0.117489    0.0331662
  -0.131613   -0.104676   -0.138862   -0.116257   -0.149293    -0.11131   -0.124975   -0.161304   -0.111004   -0.142139   -0.142048   -0.144835   -0.145656  -0.0931275  -0.0860976  -0.0843594  -0.0926792  -0.0978719   -0.109688   -0.141221   -0.108982   -0.128002   -0.160867  -0.0817786  -0.0875055   -0.114608   -0.112481   -0.158895   -0.177184  -0.0796986   -0.130839   -0.111025   -0.166704   -0.163188    -0.10142   -0.125832  -0.0747952  -0.0905027   -0.115966   -0.118678  -0.0987348   -0.115292
  -0.116151   -0.143247  -0.0568769  -0.0814321   -0.103609   -0.160521   -0.101945   -0.204712   -0.165404  -0.0670368   -0.128407   0.0185789   -0.127674  -0.0898827   -0.168112  -0.0691859   -0.119647  -0.0589308   -0.192281  -0.0582882  -0.0509695   -0.100726   -0.133958  -0.0915609  -0.0390594  -0.0640696    -0.11709   -0.210837  -0.0676025   -0.119845  -0.0334349  -0.0647177  -0.0935324   -0.197096  -0.0610772   -0.057124   -0.032602   -0.154918  -0.0891825   -0.145558   -0.134437  -0.0922091
 -0.0789053   -0.169566    -0.15655   -0.146803   -0.187904   -0.176611  -0.0547849   -0.125291  -0.0942722   -0.105928   -0.116725  -0.0670261    -0.09322  -0.0163513  -0.0796436   -0.109805   -0.112899   -0.158287  -0.0391285  -0.0768743  -0.0904507  -0.0617109  -0.0903628  -0.0869126   -0.150697  -0.0865186   -0.070279   -0.123874  -0.0750746   -0.209531   -0.122154  -0.0696821  -0.0769111  -0.0358243   -0.132175  -0.0840583   -0.111068   -0.138629   -0.120818   -0.180808  -0.0965816    -0.11891
 -0.0566684   -0.109281   -0.119902   -0.164674  -0.0893179   -0.118193   -0.116502   -0.149864    -0.10679   -0.151096    -0.13309    -0.05902   -0.129996  -0.0720203   -0.117171  -0.0955773   -0.108031   -0.130122  -0.0861538  -0.0663451   -0.128452   -0.159461  -0.0785311  -0.0886522   -0.128469   -0.117539   -0.158669  -0.0814447  -0.0593163   -0.166346   -0.107587   -0.105213   -0.147866   -0.134222  -0.0462023  -0.0987432  -0.0711658  -0.0679286   -0.115809  -0.0983968    -0.16175   -0.124564
 -0.0965614    -0.10035   -0.114797   -0.117536  -0.0725761  -0.0621992  -0.0632448   -0.118322   -0.106064  -0.0897052  -0.0648076   -0.137301   -0.113423  -0.0307623  -0.0518129   -0.157222  -0.0509352   -0.146297  -0.0808467   -0.124951  -0.0968593   -0.171434  -0.0301124   -0.160803  -0.0981606   -0.131982   -0.129733   -0.134003   -0.144344  -0.0698301   -0.105248   -0.151211  -0.0947407   -0.144688   -0.146586   -0.171939   -0.153625   -0.165905  -0.0872987   -0.162371  -0.0834904  -0.0656553
  -0.103658   -0.109125   -0.129586  -0.0995306   -0.102738   -0.131012   -0.117533   -0.109758   -0.156585  -0.0971876   -0.113956   -0.160145   -0.107641   -0.112051  -0.0752984   -0.123302   -0.129481   -0.140759   -0.154119    -0.10679   -0.107319  -0.0733797  -0.0824689   -0.174903  -0.0888976   -0.122841  -0.0671222   -0.110518   -0.148896   -0.100947   -0.140272   -0.152079   -0.139895   -0.103163  -0.0938048   -0.107074   -0.138422   -0.086684   -0.171853   -0.117247  -0.0913582   -0.102387
 -0.0848089   -0.122917   -0.115609  -0.0985923   -0.128823   -0.100716  -0.0756629  -0.0870293   -0.158218   -0.100454   -0.126467   -0.162187   -0.145374    -0.17532  -0.0923852   -0.136128   -0.137317  -0.0978501   -0.175636   -0.131938    -0.11733   -0.127781  -0.0859378   -0.138844  -0.0592998   -0.118765  -0.0879051   -0.142326   -0.143148  -0.0527955  -0.0917192   -0.107238   -0.109691   -0.131837   -0.103774   -0.146906  -0.0540159  -0.0584631   -0.155387  -0.0749592   -0.123527   -0.066995
 -0.0544129   -0.169664  -0.0678938  -0.0604579   -0.107186   -0.156991    -0.12668   -0.175542  -0.0747514   -0.181252   -0.184043   -0.118291   -0.158356    -0.03141   -0.111154   -0.112474  -0.0885939  -0.0841717  -0.0750821  -0.0372698  -0.0105355  -0.0542655  -0.0636369   -0.121804   -0.118001   -0.128405  -0.0670078   -0.100042   -0.119043   -0.163691  -0.0611076   -0.157395   -0.177391  -0.0950162  -0.0805134  -0.0425372  -0.0605799  -0.0334774   -0.146611   -0.166455   -0.136453   -0.159092
  -0.140826   -0.115876   -0.109984  -0.0799426   -0.154923   -0.148108  -0.0759366   -0.138906   -0.103818  -0.0669003   -0.154189  -0.0653895  -0.0902334   -0.121597  -0.0806274  -0.0748841   -0.148826   -0.128065   -0.111378    -0.11215    -0.10111    -0.12391   -0.075636   -0.146905   -0.179283   -0.135025    -0.15495   -0.153307   -0.140072   -0.179355    -0.11291  -0.0900079  -0.0735009  -0.0821944   -0.162628  -0.0673611  -0.0549982    -0.15051   -0.126817   -0.159753  -0.0748259  -0.0614355
  -0.146017   -0.130852  -0.0647001  -0.0666708   -0.159621   -0.121993   -0.117193  -0.0599109   -0.143138   -0.172673   -0.170446   -0.115062   -0.143466   -0.152279  -0.0834405   -0.087181   -0.147055   -0.125216   -0.147474  -0.0211584  -0.0692866   -0.142558   -0.136138  -0.0849011  -0.0821912  -0.0864006   -0.122162   -0.158341   -0.107958   -0.100732   -0.107923  -0.0833273    -0.10872   -0.129547   -0.114034   -0.147435  -0.0441003   -0.159659   -0.102555  -0.0776857  -0.0828674  -0.0837541
 -0.0889647     -0.1207   -0.149899   -0.159266  -0.0927944   -0.118292  -0.0502238   -0.114197  -0.0719158     -0.1318   -0.113908   -0.117357  -0.0834638  -0.0829087  -0.0883922   -0.152112  -0.0978056   -0.156307   -0.133726   -0.144165  -0.0828522   -0.134338   -0.129794   -0.157874  -0.0633938  -0.0686665   -0.161536   -0.154814   -0.156065   -0.113304   -0.130553   -0.150475  -0.0885738  -0.0727505  -0.0518864   -0.147133   -0.162814   -0.111201   -0.100067   -0.106274   -0.145057   -0.113229
  -0.083073  -0.0836435   -0.128941   -0.147103   -0.105518   -0.124353   -0.168198   -0.110558    -0.13255   -0.146272   -0.170272   -0.136406   -0.144816   -0.123764   -0.157765    -0.13844   -0.123542   -0.102724   -0.107338   -0.138631   -0.107744  -0.0823479   -0.162241   -0.150201   -0.076052    -0.10615    -0.14232   -0.144313   -0.151438   -0.157611   -0.134365  -0.0811027  -0.0831835   -0.111874  -0.0910668  -0.0840397   -0.073126   -0.102554   -0.123472   -0.090003   -0.123196  -0.0881619
  -0.162743   -0.130936    -0.12117  -0.0749146  -0.0900826  -0.0937109   -0.117206   -0.147601   -0.155416   -0.106547   -0.103665   -0.117159  -0.0495439   -0.167212   -0.094362  -0.0671505  -0.0973099  -0.0690602   -0.124158  -0.0762572   -0.149793  -0.0784917   -0.077129   -0.131625  -0.0987857   -0.149862  -0.0653053  -0.0451567   -0.153437  -0.0701343  -0.0690839   -0.126488  -0.0619787   -0.116088    -0.16004   -0.152216   -0.135614   -0.134341  -0.0614096   -0.120027   -0.151098  -0.0945929
  -0.159149  -0.0624018  -0.0843279   -0.133359   -0.125912   -0.111144   -0.134502   -0.109237   -0.115495   -0.142899   -0.148829  -0.0795917   -0.155795   -0.100099   -0.108209   -0.103071    -0.10531   -0.142624   -0.152405  -0.0731472   -0.147636   -0.099048  -0.0887132   -0.159724   -0.104769   -0.131405   -0.117678  -0.0628051   -0.162927   -0.108516   -0.121574    -0.14647   -0.130425   -0.129865   -0.079078   -0.151983   -0.131506  -0.0923733   -0.127447  -0.0742684   -0.104624   -0.100146
  -0.129426   -0.113172   -0.142584  -0.0821924  -0.0937027   -0.135693  -0.0974196    -0.10486   -0.139049   -0.115818  -0.0995968  -0.0921577  -0.0776481   -0.100603   -0.180849  -0.0939518   -0.148001   -0.108637   -0.119296   -0.117771   -0.122013   -0.118419   -0.151467   -0.138358   -0.106103   -0.154841  -0.0777514   -0.148167  -0.0901802   -0.114565   -0.130621   -0.176691   -0.148607   -0.168775  -0.0830242  -0.0864923   -0.171077   -0.132926  -0.0810833   -0.102051  -0.0905863    -0.09639
  -0.118093   -0.140704   -0.138654  -0.0607389   -0.103849   -0.121203  -0.0929178  -0.0738349  -0.0745352  -0.0982273   -0.108816   -0.164638  -0.0682019   -0.116142   -0.127506   -0.102787   -0.145645   -0.153101   -0.140006   -0.082841  -0.0731945  -0.0835612  -0.0752298   -0.117187   -0.173245   -0.122734   -0.117579  -0.0539673    -0.13258   -0.123882  -0.0591553   -0.114503   -0.150999  -0.0659067   -0.151916   -0.137172   -0.140344  -0.0883837   -0.141118  -0.0344667   -0.119018   -0.163463
  -0.120745   -0.139809   -0.169565   -0.138403   -0.123299   -0.168473   -0.103353   -0.064837    -0.14589  -0.0721716   -0.151973   -0.112504    -0.14406   -0.168206    -0.12105   -0.110393   -0.105901   -0.137017  -0.0795687  -0.0752381   -0.103942   -0.141945   -0.131634   -0.155148   -0.109485   -0.126426  -0.0825502  -0.0958945  -0.0779067   -0.120708  -0.0695224   -0.068499   -0.132679   -0.135819  -0.0751309  -0.0795598   -0.114837   -0.127982    -0.14578   -0.146205  -0.0736206   -0.120949
 -0.0990688    -0.10558  -0.0953937   -0.130505   -0.133277   -0.143068    -0.16254  -0.0402551  -0.0570277  -0.0847602   -0.137421   -0.157565  -0.0632475   -0.111486  -0.0627685   -0.108759   -0.136537  -0.0784577  -0.0870071   -0.140601   -0.125669   -0.167614   -0.132296  -0.0900983     -0.1218  -0.0649476   -0.179074   -0.128457   -0.108547   -0.116391   -0.142037  -0.0696152   -0.156983  -0.0800102  -0.0676355   -0.166653  -0.0982939  -0.0750641   -0.151774  -0.0999023  -0.0878663   -0.158048
 -0.0780441   -0.131424  -0.0612437   -0.116771   -0.146952   -0.159478  -0.0583433  -0.0964476  -0.0728154   -0.171248   -0.119476   -0.105758  -0.0816313   -0.125452    -0.11444   -0.131367  -0.0560544   -0.048344    -0.12041  -0.0855602   -0.169958   -0.115058  0.00161798   -0.101926  -0.0841802   -0.131758   -0.160113   -0.068757   -0.198539   -0.136402  -0.0673765    -0.16487   -0.154461  -0.0499649  -0.0390295  -0.0678147   -0.109417   -0.183448  -0.0476127   -0.194073  -0.0895446  -0.0107662
 -0.0278495  -0.0644391   -0.177647  -0.0980297  -0.0561843   -0.136409  -0.0456469   -0.150198   -0.109823   -0.184719   -0.142633   -0.133437   -0.111662  -0.0262695   -0.170739   -0.160229  -0.0552159   -0.123726  -0.0752101   -0.135916   -0.063342  -0.0668693   -0.121645  -0.0539113   -0.100113   -0.130831   -0.040667   -0.159765  -0.0995879   -0.167451   -0.127369   -0.176149   -0.139364  -0.0876695  -0.0452932   -0.128222  -0.0441224    -0.12971  -0.0700067   -0.160149  -0.0267869   -0.155348
    -0.0754  -0.0677002  -0.0809508   -0.108697   -0.126211    -0.14994    -0.12615   -0.136408    -0.12357   -0.106102    -0.10874   -0.101819   -0.111647    -0.16055   -0.148059   -0.170124   -0.158177   -0.133473  -0.0490629   -0.170078  -0.0690759   -0.126293   -0.142734   -0.104064  -0.0635495   -0.127886  -0.0683929  -0.0613274  -0.0653971   -0.078978   -0.156482   -0.111292    -0.10103   -0.048738    -0.06512  -0.0959016   -0.126596   -0.117373   -0.131438  -0.0602235   -0.131866   -0.158231
  -0.149148    -0.13033  -0.0944522   -0.136068  -0.0813911  -0.0822713   -0.109407   -0.153562   -0.180714  -0.0143896   -0.105181  -0.0647375   -0.115539   -0.173109   -0.172288  -0.0381592   -0.068515   -0.154275  -0.0424665   -0.184203   -0.120301    -0.14848  -0.0298791  -0.0413146  -0.0120367   -0.112798  -0.0717691  -0.0869148    -0.15333  -0.0326239   -0.145006   -0.106414  -0.0842913  -0.0229197   -0.139688   -0.150506   -0.175159  -0.0889351    -0.13737  -0.0518373   -0.159569     -0.1163
  -0.062602   -0.151381   -0.129663   -0.155812  -0.0605982   -0.120147  -0.0565715   -0.132487  -0.0436763   -0.145439   -0.141489  -0.0878713   -0.113915   -0.149195  -0.0977065   -0.118667  -0.0710114  -0.0856224  -0.0899408    -0.12811   -0.107414   -0.113486   -0.076278   -0.151589   -0.147607    -0.18259  -0.0928826   -0.125603   -0.127096    -0.11946   -0.169261  -0.0937513   -0.100136  -0.0628423   -0.152362   -0.114757  -0.0927895   -0.138174   -0.159072   -0.036852   -0.141893   -0.109885
 -0.0533494   -0.152352   -0.178063   -0.114691   -0.100516  -0.0580824  -0.0610312  -0.0843598   -0.115169  -0.0699242  -0.0944164   -0.125577   -0.076741   -0.144347   -0.148464   -0.150216    -0.15141   -0.107524  -0.0829387   -0.135731    -0.10874  -0.0605669    -0.14612   -0.115337   -0.131696   -0.128016  -0.0994773  -0.0807643  -0.0810416   -0.120884   -0.131629  -0.0762973  -0.0778671    -0.13913   -0.159368   -0.124802   -0.115401  -0.0923757   -0.174734   -0.044407   -0.147471   -0.161672
  -0.176269   -0.050479  -0.0841288   -0.101492  -0.0934925  -0.0885506   -0.148227  -0.0800054   -0.179145  -0.0901065   -0.150524  -0.0966788   -0.142563   -0.128259   -0.134379  -0.0991176   -0.100635   -0.101741   -0.148462  -0.0707165   -0.170011    -0.12912   -0.158352   -0.154866  -0.0602001  -0.0735877   -0.107735  -0.0900705   -0.150624   -0.144937    -0.14968   -0.088488   -0.106089  -0.0846955    -0.14041   -0.163441   -0.068025   -0.156615  -0.0981392  -0.0817321    -0.07786    -0.08407
 -0.0975043   -0.127843   -0.137149  -0.0660844  -0.0523156   -0.105342   -0.139696   -0.151135   -0.136651   -0.140553   -0.153826   -0.150755   -0.129053   -0.136914   -0.100592  -0.0474102   -0.146405  -0.0982677  -0.0417065   -0.122767   -0.170584  -0.0706932   -0.075454   -0.143294  -0.0917642   -0.166078   -0.154319   -0.109823  -0.0893988  -0.0520721   -0.145262   -0.109409   -0.122005  -0.0839198    -0.15419   -0.059868   -0.108829   -0.115665   -0.172754  -0.0476744    -0.05384   -0.161808
  -0.106788    -0.12192  -0.0555347   -0.125265   -0.161021  -0.0997554   -0.110866   -0.166042   -0.176331   -0.136928   -0.140601   -0.114654  -0.0966431  -0.0919347   -0.125073  -0.0948796   -0.161417   -0.157282  -0.0846004    -0.10411  -0.0720411  -0.0765647   -0.119948   -0.118904  -0.0931413   -0.116374    -0.12649  -0.0779159   -0.127342   -0.110267   -0.113518   -0.114529  -0.0788564   -0.127125   -0.159058  -0.0905183   -0.104748   -0.129618    -0.12731  -0.0914943   -0.120713   -0.148755
  -0.150388  -0.0928376  -0.0913506  -0.0974354   -0.106281  -0.0713179   -0.070968   -0.136296  -0.0861787   -0.105247   -0.131359   -0.149927   -0.161683   -0.127737   -0.148593  -0.0777274   -0.162239   -0.154347  -0.0676909  -0.0786003   -0.151676   -0.112705   -0.145179   -0.136807  -0.0951469   -0.121282   -0.117783   -0.104673   -0.144418  -0.0657672   -0.130671  -0.0769128    -0.10529   -0.144395   -0.115422   -0.122286    -0.10179    -0.17116   -0.148124   -0.140531  -0.0788344   -0.122695
  -0.174323   -0.117199  -0.0974326   -0.073398   -0.175828   -0.122415   -0.138262   -0.102825   -0.154664    -0.14748   -0.142151   -0.147154  -0.0639183  -0.0793444  -0.0855744  -0.0557472   -0.134279  -0.0590897   -0.129617    -0.12043  -0.0886729  -0.0590584   -0.147555   -0.168319  -0.0835576  -0.0864036  -0.0667116  -0.0832323   -0.147557   -0.147997  -0.0788895  -0.0569621   -0.141601   -0.151293   -0.130013   -0.141368   -0.132537  -0.0971704   -0.104692   -0.144035  -0.0744371   -0.136094
  -0.187499  -0.0651242   -0.102573  -0.0888812  -0.0840809   -0.101599   -0.156555  -0.0762759   -0.106194  -0.0652312   -0.122441  -0.0768118   -0.116277   -0.108921   -0.118506  -0.0953825   -0.134935   -0.121986   -0.175657   -0.121851   -0.115687   -0.195916   -0.141485  -0.0766459   -0.113807  -0.0661061   -0.178197  -0.0948998     -0.1426  -0.0616578   -0.120707  -0.0834495  -0.0880378    -0.06474  -0.0791764   -0.186833  -0.0933541   -0.108558  -0.0789149   -0.151811   -0.109745  -0.0797151
  -0.129413  -0.0713911   -0.152673  -0.0941646   -0.134213   -0.165689   -0.124395   -0.143571   -0.115278   -0.057875   -0.181283   -0.084704   -0.113078   -0.087309   -0.116071    -0.13386  -0.0722241  -0.0999937  -0.0708285   -0.123944   -0.147633   -0.153815  -0.0917664   -0.116903  -0.0540217   -0.114945   -0.153914   -0.158422      -0.136  -0.0594779   -0.106169  -0.0792662   -0.126197  -0.0608482   -0.115889   -0.171388   -0.102595   -0.068653  -0.0789284   -0.157967   -0.128099  -0.0977383
 -0.0908389   -0.193064   -0.147547   -0.116327   -0.107198  -0.0832513   -0.158964  -0.0690727   -0.113659   -0.127406  -0.0892487  -0.0869979   -0.190772  -0.0441465   -0.102243  -0.0935682   -0.166312  -0.0529674  -0.0423756   -0.124268  -0.0834078   -0.136844  -0.0231307    -0.16331  -0.0397235   -0.071808  -0.0680146   -0.178263   -0.045357   -0.160865  -0.0744035  -0.0916376  -0.0840385  -0.0425566   -0.193658   -0.150136   -0.178686   -0.132494  -0.0635945   -0.132481  -0.0939808  -0.0907453
 -0.0821957   -0.146641  -0.0838854   -0.144158  -0.0891037   -0.156125   -0.115989   -0.161654   -0.129122  -0.0799267   -0.149346  -0.0664266  -0.0860888   -0.114897   -0.131537   -0.139318   -0.169413   -0.182573  -0.0670034  -0.0888895  -0.0654672    -0.07161  -0.0791168   -0.109008  -0.0760437  -0.0827187  -0.0547972    -0.14148   -0.138083    -0.13851   -0.105135   -0.095453   -0.128372   -0.140491   -0.132209   -0.111586  -0.0767859   -0.100903   -0.144481   -0.090974   -0.179061   -0.116608
-0.00268713   -0.140937  0.00302883   -0.168499  -0.0355642  -0.0363485  -0.0443874  -0.0814529   -0.055371  -0.0585026   -0.106129  -0.0742665   -0.121949  -0.0330306  -0.0744233   -0.118009  -0.0966973   -0.115986   -0.013932   -0.153129  -0.0466502   -0.141592  -0.0409163   -0.171559    -0.15723   -0.133086   -0.166311   -0.202295   -0.178224   -0.222296   -0.121725  -0.0681457   -0.110937  -0.0436655   -0.140251   -0.109557   -0.182637   -0.135307   -0.125696  -0.0951419  -0.0483979    -0.15888
  -0.100518   -0.105979  -0.0807656   -0.172867  -0.0306759   -0.109289   -0.190001   -0.104376   -0.111454   -0.172719   -0.125163  -0.0788709   -0.125672  -0.0234502  -0.0610234  -0.0798319   -0.123624   -0.114703   -0.086497  -0.0896537   -0.162866  -0.0953344  -0.0686177   -0.134983  -0.0620731  -0.0980353  -0.0795704    -0.15254  -0.0498901  -0.0755695  -0.0598935  -0.0230568   -0.122596   -0.115807   -0.182842   -0.114538   -0.171573   -0.137482   -0.099705   -0.150674   -0.180514  -0.0541842
 -0.0883641   -0.122821   -0.154746   -0.137765   -0.164176   -0.141445  -0.0679436   -0.118543  -0.0880946   -0.110265   -0.133772   -0.128837   -0.123444  -0.0971253   -0.121429   -0.155846   -0.163531  -0.0923538  -0.0682158   -0.118455  -0.0586592   -0.117584  -0.0490524  -0.0860554  -0.0577812   -0.125645   -0.108357  -0.0721061  -0.0744956   -0.135131   -0.065942   -0.155652   -0.169039  -0.0624235   -0.113946   -0.114804   -0.152195    -0.12762  -0.0954175   -0.152981   -0.127759   -0.130924
