no weights
   0.0826275   -0.0102378    0.0660744     0.040769     0.120748    0.0659044   -0.0250417    0.0946007    0.0258585    0.0892336    0.0748192    0.0094425  -0.00716463    0.0633327    0.0714279    0.0506745    0.0880256    0.0569531   -0.0360683    0.0641082   0.00854801    0.0559628     0.119386   -0.0497862  -0.00887063    0.0846018     0.104387     0.131718    0.0847582   -0.0276408     0.036115     0.100858    0.0923255    0.0620513    0.0351097   -0.0113088    0.0149239     0.160657    0.0708275    0.0797268     0.131279   -0.0281591    0.0940385   -0.0518101   0.00799123    0.0520892   -0.0273993    0.0466882
   0.0335032    0.0800927    0.0618945    0.0466591     0.109975    0.0902604    0.0773065    0.0830187    0.0369765    0.0483265    0.0695918    0.0820343      0.06151    0.0109894     0.022462    0.0711414  -0.00426736     0.119145    0.0972006    0.0855094    0.0516581    0.0110143     0.117911    0.0906395    0.0454342    0.0781114        0.019    0.0764816    0.0208587     0.134473     0.108691  -0.00846311    0.0282881    0.0136782    0.0379212    0.0816009    0.0583193    0.0507356    0.0387148    0.0835468    0.0882578     0.116111    0.0551854    0.0667401    0.0894087     0.113138     0.128246    0.0887538
   0.0604794    0.0337347    0.0742512    0.0436715    0.0708189   0.00348885    0.0096792     0.094561    0.0477254     0.105416    0.0360941    0.0278651     0.107766    0.0614508     0.117425     0.103888   -0.0158602     0.128153    0.0307437     0.121566    0.0142769    0.0196599     0.024088    0.0772113    0.0346383    0.0934331     0.133273    0.0688858   -0.0289246    0.0635962    0.0516506    0.0410111    0.0986612     0.145473  -0.00659458  -0.00167892    0.0103969     0.120927    0.0645782    0.0700773    0.0968568    0.0789575     0.042552     0.117356    0.0504831    0.0556634    0.0147452    0.0866098
   0.0751631    0.0708486     0.149779    0.0778492     0.128989    0.0876309    0.0512608    0.0743551    0.0729413   0.00740099    0.0260211     0.136651    0.0264377    0.0108427    0.0281193    0.0845815     0.042458    0.0859954    0.0664063    0.0701231     0.109732    0.0571406    0.0288541    0.0849685    0.0544206    0.0228235    0.0670614    0.0879588    0.0585186   0.00916856    0.0369954    0.0283554   0.00344705    0.0415859   0.00946947    0.0582217    0.0726406    0.0495317    0.0109826    0.0738773    0.0457397     0.086367    0.0568622     0.133314    0.0538041     0.119495     0.106846     0.035269
    0.127711     0.030198     0.019985    0.0162301     0.128261    0.0493017    0.0459511    0.0747759    0.0777726     0.100051    0.0670603  -0.00907965    0.0923966    0.0699784    0.0934293    0.0594771    0.0819708    0.0158753    0.0973908     0.120088    0.0250434    -0.033062    0.0804894    0.0287715    0.0663645    0.0943405    0.0345147     0.118466    0.0883947    0.0466155     0.101612   0.00571799     0.140385    0.0350272    0.0865686    0.0303789    -0.013929     0.104971    0.0275185      0.00847    0.0513386   0.00369825    0.0936675    0.0235725    0.0531903    0.0662929    0.0583075     0.107901
   0.0837667    0.0833657    0.0287288    0.0523876     0.120384     0.016572    0.0606131   0.00522186    0.0864794    0.0466894    0.0860436    0.0644878     0.154753    0.0109432    0.0932477   0.00556252    0.0884605    0.0849241    0.0315891     0.125946   0.00532992  -0.00264513    0.0799958    0.0718726    0.0655112    0.0811618    0.0507587     0.125485    0.0281544   0.00532755     0.133853    0.0123505     0.121737    0.0848408    0.0956777    0.0917493    0.0496394     0.053905    0.0896773   0.00525685     0.102505    0.0784673     0.122711     0.018555    0.0489456    0.0332046     0.128328    0.0412964
 -0.00560411    0.0904718     0.135468    0.0623141    0.0403166    0.0382453   0.00932707    0.0509171     0.088897    0.0901509    0.0497362   0.00202589    0.0221168    0.0137141    0.0788038    0.0203195    0.0347032   0.00358023    0.0604307    0.0295309     0.101946    0.0260464    0.0826659    0.0646179  -0.00024257    0.0302806      0.13483    0.0741283     0.116796    0.0161817   0.00848261    0.0964044    0.0609768     0.140374     0.134084    0.0262914    0.0541286     0.105903   0.00904977     0.070233     0.173894    0.0307167     0.103219  -0.00190654    0.0437298    0.0828223     0.105642    0.0711134
   0.0688983     0.093648    0.0102083    0.0699653     0.099238    0.0704161     0.100327    0.0598079    0.0175708    0.0191437    0.0708397    0.0288711     0.143823     0.101373   -0.0134671    0.0658388    0.0634963     0.100489    0.0412907     0.121592    0.0509022     0.150783     0.127646    0.0959232    0.0331318     0.043979    0.0100787    0.0879541    0.0645503    0.0943443    0.0556979    0.0418501    0.0590395     0.103839    0.0644628    0.0577175    0.0594558    0.0154046    0.0649889      0.09984    0.0127251     0.132283    0.0714035  -0.00240501     0.101537    0.0545925    0.0546661    0.0767287
   0.0833193    0.0131733    0.0577481    0.0971028     0.101845     0.116569    0.0818271    0.0838764    0.0136461     0.105665    0.0572311    0.0233794    0.0257269    0.0564815    0.0573319    0.0536052     0.135509    0.0446685  -0.00859119    0.0946776    0.0769035     0.106414     0.113324    0.0446624    0.0231437    0.0857685     0.064045      0.13221    0.0580792    0.0332728    0.0762878     0.126862     0.123261    0.0744286    0.0448904    0.0795308    0.0728442     0.112798    0.0244853    0.0540955     0.140715    0.0736163    0.0612043    0.0282251   0.00203623   -0.0108632    0.0134332     0.083398
   0.0307913    0.0591558    0.0470752 -0.000457807   -0.0294966    0.0204571    0.0734475     0.094012    0.0705101    0.0697974    0.0800164   -0.0144745     0.137988    0.0345013    0.0766768     0.077102  -0.00892302    0.0272931      0.11276    0.0949844     0.036929   -0.0062673    0.0782047    0.0578616     0.148572  -0.00121017    0.0570893    0.0375376    0.0122727    0.0515835     0.129568    0.0638434     0.133912    0.0286033  -0.00880693    0.0791258    0.0957394     0.093795    0.0618542   -0.0121808    0.0349422    0.0900503     0.120197     0.120757    0.0549594     0.078994     0.123493     0.146186
   0.0363213    0.0613566    0.0316168    0.0842735      0.12027     0.057863    0.0704725   0.00974661    0.0464778    0.0979616    0.0957381  -0.00160266    0.0497925    0.0394012     0.106581    0.0851128    0.0924738    0.0587802       0.1124    0.0945967    0.0941677    0.0947013    0.0944906    0.0154359     0.108859    0.0385257      0.11659    0.0759612      0.05835    0.0110082     0.130169    0.0726842    0.0907212     0.139047    0.0803268    0.0377684      0.12267    0.0267333     0.121501    0.0749913     0.081202    0.0466304     0.126695    0.0383392    0.0992679      0.11226     0.048091    0.0785598
   0.0504224   0.00539284    0.0949359    0.0185772    0.0324864   0.00490123    0.0625379    0.0590452     0.113184    0.0224742    0.0906974   0.00657731    0.0283846   0.00127338    0.0880018    0.0593861    0.0615695    0.0813827    0.0246779    0.0373119    0.0631039    0.0612158    0.0117099    0.0183068    0.0440112   0.00609453     0.135354    0.0363109   -0.0278282    0.0938432    0.0618299     0.028967     0.152537     0.102398    0.0441448   -0.0160236  -0.00215356     0.097157     0.158659     0.108703    0.0915935    0.0452937      0.03667     0.123005    0.0586435     0.138532    0.0240337    0.0265657
   0.0327555     0.100565    0.0677591     0.105464    0.0549831    0.0140642    0.0462683    0.0718136      0.01558    0.0555884    0.0387597    0.0548089     0.120703    0.0756771    0.0578408    0.0947828    0.0308123   0.00146106    0.0624021    0.0809936    0.0903733    0.0879453    0.0519577    0.0563026     0.109823   -0.0024263    0.0307757   0.00834764    0.0846399    0.0685739    0.0722079     0.033564     0.114171    0.0597188    0.0714919    0.0757917     0.110654    0.0705231    0.0381843    0.0444838     0.109088    0.0818532    0.0850969    0.0184142     0.114562    0.0912351     0.107767    0.0799445
  0.00448104    0.0310327    0.0852577     0.050961    0.0225808     0.104025    0.0382188    0.0430547    0.0809376    0.0316518     0.126158    0.0543243    0.0232484   -0.0150787    0.0909357    0.0197051     0.184203    0.0175147   -0.0747995     0.144276   0.00231703     0.102109    0.0304765    0.0721847   0.00513173     0.079434     0.131711    0.0520382   -0.0054542   -0.0188783   0.00914596     0.132697     0.107899     0.106247    0.0752737    0.0187184   -0.0523377     0.150158     0.085218     0.101668     0.134237   0.00476462   -0.0220759    -0.027767    0.0805636    0.0326974   -0.0375194    0.0737606
   0.0906395     0.110784    0.0402609     0.104609    0.0557422    0.0323469    0.0740685    0.0636115    0.0102586     0.081268    0.0597779    0.0698797     0.100201    0.0450579     0.031419    0.0805211     0.120459    0.0768701    0.0760726     0.119989    0.0791558     0.119678    0.0506235     0.101326   0.00256315    0.0386298     0.102026    0.0472618    0.0845063    0.0193111    0.0458765    0.0945122     0.107286     0.132703    0.0236121     0.126807    0.0244698    0.0798791    0.0593207     0.107232    0.0502417     0.101219    0.0127059    0.0404715    0.0718511   -0.0147507    0.0735948    0.0272744
    0.106663     0.128611     0.122027     0.105243    0.0190497   -0.0220244     0.120289    0.0204516     0.063684    0.0612366     0.037923     0.092162    0.0636617   -0.0029348    0.0174977    0.0415016  -0.00934187    0.0673593    0.0991114     0.102899    0.0945607    0.0747066    0.0504105    0.0626231    0.0439255    0.0861038    0.0736655    0.0614479    0.0483259    0.0537406    0.0983365    0.0154165     0.108842     0.008106   -0.0250243     0.030149     0.029504    0.0744906     0.109749    0.0549299   -0.0130059    0.0548804    0.0725527    0.0827916     0.143627    0.0901142    0.0731565    0.0773771
    0.023905    0.0104957    0.0602674     0.131268     0.075995    0.0586789    0.0271686    0.0262004    0.0407433     0.134289     0.081939    0.0955663    0.0302888    0.0819236    0.0380237    0.0270721    0.0915638    0.0451221     0.099181    0.0930406    0.0809314    0.0720236    0.0520875    0.0666279    0.0755422    0.0416133    0.0783349     0.109467    0.0428422    0.0648257    0.0457315    0.0571635    0.0632744    0.0678361    0.0388469    0.0946462    0.0430153    0.0736116     0.067045    0.0813997     0.134609    0.0524398    0.0318318    0.0992391     0.108202    0.0846553     0.118589     0.096413
   0.0557155    0.0853418     0.101018     0.029022     0.124231    0.0849963    0.0786151    0.0982005    0.0797313     0.113273    0.0186344    0.0473752     0.110547    0.0490326    0.0314881    0.0664368    0.0480923     0.023442  -0.00889389    0.0859362     0.118398    0.0805109    0.0611113    0.0647418      0.01234    0.0569056     0.070493    0.0862803    0.0395992    0.0551543   -0.0137099    0.0840127    0.0532984    0.0408942  -0.00836637       0.0873  -0.00970355    0.0875633    0.0748221    0.0689083    0.0227654    0.0503024    0.0466651    0.0862691     0.166672     0.145201    0.0442573    0.0435047
    0.118998    0.0410917    0.0546573    0.0426333  -0.00194764   0.00425026    0.0909709   -0.0251517   -0.0375744   0.00951266     0.144907    0.0471014     0.114608    0.0152976    0.0140806    0.0986345     0.107153    0.0046329    0.0245006    0.0485199   -0.0472468      0.04935     0.056694     0.027963   0.00669491    0.0990933     0.099245    0.0662232    0.0753354    0.0163612    0.0400294    0.0663553    0.0396958      0.13739    0.0131377    0.0155642  -0.00145722    0.0982665    0.0490857    0.0766971     0.101408   -0.0388996     0.144754   -0.0448636    0.0458961  -0.00457449    0.0279487     0.131312
   0.0261021     0.158067     0.171998     0.115587     0.107167     0.026542    0.0277713    0.0593705     0.086805    0.0591906    0.0337429    0.0334704    0.0183821    0.0446564    0.0646394    0.0842149    0.0517046    0.0876263    0.0150191    0.0371299     0.085916      0.12963    0.0610433     0.102394    0.0397553    0.0979623    0.0849055    0.0421802    0.0267111    0.0842215  -0.00443341     0.102341    0.0658341    0.0126331    0.0894422  -0.00261879   -0.0161966    0.0392298     0.103123     0.107023    0.0927595    0.0129556   -0.0101309     0.109881     0.118282     0.025204    0.0232305   -0.0308069
   0.0950443    0.0840658    0.0933864    0.0559301     0.034519     0.120769   -0.0133413    0.0879078     0.102477    0.0240306    0.0726629     0.047435    0.0689738    0.0248498    0.0406032    0.0622094     0.120793    0.0770187    0.0246223    0.0404123     0.115429     0.100296     0.109842    -0.027094   0.00110621   -0.0162873    0.0958108  -0.00736404    0.0043297  0.000603818   0.00521741    0.0814223      0.05755    0.0378384     0.111328    -0.014666    0.0219633     0.140164    0.0939598  -0.00037446     0.124577     0.028987    0.0127835    0.0434228   -0.0062373    0.0671253   0.00686984    0.0805899
   0.0638511     0.120349     0.150563     0.110473     0.159237   0.00798506    0.0452073    0.0452126    0.0324121  0.000930666    0.0738915    0.0242301    0.0265822     0.020252    0.0258784    0.0204259    0.0802748 -0.000341782   0.00388419   0.00820935    0.0976546      0.11861    0.0563822   0.00591207    0.0426909    0.0362093     0.141814    0.0990364    0.0296926    0.0105673  -0.00953309    0.0120658    0.0558699    0.0748814     0.102991  -0.00820857     0.114902     0.102556     0.109279    0.0488459    0.0677496    0.0185165    0.0618415    0.0961809     0.046064     0.111787     0.074681    0.0252945
    0.112751    0.0241674    0.0198094    0.0355883    0.0547648    0.0189524   0.00764633    0.0379456  -0.00342982     0.123458     0.086425    0.0383545    0.0224453   -0.0124777    0.0266258     0.070574    0.0722559     0.020155   -0.0350337    0.0684233   -0.0270748     0.044235   0.00626416   -0.0505666   -0.0030792    0.0566045    0.0652707     0.124337    0.0388147   -0.0243609    0.0163166     0.129669    0.0630738      0.14436   0.00115918   -0.0109533  -0.00693417    0.0402124    0.0751795    0.0980201    0.0762681   0.00748703    0.0904974    0.0578723    0.0314505    0.0897887     0.073996    0.0160142
     0.10091    0.0132888     0.066597     0.126354    0.0823256     0.111922    0.0687893     0.085445    0.0740233    0.0189853    0.0469922     0.121504    0.0591043     0.103606     0.094179     0.111444     0.111072    0.0022789     0.104875    0.0119913    0.0317386    0.0666956    0.0392953    0.0759146    0.0889536    0.0720738     0.102164     0.027633     0.020903    0.0711251    0.0409853    0.0853332    0.0603874    0.0338801    0.0505912  0.000285004    0.0866248     0.117508     0.112379    0.0693357    0.0786306     0.024095    0.0349391    0.0818667      0.14531     0.126524    0.0874559    0.0883101
   0.0829723  -0.00737999    0.0220923   0.00806935    0.0513837  0.000906324    0.0591325    0.0327606    0.0392787    0.0124651    0.0373127    0.0369724    0.0561667    0.0932801     0.077908    0.0730116      0.05403  -0.00325155    0.0654603  0.000930588   0.00102666    0.0520346   -0.0382318    0.0820083   0.00561668     0.112874     0.101794    0.0588924     0.063575    0.0903679    0.0700371    0.0245759    0.0715015    0.0559621    0.0859315    0.0239828    0.0519144   -0.0384202    0.0775054    0.0500505   -0.0456989    0.0266486    0.0704876     0.124894     0.185042     0.136432    0.0598372    0.0256377
   0.0348171    0.0515911     0.072344    0.0540694    0.0331849     0.102535    0.0780095    0.0164456     0.041211  -0.00363524    0.0301029     0.065755     0.084593    0.0827726    0.0319717    0.0473564    0.0739399    0.0556009   0.00244139    0.0991163    0.0619907    0.0795837    0.0380587    0.0645585    0.0745982    0.0928627     0.100257    0.0214808   -0.0171864     0.106992   0.00256997    0.0957358     0.139075    0.0382966   0.00403871    0.0712764    0.0965133    0.0663745     0.157695    0.0720926    0.0712676    0.0691133    0.0517112    0.0796206    0.0779528     0.107364    0.0577628    0.0410524
   0.0982812     0.024972    0.0898166      0.11528     0.140311    0.0476123    0.0699687    0.0704587     0.070047   0.00674822     0.112327    0.0126206    0.0576779    0.0430609    0.0819567    0.0589774      0.10985   -0.0352059    0.0900738    0.0781708   0.00920625    0.0638621    0.0296784   -0.0307665     0.012123    0.0941343    0.0797747    0.0506802     0.113355    0.0129006    0.0165682     0.112313    0.0466318   0.00425531    0.0407184   -0.0215032     0.111296    0.0325581     0.100878   0.00518897     0.101774    0.0711895     0.047494     0.132809     0.136283    0.0838959    0.0516216     0.065979
    0.128927    0.0952641     0.091597     0.143528     0.105596    0.0559616     0.102495    0.0231119  -0.00231974    0.0442885    0.0277617    0.0806303    0.0419125    0.0344777    0.0658467    0.0990673    0.0355708   0.00702858     0.142235   -0.0043598   0.00839792     0.117815    0.0892999    0.0606904     0.139136    0.0617949   0.00644692    0.0616951    0.0249698    0.0427477     0.128017    0.0348167   -0.0387142    0.0347998    0.0303452    0.0998398     0.130922    0.0530294     0.047787     0.106459 -0.000386128    0.0811721    0.0475118    0.0740615    0.0562462    0.0929515     0.155384    0.0674702
    0.164149    0.0263812    0.0517365    0.0135943     0.097593     0.108552     0.134819    0.0916628    0.0775806    0.0169885     0.087177    0.0584901    0.0194791    0.0718942    0.0599079    0.0363719     0.139976   -0.0193928    0.0705441    0.0883522    0.0992105    0.0965578     0.100006    0.0529478    0.0614815     0.100323     0.103753    0.0532975    0.0339959    0.0607715    0.0316431     0.103466    0.0476323    0.0652054     0.101819    0.0638491    0.0532366    0.0966479     0.167878    0.0875334    0.0697685    0.0205144   0.00371489     0.091813    0.0601198    0.0348706   -0.0169151    0.0147215
    0.104062    0.0736272    0.0360333    0.0635165     0.102281    0.0584878     0.144063    0.0640068    0.0511236    0.0882658    0.0602101    0.0308007     0.104515    0.0708837    0.0871234    0.0647186    0.0218827    0.0412716     0.116509    0.0221865    0.0183547   -0.0194841   -0.0191229    0.0996599      0.14222     0.114429    0.0598772    0.0382326     0.115455    0.0421177     0.158486    0.0140975    0.0150227    0.0659189   0.00995131     0.096033    0.0426811   -0.0700475    0.0529328    0.0422252   -0.0234543     0.114664    0.0671694     0.138549     0.141815     0.128595     0.139989      0.10162
   0.0100092    0.0302971     0.121963     0.116394      0.12232    0.0489329    0.0472339     0.021376    0.0802986    0.0114808    0.0110965    0.0201066    0.0453891    0.0175713    0.0437714    0.0829609    0.0783679   0.00848764   0.00209759     0.101652     0.102365     0.114182    0.0550517   0.00400777    0.0334999     0.105029    0.0825427    0.0620542    0.0380929    0.0581535     0.017611     0.106442     0.132336    0.0388374   -0.0137513    0.0207314    0.0217895    0.0945035    0.0864881     0.108988   -0.0102787    0.0509142  -0.00902778    0.0792504     0.143519     0.122168   0.00726691    0.0175756
   0.0810591    0.0733342    0.0256747    0.0157921    0.0358939   -0.0283728    0.0866957      0.10116    0.0522569    0.0441945     0.116884    0.0573352     0.132294    0.0896819    0.0334985    0.0433687    0.0365526    0.0641218     0.025135     0.113816     0.095919    0.0988896    0.0448307    0.0449496     0.061601     0.110107     0.109516     0.101496   0.00541301    0.0760533    0.0645034     0.026658     0.123066  -0.00226165   -0.0194546    0.0530999     0.101193    0.0993873    0.0955669    0.0466755    0.0250592    0.0696598    0.0506853    0.0255275    0.0875826    0.0364218    0.0775728    0.0731691
   0.0179639    0.0879073    0.0217383   0.00310547     0.102005   -0.0305073     0.118619    0.0903004     0.115062    0.0230257    0.0605741     0.016547     0.127202    0.0600974    0.0636322    0.0848439    0.0720402    0.0786989     0.107833    0.0342536    0.0706051    0.0551238    0.0166623    0.0336487    0.0785804    0.0792381    0.0594636    0.0762537    0.0147032    0.0495589     0.112287    0.0859387     0.119552     0.029825    0.0927051    0.0159707    0.0920044    0.0728439    0.0618577    0.0980769    0.0922161    0.0786014    0.0197878     0.048036    0.0875553    0.0862683     0.102096    0.0914145
   0.0859438    0.0300049   0.00591546    0.0716302    0.0299123    0.0611724      0.04887    0.0090669   0.00181909    0.0212821    0.0419985    0.0420827    0.0753508   0.00400463 -0.000211264     0.121311    0.0806574    0.0732398     0.102398    0.0710913   -0.0175928    0.0787947    0.0025133   0.00245161    0.0237214    0.0950355    0.0123244     0.134422     0.011213    0.0356689    0.0748626     0.108756   -0.0108888    0.0541005    0.0599821    0.0349767     0.115119     0.135807    0.0851249    0.0751803    0.0259359    0.0610794     0.101145   -0.0241399    0.0190784    0.0137805    0.0905123     0.146227
   0.0255874    0.0536808     0.149546    0.0744902    0.0891031     0.121587    0.0455473    0.0536998     0.106951    0.0372584     0.028724     0.112643   -0.0298638    0.0168643     0.109883     0.120205  -0.00272673    0.0497776     0.069209  -0.00653511     0.040024    0.0268942    0.0652288    0.0177351   -0.0104703   -0.0328141    0.0970958     0.054723    0.0195606    0.0790479    0.0126996    0.0289148     0.045332    0.0490646    0.0951426     0.126922    0.0591901    0.0783924    0.0580183    0.0971133    0.0172055     0.116079    0.0690596    0.0591847     0.083491    0.0976316     0.101571     0.102456
   0.0189711    0.0897915     0.166809     0.106382     0.132926    0.0729981     0.073043      0.11288     0.095045    0.0288047    0.0563224    0.0573562     0.013061    0.0735706    0.0352899     0.108049      0.11023     0.023537    0.0428468   0.00266293     0.108971    0.0847217    0.0675406   -0.0058151   -0.0231752     0.104062     0.142921    0.0525719     0.040566    0.0116259     0.062484    0.0165712    0.0838026      0.10297    0.0234457    0.0188957    0.0081555    0.0911533     0.123302     0.106181     0.089711    0.0163315    0.0485419    0.0609128    0.0750798    0.0333347    0.0257971    0.0775752
    -0.01535    0.0506858     0.152631     0.140107    0.0559485    0.0639293    0.0298436     0.115875    0.0576008    0.0513446    0.0505457     0.118275   -0.0228474    0.0999405    0.0382866    0.0231511     0.083623     0.107609  9.86296e-05  -0.00950877     0.100639    0.0726521    0.0644261    0.0618471    0.0454748    0.0472215     0.100692    0.0302258    0.0981075    0.0991395    0.0905537    0.0137946  -0.00108085    0.0424542     0.108501    0.0661452    0.0115743     0.082694     0.121875    0.0682908    0.0403868    0.0593211    0.0138592     0.142249    0.0945606     0.127943    0.0481283   -0.0287827
    0.165895    0.0581298     0.088852    0.0951628      0.02802     0.156229    0.0652766    0.0173306     0.104022    0.0413103    0.0380974    0.0283972    0.0588306     0.104095    0.0348699    0.0295894    0.0899115    0.0708902     0.090674    0.0919705    0.0285771    0.0748474    0.0327328    0.0103914     0.116913    0.0497219     0.105411    0.0255952   0.00714293     0.105042      0.10587    0.0274934    0.0152481    0.0184442    0.0872927    0.0734991    0.0653825     0.125241    0.0580983    0.0515744    0.0145621    0.0772916    0.0779026     0.145564    0.0217357    0.0303356    0.0903341    0.0726088
   0.0293243    0.0390564    0.0537733     0.132944     0.107591    0.0265322    0.0818992    0.0745046    0.0652172     0.106896    0.0368771     0.080642    0.0157587    0.0636499     0.108249       0.1053    0.0753762     0.072667    0.0282955    0.0767669    0.0356556    0.0670722    0.0336939   0.00895087    0.0760997    0.0303252   0.00553148    0.0764517  0.000930026    0.0610609    0.0400942    0.0838103     0.127436    0.0940971    0.0109164    0.0200973    0.0192383     0.100689     0.124204     0.104507    0.0437504    0.0431117   -0.0100167    0.0888994     0.195502    0.0950698    0.0689456    0.0900463
   0.0981412    0.0715653    0.0340462    0.0458158     0.071893    0.0333648    0.0829548     0.073302    0.0630328     0.062958    0.0816169    0.0152912     0.143355    0.0772415    0.0395646    0.0785042    0.0408276    0.0425852     0.168322     0.090088     0.116088    -0.010566     0.113928     0.110679     0.137146    0.0557416    0.0736479    0.0898897    0.0917212    0.0821617     0.157923   -0.0149146    0.0124335  -0.00392656    0.0310633    0.0362484    0.0909431    0.0643795    0.0236141    0.0179695    0.0245512    0.0374123     0.127066      0.08205  -0.00365659    0.0119511    0.0530465    0.0906545
  -0.0315489    0.0285961      0.14266     0.120607    0.0904062    0.0481755    0.0182604  -0.00357922    0.0408611    0.0906424    0.0330008     0.121921     0.027221    0.0244106    0.0970432    0.0203121    0.0166856    0.0826908  -0.00752638     0.134429    0.0833223    0.0934201    0.0906428    0.0664292    0.0793267    0.0548555    0.0345701     0.127595     0.102977    0.0491539    0.0236485    0.0537293    0.0131512     0.114314     0.015374    0.0210718    0.0674592     0.133839 -7.43902e-05    0.0501993     0.124804    0.0358034    0.0849693    0.0562923    0.0797511    0.0667072    0.0862261    0.0585447
   0.0367943    0.0614696     0.106601     0.087636     0.119859   -0.0011955    0.0627456    0.0464586    0.0980048     0.104751    0.0682265    0.0402939    0.0956559   -0.0012532    0.0998452     0.106531     0.091087    0.0323779    0.0300055    0.0261754    0.0667163    0.0984076   -0.0233887    0.0568885    0.0874076     0.113277   0.00310183     0.108905    0.0244189    0.0236404    0.0505897    0.0133053    0.0788087    0.0956596    0.0213853     0.100461    0.0137824   -0.0190578     0.114045     0.122751    0.0801469    0.0992859   -0.0240513     0.104359     0.133077    0.0655308     0.129993    0.0176634
  -0.145368   -0.103675   -0.140659   -0.114047   -0.159286   -0.114001   -0.129141   -0.161361   -0.115588   -0.142442   -0.145008   -0.145993   -0.145799   -0.096533  -0.0839768  -0.0839868  -0.0920906  -0.0981675   -0.117449   -0.138053   -0.114578   -0.129437    -0.16792  -0.0814038  -0.0849261   -0.112662   -0.114671   -0.156358   -0.181284   -0.076489    -0.12986   -0.111643      -0.165   -0.165254    -0.10074   -0.129217  -0.0707042   -0.090642   -0.116187   -0.121219   -0.100567   -0.113254
  -0.107297   -0.166004  -0.0386268  -0.0823991   -0.109469   -0.184528  -0.0898114   -0.244402   -0.187661  -0.0618879   -0.136193   0.0661615   -0.140188  -0.0692874   -0.187957  -0.0625419   -0.130393  -0.0381817   -0.229849  -0.0354946   -0.033489  -0.0891536   -0.132204  -0.0851406  -0.0134053  -0.0543336   -0.108282   -0.256918  -0.0619393   -0.129235 -0.00716234  -0.0626056  -0.0925637   -0.248253  -0.0452978  -0.0333352 -0.00758233   -0.172335  -0.0726005   -0.174058   -0.148692  -0.0825807
 -0.0589501   -0.193779     -0.1626   -0.159811   -0.218275   -0.195237  -0.0416545   -0.136818  -0.0845334   -0.125518   -0.118857  -0.0536076   -0.101877   0.0220093  -0.0720481   -0.117218    -0.11569   -0.167379  -0.0194736  -0.0595928  -0.0717099  -0.0443206  -0.0776772  -0.0852223   -0.170318   -0.077372  -0.0633928   -0.132882  -0.0638736   -0.247041   -0.114874  -0.0680749  -0.0784344  -0.0272515   -0.137348  -0.0673465   -0.106624   -0.144433   -0.121697   -0.206308  -0.0995569   -0.123852
 -0.0395281   -0.105085   -0.120335   -0.171143  -0.0903541   -0.124342   -0.118516   -0.154394    -0.10126   -0.163865   -0.141225  -0.0558076   -0.137409  -0.0621977   -0.118639   -0.103223   -0.113088    -0.13351  -0.0780538  -0.0573679   -0.117605   -0.160523  -0.0758659  -0.0921024   -0.149117   -0.120494   -0.166628  -0.0807514  -0.0544641   -0.184252   -0.108307   -0.114481   -0.161503   -0.132509  -0.0378146   -0.087478  -0.0677269  -0.0659818   -0.117452   -0.103852   -0.168856   -0.127384
 -0.0739458   -0.109447   -0.114677    -0.13629  -0.0536645  -0.0448573   -0.045157   -0.125255  -0.0871952  -0.0859872  -0.0527414   -0.139217   -0.109639 -0.00581067  -0.0439741   -0.183433  -0.0431587    -0.15853  -0.0765371   -0.130267  -0.0972951   -0.183765  -0.0115269   -0.174293   -0.111541   -0.143503   -0.132845    -0.14782   -0.141581  -0.0747243   -0.114832   -0.162478  -0.0948709   -0.154545   -0.155548   -0.181008   -0.160523     -0.1779  -0.0841998   -0.168095  -0.0749232  -0.0603738
  -0.117601   -0.104722   -0.135702   -0.095821   -0.108348   -0.136796   -0.121168   -0.105246   -0.159373  -0.0983122   -0.118323   -0.166103   -0.106201   -0.124514   -0.073844   -0.120572   -0.130065   -0.134734   -0.167813   -0.105503   -0.107583   -0.072213  -0.0919064   -0.177594  -0.0913546   -0.120801  -0.0657624   -0.106837   -0.148985   -0.100405   -0.135776   -0.152933   -0.144306   -0.108413  -0.0900201    -0.11036   -0.139367   -0.083977   -0.174227   -0.118889  -0.0933173   -0.102206
 -0.0887194   -0.121791   -0.120564  -0.0951837   -0.127117   -0.103954  -0.0776887  -0.0939582   -0.162043   -0.101348   -0.126245   -0.170826   -0.149698     -0.1904   -0.100138   -0.142046   -0.131587   -0.100529   -0.197673   -0.139037   -0.134415   -0.131554  -0.0927399    -0.13539  -0.0480695   -0.121128  -0.0814115   -0.138395   -0.148138  -0.0389186  -0.0889287   -0.111102   -0.109537   -0.134598  -0.0998069   -0.147979  -0.0471949  -0.0530779   -0.157081  -0.0735507   -0.125013  -0.0630906
 -0.0342457   -0.194313  -0.0695569  -0.0494896   -0.123403   -0.177977    -0.12795   -0.193232  -0.0628457   -0.213154   -0.201685   -0.118772   -0.177907  -0.0018638   -0.101788   -0.119548   -0.092092  -0.0784401   -0.072324  -0.0163206   0.0188304  -0.0360652  -0.0477157   -0.110959   -0.130284   -0.126159  -0.0582634   -0.102493   -0.104646   -0.191121  -0.0473153   -0.171477   -0.199968  -0.0947445  -0.0749083  -0.0254115  -0.0481781  -0.0183792   -0.147556   -0.190013   -0.134695   -0.171255
   -0.13844   -0.113122   -0.109231  -0.0822341   -0.162762   -0.149124  -0.0811908   -0.136428   -0.102337  -0.0741262   -0.158961  -0.0638724  -0.0902596    -0.11589  -0.0781117  -0.0729785   -0.149184   -0.127262    -0.11487   -0.104302  -0.0977336   -0.125961  -0.0848568   -0.154661   -0.201133   -0.132404   -0.170311     -0.1553   -0.139477   -0.193483   -0.109593  -0.0879148  -0.0758643  -0.0856982   -0.166245  -0.0643597  -0.0496283   -0.152569   -0.125351   -0.161582  -0.0690588  -0.0614694
  -0.158602   -0.125753    -0.06346  -0.0627339   -0.172268   -0.129021   -0.120287   -0.049339   -0.148494   -0.190383   -0.180116   -0.115785   -0.145232   -0.147964  -0.0781312  -0.0817643   -0.148325   -0.117228   -0.157767 0.000208234  -0.0692517   -0.140929   -0.150134  -0.0918673  -0.0846277  -0.0863749   -0.133472   -0.164018    -0.10779   -0.111627   -0.099588  -0.0852916   -0.111968   -0.143861   -0.114006   -0.145414  -0.0327856   -0.165161  -0.0992473  -0.0824862   -0.075601  -0.0824517
 -0.0998651   -0.118441   -0.147164   -0.161111  -0.0947776   -0.113642   -0.047688   -0.109756  -0.0713889   -0.126511   -0.113589   -0.120955  -0.0791019  -0.0875262  -0.0850628   -0.152282   -0.100221   -0.163946   -0.133604   -0.145171  -0.0899614    -0.14016   -0.139038   -0.162263  -0.0669741  -0.0681216   -0.171398   -0.153665   -0.163837   -0.110215   -0.136803   -0.153336  -0.0843992  -0.0677758   -0.047016   -0.151317   -0.165576   -0.112752   -0.101659   -0.104376    -0.14634   -0.115547
 -0.0949959  -0.0785973   -0.131342   -0.143445   -0.111009   -0.124657   -0.172332   -0.107582   -0.137365   -0.143291   -0.170899   -0.139276   -0.141909   -0.137177   -0.158189   -0.134204   -0.122999   -0.101453   -0.117647   -0.138052   -0.112692  -0.0833115   -0.170918   -0.154098   -0.078417   -0.105237   -0.146056     -0.1411   -0.157461   -0.155642   -0.132929  -0.0796501  -0.0832871   -0.114767  -0.0891906   -0.087594  -0.0697892   -0.102155    -0.12371  -0.0881251   -0.119943  -0.0878184
   -0.18816    -0.12626     -0.1276  -0.0684973  -0.0947102  -0.0956544   -0.123348   -0.155848   -0.178293  -0.0950277   -0.101921   -0.121077  -0.0423136   -0.193584   -0.106082  -0.0575038   -0.099919  -0.0700727   -0.139684  -0.0743268   -0.165189  -0.0701986  -0.0874118   -0.127799  -0.0913891   -0.154726  -0.0570614  -0.0279316   -0.169816  -0.0489084    -0.06561   -0.131668  -0.0517907   -0.123348    -0.16275   -0.154756   -0.133617   -0.134334  -0.0561861    -0.11422   -0.153982  -0.0849216
  -0.177926  -0.0546191  -0.0839005   -0.126506   -0.129483   -0.107933   -0.140823   -0.107367   -0.124982   -0.137562    -0.15227  -0.0823631   -0.152424   -0.120295   -0.108416  -0.0965785   -0.105274   -0.142295   -0.159456  -0.0731775   -0.159565   -0.101424  -0.0964523   -0.159202  -0.0992757   -0.130601   -0.120885    -0.05476   -0.170672  -0.0977565   -0.126059   -0.146308   -0.129238   -0.131115  -0.0745567   -0.159196   -0.127623  -0.0886835   -0.127928  -0.0697859   -0.105629  -0.0968903
  -0.136132   -0.112369   -0.148274  -0.0806162  -0.0936918   -0.139131   -0.100542   -0.104334   -0.142634   -0.112131  -0.0988516  -0.0985615  -0.0764456   -0.110807   -0.185806  -0.0907611   -0.150285   -0.107932   -0.123843   -0.121118   -0.122006   -0.117411   -0.157856   -0.139822   -0.109794   -0.157058  -0.0772019   -0.144466  -0.0934797   -0.112322   -0.130478   -0.178577   -0.151241   -0.170054  -0.0854691   -0.088613   -0.176444   -0.130441  -0.0833737  -0.0985621  -0.0907572   -0.100712
  -0.117553   -0.141647   -0.148361  -0.0587254   -0.101357   -0.120801  -0.0968447  -0.0669084  -0.0696755  -0.0961333   -0.102198   -0.178272  -0.0647907   -0.126885   -0.128094  -0.0973871   -0.154018   -0.155476   -0.142001   -0.083619  -0.0669001  -0.0801107  -0.0866602   -0.123371   -0.190245   -0.125887   -0.119242  -0.0446697    -0.12919   -0.126834  -0.0587633   -0.114666   -0.156927  -0.0643224   -0.160174    -0.13649   -0.151524  -0.0803206   -0.152773   -0.019301   -0.118127    -0.17399
  -0.138504    -0.13327   -0.177974   -0.134932   -0.130675   -0.173501   -0.106908  -0.0612042    -0.14955  -0.0680319   -0.152111   -0.116667    -0.13971   -0.184158    -0.12279   -0.108074   -0.105176   -0.133075  -0.0975652  -0.0733047   -0.107213   -0.140432   -0.146966   -0.156279   -0.111425   -0.124494  -0.0842285  -0.0878561  -0.0810668   -0.114896  -0.0649035    -0.07023   -0.132008   -0.142182  -0.0707652  -0.0807633   -0.110131   -0.124816   -0.146457   -0.143918  -0.0743266   -0.117276
  -0.111347  -0.0932256  -0.0956046   -0.127165   -0.132418   -0.139503   -0.172819  -0.0248007  -0.0495847   -0.072089   -0.135457   -0.166975  -0.0585525   -0.120419  -0.0563411   -0.103198   -0.134877  -0.0806735  -0.0877095   -0.154451   -0.125256   -0.187082   -0.150496   -0.093745   -0.129408  -0.0588968   -0.195614   -0.121346    -0.10397   -0.112344   -0.152192  -0.0605799    -0.15848   -0.069112  -0.0662356   -0.180536   -0.106026  -0.0638766   -0.162098  -0.0826246  -0.0872334   -0.169857
 -0.0629193   -0.138919  -0.0560456   -0.112282   -0.158434    -0.18087    -0.04855  -0.0994929  -0.0801358   -0.201101    -0.12095   -0.102904  -0.0866023   -0.120403     -0.1159   -0.138041  -0.0493278  -0.0369438   -0.120169  -0.0731576   -0.186387   -0.106111   0.0329293   -0.106447  -0.0765174   -0.148732   -0.167929  -0.0646171   -0.223546   -0.143837   -0.050088   -0.181919   -0.164981  -0.0488557    -0.02739  -0.0575379   -0.105617   -0.210307  -0.0265165   -0.230905  -0.0737933   0.0141271
 0.00373655  -0.0670465   -0.195516  -0.0954319  -0.0532197   -0.143001  -0.0263661   -0.159907   -0.102038   -0.218538   -0.148728   -0.136642   -0.114705  0.00746723   -0.181097   -0.179364  -0.0484711   -0.121118  -0.0673133     -0.1278  -0.0380014  -0.0558671   -0.117389  -0.0426311   -0.111046   -0.140556  -0.0277625   -0.174073   -0.094913   -0.193858   -0.120372   -0.202223   -0.157908  -0.0993211  -0.0345091   -0.114548   -0.020049   -0.141491  -0.0669311   -0.182561 -0.00868971   -0.166514
 -0.0793277  -0.0598758   -0.078719   -0.120376   -0.112537   -0.147529   -0.138222   -0.126076   -0.117373  -0.0823617   -0.102629   -0.110362    -0.10547   -0.176969    -0.15237   -0.178232   -0.163293   -0.144772  -0.0366594   -0.195964  -0.0728143   -0.150875   -0.155048    -0.10029   -0.060739   -0.126896  -0.0715571  -0.0495948  -0.0616762  -0.0645108   -0.175062    -0.10418  -0.0984203  -0.0350072  -0.0560233   -0.106763   -0.144594   -0.102598   -0.139226  -0.0378728   -0.147799   -0.169075
  -0.172225   -0.124824  -0.0975655   -0.136749  -0.0692419   -0.080397    -0.12086   -0.159621   -0.203946   0.0212686  -0.0979692  -0.0649185   -0.106508     -0.2088    -0.19205  -0.0245217  -0.0713249   -0.160657  -0.0322214   -0.218294   -0.137635    -0.15712  -0.0261832  -0.0310797   0.0139627   -0.116347  -0.0627168  -0.0669769   -0.164154  0.00186301   -0.160858   -0.100884  -0.0694757 -0.00829475   -0.146451   -0.172299   -0.196564  -0.0759492   -0.137615  -0.0312317   -0.175444   -0.121066
 -0.0522249   -0.152403   -0.136757   -0.162651  -0.0452226   -0.111704  -0.0464772   -0.135952   -0.036179   -0.139327   -0.133582  -0.0949469   -0.109375   -0.157597   -0.100214   -0.131001  -0.0723116  -0.0950559  -0.0876726   -0.138298    -0.10253   -0.115696  -0.0753196   -0.154009   -0.152876    -0.19958  -0.0889872   -0.124872   -0.121687   -0.115222    -0.19009   -0.094131  -0.0934313  -0.0652949   -0.161293   -0.118306  -0.0993585   -0.141122   -0.167959  -0.0212663   -0.145506   -0.111339
 -0.0428142   -0.153975   -0.193391   -0.119714   -0.084877  -0.0474124  -0.0531751  -0.0808283   -0.107182  -0.0683204  -0.0869873   -0.136844  -0.0734607   -0.158039    -0.15287   -0.162886   -0.149949   -0.120521  -0.0742879   -0.148769   -0.107242  -0.0580861    -0.14685   -0.118106   -0.132952   -0.140277  -0.0955543  -0.0792852  -0.0744123   -0.119007   -0.150801  -0.0737654  -0.0697697   -0.134411   -0.172675    -0.12821   -0.122752  -0.0918374   -0.189239  -0.0259103    -0.15048   -0.167293
   -0.20438  -0.0382912   -0.082966  -0.0922223    -0.10222  -0.0862194   -0.155763  -0.0773711   -0.191817  -0.0833282   -0.154971  -0.0990556   -0.137123   -0.147804   -0.133398  -0.0915573  -0.0974134   -0.100274   -0.164931  -0.0669155   -0.185277   -0.132168   -0.173782   -0.153361  -0.0550133  -0.0709129   -0.112431  -0.0793795   -0.162011   -0.130511   -0.150608  -0.0882671   -0.100825  -0.0890031   -0.133523    -0.17026  -0.0586258   -0.154898  -0.0947183  -0.0780674  -0.0763818  -0.0757452
 -0.0951896   -0.128094   -0.135406  -0.0610286  -0.0495898  -0.0993592   -0.140483   -0.152837   -0.139169    -0.14559   -0.155476   -0.163166   -0.133846   -0.149471   -0.100612  -0.0402732   -0.152841   -0.106871  -0.0330607   -0.121359   -0.183672  -0.0701235  -0.0795362   -0.146527  -0.0896387   -0.173295   -0.157133     -0.1047  -0.0951181  -0.0433353   -0.153482    -0.10684   -0.123002  -0.0788198   -0.161839  -0.0600543   -0.110557   -0.116565   -0.185656  -0.0345523  -0.0517793   -0.165698
  -0.112324   -0.118853  -0.0503478   -0.127468   -0.167457   -0.100324   -0.111478   -0.166831     -0.1794   -0.138189   -0.143853   -0.114225  -0.0963594  -0.0912097   -0.123567  -0.0958231   -0.160855   -0.164146  -0.0813874   -0.103867  -0.0768937  -0.0807485   -0.130123   -0.120425   -0.104814   -0.116067   -0.139394  -0.0758463   -0.131042   -0.112538   -0.120203   -0.117094  -0.0773858    -0.12243   -0.158036   -0.089021   -0.104716    -0.13231   -0.125966  -0.0909752   -0.118997   -0.148233
  -0.147115   -0.094306  -0.0867107  -0.0966756   -0.105114  -0.0683137  -0.0666828    -0.13879  -0.0861267   -0.109327   -0.132296   -0.157613   -0.164698   -0.131666   -0.149367  -0.0771675   -0.164944   -0.163548  -0.0568382  -0.0812356    -0.15891   -0.113731   -0.145772   -0.140268  -0.0982677   -0.128144   -0.120961   -0.104932   -0.150372  -0.0623129   -0.141353  -0.0787639    -0.10668   -0.140238   -0.121723   -0.121003   -0.107452   -0.175245    -0.15653   -0.135013  -0.0757162    -0.12589
  -0.192474   -0.110799   -0.103622  -0.0667487   -0.189819   -0.126703   -0.142245  -0.0967294   -0.159667   -0.150018   -0.149143   -0.153304  -0.0585258  -0.0904833  -0.0834694  -0.0502164   -0.132937  -0.0495333   -0.146601   -0.115897  -0.0930358   -0.054653   -0.157585   -0.173125  -0.0866849  -0.0816418  -0.0677122  -0.0801604   -0.152829   -0.149656  -0.0702289  -0.0536284   -0.144977      -0.162   -0.124179   -0.143803   -0.126591   -0.101632   -0.103228   -0.150799  -0.0683031   -0.132006
  -0.221011  -0.0470901   -0.101294  -0.0784412   -0.088936  -0.0986545   -0.174548  -0.0700789   -0.117543  -0.0500246   -0.128691  -0.0771864   -0.112815   -0.130852    -0.11677  -0.0891246   -0.130064   -0.120454   -0.190783   -0.133984   -0.129995   -0.215989   -0.153311  -0.0682892  -0.0982496  -0.0570117   -0.186973  -0.0804153   -0.143234  -0.0380077   -0.131054  -0.0801491  -0.0830682  -0.0620363  -0.0718535   -0.209363  -0.0879083  -0.0946049  -0.0787779   -0.142929   -0.117572   -0.075527
  -0.154091  -0.0573971   -0.151317  -0.0872651   -0.134341   -0.162667   -0.135593   -0.138303   -0.123427  -0.0417555   -0.183865  -0.0873834   -0.109235   -0.107103   -0.118459   -0.128257  -0.0687028   -0.100028  -0.0746417   -0.140343   -0.159846   -0.170767   -0.100768   -0.111293  -0.0424208   -0.109051   -0.160923   -0.148316   -0.141244  -0.0408825   -0.118957  -0.0768142    -0.12316  -0.0531526   -0.107803   -0.188366   -0.103492  -0.0575838  -0.0804216   -0.148579   -0.133141  -0.0995783
  -0.073808   -0.213377    -0.14571   -0.135413   -0.103947  -0.0791424   -0.174071  -0.0588924   -0.105866   -0.149702  -0.0908303  -0.0879389    -0.21038  -0.0140662  -0.0942307   -0.101083   -0.173349  -0.0461667  -0.0174014     -0.1242  -0.0883871   -0.139746  0.00451328   -0.169095  -0.0298032  -0.0712193  -0.0562676   -0.195652  -0.0275553   -0.169022  -0.0642269  -0.0826386  -0.0857701  -0.0300984   -0.224241   -0.150554   -0.199518   -0.148139  -0.0581668   -0.151173   -0.103447  -0.0810308
 -0.0761423   -0.153346  -0.0889446   -0.154002  -0.0812553   -0.151956   -0.117163    -0.16725   -0.129034  -0.0776471   -0.142858  -0.0573764  -0.0890139   -0.115111   -0.137119   -0.147454   -0.173093   -0.193864   -0.064661  -0.0962344  -0.0597662  -0.0671887   -0.078218   -0.108053  -0.0710662  -0.0844264  -0.0465224   -0.146835    -0.12795   -0.137242   -0.111839  -0.0980811   -0.122939   -0.148902   -0.144581   -0.113349  -0.0794898   -0.102565   -0.152422  -0.0850064   -0.195617   -0.122036
  0.0451191    -0.14604   0.0441601   -0.187869  -0.0137909  -0.0160521  -0.0168884  -0.0776675  -0.0344995  -0.0420217   -0.103775  -0.0575871   -0.126705  0.00333483  -0.0697713   -0.127099  -0.0962277   -0.121057    0.025539   -0.172504  -0.0279574    -0.14764  -0.0141632   -0.194522   -0.182332   -0.130408   -0.188621   -0.253873   -0.196535   -0.267131   -0.129407  -0.0553287   -0.113436  -0.0284816   -0.150968   -0.109082   -0.212678   -0.148899   -0.131607  -0.0956065  -0.0280662   -0.189706
 -0.0837425   -0.122968  -0.0824632   -0.194814  -0.0175609  -0.0997101   -0.216683  -0.0950994   -0.104151   -0.190401   -0.130964  -0.0754876   -0.141823   0.0036315  -0.0565986   -0.078664   -0.131868   -0.108705  -0.0670251  -0.0898142   -0.169315  -0.0971623  -0.0506271   -0.141804  -0.0494152  -0.0935624  -0.0680757   -0.175209  -0.0348864  -0.0862665  -0.0465211  -0.0042655   -0.120822   -0.110793   -0.214955   -0.113982   -0.195526   -0.152891  -0.0936405   -0.165362   -0.198492  -0.0424942
 -0.0863208     -0.1316   -0.163755   -0.131823   -0.176231   -0.152732  -0.0669595   -0.126557  -0.0906903   -0.120693   -0.137434   -0.134864    -0.12814  -0.0938452   -0.125841   -0.158565   -0.164627  -0.0902592  -0.0680493   -0.116785  -0.0526321   -0.108875  -0.0407506  -0.0798309  -0.0546867   -0.124018   -0.100809  -0.0711335   -0.078552   -0.138756  -0.0635201   -0.163822   -0.179225  -0.0612922   -0.107699   -0.111597   -0.151493   -0.125851  -0.0962394   -0.169022   -0.128087   -0.138024
