no weights
   0.0813189    -0.013904    0.0648867    0.0394657     0.121145    0.0666978   -0.0328273    0.0955014     0.025886    0.0914242    0.0795396   0.00730425   -0.0125186    0.0630551    0.0732266    0.0516172    0.0940649    0.0550554   -0.0412216    0.0656374   0.00661938    0.0555724     0.123918   -0.0541453   -0.0139161      0.08439      0.10928      0.13434    0.0886942   -0.0329739    0.0318007     0.103913    0.0958564    0.0660815    0.0379209   -0.0146084   0.00982576     0.166899    0.0721846    0.0801683     0.138228    -0.033468    0.0959861   -0.0594709   0.00199358    0.0474781   -0.0326362    0.0482874
    0.032508    0.0790549     0.061151    0.0464258     0.109706    0.0919512    0.0769893    0.0828164    0.0361783    0.0491045    0.0685228    0.0852243    0.0617908    0.0104107    0.0235138    0.0711059  -0.00651942     0.121121     0.101018    0.0842218    0.0514326   0.00660762     0.120418    0.0933515    0.0496054    0.0760117    0.0152536    0.0720052    0.0232524     0.137853     0.113176   -0.0118584      0.02705    0.0114498    0.0397325    0.0860256    0.0613159    0.0485949    0.0351847    0.0821485    0.0885413     0.118494    0.0568821    0.0663523    0.0899345     0.116101     0.131032    0.0903563
   0.0588452    0.0317038    0.0740753    0.0414226    0.0687899   0.00119229   0.00646639    0.0966871    0.0491729     0.107125    0.0327107    0.0287165     0.108683    0.0596909     0.120209     0.104377   -0.0181254     0.131987    0.0299101     0.124122    0.0142942     0.018109    0.0251585     0.078356    0.0339603    0.0921553     0.137127    0.0695333   -0.0299427    0.0637715    0.0508456    0.0398128     0.103602     0.148944  -0.00754881  -0.00129665   0.00845545      0.12227    0.0647559    0.0701867    0.0976328    0.0779181    0.0446461      0.11843    0.0505573    0.0567348    0.0141069    0.0904353
   0.0743882     0.073279     0.154014     0.081025     0.130725    0.0898513     0.050641    0.0757641    0.0739541   0.00813076    0.0224119     0.141434    0.0244648   0.00987235    0.0298005    0.0833178    0.0416443    0.0859418    0.0694264    0.0675773     0.112327    0.0563847    0.0285409    0.0871319    0.0575812    0.0206018    0.0668383    0.0823846    0.0605889    0.0101674    0.0395758    0.0286771  -0.00010791    0.0389904    0.0107114    0.0596315    0.0754242    0.0476192   0.00810731    0.0729311    0.0433525    0.0868527    0.0562448     0.136907    0.0550302     0.123256     0.109113    0.0337177
    0.130478    0.0254498    0.0154673    0.0110754     0.128573    0.0495163    0.0444828    0.0758664     0.077815     0.100237    0.0686027  -0.00972701    0.0952467    0.0689387    0.0952849    0.0576836    0.0833832    0.0168971     0.100022     0.122424    0.0237914   -0.0386516    0.0833664    0.0285577    0.0689241    0.0957291    0.0341322      0.11939     0.092102    0.0442758     0.104447    0.0035621     0.144857    0.0357736    0.0887408    0.0299321    -0.014548      0.10436    0.0264057   0.00301851    0.0530119   0.00210263    0.0975804    0.0219531    0.0533585    0.0667324    0.0580996     0.110324
   0.0844555    0.0811932    0.0240208    0.0488378     0.120584     0.014314    0.0613709   0.00450952    0.0851911    0.0465858    0.0864181    0.0646338      0.15903      0.01017    0.0930791   0.00325114    0.0888676    0.0879559     0.034147     0.129505   0.00372279  -0.00666864     0.082426    0.0730967     0.068532    0.0822961    0.0496146     0.126638    0.0304966   0.00484983     0.136922    0.0117149     0.123348    0.0873099    0.0970514     0.092668    0.0509579    0.0534404    0.0880675   0.00222649     0.105002    0.0775618     0.126482    0.0163102    0.0480164    0.0318069     0.129364    0.0444454
  -0.0123278    0.0901713      0.13859    0.0647007    0.0388425    0.0375187   0.00288248    0.0526265    0.0898373    0.0930381    0.0479139    0.0020263     0.016639    0.0128106      0.08098    0.0200555     0.034478   0.00368374    0.0598655    0.0265583     0.102643    0.0217287    0.0863277    0.0631657  2.70268e-05    0.0251284     0.138662    0.0710524     0.120961    0.0131986   0.00862292    0.0970883    0.0614493     0.142779     0.137743     0.025154    0.0549187       0.1093   0.00580025    0.0717289     0.180231    0.0276128     0.105798  -0.00399293    0.0400436    0.0849936     0.107058    0.0733161
   0.0693574    0.0926779   0.00676256    0.0693955     0.101059    0.0703084     0.102766      0.05744    0.0147214     0.020548    0.0717328    0.0297295     0.147376     0.100746   -0.0154049    0.0653019     0.064327     0.102948    0.0432177      0.12625     0.050503     0.152916     0.130876    0.0977521    0.0350844    0.0449045   0.00621239    0.0892799    0.0655198    0.0961316    0.0573476    0.0420393    0.0573239     0.106153    0.0657032    0.0599545    0.0616518     0.013611    0.0624723    0.0998168    0.0132472     0.133678    0.0736475  -0.00627693     0.101393    0.0528807    0.0567375     0.078015
   0.0840935    0.0125864     0.057192    0.0974286     0.103091     0.118182    0.0792147    0.0832681    0.0116543     0.107873    0.0593544    0.0250754    0.0243203    0.0551151    0.0572725    0.0539909     0.139743    0.0460245   -0.0105731    0.0971908     0.075662     0.108823     0.116596    0.0444821    0.0217832    0.0852652    0.0657074     0.133103      0.05984    0.0321019     0.075153     0.129869     0.123916    0.0774271    0.0464034    0.0793041    0.0715681      0.11619    0.0237358    0.0548105     0.144681    0.0718416    0.0635953    0.0224925  -0.00249254   -0.0147227    0.0113217     0.084783
   0.0294388    0.0561639    0.0423263   -0.0068809   -0.0371037    0.0187834    0.0740309    0.0961042    0.0720671    0.0687525    0.0763629   -0.0165851     0.140352    0.0341765    0.0797526    0.0740039   -0.0133624    0.0295921     0.118558    0.0942681    0.0389608   -0.0137604    0.0797511    0.0585824     0.154934  -0.00455558    0.0582322    0.0326645    0.0128632    0.0521615     0.135401    0.0617317     0.135647    0.0274218  -0.00949687    0.0818387     0.101457    0.0911897    0.0602644   -0.0161219    0.0361006    0.0914367     0.125701      0.12256    0.0526649    0.0813897       0.1261     0.151266
   0.0359705    0.0592416    0.0302827    0.0825967     0.120153    0.0562844    0.0707753    0.0103175    0.0464799    0.0996338    0.0977778  -0.00422588    0.0504556    0.0389764     0.108299    0.0852452    0.0937506    0.0577533     0.113541    0.0960427    0.0936791    0.0937031    0.0956782    0.0142609     0.110428    0.0387723     0.116078    0.0764476    0.0597976   0.00930014     0.131721    0.0734375    0.0918612     0.141546    0.0809833    0.0377606     0.124131    0.0260173     0.122432    0.0748527    0.0832122    0.0450361     0.128383    0.0357216    0.0998084     0.112998    0.0495733    0.0802757
   0.0492447   0.00282372    0.0955679    0.0149366    0.0289649   0.00223369    0.0606942     0.063143     0.115775    0.0230814    0.0919527   0.00520582    0.0266758   -0.0010389    0.0920518     0.058925    0.0627854    0.0812185    0.0226573    0.0364885    0.0639896    0.0587529    0.0108751    0.0173971    0.0424997   0.00440807     0.138386    0.0336436    -0.028608    0.0929655    0.0609409     0.029539     0.157017      0.10245     0.044307   -0.0168303  -0.00376544    0.0986809     0.164127     0.109502    0.0937638    0.0425954    0.0361954     0.124646    0.0607472      0.14143    0.0230836    0.0274903
   0.0304609     0.100926    0.0692553      0.10667     0.054513    0.0140297    0.0467845    0.0722867    0.0150358    0.0574112    0.0374652    0.0556624     0.120592    0.0748066    0.0589667      0.09481    0.0293118   0.00163055    0.0660769     0.079828    0.0920114    0.0859512    0.0546051    0.0569662     0.113836  -0.00613785    0.0289366   0.00404141    0.0863623    0.0695272     0.076076    0.0315216     0.113366    0.0583675    0.0731889    0.0777048     0.115277    0.0695177    0.0358642     0.045094     0.110649    0.0820665    0.0871866    0.0177688     0.113787    0.0943283       0.1111    0.0814354
  0.00259314    0.0292886    0.0851817    0.0487631    0.0219958     0.103178    0.0320827    0.0441973    0.0807524    0.0319462     0.130892    0.0556869     0.017603   -0.0190092    0.0919556    0.0172437     0.192452    0.0168301    -0.084106     0.148586 -2.46552e-05     0.104332    0.0311086    0.0701689  -0.00349196    0.0799765     0.136015    0.0516572   -0.0048002   -0.0226695  0.000946684     0.138562     0.113204     0.109058    0.0767551    0.0161073   -0.0596538     0.156476    0.0904362     0.101375     0.139342 -8.81453e-05   -0.0252035   -0.0333402    0.0772367    0.0279497   -0.0448621    0.0726274
   0.0901016     0.112119    0.0396165     0.105313    0.0579241    0.0316311    0.0745637    0.0628343   0.00877663    0.0827371      0.06086    0.0717244     0.100913    0.0432674    0.0311213    0.0792048     0.123411    0.0788993    0.0754556     0.123878    0.0784597     0.122166    0.0521775     0.102714   0.00256909    0.0394126     0.102404    0.0471448     0.085522    0.0201914    0.0458903    0.0971113      0.10818     0.134233    0.0245381     0.128877    0.0249729    0.0808175    0.0596115     0.107848    0.0519691     0.101186    0.0123527    0.0378772    0.0699494   -0.0174721    0.0734836    0.0269716
    0.107603     0.130176     0.123576     0.104989    0.0188924   -0.0238144     0.122663    0.0223828    0.0646523    0.0606896    0.0355928    0.0940099    0.0654955  -0.00557007    0.0184365    0.0391676    -0.010293     0.068334     0.101799     0.103252    0.0965869    0.0740282    0.0488752    0.0645806    0.0463326    0.0862245    0.0738663    0.0580746    0.0482194    0.0543233     0.100889    0.0147829     0.108929   0.00594473   -0.0258137    0.0305632     0.032396    0.0725559     0.111264    0.0539713   -0.0146946    0.0540795    0.0731697    0.0857713     0.146064    0.0927729    0.0742972    0.0777336
   0.0220092   0.00962489    0.0621948     0.132859    0.0771052    0.0590566     0.024636    0.0270237    0.0405653      0.13739    0.0818863    0.0970612    0.0281294    0.0800479    0.0393168    0.0273918    0.0932989    0.0450014    0.0996725     0.091787    0.0798651    0.0709485    0.0530797    0.0665061    0.0766253    0.0392475    0.0784963     0.107474    0.0449953    0.0640176    0.0469477    0.0578995    0.0637514    0.0689283    0.0408424    0.0954472    0.0435471    0.0752201    0.0651713    0.0819823     0.136788    0.0515604      0.03249    0.0997715     0.110183    0.0887239     0.122444    0.0973013
   0.0550878    0.0843732     0.103551    0.0296547     0.126732    0.0849213    0.0767163     0.100644    0.0814106     0.115368    0.0175765    0.0492444     0.109181    0.0474517    0.0335576    0.0664914    0.0496165    0.0227829  -0.00980676    0.0867242     0.120272    0.0825473    0.0601004    0.0648055     0.011228    0.0573267    0.0711824    0.0862632     0.040053    0.0544467    -0.015012    0.0851507    0.0534615    0.0417988  -0.00851886    0.0871836   -0.0107044    0.0860488    0.0755351    0.0683997    0.0204711    0.0497074    0.0454554    0.0880355     0.171343     0.149134    0.0465276    0.0422287
    0.122589    0.0398381    0.0500128    0.0401308  -0.00246563   0.00374679    0.0921161   -0.0277493   -0.0421419    0.0100849     0.149811    0.0476653     0.117017    0.0139076    0.0127918    0.0978329     0.113016   0.00567163    0.0250706    0.0507953   -0.0522004    0.0489788    0.0601087    0.0272384   0.00785198    0.0995513    0.0998252    0.0668895     0.078011    0.0141063     0.041418    0.0701197    0.0393226     0.140422    0.0148933    0.0141928  0.000326424     0.102278    0.0482295    0.0757425     0.107201   -0.0420605     0.150726   -0.0514072    0.0401755  -0.00971518    0.0259966      0.13696
   0.0238172     0.162789      0.17924     0.120601      0.11141    0.0265577    0.0255272    0.0615801    0.0881277    0.0603733    0.0330676    0.0364087    0.0133149    0.0416333    0.0658186    0.0833384     0.054187    0.0860498    0.0126767    0.0356503    0.0882222     0.132445    0.0593572     0.103312    0.0372927    0.0969786    0.0864865    0.0378478    0.0273597    0.0840407  -0.00629793     0.104381    0.0653715    0.0105034    0.0905312  -0.00320267   -0.0175733    0.0394792     0.105856     0.109271    0.0921796    0.0104916   -0.0155142     0.111699     0.119229    0.0265567    0.0221219   -0.0362232
   0.0936253    0.0847243    0.0947025    0.0548585    0.0323717     0.123495   -0.0174233    0.0903819     0.103867    0.0227474    0.0730579    0.0499314     0.066021    0.0237844    0.0440143    0.0592995     0.124476    0.0766741    0.0225559     0.041478     0.118236    0.0992545     0.114627   -0.0287201 -0.000724635   -0.0201376     0.100884   -0.0134424   0.00567359 -1.92301e-05   0.00325374    0.0853208    0.0596075    0.0371795     0.114207    -0.014957    0.0211245     0.144819    0.0945999  -0.00233452      0.12833    0.0270488    0.0139212     0.044493   -0.0103181    0.0656597   0.00252311    0.0824262
   0.0622799     0.123579     0.155812     0.114606      0.16279   0.00701062    0.0443713    0.0466061    0.0329014    0.0014361    0.0745021    0.0259182    0.0237061    0.0188708    0.0265626    0.0187555     0.084239  -0.00318817   0.00376717   0.00656265     0.098987     0.119996    0.0560027   0.00444697     0.041763    0.0355017     0.144154     0.096388    0.0323343   0.00768769   -0.0109497    0.0136482    0.0551957    0.0728908     0.104541   -0.0106713     0.116441     0.103833     0.110272    0.0488766    0.0689294    0.0155581    0.0605265    0.0964189    0.0458513     0.113346    0.0742719    0.0226868
    0.114204    0.0211695    0.0183654    0.0347609    0.0569698     0.016915   0.00380141    0.0378642  -0.00446347     0.127677    0.0880916    0.0356043    0.0200703   -0.0151738    0.0267203    0.0713332    0.0767675    0.0176049   -0.0379438    0.0703506   -0.0313191    0.0458338   0.00500914   -0.0540019    -0.005225    0.0576931     0.066889     0.127389    0.0403591   -0.0304057    0.0143598      0.13333    0.0647848     0.149567    0.0013934   -0.0145642   -0.0096537      0.04204    0.0761402    0.0990838    0.0784737   0.00178666    0.0915453    0.0547561    0.0318639    0.0901548    0.0757007    0.0170843
    0.102001     0.013039    0.0691374     0.127574     0.081859     0.114076    0.0686883    0.0868641    0.0748165    0.0197459    0.0478475     0.123714    0.0563011     0.102738    0.0958059     0.111901     0.112827  0.000501448     0.106748   0.00809468    0.0319771    0.0660989    0.0383678    0.0767842    0.0906038    0.0701368      0.10202    0.0228632    0.0223452     0.071255    0.0430672    0.0857674    0.0582762    0.0309073    0.0520023  0.000384494    0.0891973     0.117415     0.113075     0.070674    0.0785959    0.0230146    0.0348212    0.0837148     0.147742     0.130521    0.0888568    0.0886896
   0.0850131   -0.0115127    0.0203545    0.0044254    0.0517964 -0.000265574    0.0604086     0.035322    0.0416489    0.0132821    0.0370003    0.0383336    0.0559664    0.0927185    0.0812846    0.0718063    0.0549304  -0.00583593    0.0696172  -0.00198369   0.00094784    0.0491643    -0.042978    0.0839471   0.00854257     0.114413    0.0994119    0.0556051    0.0655025    0.0903911    0.0721859    0.0246113    0.0715938     0.054016    0.0873564    0.0252258    0.0552347   -0.0465137    0.0775956    0.0459386   -0.0520003    0.0284559    0.0701651     0.130128     0.192923     0.143738     0.064412    0.0261734
   0.0351004    0.0513208    0.0728131    0.0527364    0.0323057      0.10255    0.0794151    0.0181253    0.0425315  -0.00421883    0.0310601    0.0678057    0.0847981    0.0812855    0.0337388     0.045629    0.0759002    0.0563748   0.00299739     0.100389    0.0635316    0.0803685    0.0378415    0.0662259    0.0750014    0.0928028     0.101221    0.0184492   -0.0173065     0.108703   0.00297976    0.0976683     0.140458    0.0375814   0.00457007    0.0733014    0.0981656    0.0657499     0.160872    0.0716377     0.071032    0.0700412    0.0509996    0.0812098    0.0800549     0.109057    0.0571537    0.0414184
   0.0998791    0.0253801     0.090497     0.115639     0.142597    0.0482932    0.0715727    0.0715035    0.0704646   0.00618663     0.115971    0.0127382    0.0562061    0.0427319    0.0837259    0.0565019     0.115774   -0.0408687    0.0917407    0.0764748   0.00904123    0.0641154     0.028534   -0.0330366    0.0129167    0.0949131    0.0794538    0.0463004     0.116204    0.0102793    0.0167021     0.115064    0.0450362  0.000640634    0.0426995   -0.0228602     0.114312    0.0311123     0.102061   0.00224271     0.100879    0.0699299    0.0457682     0.134973     0.138871    0.0864503     0.052538    0.0642175
    0.130799    0.0986305    0.0931481     0.147801      0.10815    0.0586588     0.103887    0.0207262  -0.00552631    0.0464292    0.0262912    0.0829591    0.0393648    0.0343021    0.0644549     0.100868    0.0346406   0.00374002      0.14787   -0.0103607   0.00640177     0.117264      0.08764    0.0619233     0.144546    0.0588635  0.000195587    0.0550074    0.0263087    0.0447688     0.133997    0.0345401   -0.0472559    0.0308495    0.0305608     0.102924     0.137409    0.0493938    0.0425085     0.107547   -0.0032208    0.0823109    0.0474164     0.073725    0.0543404    0.0947339     0.160908    0.0662013
    0.167796    0.0264292    0.0516172    0.0114874    0.0982173     0.110523     0.136052    0.0936867    0.0786816    0.0152275    0.0931603    0.0588907    0.0176048    0.0715542      0.06281    0.0346762     0.146026   -0.0229066    0.0692128    0.0887393     0.100891    0.0978197     0.100283    0.0521438    0.0601845     0.102619     0.104225    0.0500058    0.0356876    0.0603568     0.031119     0.106481     0.047827    0.0614337     0.103063    0.0636592    0.0531042     0.096581     0.173703    0.0864494    0.0702153    0.0184826   0.00206268    0.0902238     0.059718     0.032087   -0.0214939    0.0129148
    0.106152    0.0705533    0.0323823    0.0597854     0.102134    0.0579013     0.146066    0.0649962    0.0517594    0.0893787    0.0574833    0.0313693     0.104464    0.0708086    0.0895114     0.063458    0.0190207    0.0387796     0.123501    0.0181228    0.0187501   -0.0244371    -0.023337     0.102624      0.14907     0.114999    0.0531817    0.0326593     0.117921     0.043013     0.164683    0.0107319    0.0120842    0.0611636    0.0109679    0.0985661     0.047342   -0.0806168    0.0492929    0.0379503   -0.0307378     0.116531    0.0671706     0.141089     0.144843     0.132443     0.144967      0.10078
  0.00878958    0.0311106      0.12618     0.118304     0.125794    0.0490929     0.044771    0.0237606    0.0825174    0.0128891    0.0107589    0.0206879    0.0421413    0.0151764    0.0456182    0.0821634    0.0812801   0.00561033 -0.000412586     0.102664     0.104164     0.117493    0.0533619   0.00254689    0.0311875     0.105504     0.084267    0.0606051    0.0381121    0.0560971    0.0153043     0.108615     0.134313    0.0388844    -0.013753    0.0196271    0.0199563    0.0937821    0.0897455     0.109181   -0.0120551    0.0485192   -0.0126311    0.0815067     0.147719     0.125642   0.00763615    0.0146653
   0.0821238    0.0719119    0.0225341    0.0111338    0.0334025   -0.0309254    0.0904352     0.103176    0.0533763    0.0428403     0.118275    0.0571597     0.136379    0.0887453    0.0355034    0.0404698    0.0374189    0.0664122     0.027244     0.117233    0.0985593    0.0978938    0.0461906    0.0465066     0.063675     0.111513     0.110757     0.100604   0.00586122    0.0773679     0.066526    0.0259368     0.126388   -0.0036233   -0.0195151    0.0547014     0.104147    0.0978838    0.0991431    0.0448482    0.0261292    0.0702941    0.0528087    0.0254907    0.0877316    0.0355442    0.0765122    0.0747337
   0.0165792    0.0866671    0.0202123  0.000593149     0.100606   -0.0338841     0.121709    0.0918038     0.115815    0.0232614    0.0619852     0.015887     0.129575    0.0596056    0.0659975    0.0828457    0.0725258    0.0797787     0.110963     0.034678    0.0712933     0.051947    0.0167782    0.0346202    0.0825184    0.0793208    0.0588707    0.0743109    0.0164714    0.0497281     0.115764    0.0860545     0.120594    0.0301108    0.0941251    0.0172057    0.0954667    0.0713675    0.0638189    0.0975462    0.0940664    0.0781122    0.0209656    0.0478165    0.0885167    0.0874552     0.103525    0.0925852
   0.0894477    0.0291674   0.00271084    0.0717157    0.0295747    0.0625506    0.0515852   0.00613357  -0.00239674    0.0229745    0.0437483    0.0437491    0.0783438   0.00300278   -0.0025234     0.121679    0.0835371    0.0752078      0.10567    0.0723783   -0.0221525    0.0802033   0.00366894   0.00325793    0.0267224    0.0947472    0.0107978     0.134835    0.0120262    0.0353984    0.0774783     0.111707   -0.0142713    0.0569058    0.0602384     0.035492     0.119632     0.137798    0.0821016    0.0756457    0.0281008     0.061095     0.106756   -0.0284217    0.0170884    0.0124863    0.0926348     0.150989
   0.0220294    0.0539668     0.155013    0.0780643    0.0873669     0.126449    0.0392038    0.0558608     0.108775    0.0394496     0.025036     0.116482   -0.0370015    0.0160986     0.112842     0.122928  -0.00603139    0.0494875    0.0703356   -0.0128723     0.041394    0.0238981    0.0666565    0.0192145   -0.0101114   -0.0387441    0.0978406    0.0475859    0.0206716    0.0821358    0.0139924    0.0276314    0.0431742    0.0469357    0.0964174     0.130683    0.0602635    0.0788029    0.0542552    0.0984251    0.0166084     0.118489    0.0687084    0.0617493    0.0839279     0.103815     0.103817     0.103008
   0.0169569    0.0918155     0.172401     0.109614     0.134781    0.0726648    0.0691293     0.115324     0.096563    0.0303578    0.0565194     0.057595   0.00849407    0.0722986    0.0377257     0.109066     0.112482    0.0214966    0.0401153    0.0012011      0.11049    0.0867086    0.0679443  -0.00810302   -0.0260403     0.103187     0.147358    0.0515715    0.0416744   0.00938588    0.0599778     0.018059    0.0849393     0.103084    0.0233525    0.0169668   0.00624058    0.0941008     0.125969     0.108325    0.0915352    0.0127053    0.0473936     0.059766    0.0737138     0.033677    0.0234391    0.0763585
  -0.0195723    0.0529359     0.158953     0.144258    0.0565946    0.0666032    0.0255112     0.119084    0.0604203    0.0522025    0.0480406      0.12394    -0.030439    0.0988394    0.0411293     0.022671    0.0830553     0.107055  0.000679083   -0.0161286     0.104067      0.06996    0.0641728    0.0642632    0.0463102    0.0431566     0.101912    0.0216528     0.101393     0.101483    0.0919906    0.0130513  -0.00430512    0.0369971     0.111246    0.0687915    0.0122659    0.0826774     0.121413    0.0698515    0.0403269    0.0598085   0.00929406     0.145685     0.094279     0.132185    0.0482166    -0.033391
    0.169578     0.060179    0.0880583    0.0955809    0.0278551     0.160723    0.0656928    0.0168655     0.103382    0.0395818    0.0373368    0.0317881    0.0586609      0.10392    0.0345633    0.0277002    0.0911513    0.0707202    0.0949073    0.0901872    0.0283973    0.0731507    0.0337861    0.0114793     0.120441      0.04821     0.105568    0.0200332   0.00849739     0.106955     0.110101    0.0287974    0.0122599    0.0143014     0.087521    0.0766593    0.0697712     0.126006     0.056029    0.0489221    0.0141075    0.0790165     0.080076     0.147781    0.0191709    0.0303618    0.0910024    0.0738445
   0.0270019    0.0378316    0.0563292     0.133867     0.109614     0.025625    0.0806246    0.0758394    0.0658342      0.10934    0.0379258    0.0816242    0.0139492    0.0612863     0.109912     0.105999    0.0773209    0.0717348    0.0264359    0.0772654    0.0348243    0.0682355    0.0323323   0.00895777    0.0748721    0.0300281   0.00415144    0.0752439  0.000815386    0.0607169    0.0389183    0.0853302     0.128301    0.0961426    0.0117817    0.0202966    0.0178228    0.0999209     0.126171       0.1058    0.0432397    0.0418161   -0.0126993    0.0894631     0.201157    0.0996794    0.0711957    0.0892272
   0.0995389    0.0707274    0.0290809    0.0419046    0.0690845    0.0331953    0.0845705    0.0732546    0.0623545    0.0610166    0.0792805    0.0155715     0.147043    0.0776914    0.0402618    0.0759153     0.037011     0.044923     0.175252    0.0899084     0.117225   -0.0178138     0.117271     0.113031     0.143541    0.0541723    0.0710597     0.085145    0.0939807    0.0840399     0.164644   -0.0183608    0.0107487   -0.0070483    0.0325432    0.0386073    0.0960582    0.0611205    0.0194633    0.0137701    0.0243162    0.0384629     0.132816    0.0818009   -0.0076813    0.0104127    0.0534087    0.0940191
  -0.0364048      0.02924     0.145042     0.123283    0.0907285    0.0482565    0.0154605  -0.00373566    0.0400836    0.0923445    0.0305612     0.125949     0.026025    0.0224559    0.0970295    0.0190775    0.0161144    0.0863752  -0.00786873     0.136018    0.0840672    0.0928532    0.0942448    0.0684422     0.079424    0.0527715     0.035607     0.126331     0.105637    0.0496686    0.0230701    0.0543377    0.0117072     0.117106    0.0171941    0.0222905    0.0677934     0.135861  -0.00385927    0.0504803     0.127729    0.0358539    0.0863324    0.0540441     0.078739    0.0678621     0.086962    0.0596187
   0.0351599     0.059955     0.107962    0.0881749     0.123004   -0.0038783    0.0630493    0.0480263    0.0991941     0.108257    0.0685519    0.0400524    0.0935642   -0.0031291     0.101514       0.1071    0.0920825    0.0304035    0.0300517    0.0257833    0.0671797     0.100063   -0.0267523    0.0573946    0.0882186     0.114312 -8.30267e-05     0.107721    0.0252526    0.0236859    0.0513063    0.0135004    0.0787485    0.0958495    0.0221966     0.101855    0.0137336   -0.0238646     0.116242     0.124507    0.0774725    0.0989054   -0.0281775     0.105633     0.139221    0.0705453     0.134613    0.0142872
   -0.147908     -0.10312    -0.140772    -0.112958    -0.160598    -0.114004     -0.12908    -0.161241    -0.116062     -0.14175    -0.145032    -0.145878    -0.145073   -0.0969897   -0.0831546   -0.0832525   -0.0916558    -0.097881    -0.118676    -0.137076    -0.114862     -0.12921     -0.16874   -0.0808751   -0.0836502    -0.112038    -0.114383    -0.155205    -0.181571   -0.0751346    -0.129393    -0.111564    -0.164319    -0.165263   -0.0998406     -0.12947   -0.0691548   -0.0900756    -0.116043    -0.120847    -0.100338    -0.112571
   -0.104706    -0.170419   -0.0334528   -0.0815244    -0.109568    -0.189289   -0.0849538    -0.254232    -0.192206   -0.0586122    -0.136101    0.0786459    -0.141568   -0.0629338    -0.191893   -0.0596031    -0.131277   -0.0324414    -0.241061   -0.0294193   -0.0279999   -0.0857942    -0.131913   -0.0822854      -0.0067   -0.0511758    -0.105399    -0.267114   -0.0589314    -0.129426 -0.000127289    -0.061366   -0.0913293    -0.261847   -0.0397242   -0.0265905  0.000105369    -0.176004   -0.0680161    -0.179349    -0.151189   -0.0791467
  -0.0530343    -0.199051    -0.163919     -0.16201    -0.225568    -0.198578   -0.0372193    -0.138633   -0.0802963    -0.129426    -0.116949   -0.0493515    -0.102616    0.0326656   -0.0688278    -0.118355     -0.11495    -0.168707   -0.0153224   -0.0544688   -0.0662521   -0.0390402   -0.0742428   -0.0830552    -0.176385   -0.0741045   -0.0606957    -0.133586   -0.0588351    -0.256235    -0.112609   -0.0674528   -0.0775334   -0.0249431    -0.137663   -0.0618179    -0.104511      -0.1444    -0.120801    -0.211953    -0.099469    -0.124541
  -0.0348421    -0.103261    -0.120255    -0.171712   -0.0901821    -0.124815    -0.117777    -0.154834   -0.0987003    -0.165948    -0.141271   -0.0543977    -0.137684   -0.0591566    -0.117961    -0.104264    -0.113108    -0.133826   -0.0766804   -0.0545994    -0.114447    -0.160008   -0.0750966   -0.0913923    -0.154587    -0.120509    -0.167835    -0.078858   -0.0518051    -0.187629    -0.108152    -0.116433    -0.163661     -0.13211   -0.0345263   -0.0838287   -0.0655332   -0.0642394    -0.117144    -0.103956    -0.169815    -0.127634
  -0.0688902    -0.110393    -0.114564    -0.138956   -0.0501726   -0.0420126   -0.0411093    -0.125831   -0.0840187   -0.0849265   -0.0503791    -0.138811    -0.108689 -0.000655202   -0.0422508    -0.187024   -0.0416271    -0.160149   -0.0750146    -0.131259   -0.0962042    -0.185382  -0.00741574    -0.176312    -0.112886    -0.144885    -0.132869      -0.1497    -0.140707   -0.0753024    -0.115922    -0.163732   -0.0943092    -0.155345    -0.156494     -0.18208    -0.161337    -0.179698   -0.0837151    -0.168376   -0.0734379    -0.059618
   -0.120477    -0.103207     -0.13657   -0.0942325    -0.108817     -0.13731    -0.121189     -0.10398    -0.159481   -0.0976412    -0.118394    -0.166882    -0.104944    -0.126829   -0.0728932     -0.11921     -0.12963      -0.1331    -0.170531    -0.104555    -0.106927   -0.0714181   -0.0934549    -0.177425   -0.0908172    -0.119901   -0.0646769    -0.105064    -0.148329   -0.0990625    -0.134367    -0.152706    -0.144612    -0.109092   -0.0883155    -0.110518     -0.13852   -0.0826788     -0.17422    -0.118157   -0.0930456    -0.101428
  -0.0892984    -0.120776    -0.121224   -0.0936049    -0.125825    -0.103919   -0.0768055   -0.0951113    -0.162548    -0.100268    -0.125344    -0.172136    -0.149448    -0.193546    -0.101212    -0.142288    -0.129849    -0.100447    -0.202187    -0.140047    -0.137201    -0.131735   -0.0935142    -0.134054   -0.0445864      -0.1213   -0.0793398    -0.136475    -0.148711   -0.0348259   -0.0880054    -0.111628    -0.108968    -0.134972   -0.0976972    -0.147761   -0.0447183   -0.0513309    -0.157097   -0.0720214    -0.124655   -0.0616125
  -0.0284643    -0.199723   -0.0696378   -0.0458225    -0.126773    -0.182235    -0.126995     -0.19707   -0.0584221    -0.220381    -0.204502    -0.118175    -0.181555   0.00666028   -0.0985109    -0.120507   -0.0916331    -0.076231   -0.0720899   -0.0101427    0.0268931   -0.0307405   -0.0435053    -0.107223    -0.133739    -0.125018   -0.0550998    -0.101528   -0.0995576    -0.197217    -0.043404    -0.175004    -0.204846   -0.0945885   -0.0722833   -0.0200177   -0.0437568   -0.0134552    -0.147004    -0.194965    -0.133564    -0.173592
   -0.137292    -0.111947    -0.108625   -0.0818949    -0.163945    -0.148403   -0.0812186    -0.135419    -0.101076   -0.0747598    -0.158804   -0.0628973   -0.0891759    -0.113881   -0.0767031   -0.0718833    -0.148712     -0.12673    -0.115402       -0.102   -0.0960439    -0.125659   -0.0864198    -0.155461    -0.206036    -0.131328    -0.172991    -0.154848    -0.138376    -0.196043    -0.108621   -0.0870669   -0.0755461   -0.0861433    -0.166283   -0.0629267   -0.0474734    -0.152197    -0.124629    -0.160952   -0.0669975   -0.0611705
   -0.161118     -0.12396   -0.0625673   -0.0608621    -0.174615    -0.129647    -0.120008    -0.046446     -0.14881    -0.193728    -0.181232    -0.115335    -0.144551    -0.146279   -0.0759653   -0.0797334     -0.14796     -0.11486    -0.160193   0.00570997   -0.0683042    -0.139814    -0.152951   -0.0924881   -0.0849237   -0.0857598    -0.135308    -0.164352    -0.106777    -0.113087   -0.0972599   -0.0852872    -0.111927    -0.146964     -0.11317    -0.144172   -0.0290542    -0.165664   -0.0978319   -0.0825171   -0.0730217   -0.0813752
   -0.101396    -0.117563    -0.146442    -0.160634   -0.0944921    -0.112275   -0.0463117    -0.108983   -0.0709349    -0.124713    -0.113154    -0.121432    -0.077677   -0.0881411   -0.0841182    -0.151701    -0.100488    -0.165163    -0.133029     -0.14519    -0.090147    -0.140765    -0.140263    -0.162693   -0.0667649   -0.0679092    -0.172538    -0.152734    -0.164987    -0.108969    -0.138013    -0.153398   -0.0833271   -0.0665639   -0.0456664    -0.151916    -0.165213    -0.112356    -0.102087    -0.102809    -0.145646    -0.116031
    -0.09727   -0.0773276    -0.131394     -0.14215    -0.111344    -0.124133    -0.172198    -0.106876    -0.137875    -0.141897    -0.170459    -0.139506    -0.140575    -0.139635    -0.157788    -0.132927    -0.122607    -0.100975    -0.119281    -0.137564    -0.112823   -0.0830913    -0.172165    -0.154291   -0.0778562    -0.104789    -0.146116    -0.139853    -0.158207    -0.154419    -0.132494   -0.0791466   -0.0828481    -0.114868   -0.0880667   -0.0879411   -0.0684283    -0.101531    -0.123599   -0.0868105    -0.118798   -0.0873813
   -0.193902     -0.12459    -0.128813   -0.0659455   -0.0951052    -0.095626    -0.123409    -0.157303    -0.182938   -0.0917043    -0.101109    -0.121586   -0.0396091    -0.199683    -0.108049   -0.0545734    -0.099738   -0.0697072    -0.142917   -0.0731152    -0.167904   -0.0678082   -0.0888681     -0.12628   -0.0883294    -0.155376   -0.0544869   -0.0231638    -0.173058   -0.0431945   -0.0643184     -0.13246    -0.049279    -0.124368    -0.162061    -0.154954    -0.131837    -0.133544   -0.0547916    -0.111921    -0.153878   -0.0821366
   -0.181741    -0.052757   -0.0835287    -0.124525    -0.129411    -0.106847    -0.141083    -0.106906    -0.126508    -0.135604    -0.152543   -0.0825415     -0.15094    -0.124266    -0.108056   -0.0947126    -0.104972    -0.141966     -0.16042   -0.0726937    -0.160964     -0.10138   -0.0975188     -0.15862   -0.0969937    -0.130134    -0.120709   -0.0525258     -0.17191   -0.0948871    -0.126546    -0.145903    -0.128561    -0.130754   -0.0728097    -0.160336    -0.125919   -0.0873417    -0.127892   -0.0678198    -0.105083   -0.0959374
   -0.137327    -0.111761    -0.148859   -0.0796585   -0.0930724    -0.139081    -0.100296    -0.103954    -0.142911    -0.110678   -0.0981657    -0.099273   -0.0754222    -0.112682    -0.186171   -0.0896321    -0.150225    -0.107534    -0.124415    -0.121223    -0.121446    -0.116887    -0.158337    -0.139593    -0.109397    -0.157117    -0.076503      -0.1431   -0.0936361    -0.111009    -0.130082    -0.178588    -0.151229    -0.169737   -0.0851489   -0.0886854    -0.176657    -0.129504   -0.0835718    -0.097033    -0.090359    -0.100928
   -0.117326    -0.141176    -0.150112   -0.0574234    -0.100158    -0.119995   -0.0969488   -0.0651092   -0.0681765   -0.0947177    -0.100174    -0.180847   -0.0631506    -0.128803    -0.127529   -0.0955792    -0.155381    -0.155804    -0.141846   -0.0831775   -0.0648902   -0.0788211   -0.0885274    -0.124011    -0.193046    -0.126138    -0.118785   -0.0417806    -0.127836    -0.126268    -0.058372    -0.114189    -0.157473   -0.0633574    -0.161328    -0.135962    -0.152952   -0.0779077    -0.154982    -0.015157    -0.117302    -0.175756
   -0.142126    -0.131503    -0.179327    -0.133363    -0.131526    -0.174042    -0.106625   -0.0604026    -0.150075   -0.0662869    -0.151625    -0.117126    -0.137909    -0.187477    -0.122662    -0.106833    -0.104648    -0.132051    -0.100827   -0.0722938    -0.107092    -0.139624    -0.149572    -0.155889    -0.110475    -0.123812   -0.0837102   -0.0853851   -0.0813575    -0.112636   -0.0636746   -0.0701859    -0.131418    -0.142941    -0.068837   -0.0806606    -0.108068     -0.12356    -0.146313    -0.142423   -0.0737326    -0.115999
   -0.113525   -0.0903086   -0.0950806    -0.125837    -0.131064    -0.137742    -0.174075   -0.0217117   -0.0478821   -0.0681839    -0.134685    -0.168466   -0.0567405    -0.122016   -0.0546277    -0.101419    -0.134815   -0.0812777   -0.0866874    -0.157143     -0.12398    -0.190496    -0.153871   -0.0941111    -0.129574   -0.0574745    -0.197939    -0.119358     -0.10283    -0.110249    -0.154437   -0.0580967    -0.158013   -0.0664119   -0.0654346    -0.183353    -0.106765   -0.0610204    -0.164385    -0.077841   -0.0861811    -0.172143
  -0.0581815    -0.139726   -0.0538057    -0.109905    -0.161172    -0.185343   -0.0444442   -0.0989853   -0.0799511     -0.20854    -0.117944    -0.101481   -0.0857596    -0.119072    -0.115053    -0.139531   -0.0454069   -0.0324554    -0.121847   -0.0691341    -0.191568    -0.102722    0.0417502    -0.105288   -0.0753133    -0.152527    -0.169667   -0.0610713    -0.229012    -0.144034   -0.0449456     -0.18721    -0.166729   -0.0487408   -0.0223224    -0.052902    -0.103295    -0.216737   -0.0191362    -0.240359   -0.0684966    0.0222929
   0.0110161   -0.0668767    -0.198732   -0.0942897   -0.0520563     -0.14407   -0.0210314    -0.161677   -0.0995704    -0.224966    -0.149113    -0.136548    -0.114369    0.0152424     -0.18222    -0.182466   -0.0460543    -0.120207   -0.0660852    -0.125338   -0.0324511   -0.0529736    -0.115718   -0.0398509    -0.112973    -0.141913   -0.0247132    -0.175592   -0.0929681    -0.198646     -0.11852    -0.207228    -0.160931    -0.101166   -0.0309066    -0.111215    -0.014347    -0.142879   -0.0656536    -0.186447  -0.00480697     -0.16804
  -0.0797246   -0.0571168   -0.0779779    -0.121846    -0.108474    -0.145803    -0.139771    -0.123563    -0.115757   -0.0758884    -0.100425    -0.111611    -0.103025    -0.180431    -0.152778    -0.178837    -0.164099    -0.147255   -0.0332852    -0.201678   -0.0724367    -0.155673    -0.157539   -0.0988857   -0.0587751    -0.126228   -0.0711405   -0.0459811   -0.0600912     -0.05999    -0.179141    -0.101868   -0.0969483   -0.0314596   -0.0532317    -0.108996    -0.147526   -0.0986102    -0.141068   -0.0314602    -0.150371    -0.171306
   -0.177667    -0.122662   -0.0977068    -0.135926   -0.0652941   -0.0786649    -0.122186    -0.160444    -0.208983    0.0302541   -0.0958397   -0.0643983    -0.103491    -0.217016     -0.19594   -0.0206292   -0.0713403    -0.161754   -0.0298168    -0.225593     -0.14064      -0.1588   -0.0248698   -0.0284949    0.0214108      -0.1167   -0.0598695   -0.0619323    -0.166478    0.0107156    -0.163912   -0.0990074   -0.0657793  -0.00460503    -0.147064    -0.177175    -0.200446   -0.0726548    -0.137779   -0.0250577    -0.178102    -0.121271
  -0.0502611    -0.152233    -0.137999    -0.163197   -0.0426541    -0.110396   -0.0443543    -0.136316   -0.0353561    -0.137601    -0.132426    -0.095365    -0.108257    -0.158497    -0.100454    -0.131962   -0.0724635   -0.0965183   -0.0863528    -0.139968    -0.101359    -0.115804   -0.0744343    -0.154301    -0.152323    -0.201446   -0.0879585    -0.124387    -0.120741    -0.113859    -0.192738   -0.0936335   -0.0922045   -0.0648507    -0.162387    -0.119078   -0.0999267    -0.141283    -0.169576    -0.018578    -0.145922    -0.111769
  -0.0402173    -0.153593    -0.196039    -0.120152   -0.0811775   -0.0447124   -0.0509982   -0.0796507    -0.105464   -0.0668358   -0.0849142    -0.138419   -0.0721174    -0.159982     -0.15304    -0.164243    -0.149499     -0.12273   -0.0716913    -0.151327    -0.106468   -0.0573353    -0.146132    -0.118238    -0.132104    -0.141917   -0.0940065   -0.0782669   -0.0726115    -0.117508    -0.154021   -0.0725696   -0.0676908    -0.132638    -0.175002    -0.128878    -0.123963   -0.0911305    -0.191809   -0.0216682    -0.150607    -0.168153
    -0.21024   -0.0355105   -0.0825029   -0.0895271    -0.103197   -0.0852961    -0.156112   -0.0767336    -0.194116   -0.0810655    -0.155541   -0.0992706     -0.13509    -0.152039    -0.132831   -0.0893322   -0.0964981   -0.0996372    -0.167792   -0.0655521    -0.187372    -0.132094     -0.17644    -0.152528   -0.0524977   -0.0700905     -0.11244   -0.0764473    -0.164085    -0.126796    -0.150489   -0.0878661    -0.099401   -0.0893071    -0.131091    -0.171358   -0.0556045    -0.153751   -0.0939219   -0.0761198   -0.0752187   -0.0737855
  -0.0944843    -0.127547    -0.134736   -0.0591895   -0.0481084   -0.0972231    -0.139755    -0.152762    -0.139005    -0.145532    -0.154941    -0.165432    -0.133844    -0.151644   -0.0999198   -0.0381313    -0.153731     -0.10829   -0.0309862    -0.120726    -0.185637   -0.0693633    -0.079808    -0.146589   -0.0886723    -0.174405    -0.156949    -0.102803   -0.0955549   -0.0405679    -0.154965    -0.105978    -0.122525   -0.0773353    -0.162904   -0.0596068    -0.110169    -0.115881    -0.188105   -0.0308293    -0.050547    -0.166301
   -0.113018    -0.117739    -0.049051    -0.127119    -0.168269   -0.0995949    -0.110482    -0.166645    -0.179341    -0.137419    -0.143544    -0.113738   -0.0952855   -0.0908014    -0.122682   -0.0953394    -0.160337     -0.16527    -0.080591    -0.103447   -0.0770281   -0.0810228     -0.13171    -0.120074    -0.107072    -0.115697    -0.141412    -0.074578    -0.131171    -0.112365    -0.121429    -0.117351   -0.0764468    -0.121292    -0.157093   -0.0882217    -0.103825    -0.132072    -0.125586   -0.0898232    -0.117963    -0.148101
   -0.145923   -0.0941213   -0.0854985   -0.0959047     -0.10401     -0.06679   -0.0648241    -0.138823   -0.0853505    -0.109034    -0.131527    -0.158693    -0.164375     -0.13191    -0.148847   -0.0764211    -0.165055    -0.164978   -0.0545783   -0.0815223    -0.159522    -0.113398    -0.145147    -0.140432   -0.0984637    -0.129121    -0.121002    -0.104284    -0.150909   -0.0610233    -0.143212   -0.0787221    -0.106275    -0.138942    -0.122438    -0.120342    -0.107962    -0.175313    -0.157979    -0.132967   -0.0743683    -0.126488
   -0.196249    -0.108966    -0.104376   -0.0645404    -0.192158    -0.127024    -0.142205   -0.0952346    -0.160256    -0.149728    -0.149863    -0.154094   -0.0564654    -0.092396    -0.082393   -0.0483754    -0.132161   -0.0472218    -0.150178    -0.114173   -0.0931056   -0.0532127    -0.159336    -0.173403   -0.0863183   -0.0802596   -0.0671331   -0.0785638    -0.153375    -0.148836     -0.06806   -0.0527177    -0.145122     -0.16387    -0.122016    -0.143748     -0.12428    -0.101761     -0.10238    -0.151199   -0.0663122    -0.130429
    -0.22829   -0.0428706    -0.100731   -0.0754611   -0.0885395   -0.0972662    -0.177327   -0.0686677    -0.119969   -0.0455719    -0.129799   -0.0769426    -0.111105    -0.135895    -0.116239   -0.0867465    -0.129015    -0.119965    -0.193062    -0.136036    -0.131901    -0.219492    -0.155645   -0.0662935   -0.0931578   -0.0549541    -0.187522   -0.0766757    -0.143438   -0.0319471    -0.132848   -0.0787034   -0.0814762   -0.0608157   -0.0692835    -0.214067   -0.0856375    -0.091122   -0.0787908    -0.139347    -0.118259    -0.074157
   -0.159044   -0.0542663    -0.150566   -0.0852759    -0.133159    -0.161246    -0.136778    -0.137175     -0.12494   -0.0374759    -0.184162   -0.0874644    -0.107612     -0.11138    -0.118627    -0.126336   -0.0679541   -0.0999625   -0.0746357     -0.14327    -0.161131    -0.173637    -0.102256    -0.109984   -0.0385307    -0.107758    -0.161347    -0.145735    -0.142291   -0.0363797     -0.12121   -0.0756277     -0.12204   -0.0510662    -0.105438    -0.191813    -0.102741   -0.0549293   -0.0808467    -0.145198    -0.133283    -0.099546
  -0.0684082    -0.217972    -0.144611    -0.140076    -0.101657   -0.0755721    -0.178978    -0.053981     -0.10166    -0.155446   -0.0878124   -0.0871629    -0.215084  -0.00417021   -0.0902045    -0.102186    -0.173735   -0.0426637    -0.010959    -0.123595   -0.0898718    -0.139596    0.0125257    -0.168767   -0.0269935   -0.0693206   -0.0513945    -0.199378   -0.0195989    -0.169745   -0.0604238   -0.0791645   -0.0844387   -0.0262109    -0.233171    -0.149242     -0.20575    -0.151185   -0.0546456    -0.155482    -0.105595   -0.0768141
  -0.0746171     -0.15389   -0.0897378    -0.155111   -0.0790758    -0.150844    -0.116625    -0.168084    -0.128972   -0.0763268    -0.141613   -0.0555432   -0.0889355    -0.114354    -0.137563    -0.147804    -0.173431    -0.195546   -0.0635841   -0.0972829   -0.0582114   -0.0663717   -0.0774479    -0.107819   -0.0694479   -0.0843508   -0.0447109    -0.147424    -0.125942    -0.136378    -0.112577   -0.0975299    -0.121618    -0.149582    -0.146397    -0.113665   -0.0795957    -0.102388    -0.153747   -0.0832726    -0.197933    -0.122789
   0.0595847    -0.146075    0.0568248      -0.1926  -0.00582082  -0.00746585  -0.00730467   -0.0748036   -0.0264562   -0.0351428    -0.099417   -0.0517504      -0.1262    0.0148631   -0.0666645    -0.128653     -0.09419    -0.121553    0.0356962    -0.178144   -0.0215775     -0.14866  -0.00660446    -0.199353    -0.191031    -0.128854    -0.194161    -0.267568    -0.199784    -0.279266     -0.13164   -0.0510191    -0.112237    -0.024075    -0.153253     -0.10731    -0.221088    -0.151354    -0.132262   -0.0933439   -0.0209108    -0.198311
  -0.0784358    -0.126443   -0.0822755    -0.200492   -0.0121763   -0.0944488    -0.225029   -0.0904817    -0.100093    -0.194821    -0.129037   -0.0734606    -0.145433    0.0130263   -0.0534548   -0.0772425    -0.132529    -0.105485   -0.0621808   -0.0892516    -0.171399   -0.0967156   -0.0453957    -0.141751   -0.0456514   -0.0906895   -0.0631793    -0.180564   -0.0275277   -0.0873674   -0.0418122    0.0021108    -0.118457    -0.109211    -0.224421    -0.112397    -0.202685     -0.15604   -0.0898797    -0.168498    -0.203118   -0.0375292
  -0.0854496    -0.132909    -0.164998    -0.130089    -0.177973    -0.154495   -0.0656801    -0.127998   -0.0904432    -0.122072    -0.137519    -0.135453    -0.128283   -0.0924586    -0.126135    -0.158492    -0.164126   -0.0893424   -0.0681595    -0.115721   -0.0506913    -0.106822   -0.0384852   -0.0781605   -0.0534423    -0.123479   -0.0987911   -0.0700265   -0.0786099    -0.138763   -0.0624687     -0.16549    -0.180935   -0.0607319    -0.105545    -0.110357    -0.150435    -0.124846    -0.095991    -0.171414     -0.12767    -0.138756
