no weights
   0.0897068    0.0150473    0.0801836    0.0523604     0.125339    0.0610061    0.0204027    0.0938877    0.0258625    0.0828289     0.046866     0.035796    0.0258087    0.0550799    0.0679351    0.0391083    0.0623244    0.0767579   0.00197582    0.0621304    0.0212825    0.0581871     0.099447   -0.0162784    0.0306296    0.0828193    0.0823627     0.105779    0.0709725   0.00631018    0.0715242    0.0908145     0.075018    0.0430685    0.0233414    0.0175961    0.0560322      0.12643    0.0643219    0.0754312    0.0990312   0.00122904    0.0891584  -0.00640735    0.0463512    0.0883238     0.010681    0.0435885
   0.0405299    0.0880183    0.0686819    0.0497758     0.118971    0.0810296    0.0819134     0.089369    0.0407906    0.0507202    0.0765815    0.0713675     0.062594   0.00844023     0.023674    0.0660003    0.0157369     0.109351    0.0897178    0.0935864    0.0602125    0.0315574     0.115442    0.0793568    0.0369702    0.0842227    0.0403211    0.0873944    0.0209504     0.116996    0.0990989    0.0123055    0.0335577    0.0233647    0.0383872    0.0631234    0.0578225     0.059255    0.0559328    0.0897649    0.0948357     0.098963    0.0549093    0.0685488    0.0848105     0.103668     0.122333    0.0846903
   0.0714966    0.0473682    0.0822825    0.0611957    0.0917839    0.0225473    0.0295101    0.0881667    0.0394173     0.102551    0.0587155    0.0378504     0.106243    0.0651223     0.109889    0.0949525   0.00908253     0.113832    0.0492062     0.111034    0.0206103    0.0255009    0.0320576    0.0776241    0.0530446    0.0958534      0.11515    0.0542093  -0.00770363     0.066157    0.0708974    0.0542618    0.0722876     0.127395    0.0110967   0.00629395    0.0382166     0.114073    0.0592186    0.0645706     0.103413    0.0860213     0.045788     0.111082    0.0548903    0.0617683    0.0307568      0.07402
   0.0803119    0.0595916     0.131163    0.0637952     0.126138    0.0778635    0.0553367     0.072488    0.0664319    0.0120302    0.0472364     0.124184    0.0351993   0.00912386     0.027484     0.087246    0.0558553    0.0900865    0.0653441    0.0785034    0.0991535    0.0545992    0.0388237    0.0812123    0.0535015    0.0261815    0.0676136    0.0987334    0.0610459   0.00992216    0.0401461     0.032194    0.0191984     0.054026    0.0149023    0.0629359    0.0753092    0.0572907    0.0225432    0.0773389    0.0670652    0.0855943    0.0693026     0.115002    0.0459288      0.10962     0.106519    0.0495414
    0.116061    0.0573376    0.0457779    0.0442732     0.131097    0.0527931      0.05792    0.0719686     0.078262     0.100531    0.0574207   0.00909398    0.0827455    0.0714426    0.0895171    0.0633435    0.0804282    0.0179366    0.0968662     0.113011    0.0370264  -0.00379362    0.0738103    0.0387103    0.0661703    0.0837611    0.0381046     0.100435    0.0760628    0.0683967      0.09984    0.0207878     0.115955    0.0289669    0.0793897    0.0471917   0.00649735     0.104178    0.0324643    0.0328165    0.0447198    0.0175424    0.0838801    0.0353709    0.0568522    0.0737495    0.0675758     0.106019
   0.0840614    0.0954092    0.0550896    0.0708958     0.122267    0.0340982    0.0608886    0.0125504    0.0920319    0.0485738    0.0876088    0.0758432     0.136614     0.008024    0.0992085    0.0122535    0.0954314     0.074547    0.0274154     0.111634    0.0169273    0.0191595    0.0764627    0.0714875    0.0581191    0.0727326    0.0584876     0.106194    0.0229593    0.0141393     0.126273    0.0192239     0.113206    0.0687493    0.0936859    0.0957291    0.0549198    0.0572802     0.101053    0.0180369     0.094562    0.0847962     0.110933    0.0292692    0.0557472    0.0469537     0.123765     0.032482
   0.0260006    0.0961653     0.126798     0.053133    0.0460256    0.0455884    0.0418111    0.0471881    0.0854111    0.0781422    0.0504128    0.0193134    0.0504342    0.0101558     0.074271    0.0160101    0.0346001    0.0142166    0.0783646    0.0435463     0.104049    0.0414571    0.0716895    0.0839081    0.0121092    0.0464185     0.120301    0.0700021     0.102874    0.0409839    0.0216827    0.0935033    0.0557208     0.123692     0.118787    0.0455855    0.0674429    0.0868493    0.0200212    0.0587081     0.143669    0.0524101    0.0982517    0.0170283    0.0638529    0.0863078     0.107074    0.0661493
   0.0714642     0.100866    0.0330702    0.0758974     0.100201    0.0708867    0.0924503     0.076299    0.0303511    0.0180495    0.0749554    0.0358757     0.129197    0.0974464   0.00481128    0.0650389    0.0739511    0.0904032    0.0413277     0.098338    0.0510088      0.13628     0.118243    0.0910508    0.0349416    0.0379789    0.0327987    0.0696046    0.0729629    0.0867366    0.0597438    0.0478154     0.068912    0.0932051    0.0678134     0.052656    0.0603033    0.0270987    0.0821583    0.0990909    0.0209771     0.120344    0.0666078    0.0168451     0.105313    0.0717003    0.0497078     0.076433
   0.0777832    0.0204452    0.0669999     0.100927     0.103073     0.109164    0.0982785    0.0884918    0.0244449    0.0957925    0.0490964    0.0249292     0.035387    0.0588142    0.0618661    0.0466208     0.122327    0.0410103    0.0109035    0.0850828    0.0837152    0.0930056     0.102746    0.0498881    0.0395078    0.0873859    0.0589209     0.118013    0.0581039     0.043304    0.0917098     0.115726      0.11938    0.0584906    0.0412605    0.0901469    0.0917176     0.097752    0.0316466     0.049662     0.126437    0.0822211    0.0512101    0.0613391    0.0322128    0.0199747    0.0310594    0.0809253
   0.0331972    0.0797043    0.0789589    0.0383338    0.0152546    0.0324204    0.0677321    0.0889501    0.0620947    0.0790545    0.0987768    0.0114757     0.124181    0.0294964    0.0694566    0.0872046    0.0192451     0.021197    0.0930781    0.0980245    0.0303326    0.0234825    0.0815647    0.0614802     0.125459   0.00917999    0.0520254    0.0440106    0.0215318    0.0541594     0.109854    0.0769106     0.122429     0.030985   0.00462971    0.0748995    0.0788056     0.108246    0.0639658   0.00303189    0.0360557     0.084029     0.100078     0.109269    0.0639516    0.0723679     0.113296     0.124258
   0.0378745    0.0737989    0.0436998    0.0968772     0.125608    0.0671015    0.0700469    0.0100749    0.0454917    0.0933175    0.0868892     0.022734    0.0470278    0.0351333     0.101313    0.0816274    0.0933156    0.0693438     0.112447      0.08746    0.0974457     0.100635    0.0927928    0.0270887     0.106485    0.0358929     0.121786    0.0656582    0.0581944    0.0229318     0.128023    0.0714768    0.0818571     0.126635    0.0804393    0.0428738     0.123415    0.0331799     0.118835    0.0774025    0.0771613    0.0528224     0.123041    0.0490307     0.099138     0.114479    0.0429497    0.0744914
   0.0556979    0.0244875    0.0998697    0.0459443    0.0626909    0.0245868    0.0727671    0.0410011    0.0996733    0.0258792    0.0857754     0.030259    0.0373631   0.00718597    0.0739879      0.05437     0.066904    0.0879375    0.0469215    0.0488704    0.0650099    0.0751923    0.0290476    0.0306658    0.0649316    0.0120976     0.123274    0.0378242  -0.00781668     0.101791     0.078901    0.0342155     0.128724     0.103009    0.0543807 -8.28719e-05    0.0220063    0.0887758     0.124685    0.0999693    0.0882352    0.0614389    0.0479707     0.113158    0.0482797     0.130678    0.0375075    0.0262705
   0.0427574     0.100539    0.0651242     0.103011    0.0611979    0.0168782    0.0410219      0.07417    0.0192375    0.0519977     0.043909    0.0644242     0.118329    0.0740764    0.0601855    0.0903271    0.0436321   0.00715403    0.0540047    0.0835681    0.0825917    0.0910084    0.0432165    0.0615878      0.10071    0.0122995    0.0427358    0.0159653    0.0874554    0.0691349    0.0642509    0.0471399     0.115091    0.0648628    0.0692685    0.0772159    0.0988962     0.074481    0.0455466    0.0390509     0.106415    0.0825989    0.0810866    0.0240102      0.12171     0.085661    0.0999312    0.0769915
   0.0190751    0.0408095    0.0869142    0.0616376    0.0316075     0.108417    0.0762057    0.0451954    0.0845306    0.0333799     0.103777    0.0549683    0.0585958   0.00134917    0.0940778    0.0254284     0.150189    0.0241417   -0.0107875      0.12404    0.0236091    0.0879898    0.0357059    0.0871251    0.0634609    0.0759982     0.114419    0.0435159    0.0035471   0.00181068    0.0649053     0.104292     0.080148     0.086919    0.0755465    0.0367286   0.00301488     0.112684    0.0593085     0.097978      0.11208    0.0290922   0.00488649   0.00370119    0.0996094    0.0643373    0.0065179    0.0841482
   0.0995463     0.105651    0.0510145     0.105176    0.0517464     0.042205    0.0746378    0.0723164    0.0177906    0.0760686    0.0587916     0.074106    0.0981468    0.0486511    0.0386703    0.0824319     0.116582    0.0683898    0.0916032    0.0986992    0.0866873     0.104221    0.0510783    0.0990349    0.0133766    0.0308971      0.10213    0.0346441    0.0915091    0.0162681    0.0568277    0.0841477    0.0997227     0.121298    0.0275399     0.120363    0.0364024    0.0763687    0.0582805     0.100463    0.0484302    0.0991187    0.0240876     0.056556     0.087548    0.0118589    0.0799818    0.0351464
    0.104542     0.118803     0.115447     0.106906    0.0294173  -0.00393494      0.10831     0.015936     0.059205    0.0716241    0.0586901     0.097088    0.0526801   0.00725432    0.0249358    0.0474629    0.0108206    0.0646517    0.0999806     0.101618    0.0890568     0.070788    0.0733529    0.0594896    0.0487766    0.0785745    0.0720526    0.0598717    0.0678608    0.0564954     0.102128    0.0261636     0.110752    0.0168778  -0.00281046    0.0430069    0.0316513    0.0806203    0.0980778    0.0528489   0.00578111     0.063464    0.0787793    0.0678529      0.13098    0.0865574    0.0775007    0.0809269
   0.0375765    0.0193794    0.0557475     0.127521    0.0770647    0.0602723    0.0442829    0.0244571    0.0419513      0.12001    0.0828931    0.0994386     0.044514    0.0881779    0.0352597     0.021689    0.0895046    0.0508646     0.107882      0.10209    0.0916337    0.0792349    0.0551712    0.0737054    0.0803819    0.0525025    0.0831425     0.111037    0.0415125    0.0732796    0.0498258    0.0560619    0.0585015    0.0606173    0.0329716    0.0978506    0.0559217    0.0635821     0.079073    0.0783358     0.129074    0.0565847    0.0355893    0.0964657    0.0980997     0.070475     0.102164    0.0973908
   0.0628737    0.0936967    0.0939106    0.0298037     0.121763    0.0878269    0.0937535     0.088492    0.0699691     0.108273    0.0306346    0.0497893     0.120702    0.0494269    0.0281147     0.060859    0.0527381    0.0311589   0.00813946    0.0854777     0.110311     0.068285      0.07664    0.0716738    0.0331548    0.0512926    0.0684128    0.0716292    0.0507032    0.0636072   0.00840792    0.0857678    0.0557812    0.0382456     0.004701    0.0988184   0.00948513    0.0955867    0.0748501    0.0710389    0.0450025    0.0520877    0.0585243    0.0782182     0.144848     0.134305    0.0383296    0.0551772
    0.103764    0.0543358    0.0853156    0.0627579    0.0135254    0.0128216    0.0938615  -0.00723474   -0.0132072    0.0113633     0.118928    0.0624274     0.110865    0.0159466    0.0267317    0.0944117    0.0838811    0.0103088    0.0413899    0.0447279   -0.0137272    0.0499027    0.0493896    0.0451946     0.019757    0.0931087    0.0938959    0.0472764    0.0726574    0.0398413    0.0518725    0.0519909    0.0413226     0.120117    0.0143973    0.0413214    0.0107332     0.072239    0.0496103     0.075744    0.0743336   -0.0124375     0.121865  -0.00440538    0.0835857    0.0354937    0.0526973     0.104201
   0.0405979     0.133879     0.139244    0.0929821    0.0931943     0.031398    0.0432822    0.0534498    0.0802095    0.0602984    0.0421463    0.0341645    0.0446082    0.0550683    0.0678898    0.0831925    0.0513101    0.0983645    0.0412533    0.0456235    0.0801847     0.113039    0.0794678      0.10457     0.068207     0.098496    0.0752543    0.0480102    0.0387152    0.0901445    0.0205454     0.098922    0.0653312    0.0207002    0.0964502     0.012675   0.00890135    0.0347897    0.0862061    0.0917396     0.101975    0.0283678    0.0274293     0.100455     0.117435    0.0296006    0.0403828   0.00305719
    0.104891    0.0874356    0.0923546    0.0654323    0.0499234     0.109808    0.0133868    0.0799108    0.0949394    0.0341811    0.0693116    0.0511373    0.0880945     0.023046    0.0297273    0.0690144     0.106797    0.0894009    0.0537831    0.0348211     0.106195    0.0976718    0.0930524  -0.00572204     0.029875  -0.00166346    0.0712204   0.00652224    0.0102788    0.0117936    0.0357268    0.0645708    0.0429879    0.0359056     0.103384   0.00119166    0.0467751     0.114162    0.0862237   0.00456784     0.112073    0.0434412     0.018076    0.0415878    0.0148102    0.0841928    0.0407837    0.0763686
   0.0732633     0.103946     0.126185    0.0898597     0.145372    0.0182768    0.0507906    0.0433253    0.0306212   0.00773253    0.0711908     0.029252    0.0412414     0.018906    0.0324565    0.0245241    0.0671385    0.0221638    0.0164637    0.0200212    0.0940987     0.109052    0.0651867    0.0246995    0.0638557    0.0347735     0.129035    0.0965974    0.0260907    0.0334173    0.0152112    0.0118505    0.0601704    0.0869051     0.103419    0.0207479     0.120455    0.0927348     0.102169    0.0476995    0.0668053    0.0372896    0.0748118    0.0979157    0.0521237     0.114101    0.0900685    0.0454936
    0.105486    0.0444173    0.0371801    0.0463953    0.0526515    0.0338772    0.0347117    0.0437802   0.00230519     0.104516    0.0799233    0.0739104    0.0408639  -0.00358452     0.032479    0.0606632    0.0590063    0.0444343  -0.00303653    0.0599287   0.00329978    0.0352732    0.0232971   -0.0195242    0.0226118    0.0464674    0.0589416    0.0953735    0.0430519    0.0179031    0.0404892     0.115279    0.0523576     0.116294    0.0101473    0.0218253    0.0266479    0.0295006     0.068223    0.0878754    0.0710678    0.0451212    0.0939129    0.0768376     0.035389     0.100891    0.0739107    0.0161279
   0.0942067    0.0206992    0.0599644     0.125647    0.0966344     0.100045    0.0718594    0.0830007    0.0698769    0.0234968    0.0451929     0.119581    0.0735417     0.102307    0.0950359     0.104333     0.111124    0.0135373      0.10505    0.0350813    0.0348389    0.0695153     0.049697    0.0765032    0.0927729    0.0807664     0.102417     0.040785    0.0246726    0.0744235    0.0422902    0.0903881    0.0703817    0.0507875    0.0501615     0.011724    0.0853689     0.114819     0.108441    0.0603431    0.0836172     0.030949    0.0385932    0.0713189      0.13262     0.110351    0.0897891     0.085775
   0.0803666    0.0153269    0.0342133     0.027548    0.0614596    0.0128949    0.0612107    0.0280169    0.0272757    0.0163377    0.0441158      0.04454    0.0616341    0.0903126    0.0717125    0.0704025     0.062106    0.0121109    0.0647565    0.0185104    0.0156972    0.0634849 -0.000333536    0.0812686     0.012358    0.0998549     0.107972    0.0559621    0.0719836    0.0957489    0.0803639    0.0270497    0.0665889    0.0580382    0.0936607    0.0299218    0.0562877  -0.00611523    0.0734845    0.0636336  -0.00783495    0.0201772    0.0804705    0.0986264     0.145427     0.107867    0.0493068    0.0202001
   0.0392546    0.0575218    0.0749773     0.065355    0.0496084     0.106238    0.0754161    0.0144573    0.0332242   0.00754927    0.0335307    0.0648231    0.0871119    0.0850551    0.0338863    0.0502075    0.0793599    0.0527488    0.0123001    0.0958505    0.0595764    0.0732928     0.051707    0.0585729    0.0875892    0.0911728    0.0973622    0.0248174 -0.000251238    0.0980966    0.0157504    0.0923113     0.129516    0.0398285     0.011784    0.0677045     0.103478    0.0715378     0.140136    0.0710365    0.0844298    0.0604271     0.066593    0.0699262    0.0676049     0.103896    0.0715627     0.043082
   0.0954125    0.0243547    0.0884483     0.112334     0.132639    0.0478225    0.0664936    0.0705288    0.0690491    0.0148396    0.0931368    0.0300632    0.0674562    0.0369943    0.0811464    0.0647204    0.0861136    0.0051678    0.0958529    0.0903606     0.014849    0.0595558    0.0382234  -0.00380444    0.0248147    0.0887053    0.0805795    0.0587487     0.108392    0.0356825    0.0333656     0.105583    0.0551899    0.0225273    0.0371301   0.00184213     0.111394    0.0340726    0.0953633    0.0164133     0.108111    0.0827045    0.0654112     0.121138     0.124203    0.0760164    0.0542447    0.0805567
    0.115954    0.0761856    0.0873523     0.124301    0.0977179    0.0460746    0.0931647    0.0400942     0.014669    0.0408847     0.037772    0.0825551    0.0468979    0.0281344    0.0807313    0.0846184    0.0497453    0.0246053     0.122117    0.0224881    0.0216496      0.11651     0.103065    0.0615202     0.122751    0.0716042    0.0354069    0.0764511    0.0328473    0.0360897      0.10858    0.0414354  0.000281634    0.0506376    0.0415534     0.094277     0.107648    0.0677964    0.0725443    0.0997554    0.0186462    0.0756515    0.0484358    0.0751858    0.0678132    0.0938836     0.133927    0.0743308
    0.147088    0.0290638    0.0545155    0.0264245     0.102793    0.0976922       0.1334    0.0840924     0.070488    0.0309581    0.0597264    0.0694458    0.0315938    0.0658237    0.0504298    0.0370353     0.121514   0.00339012    0.0872829    0.0905592    0.0910067    0.0899165     0.102242    0.0643161    0.0803694    0.0875335     0.101383    0.0569096    0.0356558     0.066524    0.0458342    0.0965786    0.0460649    0.0845252     0.103114    0.0747978    0.0655398      0.09591     0.139118    0.0897444    0.0729753    0.0311952    0.0147821     0.100717    0.0641758    0.0546335    0.0130828    0.0252995
    0.092392    0.0910981    0.0616683    0.0864211      0.11104    0.0646032     0.133347    0.0644263    0.0478505    0.0868076    0.0767717    0.0398685    0.0999199    0.0643791    0.0810822    0.0666196    0.0443775    0.0516963    0.0890528    0.0405777    0.0236486    0.0035775   0.00989481    0.0881465     0.115049     0.105472    0.0883676     0.047473     0.113348    0.0418626     0.135364    0.0325089    0.0243963    0.0831385    0.0139475    0.0907991    0.0298829   -0.0209866    0.0716264    0.0610836      0.01642     0.104899    0.0683078     0.124529     0.128631     0.118975     0.119351     0.103927
   0.0222215    0.0277967     0.104671     0.109869     0.115103    0.0502645    0.0690076    0.0158347     0.067506    0.0128349    0.0207702    0.0328151    0.0678218      0.02366     0.044337    0.0817486    0.0767277    0.0294892    0.0324443    0.0979592    0.0995797    0.0941252    0.0752914    0.0217088    0.0633387    0.0994182    0.0713944     0.054436    0.0547351    0.0757641    0.0473864     0.100191     0.119288    0.0359821   0.00028971    0.0386605    0.0503979    0.0956072    0.0683036     0.105439   0.00805844    0.0662153    0.0198496    0.0671097     0.125281     0.113666    0.0168312    0.0370714
   0.0807357    0.0845041    0.0479396    0.0450131     0.061786  -0.00818219    0.0698069    0.0945215    0.0456604    0.0572071     0.116366    0.0726487     0.113043    0.0875014     0.032609    0.0504369    0.0473934    0.0545095    0.0282425     0.101652    0.0838874    0.0996276    0.0495216    0.0430089    0.0669253    0.0990631     0.103098    0.0888785    0.0191321    0.0712407    0.0698448    0.0404155     0.108718   0.00466558  -0.00471608    0.0558835     0.102075     0.106351    0.0743521     0.048601    0.0275641    0.0662138    0.0499829    0.0276162    0.0911111    0.0519597    0.0929689     0.072523
   0.0302846    0.0974069    0.0354576    0.0205237     0.117326  -0.00540741     0.104442    0.0859497     0.110528    0.0260134    0.0557833    0.0333908     0.115975    0.0553644    0.0568677    0.0901791    0.0801187    0.0763894     0.101595    0.0366017    0.0714832    0.0740611    0.0259247    0.0353702    0.0677256    0.0761191    0.0649545    0.0732892    0.0158969    0.0529519     0.104268    0.0906011     0.112829    0.0259214    0.0919793    0.0186496    0.0877594    0.0793792    0.0511773    0.0974172    0.0871787    0.0821887    0.0216102    0.0501811    0.0865567    0.0896894     0.100796    0.0912966
   0.0695587    0.0411414    0.0286209    0.0779135    0.0493075    0.0561895    0.0391371    0.0264135    0.0231024    0.0185514    0.0393205    0.0467156    0.0635293   0.00442386    0.0185699     0.112125    0.0804486    0.0671732     0.101066    0.0710305    0.0120442     0.069827    0.0121155   0.00550069    0.0266418    0.0941819    0.0231041     0.119767    0.0261058    0.0423137    0.0807006      0.10121   0.00827466    0.0403387    0.0723157    0.0474572     0.109563      0.12252    0.0997765    0.0676407    0.0263909    0.0632717    0.0771726   0.00153301    0.0305251    0.0307628    0.0924077     0.123113
   0.0413459    0.0565975     0.126752    0.0598896      0.10479    0.0940583    0.0801784    0.0485253    0.0974024    0.0352636    0.0463382     0.103044   0.00661718    0.0153433     0.104596     0.100221    0.0210318    0.0540474    0.0787401    0.0228646    0.0387027    0.0342142    0.0659799    0.0159047   0.00645628   -0.0109741    0.0949094    0.0740063    0.0290665    0.0644274    0.0241824     0.038578    0.0522048    0.0570775     0.098662     0.116051    0.0725185    0.0726113    0.0718862    0.0891328    0.0294941     0.100717    0.0785555    0.0490033    0.0787318    0.0756747     0.105296     0.102098
   0.0291494    0.0799727     0.141656    0.0928864     0.131996    0.0778425    0.0960396     0.103579    0.0869185    0.0286481     0.059415     0.069936    0.0378721    0.0734134    0.0300974     0.097161     0.109465    0.0400141    0.0682787    0.0141874     0.102835    0.0714046    0.0732719    0.0157404   0.00607404      0.10487     0.118416    0.0448254    0.0477308    0.0285334    0.0900299    0.0159736    0.0784525     0.104375    0.0350159     0.042037    0.0321916    0.0733464      0.10712    0.0928061    0.0879571    0.0377671    0.0596701    0.0678972    0.0883985    0.0425218    0.0506327    0.0878479
  0.00666028    0.0455815     0.127612     0.123911     0.057883    0.0529547    0.0538394     0.103278    0.0419426    0.0546032    0.0596908     0.100375    0.0133588    0.0980351    0.0321594    0.0197819    0.0907351     0.110237    0.0120187    0.0224139    0.0880805    0.0817159     0.070836    0.0562526    0.0579361    0.0585471     0.090388    0.0520246    0.0911126    0.0908312    0.0996374    0.0247237    0.0111511    0.0679416     0.103309     0.063686    0.0276045     0.075312     0.116626    0.0566564    0.0418781     0.057412    0.0466247     0.128189    0.0966231     0.117403    0.0627713   0.00131952
    0.144433    0.0527228    0.0998712     0.097185    0.0363541     0.133523    0.0657492    0.0249588     0.106233    0.0572331    0.0464843     0.023574     0.059671    0.0980523    0.0474616    0.0332799     0.093957    0.0759896    0.0788695     0.102104    0.0326949    0.0784626    0.0363271     0.011727     0.112982    0.0525208      0.10486    0.0371339    0.0135172    0.0987145    0.0979537    0.0275017    0.0293868    0.0393979    0.0967999    0.0665949    0.0558929      0.12096    0.0674645    0.0636174    0.0270069    0.0659198    0.0714686      0.13315    0.0348954      0.03618     0.094524    0.0700747
     0.04898     0.048223     0.045208     0.131848     0.107903    0.0323252     0.094925    0.0735025    0.0628433     0.100656    0.0364014    0.0844551    0.0294938    0.0721758     0.107013    0.0978867    0.0770744    0.0797576    0.0515535    0.0766813    0.0480304    0.0637605    0.0499197    0.0137144    0.0953017    0.0320751    0.0170065    0.0755014    0.0150496    0.0653437     0.059222    0.0803574     0.121245    0.0820156    0.0142091    0.0263199    0.0423061     0.102902     0.116421    0.0972261    0.0535711    0.0491275    0.0129824    0.0851358     0.166583    0.0765404    0.0644243     0.096826
   0.0867523    0.0774699    0.0624599     0.066642    0.0872127    0.0416568    0.0707062    0.0753317    0.0657655    0.0755092    0.0928336    0.0309195     0.119705    0.0665535    0.0425971    0.0832915    0.0682991    0.0362003     0.139248    0.0924056     0.110141    0.0199144     0.104324     0.106367     0.114672    0.0565138     0.087584    0.0934767    0.0905698     0.079233     0.133906    0.0100505     0.020847   0.00982562    0.0313731    0.0387662    0.0751772    0.0816681    0.0410973     0.033769    0.0328205    0.0345594    0.0992975    0.0866172    0.0189321    0.0305085    0.0587581    0.0795526
 -0.00206172    0.0272597     0.133079     0.108119    0.0948771    0.0487565    0.0357383   0.00298214    0.0453443    0.0881531    0.0448843      0.10965    0.0366546    0.0295676     0.104056    0.0227454    0.0266139    0.0668507    0.0117968       0.1231    0.0837683    0.0900754    0.0796776    0.0614187    0.0956742    0.0575477    0.0330131     0.119192     0.100309    0.0492578    0.0442805    0.0547946    0.0205261    0.0988753    0.0158979    0.0224245    0.0851628     0.120212    0.0173502    0.0464979      0.11646    0.0349542    0.0894609    0.0734845    0.0839564    0.0719196    0.0942677    0.0606315
   0.0540722    0.0732646     0.108913    0.0910263     0.115191     0.019628    0.0681344    0.0433222    0.0915659    0.0902528      0.07259    0.0567783     0.108367   0.00343318    0.0976743    0.0993172    0.0988347    0.0416177    0.0442486    0.0269919    0.0718411    0.0911619   0.00214189     0.061162    0.0959196     0.105842    0.0181876     0.100683    0.0337514    0.0271029    0.0599429    0.0167965    0.0738074    0.0886747    0.0272215     0.100159    0.0322623   0.00163818     0.103128      0.10993    0.0971404     0.101429   0.00566177    0.0978706     0.106162    0.0500791     0.112316     0.037933
  -0.127651   -0.105083   -0.138414   -0.117157   -0.146054   -0.110587   -0.124017   -0.161394   -0.109624   -0.142324   -0.141241   -0.144809   -0.145962  -0.0924123  -0.0871612  -0.0846016  -0.0930673   -0.097772   -0.107501   -0.142423   -0.107402   -0.127577   -0.159134  -0.0820754  -0.0885622   -0.115375   -0.111843   -0.159976   -0.175988  -0.0810369   -0.131325   -0.111012    -0.16766   -0.162672    -0.10171   -0.124779  -0.0764643  -0.0905082   -0.115807   -0.118049  -0.0980842   -0.116072
  -0.118205   -0.135148  -0.0623054  -0.0808986   -0.101151   -0.152472   -0.106803   -0.191248   -0.157941  -0.0690388   -0.126057  0.00159901    -0.12394  -0.0959392   -0.161717   -0.071651   -0.115043  -0.0664116   -0.178873  -0.0660918  -0.0561091   -0.105113   -0.133274  -0.0942972  -0.0478953  -0.0672236   -0.120571   -0.195454  -0.0693073   -0.117013  -0.0415362  -0.0649093  -0.0942306   -0.179001  -0.0666169  -0.0652661  -0.0417167   -0.149585  -0.0950684   -0.136089   -0.129346  -0.0950994
 -0.0842118   -0.161291   -0.154314   -0.141935   -0.176175   -0.170377  -0.0592838   -0.121823  -0.0979733  -0.0997973   -0.116928  -0.0720686  -0.0903133   -0.029093  -0.0827922     -0.1069   -0.112291   -0.154845  -0.0452731  -0.0825663  -0.0968637  -0.0677093  -0.0937863  -0.0879981   -0.143693  -0.0909116  -0.0723689   -0.120924  -0.0791987   -0.196932   -0.124026  -0.0707517  -0.0770089  -0.0394328   -0.130518  -0.0893833   -0.112378   -0.137219   -0.120445     -0.1725  -0.0951284   -0.117233
  -0.061979   -0.111862     -0.1202   -0.162638   -0.089801   -0.116917   -0.114956   -0.148822   -0.108942   -0.147713   -0.130547  -0.0604648   -0.127342  -0.0740545   -0.116749  -0.0934519   -0.106212   -0.129567  -0.0887958  -0.0695049   -0.132666   -0.158836   -0.079155  -0.0875325   -0.121322   -0.116994   -0.155519  -0.0821643  -0.0612062   -0.160874    -0.10716   -0.102119   -0.142968   -0.135483  -0.0494099   -0.102981    -0.07189  -0.0694762   -0.115376  -0.0975272   -0.158529   -0.124084
  -0.102774   -0.096988   -0.115099   -0.111215  -0.0794083  -0.0689753  -0.0693947   -0.115536   -0.112986  -0.0917155  -0.0694189   -0.136554   -0.115473  -0.0386734   -0.054608   -0.148713  -0.0536219   -0.141888  -0.0809046   -0.123452   -0.095716   -0.166891   -0.035977   -0.156223  -0.0938354   -0.128164   -0.128559   -0.129647   -0.145579  -0.0684526   -0.101645   -0.147354  -0.0944983   -0.141439   -0.144042   -0.168464   -0.151498   -0.162298  -0.0884087   -0.160799   -0.087024  -0.0675577
 -0.0992746   -0.111175   -0.127436   -0.101073   -0.101303   -0.129214   -0.117046   -0.111683   -0.156072  -0.0972043   -0.112564   -0.158261   -0.108542   -0.107833  -0.0762953   -0.124649   -0.129606   -0.143297   -0.149821   -0.107229   -0.107747  -0.0740782  -0.0796219   -0.173961  -0.0879776    -0.12377  -0.0678329   -0.112133   -0.149203   -0.101331   -0.142098   -0.151991   -0.138602    -0.10148  -0.0953281   -0.105978   -0.138135  -0.0879207   -0.170856    -0.11697  -0.0907575   -0.102516
 -0.0837364   -0.123391   -0.113959   -0.100126   -0.129853  -0.0996412  -0.0751621   -0.084422   -0.157741  -0.0999751   -0.126983   -0.159017   -0.144114   -0.170629  -0.0898794   -0.134201   -0.140058  -0.0964667   -0.167755   -0.129294   -0.111111   -0.126541  -0.0833756   -0.140611  -0.0635082   -0.118111  -0.0908505   -0.144278   -0.141686  -0.0585453  -0.0928732   -0.106195   -0.110087   -0.131677   -0.105305   -0.146966   -0.056839  -0.0609822   -0.154805  -0.0760137   -0.123542  -0.0684672
 -0.0604598   -0.160543  -0.0674633  -0.0646845   -0.101678   -0.150129   -0.125575   -0.169422   -0.079153   -0.171119   -0.178133     -0.1185   -0.151384   -0.039973   -0.115387   -0.109755  -0.0872404  -0.0861431  -0.0751407  -0.0437611  -0.0211373  -0.0603653  -0.0687833   -0.126642   -0.113465   -0.129618  -0.0697901  -0.0993181   -0.124741   -0.154686  -0.0648166   -0.153235   -0.170064  -0.0953988  -0.0818919  -0.0477658  -0.0645131  -0.0399919   -0.145964   -0.159531   -0.136792   -0.154683
  -0.141739   -0.117527   -0.110336  -0.0793162   -0.152506   -0.148295  -0.0738937   -0.140067   -0.104409  -0.0647845   -0.152899  -0.0665112   -0.090605   -0.123215  -0.0815096  -0.0760267   -0.149297   -0.129005   -0.109848   -0.115226   -0.102544   -0.123147  -0.0724657   -0.144218   -0.171733   -0.136448   -0.149224   -0.152994   -0.140687   -0.174694   -0.114572  -0.0909538  -0.0729114  -0.0811302   -0.161426   -0.068504  -0.0573054   -0.150233   -0.127835   -0.159597  -0.0771355  -0.0618504
  -0.141306   -0.133626  -0.0651154  -0.0682771   -0.155481   -0.119811   -0.116603  -0.0646476   -0.141007   -0.166735   -0.167328   -0.115357   -0.143266   -0.153329  -0.0857226  -0.0896073   -0.147115   -0.128729   -0.144188  -0.0298562  -0.0692092   -0.143168   -0.131176  -0.0823863  -0.0820926  -0.0862571   -0.117911   -0.156573   -0.108542  -0.0972042   -0.111228  -0.0826308   -0.108136   -0.124061   -0.114077   -0.148185   -0.048856    -0.15809   -0.103862  -0.0766352   -0.085545  -0.0843892
 -0.0855212   -0.121362   -0.151087   -0.158771  -0.0924614   -0.120212  -0.0517401   -0.115889  -0.0721627   -0.134046   -0.114356    -0.11666  -0.0855408  -0.0816839  -0.0897168   -0.152378  -0.0970243   -0.153767   -0.133929   -0.144244   -0.080655   -0.132589   -0.127454   -0.156477  -0.0624639  -0.0689319   -0.158619   -0.155247   -0.153605   -0.114511   -0.128897   -0.149455  -0.0903519  -0.0747525  -0.0540789   -0.146072   -0.162131   -0.110616  -0.0997074    -0.10686   -0.144497   -0.112699
 -0.0798998  -0.0856069   -0.128155   -0.148559   -0.103918   -0.124429   -0.167215   -0.111596   -0.131045   -0.147545   -0.170298   -0.135801   -0.146131   -0.119724   -0.157731   -0.140232   -0.123901   -0.103226   -0.104293   -0.138992   -0.106452  -0.0822185   -0.160118   -0.148734  -0.0753237   -0.106531    -0.14119   -0.145601   -0.149505   -0.158309   -0.135153   -0.081738  -0.0832787   -0.111029  -0.0918341  -0.0829934  -0.0746066   -0.102733   -0.123405    -0.09079   -0.124552  -0.0882886
  -0.155332   -0.132756   -0.119335  -0.0768955  -0.0889355  -0.0931305   -0.115333   -0.144465   -0.147767   -0.111342   -0.104617   -0.115957  -0.0523908   -0.159409  -0.0903595  -0.0706475  -0.0959548  -0.0684822   -0.119787  -0.0766885   -0.145293  -0.0816597  -0.0736901   -0.132996    -0.10106   -0.148107  -0.0682066  -0.0514433   -0.147557  -0.0782494  -0.0704274    -0.12501  -0.0661429   -0.113761   -0.159055   -0.151691   -0.136467   -0.134323  -0.0633385   -0.122324   -0.150776  -0.0981365
  -0.154188  -0.0650418  -0.0847016   -0.135901   -0.124993   -0.112465   -0.132996   -0.109769   -0.112331   -0.144857   -0.147614  -0.0789792   -0.157193  -0.0941465   -0.108361   -0.105535   -0.105276   -0.142731    -0.15083  -0.0733007   -0.144231  -0.0984679  -0.0873012   -0.159752   -0.106739   -0.131573   -0.116829  -0.0656162   -0.160378   -0.112337   -0.120269   -0.146586   -0.130826   -0.129404  -0.0806668   -0.149777      -0.133  -0.0935356   -0.127191  -0.0757698   -0.104378   -0.101351
  -0.127639   -0.113751   -0.140667  -0.0829459  -0.0941307   -0.134557  -0.0967039   -0.105153   -0.138027    -0.11747   -0.100201  -0.0900832  -0.0783137  -0.0978086   -0.179307   -0.095451   -0.147338   -0.109052   -0.117951   -0.116747   -0.122567   -0.119036    -0.14938   -0.137857    -0.10483   -0.154267  -0.0781091   -0.149767  -0.0891759   -0.115527   -0.130873   -0.176219   -0.147875   -0.168427  -0.0822924  -0.0859074   -0.169446   -0.134082  -0.0803922   -0.103608  -0.0909596  -0.0949164
  -0.118631   -0.140709   -0.135432  -0.0615352   -0.105374   -0.121676  -0.0918869  -0.0764693  -0.0764935  -0.0994432   -0.112038   -0.160331  -0.0694791    -0.11303   -0.127454   -0.105263   -0.142893   -0.152606   -0.139007  -0.0827591  -0.0763073  -0.0848877  -0.0710722   -0.114904   -0.167583   -0.122091   -0.117054  -0.0574819   -0.134074   -0.122728  -0.0598917   -0.114642   -0.148978   -0.066441   -0.149144    -0.13752   -0.136401  -0.0916693    -0.13729  -0.0405295   -0.119849   -0.160105
   -0.11551     -0.1423   -0.166662   -0.139496   -0.121148    -0.16681   -0.102684  -0.0661908   -0.145164  -0.0739614   -0.152177   -0.111447   -0.145831   -0.163654   -0.120649   -0.111389   -0.106259   -0.138571  -0.0739956  -0.0759681   -0.103434    -0.14275   -0.126975   -0.154605    -0.10874   -0.127215  -0.0818708  -0.0989209  -0.0769753   -0.122839  -0.0714818  -0.0680384   -0.133166     -0.1338  -0.0765738  -0.0794177    -0.11663   -0.129128   -0.145436   -0.147204   -0.073557   -0.122349
 -0.0953096   -0.109857   -0.095173   -0.132019   -0.133733    -0.14411   -0.159861   -0.045527  -0.0596137  -0.0888862   -0.138255   -0.154692  -0.0649316   -0.109414  -0.0651424   -0.111154   -0.137823  -0.0780834  -0.0864308   -0.136632   -0.126396   -0.161301   -0.127149  -0.0886638   -0.119477  -0.0670767   -0.173924   -0.131044   -0.110554   -0.117236   -0.139606  -0.0724302   -0.156233  -0.0835466  -0.0682734   -0.162374  -0.0959616  -0.0788906   -0.148513   -0.105866  -0.0880684   -0.154232
 -0.0830376   -0.129573  -0.0629531   -0.119502   -0.143114   -0.151285  -0.0615505  -0.0957082  -0.0697237   -0.161006   -0.120152   -0.106758  -0.0806173   -0.125294   -0.114277   -0.128813  -0.0586645  -0.0520618   -0.120991  -0.0894942    -0.16313   -0.118812 -0.00892512   -0.100848  -0.0865788   -0.124748   -0.156701   -0.071621   -0.188888   -0.134935  -0.0729037   -0.159162   -0.151391  -0.0506337  -0.0436982  -0.0712741    -0.11132   -0.174079  -0.0558041   -0.181216   -0.096509  -0.0204989
 -0.0373926  -0.0636006   -0.171354  -0.0993816   -0.057033   -0.134606  -0.0519163   -0.147333   -0.112394   -0.173734   -0.140759   -0.132262   -0.111094  -0.0368515   -0.167034   -0.154229   -0.057233   -0.124854  -0.0774304   -0.138228  -0.0723464  -0.0701111   -0.122213  -0.0583951  -0.0966766   -0.127577  -0.0449474   -0.154973   -0.101002   -0.158952   -0.129502   -0.167424   -0.132815  -0.0837681  -0.0488553   -0.132898   -0.052823   -0.125624  -0.0703792   -0.153293  -0.0334999   -0.151072
   -0.07352  -0.0700628  -0.0821866   -0.104537   -0.131632   -0.150565   -0.121985   -0.140174   -0.125984   -0.114912   -0.111038  -0.0985272   -0.113993   -0.155979   -0.146631   -0.167745   -0.156624   -0.129817  -0.0530943   -0.161909  -0.0680533    -0.11774   -0.139006   -0.105617  -0.0650551   -0.128521  -0.0678344  -0.0656709   -0.066648  -0.0840825   -0.151104   -0.113662   -0.101698  -0.0534386  -0.0689783  -0.0926904   -0.120167   -0.122908   -0.129403   -0.068272   -0.126193   -0.154899
  -0.142531   -0.131895  -0.0932218   -0.135858  -0.0858109  -0.0820974   -0.106038    -0.15078   -0.172767  -0.0267302   -0.107625  -0.0639325   -0.118814   -0.162983   -0.165668  -0.0431451  -0.0672246   -0.151762  -0.0467305   -0.172603   -0.115257   -0.146226  -0.0315608  -0.0447531  -0.0208965   -0.111356   -0.075423  -0.0942189   -0.149821  -0.0447252   -0.139799   -0.108068  -0.0894789  -0.0277969   -0.137712   -0.143523   -0.168322  -0.0935501    -0.13758  -0.0585163   -0.155009   -0.114235
 -0.0657074   -0.151146   -0.127702   -0.153782   -0.066093   -0.123162  -0.0602824   -0.131095  -0.0463344   -0.147486   -0.144346  -0.0852627    -0.11564    -0.14671  -0.0970406   -0.114675  -0.0704292  -0.0824252  -0.0899362   -0.125211   -0.109608   -0.112778  -0.0766125   -0.150714   -0.146443   -0.176669  -0.0942559   -0.125955   -0.129056   -0.120744    -0.16227  -0.0936313    -0.10248   -0.062067   -0.150014   -0.113782  -0.0908122   -0.137211   -0.156258  -0.0426415   -0.141199   -0.109718
  -0.056215   -0.151967   -0.172937    -0.11357   -0.106136  -0.0619097  -0.0639167   -0.085534   -0.118069  -0.0701072  -0.0971892   -0.121601  -0.0780054    -0.13979    -0.14691   -0.146089   -0.152314   -0.102961  -0.0849774   -0.131961   -0.109812  -0.0617156   -0.145547   -0.114497   -0.132249   -0.124022   -0.100879   -0.081368  -0.0836534   -0.121323   -0.125337  -0.0772593  -0.0809003   -0.140915   -0.155665   -0.124075   -0.113492  -0.0927213   -0.169929  -0.0514438   -0.147022   -0.160109
  -0.168382  -0.0546623  -0.0847716   -0.104718  -0.0908519  -0.0895314   -0.146307  -0.0807788    -0.17509  -0.0926485   -0.148948  -0.0962539   -0.144675   -0.122713   -0.134879    -0.10182   -0.101751    -0.10218   -0.143967  -0.0720578    -0.16552   -0.128217   -0.154429   -0.155232  -0.0618267  -0.0742946   -0.106277  -0.0937246   -0.146884   -0.150025   -0.149608  -0.0886478   -0.108009  -0.0833327   -0.142662   -0.161475  -0.0713372   -0.156936  -0.0991474  -0.0829642   -0.078389  -0.0869647
 -0.0989545   -0.127941   -0.138238  -0.0684422  -0.0535498   -0.107849   -0.139974   -0.150436   -0.135596   -0.138664   -0.153694   -0.146628   -0.127431   -0.132781   -0.100781  -0.0505197   -0.144405  -0.0950726  -0.0450042   -0.123637   -0.166272  -0.0708667  -0.0744042   -0.142375  -0.0933376   -0.163538   -0.153913   -0.111952  -0.0874784  -0.0557701   -0.142643   -0.110553   -0.121725  -0.0858988   -0.151918  -0.0600391   -0.108521   -0.115249   -0.168307  -0.0530271   -0.054974   -0.161005
  -0.105008   -0.123341  -0.0577963   -0.124802   -0.159081  -0.0997882   -0.110892   -0.165892   -0.175161   -0.136787   -0.139848   -0.115251  -0.0971223  -0.0923137   -0.125775   -0.094702   -0.162136   -0.155185  -0.0857872   -0.104308  -0.0706226  -0.0752298   -0.116646   -0.118724  -0.0891776   -0.116747   -0.122154  -0.0789892   -0.126507   -0.109921   -0.111483   -0.113521  -0.0796105   -0.129092    -0.15982   -0.091467   -0.104883   -0.128849    -0.12826  -0.0919363    -0.12141   -0.149455
   -0.15164  -0.0925547  -0.0934439  -0.0983278   -0.106834   -0.072584  -0.0730251   -0.135368  -0.0861488   -0.103715   -0.131442    -0.14746   -0.160924   -0.126535   -0.148508   -0.078293    -0.16165    -0.15103  -0.0716219  -0.0780312   -0.149389   -0.112512   -0.145176   -0.135879  -0.0945799    -0.11893   -0.117305   -0.104878   -0.142518  -0.0675877   -0.127011  -0.0762793     -0.1049   -0.145939   -0.113653   -0.123091   -0.100126   -0.169703   -0.145329   -0.142909  -0.0803707   -0.122121
  -0.168556   -0.119966  -0.0950767  -0.0760104   -0.171303   -0.121354   -0.137551    -0.10529   -0.153334    -0.14719   -0.139748   -0.145206  -0.0665253  -0.0752252  -0.0865946   -0.058122   -0.135091  -0.0628795   -0.124432   -0.121881   -0.087264  -0.0609494   -0.144785   -0.166559  -0.0822947   -0.088286  -0.0664223  -0.0846133   -0.145826   -0.147613  -0.0822071  -0.0586302   -0.140722   -0.147636   -0.132251   -0.140522   -0.134939  -0.0954476   -0.105005   -0.141901  -0.0769108   -0.137602
  -0.177878  -0.0710818    -0.10314  -0.0926233  -0.0823377   -0.102454   -0.151485  -0.0780688   -0.102663  -0.0699788   -0.119844  -0.0768351   -0.117461   -0.103227    -0.11956  -0.0975623   -0.136795   -0.122547   -0.171387   -0.118077   -0.111846   -0.189483   -0.139262  -0.0793704   -0.118983  -0.0690393   -0.175445  -0.0998623   -0.142961  -0.0696113   -0.117705  -0.0842251  -0.0895436  -0.0654111  -0.0814338   -0.179845   -0.095368   -0.113213  -0.0787838   -0.154371   -0.107003  -0.0810588
   -0.12238  -0.0759896   -0.153102  -0.0967651   -0.134207   -0.166488   -0.121428   -0.145072   -0.112606  -0.0631358   -0.180096  -0.0837781   -0.114439  -0.0821495   -0.115493   -0.135913    -0.07355   -0.100037  -0.0701124   -0.118846   -0.144188   -0.148521  -0.0901483    -0.11862  -0.0578774   -0.116831   -0.151945   -0.161848    -0.13446  -0.0657942   -0.102314   -0.079771   -0.127002   -0.063259   -0.118658   -0.166251    -0.10254  -0.0723202  -0.0783268   -0.160748   -0.126404  -0.0970335
 -0.0956196   -0.186343   -0.148285   -0.109333   -0.108001  -0.0855115   -0.153058  -0.0738505    -0.11671   -0.119257  -0.0889525  -0.0857631   -0.183729  -0.0539497   -0.105303  -0.0903157   -0.164465  -0.0558256  -0.0511215   -0.123992  -0.0805378   -0.135278  -0.0319594   -0.162432  -0.0435767  -0.0721045  -0.0729892    -0.17266  -0.0529887   -0.158728  -0.0776665  -0.0951933  -0.0838003  -0.0474939   -0.183134   -0.149796   -0.171827   -0.127026  -0.0658142   -0.125967  -0.0903056  -0.0947101
 -0.0837832    -0.14435  -0.0822741   -0.140882  -0.0917619   -0.157816   -0.115473   -0.160002   -0.129338  -0.0806214   -0.152077   -0.069915  -0.0850894   -0.114804   -0.129735   -0.136704   -0.168159   -0.178719  -0.0672329   -0.086487   -0.067784   -0.073488  -0.0793419   -0.109511  -0.0786082  -0.0824389  -0.0579842   -0.139942   -0.142185   -0.139142   -0.102978  -0.0943202   -0.130491   -0.137682   -0.128299   -0.111127  -0.0760817   -0.100492   -0.141724  -0.0934419   -0.173232   -0.114806
 -0.0173677   -0.140206  -0.0116779   -0.163097  -0.0427257  -0.0438517  -0.0541968  -0.0826983  -0.0622929  -0.0646274   -0.107364  -0.0798269   -0.121033  -0.0434704  -0.0754585   -0.115018   -0.097446   -0.114531  -0.0259929   -0.146413  -0.0518054   -0.140081  -0.0485647   -0.163849   -0.147996   -0.134851   -0.159358   -0.184635   -0.171483   -0.206653   -0.118538  -0.0721435   -0.109818   -0.048396   -0.137215   -0.108889   -0.172446   -0.131224   -0.123781  -0.0949444  -0.0558226   -0.147026
  -0.105265   -0.100655   -0.079537   -0.164673  -0.0357606   -0.114352   -0.179091    -0.10902   -0.114687   -0.166462   -0.122979  -0.0791734   -0.120168  -0.0320099  -0.0626082   -0.080581   -0.121479   -0.117304  -0.0930404  -0.0892611   -0.159377  -0.0941982   -0.073135   -0.133624  -0.0672525    -0.10011  -0.0844426   -0.145035  -0.0559239  -0.0721246  -0.0646376  -0.0308764   -0.124057   -0.117906   -0.171698    -0.11462   -0.163063   -0.132142     -0.1025   -0.145708   -0.173372  -0.0592283
 -0.0891413   -0.119688   -0.151376   -0.140361   -0.160088    -0.13772    -0.06857   -0.115931  -0.0872693    -0.10699   -0.133019   -0.126623   -0.122228  -0.0978515   -0.120273   -0.154999   -0.163129  -0.0929563   -0.068501   -0.118674  -0.0610256   -0.121053  -0.0522256  -0.0887736  -0.0588826   -0.126687   -0.111426  -0.0727329  -0.0729773   -0.134303  -0.0662078   -0.153392   -0.165886   -0.063134   -0.116354   -0.115776   -0.152525   -0.128514   -0.094864   -0.147615   -0.127932   -0.128193
