no weights
   0.0873668   0.00380149    0.0745002    0.0476769     0.123667    0.0645763  0.000496218    0.0945823    0.0259957    0.0860255    0.0595914    0.0253389    0.0119215    0.0586197    0.0700652    0.0443657    0.0745357    0.0688885   -0.0132005    0.0629311    0.0156591    0.0569692     0.109435   -0.0305027    0.0143802    0.0829393    0.0929805     0.116722    0.0777316  -0.00786457     0.057232    0.0957965    0.0830027    0.0517955    0.0291124   0.00609053    0.0395452     0.142483    0.0669261    0.0770963     0.114109   -0.0108801    0.0929091   -0.0256689    0.0302366    0.0739502  -0.00495804    0.0464654
   0.0372999    0.0838696    0.0665693    0.0484075     0.115267    0.0856773    0.0790936    0.0874115    0.0396945    0.0502838    0.0744343     0.077117    0.0614261   0.00909961    0.0246271    0.0682619    0.0082126     0.113819    0.0928628     0.090116    0.0562889    0.0220101     0.117065    0.0845172     0.040845    0.0813038     0.031725    0.0818663    0.0219005     0.124661     0.103469   0.00341902    0.0326085    0.0191162    0.0388698    0.0719204    0.0580045    0.0560962    0.0489097    0.0867111    0.0928273     0.106448    0.0552148    0.0679766    0.0880918     0.109392     0.125256    0.0869499
   0.0666789    0.0407437    0.0794898    0.0534014    0.0829126    0.0139327    0.0200802     0.091913    0.0436747     0.104747    0.0484544    0.0341263      0.10721     0.062941     0.114405    0.0991359  -0.00140028     0.120701    0.0410143     0.116491    0.0181736    0.0231488    0.0292991    0.0774943    0.0449044    0.0943101     0.124506    0.0607587   -0.0167913    0.0647976     0.062288    0.0482612    0.0855839     0.136174   0.00362692   0.00268601    0.0257085     0.117866    0.0619216    0.0672149      0.10109    0.0823223    0.0448671     0.114842    0.0540624    0.0604656    0.0241449    0.0805438
   0.0778918    0.0645668     0.140513    0.0701847     0.127969    0.0823539    0.0534099    0.0743149     0.070083    0.0105101      0.03803     0.130461    0.0312495   0.00957059    0.0293781    0.0855398    0.0509234    0.0881802    0.0659747    0.0755631     0.104841    0.0558377    0.0351243    0.0828814    0.0544991    0.0245505     0.068424    0.0932237    0.0609309   0.00901553    0.0390158    0.0313636    0.0127725    0.0488487    0.0132142    0.0607299    0.0742606     0.054056    0.0177759    0.0754362    0.0579446    0.0852439    0.0638395      0.12382    0.0501408     0.114829     0.106731    0.0430928
    0.121862    0.0449243    0.0350312    0.0316366     0.130483    0.0515866    0.0521307    0.0740899    0.0784871     0.100442    0.0623543   0.00176553    0.0873405    0.0697955    0.0920103     0.060951    0.0826378    0.0174021    0.0972479     0.116763    0.0315002   -0.0172676    0.0771296    0.0343571    0.0661888    0.0887978    0.0378524       0.1085    0.0824215    0.0578974     0.100667    0.0144473     0.128615    0.0318068    0.0830729    0.0393031   -0.0027821     0.105518    0.0309836    0.0209712    0.0484005    0.0106773     0.088621    0.0306712    0.0564596    0.0716444    0.0633551     0.107049
    0.083863    0.0896201    0.0437257    0.0624532     0.121733    0.0257528     0.060186    0.0099413    0.0900751    0.0480643    0.0870138     0.071013     0.145003   0.00882799    0.0972242   0.00884272     0.093163    0.0796099      0.02926     0.118734    0.0116127   0.00893691    0.0782411    0.0716006    0.0613958    0.0766574    0.0562943     0.115338    0.0258697   0.00934502     0.129676    0.0167785     0.118046    0.0771454    0.0948168    0.0935281    0.0525209    0.0565955    0.0964137     0.012056    0.0990715    0.0809854     0.116888    0.0248604    0.0538123    0.0417403     0.126299    0.0372943
   0.0112626    0.0933662     0.131506    0.0578597    0.0433657    0.0427554    0.0266213    0.0493627    0.0872428    0.0843957    0.0499902    0.0121502    0.0371631    0.0114408    0.0770401    0.0179722    0.0351258   0.00966569    0.0710516    0.0367546     0.103197    0.0340471    0.0773528     0.075272   0.00751083    0.0381099      0.12763    0.0709645     0.110068    0.0295651    0.0166363    0.0952767    0.0581434     0.131702      0.12642    0.0372414    0.0626317    0.0960965     0.014659     0.064264     0.158494    0.0423622     0.101566   0.00866841    0.0551872    0.0863065     0.107613    0.0694952
   0.0699265    0.0969693    0.0232158    0.0732356      0.10022    0.0706338    0.0956246    0.0695653    0.0251376    0.0194212    0.0735253    0.0327796     0.135779     0.098732  -0.00261694    0.0650887    0.0704108    0.0951459    0.0411175      0.11006    0.0516089     0.143594      0.12327    0.0931332    0.0340373    0.0407137    0.0235338    0.0783527    0.0698084     0.089517    0.0576558    0.0459459    0.0654423     0.099111    0.0668896    0.0547909    0.0600701    0.0221209    0.0747991    0.0995133    0.0179656     0.125319    0.0692312   0.00831961     0.104999    0.0651112    0.0527733    0.0768865
   0.0805153    0.0169124    0.0640018     0.099636     0.102739     0.112669    0.0903575    0.0871815    0.0198068     0.101257    0.0525548    0.0249623    0.0309122    0.0568957    0.0604689    0.0500586     0.129072     0.043185     0.002225    0.0894578    0.0806557    0.0996372     0.107533    0.0476955    0.0322439    0.0861424    0.0624213      0.12449    0.0582165    0.0382615    0.0848518       0.1214     0.121804    0.0666166    0.0429409    0.0849917    0.0835461     0.105223    0.0286017     0.052023      0.13342     0.077751    0.0567359    0.0466321    0.0196565   0.00755912     0.023926    0.0828848
   0.0320269    0.0700735    0.0654909    0.0208656  -0.00506455    0.0273594    0.0699142    0.0921469    0.0666642    0.0751739    0.0908717  0.000236222     0.130029     0.031224    0.0736646    0.0820256   0.00802251     0.024044     0.101949    0.0969592    0.0338864    0.0101596     0.080703    0.0595407     0.136115   0.00411907    0.0561623    0.0407087    0.0182805    0.0522609     0.118865      0.07213      0.12852    0.0304704 -0.000906002    0.0766875    0.0869605     0.102933    0.0641224   -0.0037981    0.0370947    0.0860307      0.10966     0.115014    0.0607516    0.0768599     0.118216     0.134793
   0.0371223    0.0674398    0.0386642    0.0908579     0.123343    0.0626734      0.06982    0.0106086    0.0464182     0.096033    0.0918747    0.0112846    0.0481552    0.0366134     0.104687    0.0832795    0.0941679    0.0642737     0.111896    0.0915038    0.0958092       0.0982    0.0937577    0.0212929     0.107125    0.0373155     0.120298    0.0708508     0.058535    0.0167281       0.1286    0.0729155    0.0870244     0.133512    0.0804624    0.0402949     0.122772    0.0310057     0.121216    0.0764586    0.0798992    0.0491497     0.124813    0.0438738      0.10038     0.114287    0.0455004    0.0768625
   0.0542927    0.0153257    0.0980125    0.0329386    0.0490481    0.0156956    0.0686158    0.0502748     0.106258    0.0247987    0.0891177    0.0198316    0.0338016   0.00396092    0.0816577    0.0566175     0.065676     0.085062    0.0373421    0.0438747    0.0646043    0.0686419    0.0217441    0.0250965    0.0561274   0.00917972     0.129332    0.0365145   -0.0164495    0.0982469    0.0720642    0.0323322     0.140465     0.102798    0.0502234  -0.00702536    0.0116918    0.0930464     0.141436     0.103971    0.0906203    0.0536555    0.0437209     0.118103    0.0540894     0.135406    0.0318944    0.0271545
   0.0376827     0.100404    0.0676206     0.104608    0.0585841    0.0155809     0.042938     0.073871    0.0179586    0.0544372    0.0419138    0.0601917     0.118854    0.0741739    0.0599545    0.0924351    0.0387288   0.00422144    0.0577362    0.0826121    0.0866607    0.0900021    0.0478153    0.0587522     0.104835   0.00483372    0.0382231    0.0119959    0.0866552    0.0681629    0.0678091     0.041211     0.115639    0.0627758    0.0706948    0.0762272     0.104688    0.0735189    0.0429329    0.0420447     0.108644    0.0813426    0.0831317    0.0212602     0.118865    0.0893885      0.10379    0.0786433
   0.0142966     0.036841    0.0866636    0.0569341    0.0282087     0.107309    0.0605372    0.0446167    0.0828209    0.0326891     0.114748     0.056203    0.0441222  -0.00677896    0.0931766    0.0221865     0.167123    0.0218938   -0.0380646     0.134006    0.0140897    0.0946113    0.0339397    0.0811717     0.038572    0.0775096     0.122701    0.0465849 -1.49119e-05  -0.00681067    0.0412636     0.118053    0.0933747    0.0955657    0.0757053    0.0299021   -0.0198447     0.130094    0.0715334    0.0988341      0.12268    0.0189073  -0.00585959  -0.00939959    0.0923646    0.0516308   -0.0119865    0.0805224
   0.0951918     0.107557    0.0462515     0.104682    0.0538872     0.037228    0.0743045    0.0690045    0.0147526    0.0791005     0.059791    0.0722947     0.099343    0.0463545     0.036231    0.0811016     0.119476    0.0725092    0.0844839      0.10948    0.0833508     0.111391     0.051381    0.0999998    0.0086161    0.0345535     0.102989    0.0403867    0.0889585    0.0172295    0.0519642    0.0894251     0.104538        0.127    0.0262304     0.123488    0.0312353    0.0784168    0.0594864     0.103526    0.0500959    0.0995777    0.0191709    0.0493394    0.0812993   0.00051966    0.0776067    0.0319766
    0.105736     0.123091      0.11911     0.105965    0.0253751    -0.012643     0.113792    0.0190254    0.0617492    0.0675095    0.0502257    0.0953315    0.0578489   0.00177464    0.0228124    0.0441645   0.00319485    0.0659199    0.0995805     0.102995    0.0920224    0.0723558    0.0636213    0.0609087    0.0469544    0.0821416    0.0737889    0.0601663    0.0601211    0.0546639     0.100909    0.0220465     0.111055    0.0133349   -0.0121056    0.0371418    0.0308336    0.0785394     0.104551    0.0536537  -0.00145889    0.0585454    0.0761254     0.074918      0.13752    0.0889583    0.0757731    0.0794562
   0.0309661    0.0147063    0.0590664     0.129529    0.0768419    0.0595454    0.0353707    0.0262913    0.0418802     0.127807      0.08297     0.097806    0.0372208    0.0844221    0.0378143    0.0244038    0.0916859    0.0478999     0.103608    0.0978198     0.086606    0.0758056     0.054124    0.0699625    0.0780651    0.0468189    0.0819994     0.109953    0.0427686     0.068493    0.0479419    0.0572081    0.0619341    0.0646506    0.0362683    0.0960351    0.0497365    0.0693166    0.0739004    0.0799621     0.132642    0.0537351    0.0342904    0.0981348     0.104024    0.0787405     0.110614    0.0974293
   0.0598321     0.089187     0.097671    0.0294036     0.123765    0.0863789    0.0864801    0.0938064    0.0748894     0.111716    0.0257006    0.0491388      0.11612    0.0489422    0.0308477     0.063561    0.0519765    0.0276444  0.000614523    0.0860631     0.114172     0.074102    0.0698432    0.0684199    0.0240957    0.0539815    0.0703318    0.0788276    0.0465763    0.0590639  -0.00133225    0.0859085    0.0552312    0.0405481 -0.000819041    0.0935396    0.0011005    0.0920613    0.0751013    0.0698946    0.0353112    0.0508179    0.0537967    0.0820816     0.155999     0.140563    0.0422223    0.0502878
     0.11124    0.0486618    0.0721604    0.0538207   0.00696352   0.00946212    0.0930937   -0.0146824   -0.0240751    0.0108719      0.13132    0.0567838     0.113182    0.0150445    0.0220325     0.095726    0.0959361   0.00825361    0.0349213    0.0466331   -0.0286275    0.0495259    0.0536561    0.0377917    0.0151515     0.095421    0.0975917    0.0548135    0.0749235    0.0294457    0.0477821    0.0596117    0.0411136     0.128093    0.0144805    0.0304855    0.0068985    0.0846354    0.0496551    0.0755652    0.0876325    -0.024195     0.133317   -0.0216667    0.0672574    0.0188606    0.0425163     0.117485
   0.0351453     0.144946     0.154681     0.103211    0.0999309    0.0297123    0.0367439    0.0568715    0.0834927    0.0603179     0.038664    0.0344798    0.0333483     0.049825    0.0673802     0.083543    0.0523539     0.093828     0.030406    0.0420798    0.0832716     0.120635    0.0717852     0.104036    0.0563236    0.0978571    0.0804321    0.0446203     0.033754    0.0876298    0.0103674     0.100824    0.0662977    0.0170419    0.0937749    0.0060774  -0.00141659    0.0371021    0.0943433    0.0987035    0.0983522    0.0211147    0.0112769     0.105824     0.118615    0.0286974    0.0333821   -0.0115108
    0.100519    0.0857921    0.0930543    0.0607273    0.0427233     0.115218   0.00130867    0.0843518    0.0990195    0.0296323    0.0704547    0.0507179    0.0799927    0.0235963    0.0359594     0.065079      0.11388    0.0844978    0.0415637       0.0378     0.110906    0.0983702     0.101321    -0.014933    0.0179607  -0.00898283    0.0836793  -0.00110567   0.00804818   0.00707858    0.0227288    0.0734149    0.0503031    0.0372486     0.107646  -0.00516859    0.0367221     0.126238    0.0896785   0.00148515      0.11798    0.0372428    0.0166833    0.0440933   0.00605871    0.0777879    0.0260768    0.0795759
   0.0695994     0.111278     0.137732    0.0992495     0.151948    0.0140334     0.048928     0.044734    0.0315903   0.00492877    0.0731245    0.0280665    0.0351379    0.0193134    0.0304378    0.0221941    0.0744739    0.0121725    0.0118888    0.0148976     0.095995     0.113356    0.0618276     0.016498    0.0552735     0.035258     0.135609    0.0970166    0.0287384    0.0230037   0.00470968    0.0124055    0.0587138    0.0812842     0.103773   0.00805429     0.119381    0.0976789     0.105639     0.047668    0.0679177    0.0288937    0.0698284    0.0972649    0.0496504     0.113861     0.083375    0.0369827
    0.109755    0.0353938    0.0299871    0.0422011    0.0548949    0.0276307    0.0230634    0.0414118  -0.00033229     0.114182    0.0828804    0.0584688    0.0334192  -0.00834798    0.0303022    0.0652579    0.0656758    0.0338431   -0.0161139     0.064553   -0.0104647    0.0399113    0.0161398    -0.033266    0.0125374    0.0509641    0.0619389     0.108236    0.0417048  -0.00112001    0.0311488     0.122437    0.0573461     0.129806   0.00631908   0.00778998    0.0128421    0.0344082    0.0714409    0.0926642    0.0736576    0.0280139    0.0934352    0.0687861    0.0348592    0.0974829    0.0756042    0.0168633
    0.097154    0.0167093     0.063778     0.125975    0.0898647     0.105566     0.069923    0.0848384    0.0721301    0.0222007      0.04673     0.120755    0.0664558     0.102329    0.0956155     0.107905     0.112004   0.00855891     0.104762    0.0247061     0.033627     0.068254    0.0457725     0.076294    0.0910222    0.0761505     0.103138     0.034318    0.0234886     0.072599    0.0418994    0.0884074    0.0665912    0.0435217    0.0510499    0.0062729     0.086006     0.116963     0.110965    0.0653045     0.082607    0.0268172    0.0375546    0.0759923     0.139177     0.118735     0.088897    0.0877775
   0.0817819     0.004623    0.0291222    0.0186197    0.0576939   0.00773641    0.0600136    0.0308399    0.0331383    0.0151136     0.041867     0.042187    0.0590347    0.0911488     0.075713    0.0712121    0.0599244   0.00512711    0.0654682    0.0111166   0.00911069     0.058095   -0.0168603    0.0819091   0.00968919     0.105769     0.105681    0.0564521    0.0692519    0.0933853    0.0760862    0.0270227    0.0696547    0.0576808    0.0912358    0.0279721    0.0549184   -0.0207691    0.0756953    0.0568842   -0.0245657    0.0231277    0.0764809     0.111076     0.164578     0.122071    0.0546284    0.0235852
   0.0372871     0.053922    0.0741814    0.0597639    0.0425823     0.104186    0.0766103    0.0163591     0.037462   0.00323644    0.0330794    0.0656115    0.0858379    0.0834579    0.0342292    0.0487041     0.078415    0.0538949   0.00778814    0.0978562    0.0612041    0.0763232    0.0459125    0.0614212    0.0817759    0.0919489     0.099164    0.0229959  -0.00709708     0.101847   0.00983776     0.094709     0.134827     0.039825   0.00928073    0.0693991     0.100457     0.069205     0.149241    0.0715837    0.0791545     0.063908    0.0598257    0.0745071    0.0736471     0.106634    0.0656643    0.0422619
   0.0969738    0.0246408    0.0893536     0.113701     0.136496    0.0481601    0.0686503    0.0708925    0.0695775    0.0111816      0.10278     0.022933    0.0635284     0.039399    0.0822709    0.0613492    0.0985677   -0.0133179    0.0938898    0.0854587    0.0124778    0.0617034    0.0352298   -0.0160915    0.0195601    0.0909991    0.0808277    0.0540805     0.111432    0.0252629    0.0260061     0.109532    0.0516796    0.0141622     0.039502   -0.0084662     0.112421    0.0340092    0.0981851    0.0106636     0.105971    0.0774839    0.0576435     0.126972     0.130377    0.0804226    0.0532579    0.0745891
    0.121847    0.0850502    0.0909039     0.133763     0.102054    0.0508798    0.0965319    0.0332184   0.00736637    0.0434095    0.0338116    0.0817877    0.0442474    0.0305638    0.0752524     0.091661    0.0443446     0.016367     0.131166    0.0105242    0.0158122     0.117153    0.0978045    0.0606217     0.130173     0.066515    0.0236468    0.0697193      0.02987    0.0385043     0.117567    0.0389362   -0.0162399    0.0443988    0.0367407     0.096745     0.118573    0.0622554    0.0618366     0.103144    0.0113848    0.0772717    0.0487367    0.0747273    0.0631386    0.0946867     0.144333    0.0718642
    0.155522    0.0277005    0.0540275    0.0203365     0.100647      0.10282     0.134225    0.0884936    0.0743676    0.0245171    0.0736705    0.0645771    0.0261438    0.0682004    0.0559161    0.0366501      0.13136  -0.00725185     0.079396     0.089954    0.0949673    0.0931077     0.101401      0.05899    0.0714483     0.093941     0.103456     0.055223    0.0352151    0.0636302    0.0393285     0.100426    0.0477574    0.0757307     0.102589    0.0696578    0.0601198    0.0967848     0.154059    0.0887511    0.0720965    0.0255722    0.0101583    0.0967313    0.0637346    0.0463403 -0.000934691    0.0210542
   0.0981129    0.0827169    0.0506997    0.0760485     0.107754    0.0622318     0.138049    0.0650821    0.0500162    0.0880653    0.0699716    0.0365188     0.102064     0.066904    0.0851137    0.0653527    0.0355745    0.0471603      0.10186    0.0328861    0.0214643  -0.00697013   -0.0027775    0.0937291     0.127841     0.109894    0.0765916    0.0432088     0.115541    0.0414634     0.146219    0.0245887     0.021632    0.0755772    0.0130069    0.0932489     0.035987   -0.0428952     0.063652    0.0521704  -0.00101229     0.108851    0.0683193     0.131412     0.135913     0.124432     0.129055      0.10347
   0.0178186     0.028428     0.112875     0.112429     0.119257    0.0500786    0.0593215    0.0193716    0.0738775    0.0130994    0.0170425    0.0275088    0.0582226    0.0204979    0.0454961    0.0821052    0.0789587    0.0199221    0.0195159     0.100216     0.101401     0.103339    0.0667135    0.0137038    0.0509308     0.101924    0.0773818    0.0577252    0.0480513    0.0673861    0.0349876     0.103817     0.126465    0.0378959  -0.00542905    0.0308362    0.0383511    0.0950903    0.0772269     0.106588   0.00032313    0.0588905   0.00781793    0.0734313     0.134734     0.118888    0.0136551     0.029026
   0.0808207     0.078961    0.0382478    0.0312449     0.050175   -0.0175527    0.0776768    0.0986549    0.0494039    0.0514712     0.117739    0.0663234     0.122006    0.0878838    0.0342011    0.0465166    0.0439374    0.0591903    0.0268557      0.10791    0.0901715    0.0990953    0.0482739    0.0440957    0.0646991     0.104197      0.10715     0.094123    0.0139169    0.0733493    0.0677031     0.034459     0.116734   0.00138982   -0.0105628     0.054894     0.102059     0.103786    0.0854544    0.0475399    0.0277266     0.067392    0.0504108    0.0270219    0.0904418    0.0457869    0.0858481    0.0729385
   0.0241011    0.0927809    0.0299125    0.0125566     0.110471   -0.0171447     0.110766    0.0887487      0.11312    0.0250113    0.0590221    0.0261999     0.120962    0.0570629    0.0611007    0.0872953    0.0777841    0.0777119     0.104209    0.0360648    0.0712494     0.065113    0.0222927    0.0344838     0.072797    0.0774893    0.0634179    0.0742903    0.0162111    0.0509972     0.107998     0.089396     0.116764     0.028468    0.0930451    0.0174765    0.0897286    0.0775926    0.0572338    0.0979353    0.0909924    0.0797475    0.0208555     0.049002    0.0876226    0.0886908     0.101174    0.0916971
   0.0768463    0.0353576    0.0193053    0.0751828    0.0404183    0.0586305    0.0432594    0.0195587    0.0138506    0.0208286    0.0410834    0.0452526    0.0686476   0.00342869    0.0112992     0.116204    0.0819518    0.0699797     0.101682    0.0713413  -0.00120857    0.0742602   0.00824384   0.00387172    0.0253805    0.0939297    0.0193245      0.12587    0.0199554    0.0385783    0.0778224     0.105751  0.000225669    0.0474072    0.0674278    0.0413877     0.112605     0.129323    0.0935046    0.0711896    0.0269682     0.061707    0.0888849  -0.00984422    0.0267191    0.0248623    0.0922369     0.134254
   0.0342408    0.0545589     0.138229    0.0668795     0.097973     0.107454     0.063076    0.0517404     0.102269    0.0372182    0.0389163     0.107813   -0.0111293    0.0155615     0.108134     0.110011    0.0111335    0.0518349     0.074293   0.00915312    0.0395284    0.0308865    0.0665739    0.0165863   -0.0014924    -0.021611    0.0968187    0.0647781    0.0255726    0.0708938    0.0190093     0.034605    0.0498324    0.0539753    0.0978488     0.121218    0.0662697    0.0759577    0.0657757    0.0930941    0.0247323     0.107398    0.0746118    0.0537572    0.0817153    0.0871969     0.104051     0.102683
   0.0252596    0.0842985     0.153932    0.0991057     0.132425    0.0759775    0.0855835     0.108576    0.0909286      0.02951     0.058004    0.0649249    0.0268505    0.0730457    0.0335565      0.10242     0.110489    0.0330234    0.0574001   0.00895055     0.105895    0.0778127    0.0710511   0.00608273  -0.00644954     0.104087     0.130871    0.0481433    0.0447934     0.020918    0.0782539    0.0167042    0.0816256     0.104176    0.0296332    0.0319604    0.0220416    0.0821938     0.114932    0.0991427    0.0893297    0.0278416    0.0557012    0.0652749    0.0829006    0.0395586    0.0401107    0.0842628
 -0.00325375     0.047493     0.139591     0.131199    0.0569294    0.0584813    0.0423527     0.110056    0.0498129    0.0535729    0.0558067       0.1094   -0.0034706    0.0986816    0.0362619     0.021325    0.0880432     0.109533   0.00711763   0.00773206    0.0945615     0.076959    0.0690383    0.0591416    0.0529583    0.0527966    0.0962477    0.0411257    0.0953316    0.0948642    0.0964001    0.0197605    0.0061448    0.0561121     0.106449    0.0653477    0.0206339     0.079476     0.119514    0.0621736    0.0422711    0.0579816    0.0322532      0.13504     0.095704      0.12296    0.0559807   -0.0119126
    0.154684    0.0549332    0.0954138    0.0964004    0.0331969      0.14458    0.0647448    0.0221446     0.105747    0.0502408    0.0434262    0.0263424    0.0588707     0.100352    0.0424028    0.0313047    0.0936828    0.0734783    0.0841449    0.0979669    0.0309271    0.0768942    0.0354235    0.0107953     0.114547    0.0512269     0.106389    0.0316523    0.0114437     0.101203     0.101578    0.0283926    0.0238115     0.030109    0.0929244    0.0700191    0.0602491     0.124081     0.063947    0.0577864    0.0222672    0.0707234     0.074713     0.139141    0.0294654    0.0343613    0.0926838    0.0714657
   0.0400888    0.0434513    0.0497711      0.13243     0.108477    0.0297846    0.0889437     0.074491    0.0640049     0.104358    0.0376317    0.0832859    0.0234172    0.0676208     0.108377     0.101398    0.0777054    0.0766694    0.0408398    0.0774383    0.0422697    0.0656392    0.0431192     0.011615     0.086649    0.0312061    0.0120381    0.0759762   0.00918989    0.0630491    0.0506059     0.082727     0.124738    0.0885596    0.0133994    0.0234155    0.0319263     0.102303      0.12056     0.100694    0.0498813    0.0458217   0.00291342    0.0866747     0.181262    0.0862825    0.0671359    0.0942704
   0.0920924    0.0746388    0.0505729    0.0573681    0.0807554     0.038007    0.0757785    0.0755174    0.0653873    0.0700507    0.0882609    0.0241859     0.130411    0.0711275    0.0424504    0.0808631    0.0567608    0.0391712     0.152783    0.0917676     0.113584   0.00565684     0.109674     0.108283     0.124992    0.0560091    0.0826519    0.0915248    0.0920435    0.0800498      0.14505 -0.000868269    0.0179805   0.00386992    0.0320448    0.0373284    0.0826933    0.0744658    0.0338446     0.026408    0.0298963    0.0350946     0.112879    0.0850196   0.00949794    0.0230709    0.0560493    0.0851531
  -0.0158394    0.0273541     0.137943     0.113579    0.0923796    0.0484862    0.0278247  0.000758567    0.0437318    0.0896166    0.0396293     0.116133    0.0325918    0.0266506     0.101889    0.0211286    0.0227041    0.0747951   0.00336836     0.128762    0.0840904    0.0913973    0.0854384    0.0641886    0.0886242    0.0560868    0.0347493     0.122482     0.102341    0.0492159    0.0350208    0.0548583    0.0175437     0.106452    0.0161136    0.0220937    0.0777704     0.126807    0.0096527    0.0479049     0.121002    0.0353394    0.0881013    0.0658213    0.0828459    0.0707223    0.0907821    0.0603921
   0.0460609    0.0669537     0.108219    0.0894041       0.1178   0.00997012    0.0653065    0.0454143    0.0949505    0.0979645    0.0710501    0.0494946     0.102587  0.000684363    0.0995238     0.102715    0.0962935    0.0377374    0.0376293    0.0276098    0.0696655    0.0950202  -0.00893111    0.0591295    0.0921557     0.109217    0.0120296     0.104771    0.0300833    0.0251364    0.0557187    0.0156149      0.07734    0.0928375    0.0251191     0.100423    0.0237779  -0.00748484     0.108711     0.116153     0.090116     0.100029  -0.00746852     0.101071     0.120031    0.0586693     0.121336    0.0293231
  -0.134852   -0.104347   -0.139239   -0.115551   -0.151764    -0.11188   -0.125784   -0.161259   -0.112079   -0.142025   -0.142684   -0.144952   -0.145476  -0.0937869  -0.0853645  -0.0841482  -0.0924184  -0.0979127   -0.111488   -0.140312   -0.110218   -0.128299   -0.162368  -0.0815679   -0.086679    -0.11403   -0.112936    -0.15808   -0.178124  -0.0786881   -0.130499   -0.111086   -0.166074   -0.163613   -0.101145   -0.126632  -0.0735435   -0.090456   -0.116039   -0.119162  -0.0991608   -0.114699
  -0.114318   -0.149263     -0.0523  -0.0816428    -0.10521   -0.166698  -0.0983368   -0.215167   -0.171163  -0.0653832    -0.13015    0.031525   -0.130601  -0.0848768   -0.173126  -0.0672152   -0.122654  -0.0532294   -0.202688  -0.0522381  -0.0465749  -0.0975025   -0.134138  -0.0895208  -0.0322124  -0.0614633   -0.114548   -0.222768  -0.0660239   -0.122001  -0.0267808  -0.0642779  -0.0930372   -0.210932  -0.0566609  -0.0507676  -0.0255977   -0.159229  -0.0846853   -0.152819   -0.138207  -0.0897131
 -0.0742062   -0.175931   -0.158234   -0.150339   -0.196476   -0.181389  -0.0511913   -0.128082   -0.091376    -0.11079   -0.116683  -0.0632189  -0.0953423 -0.00627924  -0.0772844    -0.11185   -0.113367   -0.160775  -0.0342244  -0.0723187  -0.0854308  -0.0569833  -0.0873894  -0.0860908   -0.156155  -0.0835025  -0.0684577   -0.126072  -0.0717512   -0.219405   -0.120464    -0.06903  -0.0769307  -0.0332557   -0.133419  -0.0796547    -0.10989   -0.139807    -0.12099   -0.187357  -0.0974778   -0.120195
 -0.0522951   -0.107613   -0.119821   -0.166231  -0.0892121   -0.119404   -0.117244   -0.150816   -0.105091   -0.154001   -0.134959  -0.0579595   -0.131843  -0.0699008   -0.117424  -0.0973317   -0.109278   -0.130748  -0.0841124  -0.0638558   -0.125333   -0.159771  -0.0779376  -0.0893655   -0.134047   -0.118072   -0.160881  -0.0808717   -0.057758   -0.170767   -0.107834   -0.107615   -0.151459   -0.133505  -0.0436674  -0.0954904  -0.0702573  -0.0669122   -0.116119  -0.0993291   -0.163882   -0.125085
 -0.0912568   -0.102732   -0.114665   -0.122287  -0.0675122   -0.057384  -0.0584768   -0.120213   -0.101019  -0.0884098  -0.0614455   -0.137773   -0.112113  -0.0245362  -0.0496781   -0.163722  -0.0488656   -0.149498  -0.0802164   -0.126235  -0.0972582   -0.174721  -0.0254276   -0.164251   -0.101413   -0.134843   -0.130533   -0.137383   -0.143493  -0.0709492   -0.107801   -0.154058  -0.0947691   -0.147107   -0.148633   -0.174419    -0.15528   -0.168789  -0.0864758   -0.163638  -0.0810398  -0.0642529
  -0.107134   -0.107683   -0.131168  -0.0983522   -0.103947    -0.13239   -0.118106   -0.108373    -0.15709  -0.0972282   -0.114976   -0.161599   -0.106993   -0.115253  -0.0746477   -0.122336   -0.129449   -0.138943   -0.157544    -0.10638   -0.107103  -0.0728955  -0.0847409   -0.175544  -0.0894669   -0.122158  -0.0665758   -0.109297   -0.148715   -0.100598    -0.13893   -0.152178   -0.140913   -0.104456  -0.0926171   -0.107873   -0.138552  -0.0857619   -0.172499   -0.117451  -0.0917708   -0.102236
 -0.0856997   -0.122483    -0.11685  -0.0974461   -0.128097   -0.101462  -0.0759771  -0.0888954   -0.158856   -0.100612   -0.126135   -0.164497   -0.146304   -0.179097  -0.0943011   -0.137543   -0.135429  -0.0986517   -0.181552   -0.133843   -0.121882   -0.128688   -0.087755   -0.137633  -0.0560634   -0.119279  -0.0858304   -0.140926   -0.144312  -0.0485987  -0.0908645   -0.108106   -0.109452   -0.132227   -0.102515   -0.146974  -0.0519076  -0.0566893   -0.155797  -0.0742199   -0.123635  -0.0658322
 -0.0493869    -0.17641  -0.0682529   -0.057258   -0.111382   -0.162344   -0.127176   -0.180228  -0.0713108   -0.189323   -0.188534   -0.118238   -0.163541  -0.0241186   -0.108183     -0.1144  -0.0894483  -0.0825785  -0.0747557  -0.0318849 -0.00244424   -0.049403  -0.0595449   -0.118379   -0.121433   -0.127595  -0.0646637   -0.100499   -0.114761   -0.170767  -0.0578142   -0.160896   -0.183166  -0.0948149  -0.0791006   -0.038128  -0.0572823  -0.0287952   -0.146925   -0.172178   -0.136036   -0.162384
  -0.140111   -0.114802   -0.109694  -0.0803857   -0.156829   -0.148063  -0.0773072   -0.138071   -0.103298  -0.0685628   -0.155185  -0.0646796  -0.0899587   -0.120166  -0.0798504  -0.0740981   -0.148627   -0.127554   -0.112415   -0.109858   -0.100017   -0.124395  -0.0780317   -0.148864    -0.18509   -0.134064   -0.159117   -0.153587   -0.139647   -0.182954   -0.111807  -0.0893048  -0.0739331  -0.0830384   -0.163488  -0.0664404  -0.0532719   -0.150794   -0.126176   -0.159938  -0.0730693  -0.0612344
    -0.1495   -0.129012  -0.0642932  -0.0653932   -0.162829   -0.123657    -0.11773  -0.0565881    -0.14458   -0.177234   -0.172816   -0.114978   -0.143643   -0.151267  -0.0817329   -0.085411   -0.147123   -0.122727   -0.150126  -0.0148691   -0.069217   -0.142027    -0.13989  -0.0866833  -0.0824989  -0.0863697   -0.125222    -0.15967   -0.107597   -0.103419   -0.105499  -0.0837898   -0.109276   -0.133552   -0.113913   -0.146802  -0.0406111   -0.160906   -0.101525  -0.0785966  -0.0807441  -0.0832383
 -0.0916122     -0.1201   -0.149063    -0.15961  -0.0931093   -0.116888  -0.0492041   -0.112971  -0.0717098   -0.130167   -0.113648   -0.118056  -0.0820265  -0.0839202  -0.0874078   -0.151964   -0.098403   -0.158249   -0.133571   -0.144236   -0.084484     -0.1357   -0.131812   -0.158935  -0.0641074   -0.068477   -0.163849   -0.154422   -0.157985   -0.112361   -0.131991   -0.151191  -0.0873036  -0.0713052  -0.0503612    -0.14805   -0.163336   -0.111558   -0.100416   -0.105676   -0.145336   -0.113732
 -0.0857661  -0.0821984   -0.129509   -0.146002    -0.10677   -0.124302   -0.169006   -0.109754   -0.133702   -0.145313   -0.170284   -0.136966   -0.143848   -0.126983   -0.157782    -0.13715   -0.123305   -0.102341   -0.109789   -0.138377   -0.108782   -0.082477   -0.164099   -0.151218  -0.0765362   -0.105856   -0.143166   -0.143334    -0.15292   -0.157003   -0.133858  -0.0806448  -0.0831147    -0.11253  -0.0904537  -0.0848608  -0.0720472   -0.102378   -0.123514   -0.089358   -0.122192  -0.0880312
  -0.168929   -0.129546   -0.122692  -0.0731793   -0.091061  -0.0941247     -0.1186    -0.14986   -0.161324   -0.103078   -0.103019   -0.118099  -0.0473593   -0.173688  -0.0973896  -0.0644299  -0.0980955  -0.0693524    -0.12785   -0.075756   -0.153472  -0.0761146  -0.0797156   -0.130524  -0.0967911   -0.151136  -0.0630112  -0.0403298   -0.157838  -0.0640687  -0.0680567   -0.127705  -0.0589888    -0.11788   -0.160666   -0.152718   -0.134902    -0.13427  -0.0599491   -0.118251   -0.151524  -0.0918839
  -0.163397  -0.0603449  -0.0840993   -0.131434   -0.126654   -0.110175   -0.135785   -0.108792     -0.1179   -0.141375   -0.149716   -0.080139   -0.154746   -0.104916   -0.108142   -0.101226   -0.105303   -0.142521   -0.153855  -0.0730405   -0.150369  -0.0995247  -0.0901613    -0.15961   -0.103185   -0.131216   -0.118342  -0.0606176   -0.164889   -0.105574   -0.122618   -0.146375   -0.130085   -0.130158  -0.0778082   -0.153726   -0.130341   -0.091395   -0.127604  -0.0730094   -0.104778   -0.099239
  -0.130939   -0.112795   -0.144002  -0.0816199  -0.0934689   -0.136499  -0.0980011   -0.104641   -0.139854   -0.114618  -0.0992037  -0.0937236  -0.0771411   -0.102944   -0.182024  -0.0928987   -0.148498   -0.108352   -0.120365   -0.118535   -0.121728   -0.118011   -0.153004   -0.138682    -0.10696    -0.15531  -0.0774725    -0.14699  -0.0909412   -0.113807   -0.130461   -0.177082    -0.14918   -0.169012  -0.0835401   -0.086951   -0.172316   -0.132101  -0.0816188   -0.100898  -0.0904131  -0.0974544
  -0.117791   -0.140761   -0.141136  -0.0600551   -0.102854   -0.120886  -0.0937415  -0.0718545  -0.0730811  -0.0973725   -0.106616   -0.168044  -0.0671394   -0.118693   -0.127528   -0.101035   -0.147776   -0.153578     -0.1406  -0.0828961  -0.0710848  -0.0825151  -0.0782646   -0.118809   -0.177591   -0.123354     -0.1179  -0.0512646   -0.131482   -0.124587  -0.0587735   -0.114415   -0.152488  -0.0654314   -0.154011   -0.136898   -0.143235  -0.0859602     -0.1441  -0.0299967   -0.118502     -0.1661
  -0.125008   -0.137947   -0.171739   -0.137441   -0.125022   -0.169724   -0.103958  -0.0638288   -0.146611  -0.0708495   -0.151859   -0.113404    -0.14271   -0.171976   -0.121382   -0.109631   -0.105633   -0.135881  -0.0839951  -0.0746428   -0.104467   -0.141383   -0.135342    -0.15545   -0.109897   -0.125839  -0.0829424  -0.0935863  -0.0786444   -0.119021  -0.0681366   -0.068862   -0.132361   -0.137377  -0.0739039  -0.0797314   -0.113424   -0.127063   -0.145979   -0.145417  -0.0736597    -0.11988
  -0.102025   -0.102288  -0.0954642   -0.129421   -0.132899   -0.142123   -0.164801   -0.036215  -0.0550532  -0.0814059   -0.136816   -0.159832  -0.0619122   -0.113355  -0.0609782   -0.107054   -0.135867  -0.0789046  -0.0872223   -0.143874   -0.125198   -0.172485   -0.136571    -0.09109   -0.123546  -0.0633281   -0.183086   -0.126491   -0.107161   -0.115418   -0.144275  -0.0672971   -0.157408  -0.0771991  -0.0671639   -0.170071    -0.10009   -0.072075   -0.154387  -0.0952249   -0.087604   -0.161038
 -0.0740888   -0.133028  -0.0597745   -0.114976   -0.149968   -0.165411  -0.0556158  -0.0969811   -0.074766   -0.179204   -0.119038    -0.10495  -0.0824458    -0.12496   -0.114565   -0.133231  -0.0538561  -0.0451684   -0.120375  -0.0823085   -0.174964   -0.112325  0.00998557   -0.102697  -0.0822922   -0.136689   -0.162494  -0.0668048    -0.20556   -0.137812  -0.0628467   -0.169488   -0.156969   -0.049532  -0.0353913  -0.0648993   -0.108052   -0.190645  -0.0413538   -0.204012  -0.0845883 -0.00340314
 -0.0200822  -0.0650164   -0.182361  -0.0971183  -0.0554048   -0.137937  -0.0405994    -0.15255   -0.107761   -0.193264   -0.144068   -0.134271   -0.112174   -0.017829   -0.173438   -0.164943  -0.0534384   -0.122934  -0.0733945   -0.133947  -0.0565837  -0.0641505   -0.120869  -0.0506614   -0.102816   -0.133289  -0.0372987   -0.163339  -0.0983506    -0.17409   -0.125641   -0.182858   -0.144209  -0.0906208  -0.0423611   -0.124641  -0.0375644   -0.132708   -0.069403   -0.165622  -0.0218364   -0.158393
 -0.0765817  -0.0656608  -0.0801637   -0.111746   -0.122239   -0.149288   -0.129228   -0.133581   -0.121813  -0.0994506   -0.106964   -0.104136   -0.109827    -0.16441   -0.149133   -0.172009   -0.159439   -0.136369  -0.0458251   -0.176593   -0.069839   -0.132736    -0.14576   -0.102902  -0.0624603   -0.127472  -0.0689018  -0.0579991  -0.0643543   -0.074962   -0.160966   -0.109374    -0.10035  -0.0450759  -0.0623481  -0.0985281   -0.131326   -0.113208   -0.133255  -0.0540035    -0.13606   -0.160933
    -0.1547   -0.128921   -0.095287   -0.136152  -0.0779844  -0.0819593   -0.112067   -0.155387   -0.186792 -0.00481326   -0.103239  -0.0650042    -0.11299   -0.181655    -0.17738  -0.0343572  -0.0693261   -0.156045  -0.0394488   -0.193083   -0.124395   -0.150436  -0.0286829  -0.0386036 -0.00503958    -0.11378  -0.0690808  -0.0814027   -0.156093   -0.023264   -0.149024   -0.104998  -0.0803127  -0.0190581   -0.141267   -0.156032   -0.180517  -0.0854053   -0.137334  -0.0463754   -0.163308   -0.117646
 -0.0600901    -0.15157   -0.131318   -0.157392  -0.0565275   -0.117919  -0.0538046   -0.133444  -0.0417474   -0.143803   -0.139392  -0.0896817   -0.112627   -0.151162  -0.0982547   -0.121649  -0.0713883  -0.0880279  -0.0895611   -0.130499   -0.105912   -0.113998  -0.0759562   -0.152217   -0.148581   -0.186926  -0.0918132   -0.125337   -0.125653   -0.118358   -0.174494  -0.0937808  -0.0983584  -0.0633645   -0.154352     -0.1156  -0.0943145   -0.138888   -0.161294  -0.0326123   -0.142592   -0.110152
 -0.0508618   -0.152648   -0.181993   -0.115706  -0.0962591  -0.0551534  -0.0588251  -0.0834001   -0.113012   -0.069529  -0.0923119   -0.128492  -0.0757488   -0.147804   -0.149563   -0.153328   -0.150856   -0.110922  -0.0809559    -0.13885   -0.108086  -0.0597562   -0.146363   -0.115972   -0.131531   -0.131063  -0.0983399  -0.0802631  -0.0791247   -0.120351   -0.136463  -0.0755209  -0.0755839   -0.137754   -0.162476   -0.125522   -0.117039  -0.0921067   -0.178435  -0.0392032   -0.147982   -0.162977
  -0.182856    -0.04725  -0.0837044  -0.0989709    -0.09556  -0.0878249   -0.149812  -0.0793639   -0.182307  -0.0881679   -0.151689  -0.0971161   -0.140958   -0.132865   -0.134026  -0.0970322  -0.0997723   -0.101357   -0.152238   -0.069655   -0.173588   -0.129796    -0.16176   -0.154492  -0.0587633  -0.0729487   -0.108815  -0.0872033   -0.153525   -0.141022   -0.149805   -0.088366   -0.104637  -0.0857348   -0.138566   -0.165044    -0.06543   -0.156205   -0.097308   -0.080673  -0.0773811  -0.0818582
 -0.0966053   -0.127773    -0.13646  -0.0644112  -0.0513728   -0.103476   -0.139588   -0.151585   -0.137313    -0.14183   -0.153996   -0.153936   -0.130203   -0.140095   -0.100444  -0.0451825   -0.147985   -0.100585  -0.0392667     -0.1222   -0.173887  -0.0704682  -0.0763254   -0.144005  -0.0908102   -0.167971   -0.154756   -0.108227  -0.0908097  -0.0493726   -0.147322   -0.108586   -0.122165  -0.0824456   -0.156018  -0.0597658   -0.109083   -0.115849    -0.17614  -0.0437505  -0.0530351   -0.162603
  -0.108143   -0.120908  -0.0539483   -0.125646   -0.162556  -0.0997192   -0.110811   -0.166168   -0.177112   -0.137037    -0.14121   -0.114315  -0.0963023   -0.091662   -0.124535  -0.0949895   -0.161018   -0.158961  -0.0837063   -0.103957  -0.0731331  -0.0775596   -0.122496   -0.119087  -0.0961753    -0.11615   -0.129782  -0.0771296   -0.128076    -0.11062   -0.115165    -0.11522  -0.0782846   -0.125728    -0.15855  -0.0898935   -0.104586   -0.130184   -0.126744  -0.0911417   -0.120137   -0.148402
   -0.14943  -0.0930848   -0.089902  -0.0969149   -0.105818  -0.0703231  -0.0695006    -0.13693  -0.0860989   -0.106254   -0.131341   -0.151828   -0.162267   -0.128654    -0.14865  -0.0773555   -0.162774   -0.156778  -0.0647472   -0.079128   -0.153413   -0.112845   -0.145178   -0.137551   -0.095714   -0.123046   -0.118309   -0.104541   -0.145855  -0.0645317   -0.133442  -0.0773526   -0.105539   -0.143206   -0.116866   -0.121757   -0.103091   -0.172174    -0.15027   -0.138776  -0.0777467   -0.123318
   -0.17889   -0.115222  -0.0990873  -0.0714133   -0.179335   -0.123315   -0.138957   -0.101028   -0.155773   -0.147825   -0.143914   -0.148659   -0.062087  -0.0823398  -0.0848269  -0.0540207   -0.133731  -0.0563301   -0.133823   -0.119201   -0.089693  -0.0576926   -0.149882   -0.169553  -0.0843428  -0.0849971  -0.0668599  -0.0821863   -0.148856   -0.148238  -0.0764419   -0.055842    -0.14232   -0.154062   -0.128277   -0.141959   -0.130718  -0.0983306    -0.10432   -0.145633  -0.0725874   -0.134894
  -0.195463  -0.0604347   -0.102166  -0.0860169  -0.0852729    -0.10083   -0.160718  -0.0747851   -0.109022  -0.0613198   -0.124265  -0.0768093   -0.115303   -0.113886    -0.11786  -0.0936443   -0.133601   -0.121563   -0.179154   -0.124807   -0.118871   -0.200911   -0.143799  -0.0744981    -0.10962  -0.0637854   -0.180276  -0.0910531   -0.142557  -0.0553955   -0.123158  -0.0826635  -0.0867824  -0.0640875  -0.0772773   -0.192414  -0.0917633     -0.1049  -0.0789657   -0.149527   -0.111723  -0.0786201
  -0.135204  -0.0677804   -0.152302  -0.0922302   -0.134144   -0.164931    -0.12686   -0.142325   -0.117347   -0.053675   -0.182082  -0.0853579   -0.112002  -0.0917714   -0.116584   -0.132289  -0.0712751  -0.0999853  -0.0715107   -0.127962    -0.15039   -0.157974  -0.0934715   -0.115511    -0.05089   -0.113459   -0.155485    -0.15576   -0.137283  -0.0545567    -0.10926  -0.0787094   -0.125473  -0.0588873   -0.113723   -0.175531   -0.102644  -0.0657758  -0.0793798   -0.155555   -0.129321  -0.0982234
 -0.0867222    -0.19834   -0.146971   -0.121571   -0.106308  -0.0815697   -0.163417   -0.065615   -0.111235   -0.133551  -0.0892093  -0.0875213   -0.196109  -0.0361804   -0.099773  -0.0957504   -0.167846   -0.050769    -0.03567   -0.124347  -0.0852522    -0.13778  -0.0159485   -0.164257  -0.0368744  -0.0714271  -0.0643266    -0.18271  -0.0396446   -0.162655  -0.0716743  -0.0889348  -0.0841831  -0.0389001   -0.201938   -0.150226   -0.184244   -0.136612  -0.0617904   -0.137471  -0.0966607  -0.0877298
 -0.0807876   -0.148312  -0.0851404   -0.146608  -0.0869796   -0.154895   -0.116259   -0.162994   -0.129032  -0.0792608    -0.14744  -0.0638849  -0.0867787   -0.114893   -0.132883   -0.141243   -0.170331   -0.185472  -0.0665416  -0.0907212  -0.0637865  -0.0703031  -0.0788633   -0.108677   -0.074333  -0.0829957  -0.0524576   -0.142719   -0.135174   -0.138028   -0.106767  -0.0961069   -0.126805   -0.142572   -0.135256   -0.111994  -0.0773482   -0.101217   -0.146554  -0.0891744   -0.183368   -0.117977
 0.00940038   -0.141813   0.0143565   -0.173149  -0.0297069  -0.0304206  -0.0367491   -0.080309   -0.049694  -0.0537309   -0.104982  -0.0698235    -0.12279  -0.0241359  -0.0732324   -0.120326  -0.0961829   -0.117184 -0.00408884    -0.15841  -0.0420834   -0.142972   -0.034462   -0.177484   -0.164378   -0.132002   -0.171966   -0.215987   -0.183155   -0.234362   -0.124061  -0.0648325   -0.111537   -0.039792   -0.142825   -0.109648    -0.19063   -0.138609   -0.127173  -0.0950905  -0.0426552   -0.167626
 -0.0964597    -0.11024  -0.0814297   -0.178996  -0.0267269   -0.105754   -0.198025   -0.101099   -0.109032   -0.177508   -0.126429  -0.0781987   -0.129925  -0.0163471  -0.0596012   -0.079257   -0.125436   -0.112727  -0.0814127  -0.0898048   -0.165185   -0.095956  -0.0644505   -0.136258  -0.0583171  -0.0964425  -0.0759464   -0.158462  -0.0451558    -0.07818   -0.056147  -0.0173223   -0.121597   -0.114301   -0.191595   -0.114333   -0.178213   -0.141538  -0.0975868   -0.154513   -0.185723  -0.0504533
 -0.0877592   -0.125117    -0.15716   -0.135925   -0.167238   -0.144287  -0.0674553   -0.120569  -0.0886558   -0.112794   -0.134465   -0.130423   -0.124434  -0.0963594   -0.122394   -0.156465   -0.163739  -0.0917874  -0.0680876   -0.118084  -0.0568772   -0.115076  -0.0466894  -0.0841392  -0.0568721   -0.125005   -0.106125  -0.0716332  -0.0755272   -0.135845  -0.0654666   -0.157595   -0.171554   -0.061942   -0.112093   -0.113949   -0.151893    -0.12696  -0.0956927   -0.157049   -0.127684   -0.132837
