no weights
   0.0563763   -0.0569843    0.0413349    0.0187319      0.11638    0.0617792     -0.12287    0.0976069     0.025255     0.105235      0.12893   -0.0416158   -0.0737433    0.0714481    0.0803057    0.0663807     0.144588     0.024003    -0.124322     0.083645   -0.0165472    0.0538737     0.164087      -0.1171   -0.0950542     0.091238     0.158036     0.187956     0.116664    -0.103791   -0.0434467     0.125081     0.136778     0.110835    0.0593088   -0.0745068   -0.0761058     0.234404      0.08781    0.0883002     0.206846   -0.0987408     0.100988    -0.152441   -0.0750502   -0.0282094    -0.110647    0.0504132
    0.020187    0.0704043    0.0389332     0.042257    0.0986476     0.105521    0.0754823    0.0642607    0.0194084    0.0463125    0.0471532     0.103734    0.0636825     0.014795     0.011754       0.0768   -0.0516435     0.136207     0.130696    0.0639021    0.0403195   -0.0362878     0.130838     0.117247     0.080583    0.0596391   -0.0419233    0.0394211    0.0301368     0.173583     0.147216   -0.0561667  -0.00349632   -0.0144388    0.0456573     0.122702    0.0775483     0.018042   -0.0118285    0.0707163    0.0733868     0.148477    0.0616541    0.0560873    0.0816297     0.125032     0.149915     0.095119
   0.0330052   0.00848491    0.0537971   0.00584072    0.0254617   -0.0332138   -0.0321531     0.107739    0.0622074     0.109295   -0.0142692    0.0117081     0.113004     0.051182     0.132079     0.113186   -0.0688455     0.166191   0.00294963     0.144795   0.00603924  -0.00219741     0.016797    0.0816329    0.0066028    0.0857003     0.169121    0.0918779   -0.0639618    0.0616659    0.0224229    0.0164822     0.148767      0.18222   -0.0380119  -0.00994559   -0.0340683     0.129646    0.0658725    0.0717336    0.0889432    0.0690671    0.0516772     0.120902    0.0326663    0.0412335   -0.0132465     0.119003
   0.0682154    0.0996036     0.187521     0.112631     0.141173     0.111697    0.0451334    0.0766275    0.0791955    0.0034767   -0.0178848     0.173873  -0.00352286   0.00999128    0.0261185    0.0796469    0.0162557    0.0727886    0.0865003    0.0283932     0.129094    0.0537743   0.00345384      0.10275    0.0724994   0.00609092    0.0466015    0.0381257     0.062213    0.0212427    0.0509752    0.0195921   -0.0487568  0.000492416   0.00794336     0.065276    0.0872187    0.0193838   -0.0209416    0.0688861 -0.000613243    0.0965509    0.0306312     0.168823    0.0613824     0.145479     0.121133   0.00248807
    0.147911   -0.0273438    -0.045703   -0.0465608     0.119069    0.0417973     0.025598    0.0750888    0.0727535    0.0979683    0.0768029   -0.0394719     0.120662    0.0707666    0.0998452    0.0495404     0.073844    0.0208674     0.110589     0.141478   0.00632445    -0.096166     0.105685    0.0162136    0.0804042     0.111062    0.0158014     0.146083     0.114679    0.0173255     0.117757   -0.0306879     0.179884    0.0480024     0.102192    0.0132309   -0.0408756     0.093685   0.00630045   -0.0430225    0.0628122   -0.0145253     0.127603  -0.00595643    0.0386949    0.0487977     0.046333     0.127706
   0.0866343    0.0600316   -0.0376464    0.0116577     0.115722   -0.0114726    0.0693766   -0.0178009    0.0634282     0.040531    0.0822483    0.0503244     0.201198    0.0136533    0.0742915   -0.0112581    0.0710948     0.114198    0.0522011     0.160174   -0.0186513   -0.0465026     0.100604    0.0805235    0.0917241    0.0949671    0.0198137     0.150351    0.0408644   0.00295271     0.160313  -0.00794246     0.128552     0.108334     0.102794    0.0980964    0.0521774    0.0394942    0.0576321    -0.024611     0.117514    0.0764642      0.15534   -0.0142018    0.0227954  -0.00137941     0.135684    0.0658953
  -0.0816078    0.0863133     0.157725    0.0824879    0.0240152     0.019217   -0.0640986     0.060639      0.09616      0.11166     0.035231   -0.0236158   -0.0372952    0.0144812     0.089305    0.0229005    0.0250353  -0.00660439     0.028735   0.00263009     0.103792   -0.0145246     0.114156    0.0331728   -0.0236591   -0.0109921     0.170813    0.0690976     0.147954   -0.0270238   -0.0157637    0.0965307    0.0713946     0.169454     0.164745  -0.00591058    0.0318015     0.144321   -0.0205512    0.0883879      0.23651   -0.0101384     0.116458   -0.0378284  -0.00813781    0.0764118    0.0988494    0.0814033
   0.0732376    0.0872972   -0.0450483    0.0616831     0.108719    0.0685828     0.127504    0.0146675   -0.0254219    0.0220912    0.0691954    0.0264154     0.182395     0.106008    -0.058389    0.0670016    0.0475606     0.125136    0.0564926     0.162736     0.034049     0.170272     0.150938     0.113515    0.0464922    0.0566162   -0.0521403      0.11218    0.0582942     0.119322    0.0671282    0.0293163    0.0231763     0.120803     0.064062    0.0794229    0.0723934   -0.0104812    0.0221042     0.100376   0.00350379      0.15637    0.0868857   -0.0543795     0.077322    0.0105202    0.0672618     0.082987
   0.0886865   0.00757194    0.0319788    0.0947275     0.108608      0.13204     0.053103    0.0627956    -0.016511     0.119172    0.0784687    0.0266646    0.0108906    0.0540794     0.040238    0.0603778     0.166147     0.055592   -0.0420636     0.123052    0.0588002      0.13143     0.147835    0.0372295  -0.00442397    0.0861582    0.0673992     0.154827     0.067651    0.0218769    0.0509696     0.149935     0.121886     0.103185     0.057085    0.0711077    0.0426205      0.14526   0.00538779    0.0605236     0.176498    0.0601194    0.0784311    -0.047726   -0.0717282   -0.0851265   -0.0262708    0.0886118
    0.013948    0.0207343   -0.0259319   -0.0838307    -0.125673    -0.010392    0.0798988     0.104963    0.0828547    0.0509608    0.0278229   -0.0612072     0.168423    0.0416576    0.0946835    0.0529346   -0.0857511    0.0505341      0.16467    0.0863764    0.0525046   -0.0891814    0.0805749    0.0615984     0.205309   -0.0306656    0.0543513   0.00584274   -0.0027764    0.0586753      0.18117    0.0225214     0.151541    0.0159551   -0.0320889    0.0996903      0.13882    0.0508828    0.0381118   -0.0521266    0.0284742     0.108916      0.17127     0.135257    0.0190785    0.0834923     0.143851     0.195278
   0.0323248    0.0440602   0.00687978    0.0654798     0.114478    0.0396891    0.0781173   0.00506019    0.0415921      0.10685     0.107819   -0.0372712    0.0591548    0.0449124     0.111189    0.0888928    0.0866925    0.0459489     0.124163     0.104545    0.0892569    0.0813113     0.102473    0.0025881     0.124705    0.0417099    0.0976702    0.0848276    0.0647811  -0.00173102     0.145755    0.0690551    0.0940124     0.155126    0.0835826    0.0364323     0.133995   0.00764329     0.118902    0.0718044    0.0889698    0.0391763     0.139435    0.0126518    0.0916289     0.105685    0.0601481    0.0881416
   0.0256122   -0.0274375    0.0882075   -0.0292004   -0.0237455   -0.0352466    0.0333062    0.0940415       0.1407    0.0179247    0.0900774   -0.0325732   0.00371442   -0.0138221     0.116092    0.0602444    0.0495078    0.0733102   -0.0162896     0.020409    0.0638798    0.0314416   -0.0163524  -0.00156942   0.00513242  -0.00734076     0.164287    0.0270946   -0.0567894    0.0761199    0.0279214    0.0207436     0.198984     0.103377    0.0288351   -0.0428025   -0.0438584     0.109129     0.213755     0.119887     0.100213    0.0147284    0.0168099     0.136582    0.0700002     0.151815  -0.00220718     0.027173
   0.0132238     0.105502    0.0670298     0.112967    0.0453229    0.0115131    0.0579428     0.063139   0.00328879    0.0633839    0.0227924    0.0502627     0.123352    0.0779617    0.0526991    0.0994581 -9.80499e-05  -0.00163884      0.09424    0.0653133     0.101111    0.0681385    0.0695878     0.060241     0.144133   -0.0325428  -0.00436895   -0.0237496    0.0901353    0.0813868     0.105683   0.00454121    0.0941743    0.0408457    0.0813476    0.0903357     0.147119    0.0502332   0.00788417    0.0506008     0.111274    0.0906672    0.0974131    0.0084302    0.0961558     0.102983     0.133473    0.0863118
  -0.0422124   0.00695532    0.0814783    0.0274373   0.00504087    0.0838103   -0.0538607    0.0465737     0.080289    0.0302317     0.167992    0.0440459   -0.0557164   -0.0484585    0.0903912   0.00413313     0.253932   0.00311619    -0.212795      0.18961   -0.0323832     0.128296    0.0285695    0.0335658    -0.122656    0.0886146     0.181897    0.0748544   -0.0148912   -0.0742032    -0.114934      0.18783     0.170546     0.150005    0.0802146   -0.0319745    -0.174821     0.228604     0.139617      0.10996     0.186963   -0.0593209   -0.0766761    -0.101647    0.0310492   -0.0412496    -0.140887    0.0508017
   0.0823928     0.130186    0.0216542     0.112715    0.0732198    0.0236984    0.0786392    0.0396284   -0.0143579    0.0890645    0.0631411    0.0763964     0.106281    0.0373845   0.00972396    0.0750796     0.132553    0.0964556    0.0592117     0.156183    0.0634891     0.150126    0.0575001     0.113164  -0.00812515    0.0506597    0.0928122    0.0607449     0.079137    0.0323233    0.0356727     0.115155     0.103686     0.149312     0.021315      0.14491    0.0154336    0.0851044    0.0514482     0.117888    0.0564023     0.108413  -0.00129658   0.00316353     0.031716    -0.069114    0.0621399    0.0143728
    0.113728     0.148868     0.131088     0.102843   0.00343314   -0.0467914     0.146076    0.0282095    0.0702494    0.0433824   -0.0038215    0.0927879    0.0798463   -0.0205612   0.00594142    0.0273023    -0.047087    0.0710117     0.114737    0.0956531     0.109028    0.0770844   0.00885158    0.0770768    0.0509096    0.0935229    0.0648357    0.0434349    0.0191044    0.0596278     0.106449  -0.00446456    0.0949671    -0.020215   -0.0577945    0.0209643    0.0438577    0.0455184     0.121971     0.053042   -0.0561914    0.0505352    0.0650965     0.112862      0.16271     0.101832    0.0740145    0.0710645
  0.00323402   0.00542115     0.067055      0.14523    0.0823171    0.0604855   0.00632933    0.0222109    0.0328786      0.15517     0.075222     0.101705    0.0106201    0.0728097    0.0353884    0.0320624    0.0919606    0.0418738     0.098735    0.0765744    0.0661523    0.0598258    0.0531302     0.064841    0.0806341    0.0226947    0.0634938     0.097238    0.0531232      0.06129    0.0517792    0.0557422    0.0564116     0.072995    0.0523423     0.100289    0.0387955    0.0813367    0.0394485    0.0865772     0.143815    0.0516883    0.0287206     0.101046     0.116087     0.106484     0.149485    0.0955914
   0.0442231    0.0790513     0.120363    0.0336493     0.137518    0.0826501    0.0566871     0.115395    0.0961743     0.120849   -0.0042295    0.0529883    0.0898375    0.0416723    0.0374596    0.0703453    0.0409484   0.00948925   -0.0310564    0.0846789      0.13741     0.102063    0.0344587    0.0605188   -0.0159193    0.0650112    0.0658227    0.0931384    0.0253171    0.0488993   -0.0435078    0.0809982    0.0452056    0.0373906   -0.0243919    0.0763799   -0.0367283    0.0648561    0.0784383    0.0651078   -0.0191099     0.048599     0.019034     0.103395     0.204833     0.168155    0.0526509    0.0171082
    0.148083    0.0181227   -0.0176342    0.0067543   -0.0243161   -0.0124142    0.0888032   -0.0713944   -0.0964578   0.00708804     0.193964    0.0214448     0.131115    0.0128611   -0.0224203     0.102006     0.151827   0.00402801 -0.000519451    0.0719712    -0.117442    0.0491763    0.0830595  0.000497383   -0.0126811     0.111601    0.0961452     0.103193    0.0849591   -0.0238954    0.0231836    0.0937448    0.0297065     0.175773    0.0171772   -0.0263478   -0.0184377     0.147922    0.0336927    0.0770047     0.158838   -0.0865045     0.199167    -0.141399   -0.0412184   -0.0977522   -0.0194534     0.188313
  -0.0127722     0.213695     0.248721     0.173423     0.149802    0.0166557  -0.00486211    0.0738244     0.100633    0.0615862     0.020272    0.0457989   -0.0532507    0.0210498    0.0616321    0.0803315    0.0627555    0.0545955   -0.0335772   0.00848009     0.103652     0.164605    0.0182379     0.101248   -0.0112332    0.0970393    0.0913873   0.00950062    0.0176502    0.0745345   -0.0497887     0.117096     0.050286   -0.0160714    0.0861209   -0.0237505   -0.0572029     0.033706     0.135031     0.135264    0.0679692     -0.01482   -0.0974956     0.120748     0.118203     0.020443  -0.00713637    -0.115638
   0.0699279    0.0850983     0.100579    0.0424628   0.00566556     0.140923   -0.0709447     0.105365     0.114861   0.00517231    0.0787028    0.0451926    0.0253485     0.022754    0.0620579    0.0442215     0.147782    0.0587364   -0.0294967    0.0511509     0.138516    0.0985844     0.152063   -0.0640786   -0.0525554   -0.0475033     0.146181   -0.0421677   0.00331344   -0.0208111   -0.0488135      0.11001    0.0832566    0.0349326     0.129864    -0.042201   -0.0226552     0.194156     0.105423   -0.0112386     0.160253  -0.00222352   0.00742778    0.0340259   -0.0635907    0.0259322   -0.0639102     0.085808
   0.0374302     0.160753      0.20565     0.159584     0.197422   -0.0137356     0.028014    0.0508861    0.0361142  -0.00439116    0.0756822     0.019361   -0.0166351    0.0150299    0.0152938    0.0102041     0.107047   -0.0478652   -0.0206662   -0.0193817     0.108213     0.138339     0.036374   -0.0253227   0.00665915     0.036136     0.157323     0.087139    0.0425247   -0.0298272    -0.048958    0.0193117    0.0389506    0.0482929     0.109319   -0.0557901     0.104467     0.111256     0.121612    0.0563967     0.066848   -0.0207453    0.0265986    0.0928123    0.0345863     0.109329    0.0530414   -0.0237096
    0.114949   -0.0158672   -0.0135331    0.0129728    0.0584141   -0.0177261   -0.0514529    0.0285251   -0.0152546      0.15714     0.101682   -0.0235124   -0.0158954   -0.0312396    0.0152019    0.0827927     0.106709   -0.0208106    -0.101787    0.0880288   -0.0830149    0.0588775   -0.0193124    -0.108653   -0.0611372    0.0753425    0.0855059     0.181022    0.0379395    -0.108365   -0.0400303     0.160362    0.0882585     0.202688  -0.00891493   -0.0778552   -0.0741536    0.0663195    0.0870894     0.112506    0.0969457   -0.0678119    0.0866813    0.0117872    0.0160407    0.0619983     0.065393     0.018813
    0.116498    0.0146877    0.0858814     0.139145    0.0734718     0.136383    0.0740889    0.0902954    0.0795334    0.0137228    0.0489003     0.136743     0.026353     0.104983     0.095534     0.118394     0.114411   -0.0285206     0.121389   -0.0430644    0.0317186     0.061924    0.0107804    0.0817285     0.099777     0.057976    0.0842524   -0.0194492    0.0239979    0.0744116    0.0552344    0.0807089    0.0219279   -0.0132493    0.0558598  -0.00463102     0.106875     0.102198     0.114516    0.0799834    0.0555783    0.0215104    0.0173989     0.105488     0.165684     0.158433    0.0946316    0.0759313
   0.0993549   -0.0492264 -4.46561e-05   -0.0309737    0.0425388   -0.0200984     0.070296    0.0497091    0.0634157    0.0104799    0.0230253    0.0283753    0.0445562    0.0969052    0.0969906    0.0726313    0.0385905   -0.0432537     0.089355   -0.0452495  -0.00875293    0.0272495    -0.116343    0.0918383    0.0167145     0.136133    0.0658159    0.0404367    0.0583719    0.0864427    0.0737237    0.0118754    0.0621141    0.0287384    0.0784634    0.0212535    0.0625307    -0.130017    0.0833078    0.0185384    -0.133056     0.042689    0.0451041     0.178192     0.263773     0.198997    0.0942293    0.0155655
   0.0333137    0.0535539    0.0703811    0.0400153    0.0104829     0.101586    0.0905573     0.021051    0.0522992   -0.0237881    0.0230335    0.0755585    0.0834347    0.0767242    0.0314606    0.0361431    0.0669357    0.0623416  -0.00164635     0.103118    0.0710384    0.0890778    0.0178303    0.0801268    0.0657407    0.0954408     0.102783    0.0012252   -0.0402417      0.12848  -0.00618855     0.102847     0.145834    0.0241352  -0.00887581    0.0865059    0.0999975    0.0532762     0.184904    0.0700901    0.0486613    0.0868914    0.0316652    0.0970945    0.0887637     0.110492    0.0383472    0.0371941
    0.110575    0.0339333    0.0991415     0.126713      0.16622      0.04799    0.0820704    0.0730599    0.0724779  -0.00343239     0.148044  -0.00775896    0.0266834    0.0501678    0.0870252    0.0463234     0.156975    -0.116884    0.0900583     0.041904   0.00314571    0.0720046  -0.00112916   -0.0692137   0.00287129      0.10722    0.0613825      0.01591     0.130641   -0.0223595   0.00228371     0.130144    0.0148008   -0.0435131    0.0521531   -0.0529892     0.121819   0.00850423     0.113633    -0.014032    0.0763882    0.0515567   0.00660253     0.152111     0.158331    0.0990803    0.0533379    0.0243344
    0.156821     0.137649    0.0892094     0.188543     0.131177    0.0819063     0.131557   -0.0229769   -0.0499519     0.054641   0.00956196    0.0969491    0.0101777    0.0440811    0.0251907     0.121165    0.0138048   -0.0429577      0.19784   -0.0831416   -0.0235691     0.120746    0.0459203    0.0735742     0.191376    0.0408609    -0.093273  -0.00863239    0.0249539    0.0693479     0.185849    0.0268448    -0.162058    -0.027547    0.0237574     0.127566     0.192419  -0.00667334   -0.0176396     0.121037   -0.0587954     0.101272    0.0236504    0.0644394    0.0215036    0.0851314     0.205999    0.0307714
    0.197553    0.0294028      0.04606  -0.00492452    0.0997966     0.130048     0.145396     0.103578    0.0863334  -0.00602221     0.138669    0.0515698   -0.0100216    0.0797848    0.0775147    0.0260707     0.183651   -0.0673869    0.0507374    0.0790383     0.118292     0.112358    0.0918502    0.0396248    0.0406411     0.123103    0.0936671    0.0230524    0.0417346    0.0568647    0.0173736     0.123863    0.0346366    0.0166475     0.108992    0.0558169    0.0418189    0.0839714      0.21652    0.0794679    0.0573246   0.00621961   -0.0279962    0.0736673    0.0425348  -0.00670092   -0.0699253   -0.0198321
    0.127994    0.0443945    -0.014854    0.0207239    0.0953545    0.0456814     0.170883    0.0618908    0.0511454    0.0936111    0.0253943    0.0200036    0.0963123     0.080604    0.0970295    0.0609914   -0.0275813 -7.99913e-05     0.182453   -0.0358857    0.0174502   -0.0674441    -0.086117     0.126183     0.208562     0.125011   -0.0370377   -0.0172665     0.123923    0.0558461     0.219414   -0.0281126   -0.0384791   0.00537021   0.00800338     0.119546    0.0802725    -0.201191    0.0116835   0.00428832    -0.123854      0.13881    0.0467908     0.160388     0.161505      0.14986     0.188198    0.0734654
  -0.0210568    0.0444491     0.165371     0.140005     0.146686     0.041779   0.00765115    0.0349378     0.103391    0.0116679  -0.00541078   0.00633826  -0.00797854 -0.000123259    0.0438248    0.0801233    0.0867167   -0.0349689   -0.0525663     0.101855      0.11352      0.15382    0.0143536   -0.0235166   -0.0219849     0.115687    0.0947415    0.0592505    0.0162613    0.0292066   -0.0375448     0.120203     0.144208    0.0331082   -0.0321025  -0.00865998    -0.028006    0.0848448     0.121593     0.117978   -0.0473182    0.0219179   -0.0750685    0.0970983      0.17568     0.138266   -0.0125354   -0.0337694
   0.0868903    0.0570465   -0.0220809   -0.0400658  -0.00907138   -0.0648873     0.123799     0.110262    0.0592903    0.0210251      0.11357    0.0322165      0.17581    0.0914364     0.036339    0.0245497    0.0142223    0.0867506    0.0350844     0.142109        0.117    0.0912393    0.0413492    0.0547442    0.0675856     0.128268     0.113766     0.113579   -0.0158458     0.089737    0.0695481   0.00466607     0.146631   -0.0144461   -0.0429352    0.0580523     0.115112    0.0761111     0.125319    0.0347953    0.0178325     0.080192    0.0659038    0.0187261    0.0743926   0.00603501     0.056485    0.0849155
  0.00300987    0.0745238  -0.00770536   -0.0287767    0.0777321   -0.0727726     0.152813    0.0957717     0.118878    0.0184042    0.0646799  -0.00943843     0.152509    0.0655673    0.0738904    0.0722331    0.0533402    0.0838771     0.134844    0.0304448    0.0737404    0.0209049    0.0038756     0.039171     0.111949    0.0837247     0.038986    0.0689534    0.0166287     0.052404     0.141442    0.0728464     0.122677    0.0270616    0.0951275    0.0220198     0.117675    0.0433701    0.0740181    0.0945047    0.0937186    0.0797043    0.0241732    0.0440975    0.0878917     0.084005     0.113816    0.0944913
     0.12453    0.0240928   -0.0497366     0.068066    0.0133623    0.0724178    0.0801785   -0.0429247   -0.0559283    0.0249145    0.0501468    0.0432296     0.112485   0.00465503   -0.0522611     0.132871    0.0861405    0.0946072     0.124685     0.081432   -0.0812577    0.0955781   0.00104723   0.00753529    0.0398108    0.0999539   -0.0215415     0.158971  -0.00324632    0.0362135    0.0885516     0.124467   -0.0609659    0.0800943    0.0442454    0.0312594      0.14543     0.156261    0.0419956    0.0856848    0.0352531    0.0652128     0.153398   -0.0819946   -0.0221399   -0.0325596    0.0978886     0.194092
  -0.0128731    0.0625985     0.200339     0.111367     0.062921     0.171764   -0.0146096    0.0659448      0.12397    0.0440362   -0.0185519     0.145459     -0.10438    0.0181252     0.125011     0.149501   -0.0555193    0.0424528    0.0712111   -0.0786146    0.0514641 -0.000499027    0.0621207    0.0318071   -0.0179556   -0.0865399    0.0924159   -0.0123032    0.0131552     0.114734    0.0132426   0.00617566    0.0128313     0.015938      0.09482     0.159659    0.0575236    0.0749886    0.0182482     0.110422  -0.00911125     0.148433    0.0497592    0.0863846    0.0815119     0.145231     0.108787    0.0959822
  -0.0150141     0.115529     0.221502     0.141064     0.148008    0.0599117    0.0233027     0.131525     0.111159    0.0317711    0.0537073    0.0380587   -0.0459218    0.0697845    0.0466459     0.120981     0.119261   -0.0128729   -0.0080239   -0.0175111     0.124708     0.107936    0.0605828   -0.0444752   -0.0793904     0.101906     0.183756    0.0550719    0.0386093   -0.0221935   0.00991058    0.0230804    0.0905704    0.0980074    0.0139682   -0.0220531   -0.0368288     0.118134     0.152041       0.1298    0.0966689   -0.0275116    0.0177431    0.0406484    0.0460634    0.0131847   -0.0227741    0.0462166
  -0.0616344    0.0787657     0.217552     0.187477    0.0633887    0.0894682    -0.012784     0.140376    0.0846778    0.0507512    0.0243826     0.165518    -0.112715    0.0973728    0.0528645     0.023805    0.0693676    0.0861932   -0.0083743    -0.092811     0.130989    0.0534744    0.0377887    0.0809559    0.0371324    0.0149641    0.0987013   -0.0489466     0.118759     0.121094     0.087567 -0.000121035   -0.0481946   -0.0257433     0.125857    0.0827668   0.00253199    0.0710718     0.120085    0.0876956    0.0197235    0.0683675   -0.0603222     0.175173    0.0894768      0.15959    0.0376174    -0.102277
    0.204903    0.0815355    0.0675824    0.0976189    0.0173791     0.198394    0.0759195  -0.00246766    0.0889691    0.0139833    0.0190544    0.0515285    0.0562881     0.112517    0.0114362    0.0167634    0.0810271    0.0624749     0.129284    0.0619348    0.0200131    0.0611869    0.0253456    0.0200232      0.14593    0.0379592    0.0868384    -0.023499   0.00396532     0.127377     0.140843    0.0284394   -0.0335833   -0.0341998    0.0779141    0.0975961     0.101887     0.118625     0.026073    0.0281814   -0.0117908     0.101374    0.0888631     0.165131   -0.0161026     0.013107    0.0904338    0.0746208
 -0.00268098    0.0303355    0.0739622     0.141113     0.117357     0.014648    0.0638947    0.0797058      0.07138     0.119981    0.0356426    0.0789967   -0.0123314    0.0472366     0.112714     0.114501    0.0741671    0.0556868  -0.00233293    0.0703154    0.0221852    0.0743229    0.0022564   0.00471973     0.051137    0.0294603   -0.0186109    0.0670124   -0.0153024    0.0580156    0.0156245    0.0890929     0.129353     0.104986   0.00848226    0.0164283   -0.0108329    0.0855952     0.139731     0.117624    0.0218432    0.0345141   -0.0551844    0.0978115     0.244449     0.129688    0.0811958    0.0685421
    0.112074    0.0613991   -0.0387486  -0.00135504    0.0345719    0.0207775     0.105505    0.0563948    0.0441986    0.0370595    0.0482793  -0.00207832     0.187508    0.0917252      0.02501    0.0602275   -0.0215222    0.0633246     0.233194    0.0839677     0.117984   -0.0827626     0.135176     0.129424     0.195369     0.045519    0.0255357    0.0591156    0.0969126     0.102637     0.219126   -0.0660467   -0.0178899   -0.0381886    0.0321835    0.0526296     0.131588    0.0193968   -0.0301784   -0.0210571   0.00710004    0.0532239     0.178573    0.0677832    -0.061639   -0.0277637     0.052151     0.117236
  -0.0886138    0.0398904     0.159372     0.151882     0.092402    0.0486179   -0.0184036   -0.0207324    0.0250294     0.099562   0.00417155     0.150017   0.00965847    0.0127751     0.077273    0.0148887  -0.00335449     0.116892   -0.0313389     0.151611    0.0802307    0.0928507     0.120552    0.0792684    0.0600666    0.0399452    0.0335506     0.133551     0.114878    0.0531829 -0.000831248    0.0504921  -0.00658724     0.142977    0.0226614     0.025557    0.0464927     0.158554   -0.0457551    0.0576286     0.147701    0.0376864    0.0848499    0.0209149    0.0555452     0.054079    0.0796515    0.0583338
   0.0160309    0.0529125     0.113324    0.0913421      0.14522    -0.035034    0.0679014    0.0542032     0.108078     0.130387     0.065156    0.0227543    0.0644494   -0.0113777     0.105754      0.11574    0.0835741  -0.00104284    0.0213745   0.00582744    0.0665513     0.112483   -0.0809709    0.0582615    0.0872177      0.12892   -0.0464484    0.0973224    0.0181752    0.0254437     0.050179   0.00854607    0.0632449    0.0850204    0.0180365      0.10969  0.000595675   -0.0821991     0.135803     0.142887    0.0329751    0.0988495    -0.089174      0.11734     0.183892     0.098333     0.167775   -0.0379753
  -0.187623   -0.100454   -0.145825   -0.106612   -0.183148   -0.119872   -0.139201   -0.162003    -0.12674   -0.142088   -0.151102   -0.150485   -0.144986   -0.111468  -0.0793408  -0.0807715   -0.090491   -0.097173   -0.140551   -0.128384     -0.1281   -0.130526    -0.18954  -0.0792864  -0.0761827   -0.107791   -0.116945   -0.148183   -0.189871  -0.0666849   -0.126557   -0.113985    -0.16209   -0.169678  -0.0951972   -0.136424  -0.0582002  -0.0885201   -0.115034   -0.124834   -0.102133   -0.107153
  -0.052611   -0.227752   0.0362738  -0.0750843   -0.111852    -0.25511  -0.0366215   -0.376778   -0.254655  -0.0268294   -0.149052    0.221101    -0.17232   0.0318999   -0.250023  -0.0317992   -0.146938   0.0307699   -0.354234   0.0446475   0.0426723  -0.0462836   -0.103076  -0.0595617   0.0748614  -0.0165263  -0.0748415   -0.402952  -0.0305628    -0.14169   0.0912357  -0.0443095  -0.0828343   -0.418632   0.0157976   0.0537516   0.0781491   -0.228155  -0.0148206   -0.253937   -0.185376  -0.0397632
  0.0244311   -0.261069   -0.177184   -0.186435   -0.299265   -0.244833  0.00664021    -0.16699   -0.046294   -0.184731   -0.117871 -0.00897351   -0.119609    0.151967  -0.0448838   -0.130705   -0.117703   -0.184127   0.0416365  0.00239661 -0.00753231    0.014643  -0.0256476  -0.0726517    -0.23265  -0.0526742  -0.0332015   -0.147329  -0.0194977   -0.358727  -0.0808631   -0.065338  -0.0803125 -0.00544291   -0.146466 -0.00378776  -0.0825209   -0.155041    -0.11556   -0.281376  -0.0986906   -0.132504
  0.0145349  -0.0978826   -0.124282   -0.183374  -0.0977133   -0.141201   -0.111438   -0.165374  -0.0817135   -0.200276    -0.15519  -0.0469167   -0.149079  -0.0204718   -0.117697   -0.123164   -0.120439   -0.143429   -0.057852  -0.0305391  -0.0877613    -0.15685  -0.0651875  -0.0949309   -0.206034   -0.128062    -0.18074  -0.0728958  -0.0368937   -0.230385   -0.105763    -0.13907   -0.191161   -0.132279  -0.0131942  -0.0552178   -0.049588  -0.0609811   -0.119415   -0.118797   -0.177735   -0.135542
 0.00223265   -0.124858   -0.114887   -0.178529  -0.0094127  -0.0103072  0.00411163   -0.134596  -0.0445471  -0.0786896  -0.0268281   -0.137616    -0.10366   0.0690095  -0.0251337   -0.245096  -0.0251261   -0.183478  -0.0504604   -0.143291  -0.0828861    -0.20611   0.0441987   -0.204784   -0.140722   -0.169347   -0.136046   -0.179311   -0.133585  -0.0856407   -0.131616   -0.185489  -0.0914839   -0.173313   -0.177706   -0.193955   -0.176221   -0.207824  -0.0773192     -0.1788  -0.0576166  -0.0495026
  -0.157823  -0.0956179    -0.14974  -0.0855262   -0.123186   -0.149549   -0.133205  -0.0965371   -0.167714   -0.100584   -0.126277   -0.180706   -0.101823   -0.157364  -0.0710584   -0.113427   -0.131402   -0.121699   -0.205604  -0.0985135   -0.109212  -0.0687005    -0.11792   -0.180605  -0.0917649   -0.115778  -0.0606081  -0.0959455   -0.148243  -0.0945072   -0.123766   -0.155231   -0.153802   -0.120613  -0.0783309    -0.11614   -0.136328  -0.0770019    -0.17643   -0.120438  -0.0959983  -0.0985689
 -0.0996169   -0.117842   -0.132074  -0.0864183   -0.121904    -0.11066  -0.0777671   -0.110183   -0.177076  -0.0977961   -0.125916   -0.187978   -0.157001    -0.23067   -0.119006   -0.153186   -0.121774    -0.10227   -0.250604   -0.152063   -0.171006   -0.138234   -0.104299   -0.128782  -0.0189043   -0.127864  -0.0672505   -0.128749    -0.16017 -0.00779326  -0.0816551   -0.122645    -0.11013   -0.147386  -0.0859637   -0.151044  -0.0289431  -0.0437885   -0.159721  -0.0696646   -0.130041  -0.0520666
  0.0405618    -0.25692  -0.0735202  -0.0125198   -0.171494   -0.238195   -0.117279   -0.240471  -0.0209305   -0.312556   -0.245686   -0.116916   -0.225609    0.109472  -0.0744051   -0.130978  -0.0930066  -0.0551522  -0.0587659   0.0590362    0.107369   0.0249655  0.00675548  -0.0794724   -0.165255   -0.117198  -0.0234195  -0.0957489  -0.0582646   -0.268497  0.00744718   -0.218197   -0.265725  -0.0949276  -0.0454731   0.0384518  0.00198701   0.0246073   -0.141796   -0.262745   -0.121572   -0.198315
  -0.128979   -0.108777   -0.106477  -0.0859482   -0.182451   -0.151035  -0.0867191    -0.13064  -0.0940326  -0.0909022   -0.167854  -0.0616801  -0.0888193  -0.0937075  -0.0687275  -0.0697025   -0.151781   -0.128324   -0.119455  -0.0843486   -0.085617   -0.127023   -0.105851   -0.170429   -0.257456   -0.127855   -0.203052   -0.158859   -0.136465    -0.22907    -0.10319  -0.0837086  -0.0805571  -0.0933997   -0.172205  -0.0534263  -0.0358483    -0.15703   -0.124057   -0.164571  -0.0539621  -0.0639914
  -0.184065   -0.118138  -0.0583764  -0.0520492   -0.204682   -0.144617   -0.126054  -0.0297308   -0.155219   -0.235178    -0.20146   -0.118435    -0.14882   -0.126977  -0.0642813  -0.0700625   -0.152449   -0.100208   -0.185659   0.0482366  -0.0631746   -0.133116   -0.181719    -0.10539  -0.0966407  -0.0840468   -0.157044   -0.175775   -0.106604   -0.137426  -0.0780997  -0.0897023   -0.121571   -0.176177   -0.111339    -0.13554 -0.00568118   -0.178626   -0.089932  -0.0951064  -0.0554301  -0.0778229
  -0.127746    -0.11106   -0.141509    -0.16266   -0.098765   -0.103341  -0.0422126   -0.101366  -0.0689313   -0.113095   -0.113952   -0.133308  -0.0706307   -0.102907  -0.0776001    -0.15247   -0.105354   -0.181823   -0.131584   -0.150365   -0.103706   -0.154271   -0.165792   -0.171947  -0.0747695  -0.0675878   -0.195418   -0.148206   -0.182333   -0.101767   -0.156327   -0.157642  -0.0768332  -0.0569229  -0.0372192   -0.163933   -0.169895   -0.112861   -0.108202  -0.0939873   -0.144252   -0.123841
  -0.135662  -0.0668549   -0.135801   -0.133383   -0.122933   -0.123727   -0.181555   -0.100336   -0.148632    -0.13349   -0.171339    -0.14856   -0.133578    -0.17824    -0.15762   -0.124286   -0.121325  -0.0976071   -0.146558   -0.135668   -0.124948  -0.0850997   -0.199439   -0.159587  -0.0795064   -0.102276   -0.153185   -0.131565   -0.171084   -0.146642   -0.130677  -0.0761354  -0.0821015   -0.120283  -0.0811562  -0.0964855  -0.0600504  -0.0988492   -0.123528  -0.0797348   -0.111263  -0.0850537
  -0.263503   -0.114651   -0.148449    -0.04644   -0.108868    -0.10208   -0.134848   -0.175414   -0.239918  -0.0705154  -0.0991526    -0.13123  -0.0232188   -0.271394   -0.134921  -0.0324946   -0.101135  -0.0691908   -0.188155   -0.062433   -0.209047  -0.0474346   -0.110961   -0.115397  -0.0636746   -0.166002  -0.0325834   0.0155348   -0.208303  0.00224782  -0.0541194   -0.147314  -0.0308998   -0.142184   -0.162256   -0.161235   -0.121081   -0.131568  -0.0428332  -0.0994447   -0.163732  -0.0581325
  -0.243354  -0.0335053   -0.083421   -0.106974   -0.136766  -0.0989067   -0.158363   -0.100918   -0.149235   -0.119771   -0.157889   -0.091437   -0.140896    -0.18474   -0.108023  -0.0787728   -0.102447    -0.13955   -0.184157  -0.0716216   -0.193006   -0.106692   -0.127662   -0.153376  -0.0791177   -0.125693   -0.126043  -0.0315307    -0.18925  -0.0678413   -0.137471   -0.144076    -0.12328   -0.129846  -0.0576034   -0.179893   -0.112631  -0.0751436   -0.127134  -0.0522053   -0.104781  -0.0866307
  -0.158482   -0.110585   -0.160441  -0.0758828  -0.0937273   -0.144546     -0.1071   -0.103346   -0.151428   -0.102877  -0.0973287   -0.113226  -0.0724295   -0.143798   -0.196071  -0.0840352   -0.154422   -0.106599   -0.135398   -0.128024   -0.123942   -0.115428   -0.171738   -0.141323   -0.113069    -0.16207  -0.0745722   -0.135492   -0.100227   -0.104325   -0.130119   -0.182719   -0.156149   -0.171352  -0.0883055  -0.0935032    -0.18673   -0.125131  -0.0886154  -0.0892707  -0.0924815    -0.10817
  -0.119223   -0.143135    -0.17278  -0.0520389  -0.0974897   -0.119391   -0.106234  -0.0517381  -0.0577818  -0.0910301  -0.0909023   -0.214625  -0.0550389   -0.157463   -0.127588   -0.086722   -0.173147   -0.163473   -0.141308  -0.0846562   -0.054778  -0.0710583   -0.111698   -0.134791   -0.229317   -0.134898   -0.120778  -0.0215012   -0.120541   -0.128179  -0.0612584   -0.114754   -0.168595  -0.0574019   -0.178371   -0.134072   -0.174175  -0.0623945   -0.181943   0.0138759    -0.11734   -0.199225
  -0.194091   -0.117048    -0.19864   -0.121445   -0.149416   -0.184423   -0.115811  -0.0534278   -0.162771  -0.0561589   -0.151796   -0.129256   -0.126846   -0.236561   -0.126275  -0.0998962   -0.102169   -0.123474   -0.148008  -0.0648893   -0.117505   -0.135833   -0.190329   -0.154283   -0.108078   -0.119357  -0.0829856  -0.0659626  -0.0877915  -0.0955672  -0.0539398  -0.0740294   -0.129809   -0.156622  -0.0536327  -0.0841922  -0.0928571    -0.11465   -0.145511   -0.134751  -0.0739239   -0.105745
  -0.148569  -0.0593044  -0.0898958   -0.117648    -0.12163   -0.120753   -0.202988   0.0150134  -0.0269162  -0.0292221   -0.128317   -0.193277  -0.0414994   -0.155129  -0.0374152  -0.0881544   -0.135576  -0.0899077  -0.0773356   -0.200232   -0.122078     -0.2415   -0.206327  -0.0997363   -0.144349  -0.0417083   -0.239005   -0.100564  -0.0930674  -0.0912507   -0.191169  -0.0306053   -0.154865  -0.0350526  -0.0601989   -0.223743   -0.126177  -0.0319605    -0.19266  -0.0318927  -0.0801209   -0.202537
-0.00568438    -0.15851  -0.0353627   -0.100463   -0.190205   -0.231607 -0.00926621   -0.104335  -0.0870311   -0.285715    -0.11641  -0.0875626  -0.0951548  -0.0819432   -0.116388    -0.15314  -0.0236879  0.00353177   -0.129135  -0.0274229    -0.22717  -0.0756327    0.132198   -0.110929  -0.0552541   -0.186898   -0.180622  -0.0487623   -0.282499   -0.159529  0.00861494   -0.236008   -0.193214  -0.0508247   0.0100774   -0.014288  -0.0894292   -0.283921   0.0355461   -0.334518  -0.0328966   0.0838306
   0.107986  -0.0686358   -0.240363  -0.0857453  -0.0409276   -0.161619   0.0375013   -0.186518  -0.0734273   -0.313062   -0.160815   -0.138197   -0.119455    0.116979   -0.200289   -0.230092  -0.0231221   -0.112073  -0.0429877  -0.0933797   0.0326962  -0.0165621  -0.0898876   -0.013774   -0.140606   -0.163381   0.0110379   -0.201267  -0.0742514   -0.263434  -0.0934873   -0.273584   -0.202206   -0.128778   0.0036082  -0.0706848    0.047003   -0.165561  -0.0493754   -0.244137    0.038135   -0.186692
 -0.0840734  -0.0313011  -0.0738429   -0.143685  -0.0730625   -0.131232   -0.164928  -0.0980557  -0.0992226   -0.017668  -0.0830399   -0.128169  -0.0845558   -0.230246   -0.160196   -0.195522     -0.1753   -0.177223  0.00468528   -0.274966  -0.0775553   -0.216023   -0.190906   -0.089601  -0.0504119   -0.123538  -0.0786384  -0.0156043   -0.046374  -0.0208605    -0.23586  -0.0800371  -0.0844985  0.00496344  -0.0329527   -0.141254   -0.187061  -0.0638572   -0.166123   0.0244287   -0.183802   -0.200128
  -0.246942    -0.10399     -0.1012   -0.134247   -0.029361  -0.0633338   -0.151111   -0.169657   -0.271081    0.119355  -0.0759265  -0.0560737  -0.0792438   -0.320557   -0.247056   0.0140513  -0.0740172   -0.175014 -0.00869795   -0.315272   -0.190244   -0.186889  -0.0141545 -0.00254823   0.0938815   -0.123025  -0.0375722  -0.0163443   -0.196145   0.0942802   -0.205561  -0.0802756  -0.0283153   0.0325052   -0.162982   -0.238914   -0.256055  -0.0419677    -0.14106   0.0323187   -0.223632   -0.125939
 -0.0228391   -0.153292    -0.15768    -0.17765  -0.0120259  -0.0945444  -0.0232621   -0.141374   -0.021816   -0.121537   -0.118377   -0.107141  -0.0991922   -0.178215   -0.107052   -0.155898  -0.0746653   -0.117301   -0.072152   -0.166802  -0.0928033   -0.120434  -0.0692035   -0.158927   -0.161252    -0.23309  -0.0786493    -0.12161   -0.109579   -0.100727    -0.23613   -0.092956  -0.0790306  -0.0674196   -0.185014   -0.129052   -0.114342   -0.146354   -0.190871   0.0102072   -0.157127   -0.117559
-0.00547202   -0.154508   -0.230997   -0.134186   -0.044408  -0.0196855  -0.0317734  -0.0689628  -0.0863319  -0.0558527  -0.0676915   -0.161822  -0.0632114   -0.188958    -0.15956   -0.190566    -0.14812   -0.151224  -0.0395653   -0.188021   -0.104214   -0.053351   -0.139993   -0.123918   -0.137229   -0.168468  -0.0824129  -0.0721451  -0.0574097   -0.107217   -0.199397    -0.06498  -0.0499766   -0.118569   -0.211742   -0.139627   -0.146271  -0.0887175   -0.225184   0.0162495   -0.159581   -0.182331
  -0.296128   -0.006803  -0.0818484  -0.0645418   -0.125027  -0.0799684    -0.17592  -0.0695469   -0.228206  -0.0633575   -0.164365   -0.108443   -0.120158   -0.215435   -0.130291  -0.0697438  -0.0875139  -0.0939409   -0.218936   -0.052492   -0.229338   -0.137354   -0.226764   -0.144886  -0.0324246   -0.061221   -0.120477  -0.0482865    -0.19178  -0.0912167    -0.15279  -0.0873575  -0.0866328  -0.0979846   -0.107904   -0.190957  -0.0271388    -0.14423   -0.083448  -0.0623323  -0.0682054  -0.0521365
 -0.0939681    -0.12795   -0.133731  -0.0506557  -0.0418764  -0.0853687   -0.142442   -0.154546   -0.140901   -0.152283   -0.159056   -0.193871    -0.14152    -0.18034  -0.0990886  -0.0261332   -0.167559   -0.125351  -0.0127166   -0.119381   -0.213323  -0.0665165  -0.0896224   -0.153574  -0.0890777   -0.188744    -0.16483   -0.092069   -0.106301   -0.024431   -0.174534   -0.102019   -0.123875  -0.0661841    -0.18056   -0.060264   -0.114147   -0.114765   -0.216278 -0.00601204   -0.046648   -0.178399
  -0.125592    -0.11254  -0.0406068   -0.131329   -0.182918   -0.099921   -0.109316   -0.167927   -0.182595   -0.138541   -0.150004    -0.11519  -0.0943195  -0.0903017   -0.119188  -0.0970532   -0.161614   -0.181449  -0.0733653   -0.102709  -0.0862745  -0.0893558   -0.154273   -0.124468    -0.13422   -0.116529   -0.168946  -0.0700304   -0.140624    -0.11908   -0.137769   -0.121993  -0.0741581   -0.113019   -0.155026  -0.0865883   -0.102151   -0.136289   -0.126559  -0.0868175   -0.112993   -0.151434
  -0.136767  -0.0973546  -0.0775446  -0.0970053  -0.0993855  -0.0593191  -0.0553669   -0.142003  -0.0817882   -0.113049   -0.133158   -0.175483   -0.169719   -0.139985   -0.149363   -0.076336   -0.171642   -0.183305  -0.0309783  -0.0895587   -0.173411     -0.1153   -0.144484   -0.148736   -0.108686   -0.142798   -0.130765   -0.105133   -0.163168  -0.0569975   -0.166614  -0.0815547   -0.108257   -0.129047   -0.137382   -0.118652   -0.121393   -0.181426    -0.17681   -0.121545  -0.0682562   -0.138082
  -0.242504  -0.0979532    -0.11606  -0.0501439   -0.225246   -0.138547    -0.15309  -0.0850575   -0.173341   -0.158174   -0.163539    -0.16783   -0.047343   -0.115266  -0.0780751  -0.0377164   -0.130346  -0.0285414    -0.19581  -0.0989612   -0.100949  -0.0435177   -0.187059   -0.180908  -0.0888001  -0.0710292  -0.0673691  -0.0709572    -0.16377   -0.149735    -0.04822  -0.0494255   -0.153246   -0.188003   -0.107372   -0.146317   -0.108786   -0.108459  -0.0959971   -0.165075  -0.0532699   -0.119512
  -0.331845  0.00348708  -0.0973639  -0.0467258  -0.0918551  -0.0843954   -0.231024  -0.0501848   -0.153848  0.00126061   -0.140145  -0.0788902  -0.0970228   -0.214145   -0.115023  -0.0662153   -0.117407   -0.115445   -0.237288   -0.170475    -0.17625   -0.274424   -0.204204  -0.0427677  -0.0441462  -0.0303595   -0.205704  -0.0375898   -0.149153   0.0302611   -0.164029  -0.0640596  -0.0643929    -0.04842  -0.0427918   -0.282239  -0.0669071  -0.0538908  -0.0766701   -0.105468   -0.134528  -0.0595038
  -0.236493  -0.0173349   -0.142916  -0.0656815   -0.125008   -0.146138   -0.168646   -0.120098   -0.145956  0.00962233   -0.185026  -0.0922173  -0.0924848   -0.181412   -0.123748   -0.108213  -0.0580685  -0.0991507  -0.0855839   -0.190134   -0.195002   -0.220377   -0.138621  -0.0926932 -0.00116296  -0.0905278    -0.17736   -0.117202   -0.156372   0.0120823   -0.158229   -0.061895   -0.108407  -0.0264694  -0.0800442   -0.244195   -0.101844  -0.0244972  -0.0833213   -0.110955   -0.141612   -0.100433
0.000270517   -0.271958   -0.135518   -0.188099  -0.0821275  -0.0575459   -0.219205  -0.0233145  -0.0699798   -0.214108  -0.0782465  -0.0755384   -0.264232    0.100532  -0.0608575   -0.112244   -0.189301   -0.018369   0.0605951   -0.114152  -0.0926154   -0.135687    0.102991   -0.183038 0.000770434  -0.0598615  -0.0157103   -0.243457   0.0330173   -0.187543  -0.0215277  -0.0510549  -0.0821631  0.00763792   -0.325538   -0.138015   -0.270166   -0.188106  -0.0313188   -0.202631   -0.126237  -0.0450267
 -0.0550923   -0.165716   -0.101609   -0.174548  -0.0597259   -0.142644   -0.115356   -0.180995   -0.129404  -0.0677072   -0.131527  -0.0382987  -0.0932903   -0.111066   -0.148631   -0.162628   -0.180406   -0.218543  -0.0523169   -0.113372   -0.045902  -0.0596625  -0.0715586   -0.107177  -0.0618374  -0.0891298  -0.0287679   -0.159452   -0.107937   -0.132687   -0.126833  -0.0984458   -0.111341    -0.16468   -0.174093   -0.117977  -0.0863771   -0.105499   -0.170036  -0.0712445   -0.229909   -0.133778
   0.255917   -0.156632    0.207527   -0.267038   0.0900423   0.0780304    0.103661  -0.0444101   0.0637993   0.0454889  -0.0704309   0.0251344   -0.132817     0.18312  -0.0321102   -0.149394  -0.0827661   -0.131662    0.185042   -0.246834   0.0702821   -0.168615    0.113669   -0.274756   -0.282018    -0.11783   -0.278425   -0.450915   -0.250914   -0.432961   -0.149101  0.00854228   -0.102996   0.0382579   -0.189049  -0.0822867     -0.3325    -0.19226   -0.145252  -0.0687509   0.0590046    -0.29855
 -0.0106511   -0.171628  -0.0769201   -0.255488   0.0289955   -0.067641    -0.28868  -0.0646468  -0.0726471   -0.240763   -0.127676  -0.0498573   -0.186709    0.112342  -0.0326096  -0.0705973   -0.151989  -0.0838062 -0.00423395  -0.0804935    -0.17693  -0.0905797   0.0252461   -0.157967  -0.0126389  -0.0745291  -0.0283942    -0.24059   0.0217854   -0.107773  0.00257375   0.0500224   -0.109877  -0.0955586   -0.319096  -0.0988869   -0.270686   -0.193445  -0.0673723   -0.204824   -0.243639 -0.00334622
 -0.0797185   -0.150421   -0.181424   -0.118219   -0.204109   -0.180061  -0.0611018   -0.146969  -0.0946198   -0.146539   -0.146856   -0.144846    -0.13837  -0.0787799   -0.135716   -0.162151   -0.164276  -0.0822591  -0.0709129   -0.105542  -0.0363519  -0.0888404  -0.0189307  -0.0667646  -0.0448196     -0.1222  -0.0832176  -0.0656315  -0.0838259   -0.146463  -0.0502993   -0.187611    -0.20438  -0.0605302  -0.0901457  -0.0992824   -0.144242   -0.120624  -0.0943254   -0.205783   -0.128377   -0.149206
