no weights
   0.0527485   -0.0642774    0.0367367    0.0143823     0.114853    0.0644048    -0.137542    0.0980712    0.0258981     0.104752     0.137088   -0.0512837   -0.0855232    0.0747199    0.0799216    0.0688145     0.149405    0.0152828    -0.139006    0.0877111   -0.0125754    0.0548911     0.176031    -0.128797    -0.112205    0.0918239      0.16338     0.195044     0.122428    -0.113586    -0.059032     0.123874     0.141745      0.10885    0.0650511   -0.0849198   -0.0896136     0.236722    0.0866423    0.0852159     0.211803    -0.103836     0.099229    -0.166371   -0.0882958   -0.0395966    -0.124632    0.0406762
   0.0155592    0.0685857    0.0362922    0.0391149    0.0905468     0.109358    0.0665863    0.0626943    0.0201648    0.0413434    0.0377728     0.105735    0.0554903     0.014822   0.00869938    0.0776704   -0.0637791     0.137293     0.127496    0.0591981    0.0401533   -0.0419536     0.127421     0.119675     0.075003    0.0571851   -0.0457956    0.0336396    0.0257488     0.177909      0.14267   -0.0631563  -0.00674729   -0.0234638    0.0412231     0.125245    0.0723064   0.00939748   -0.0189714    0.0647786    0.0615318     0.155499    0.0572291    0.0563303    0.0776243     0.124865     0.144437    0.0885422
   0.0301073   0.00852857    0.0424646  -0.00459576   0.00877505   -0.0408879   -0.0379032     0.104483    0.0619345     0.103915   -0.0342151   0.00300437      0.11305    0.0493252     0.126333     0.114758   -0.0911792     0.172488 -0.000731772     0.148594   0.00320996   -0.0025614    0.0069877    0.0836779 -0.000795846    0.0860453     0.172654     0.093863   -0.0807784    0.0644604    0.0154421    0.0101312     0.150873     0.181622   -0.0553398   -0.0103893   -0.0389151     0.118447    0.0623223    0.0689279    0.0716179    0.0736768    0.0512645     0.120775    0.0192666    0.0302596    -0.022819     0.119925
   0.0657406     0.101307     0.187524     0.112884     0.135184     0.113958    0.0394699    0.0737797    0.0799259  -0.00389817   -0.0305091     0.174345   -0.0111437   0.00982777    0.0179545     0.078723   0.00497735    0.0703894    0.0823176    0.0239422     0.130365    0.0558613  -0.00638769      0.10347    0.0635832    0.0076598    0.0448032    0.0365811    0.0553829    0.0202286    0.0417124    0.0133831   -0.0560674   -0.0113409 -0.000735472    0.0599553    0.0826648   0.00840176   -0.0267378    0.0636834   -0.0185618    0.0999231    0.0235761     0.170674    0.0596876     0.144719     0.114401  -0.00829561
    0.149131   -0.0391739   -0.0607095   -0.0611053      0.11201     0.039886    0.0153117    0.0753487    0.0726013    0.0973775    0.0753456   -0.0509062     0.115999    0.0723462     0.100329    0.0489239    0.0681643    0.0143662     0.106594       0.1428   0.00749825    -0.106052     0.109939   0.00915558     0.075155     0.111819    0.0126682     0.148453     0.118405   0.00860926     0.113158   -0.0374874     0.183797    0.0433199     0.105006    0.0053271   -0.0495126    0.0822591  -0.00289851   -0.0550616    0.0566653   -0.0164248     0.129981   -0.0116594    0.0289369    0.0419446    0.0415597     0.121199
   0.0842241    0.0544181   -0.0499226 -0.000658457     0.109134   -0.0183532    0.0627113   -0.0179247    0.0638666    0.0396056    0.0762217    0.0423978     0.198744    0.0151168    0.0749228    -0.013801    0.0632673     0.113788    0.0511462     0.162317   -0.0164696   -0.0552503     0.100637    0.0792318    0.0913023    0.0948914    0.0179856     0.151238    0.0415172 -0.000503799      0.16011    -0.011587     0.132138     0.106184     0.102463    0.0967456    0.0482751      0.02672    0.0503602   -0.0340236     0.111218    0.0773856     0.156849   -0.0178514    0.0117388  -0.00951656     0.134309     0.060623
  -0.0890855    0.0827459     0.153711    0.0798109    0.0234995    0.0154561   -0.0771798    0.0600454    0.0957825     0.112248    0.0382647    -0.034406   -0.0496262    0.0158747    0.0872809    0.0226526    0.0275394   -0.0157865    0.0148023   0.00482835     0.105716   -0.0137781     0.118322    0.0229825   -0.0382992  -0.00979497     0.173396    0.0746859     0.151909   -0.0388748   -0.0301325    0.0971651    0.0753423     0.168925     0.169311   -0.0174934    0.0195182     0.142152   -0.0236251    0.0855938     0.238403   -0.0171253     0.112956   -0.0516896    -0.022177    0.0633982    0.0878929    0.0717018
   0.0698909    0.0831211   -0.0520691    0.0517806    0.0975602    0.0665289     0.120228    0.0162038   -0.0218286    0.0177732    0.0590847    0.0196214     0.177046     0.107724   -0.0595388    0.0667534    0.0358743     0.125278     0.050262     0.165747    0.0421368     0.172197     0.147861     0.112747    0.0369035     0.056806   -0.0508792     0.114422    0.0499374     0.119953     0.057445    0.0250226    0.0253629     0.115222    0.0568371    0.0774995    0.0658712   -0.0235681    0.0192027    0.0942872   -0.0111077       0.1621    0.0851839   -0.0560837    0.0705243   0.00368375    0.0601533    0.0750845
   0.0846641  0.000497194    0.0232419    0.0846982     0.101658     0.131597    0.0388719    0.0656274   -0.0155761     0.120575    0.0802389     0.018625  -0.00225503    0.0550653    0.0433907    0.0605226     0.167043     0.050587    -0.055059      0.12631    0.0649664     0.131929     0.154042    0.0308624   -0.0175194    0.0855264    0.0713313     0.155907    0.0702036    0.0154112     0.038511     0.151309     0.126518     0.100107    0.0603253    0.0651287    0.0304611     0.138985    0.0017528    0.0546784     0.175237    0.0588532    0.0775464   -0.0620676   -0.0908026    -0.101448   -0.0396607    0.0783644
   0.0184458    0.0150851   -0.0471999    -0.103933     -0.14434   -0.0192862    0.0810795     0.102195    0.0822772    0.0460472    0.0131105   -0.0760973      0.17284    0.0438688    0.0913802    0.0506734    -0.102288    0.0508315     0.168853    0.0883652    0.0533946   -0.0935524    0.0721543    0.0600498     0.208352    -0.031119    0.0539769   0.00645628   -0.0143755    0.0575517     0.183541    0.0178421     0.153886    0.0101278   -0.0441138    0.0985335     0.142013    0.0318462    0.0319816   -0.0613135    0.0116267     0.113633     0.177124     0.138957   0.00651697    0.0745594     0.144988      0.19672
   0.0293632      0.03876  -0.00359997    0.0559605     0.108362    0.0348598    0.0716967   0.00426291    0.0407501      0.10796     0.106453   -0.0472647    0.0521441    0.0463831     0.112489    0.0878517    0.0837449    0.0390801     0.122669      0.10379    0.0902338    0.0757254     0.103407  -0.00261149     0.124192    0.0396538     0.094997    0.0816903    0.0671665    -0.007778     0.145281    0.0688636    0.0947019      0.15116    0.0855765    0.0334498      0.13256  -0.00413616     0.112009    0.0648207    0.0843136    0.0382758      0.13974   0.00700325    0.0798708    0.0988739    0.0595189    0.0823317
   0.0265068   -0.0266821    0.0809374   -0.0351679   -0.0368038   -0.0375175    0.0308132    0.0904507     0.139205    0.0104782    0.0802204   -0.0415765   0.00139204   -0.0151033     0.106925    0.0621189    0.0364684    0.0722251   -0.0219803    0.0196556    0.0618871    0.0345643   -0.0237894  -0.00437177  -0.00603009  -0.00783863     0.165537    0.0271515   -0.0709453    0.0770459    0.0184458    0.0157707     0.196966    0.0958218     0.016572   -0.0477364   -0.0478072     0.103118     0.214898     0.119961    0.0873906    0.0169862     0.013223     0.136947    0.0618093     0.145412   -0.0116588    0.0225783
   0.0121898     0.104671     0.061644     0.107748     0.039699      0.00985    0.0559345    0.0622065   0.00297732    0.0606087    0.0176301    0.0446169     0.119565    0.0793054     0.050284    0.0987838  -0.00655653  -0.00586612    0.0945465    0.0629704     0.104882    0.0666276    0.0681394     0.057946     0.142715    -0.034812  -0.00680422   -0.0275096    0.0877655    0.0799009     0.104283   0.00100835    0.0926283    0.0321608    0.0799801    0.0875876     0.147921    0.0391633   0.00336883    0.0456996     0.102137    0.0928346    0.0963711   0.00762069    0.0878779    0.0991869     0.130935    0.0796551
  -0.0545785   0.00806849     0.084032    0.0309801   0.00287225    0.0878689   -0.0705205    0.0410607    0.0794533    0.0275684     0.168776    0.0424389   -0.0716928   -0.0516536    0.0849502   0.00491168     0.254334   0.00102987    -0.234325     0.198621   -0.0365951     0.135424    0.0322057     0.028793    -0.143585    0.0892678     0.186247    0.0770681    -0.018195    -0.076994    -0.134421     0.193337     0.175997     0.152876      0.07903   -0.0338301    -0.193158     0.234062     0.140505     0.110995     0.186784    -0.060185   -0.0897257    -0.112011    0.0226897    -0.050523    -0.156976    0.0406806
       0.075     0.131568    0.0158394     0.105702    0.0652797    0.0174824    0.0696032    0.0401737    -0.012417    0.0886265    0.0550277    0.0683489    0.0971744    0.0362324    0.0101208    0.0748412     0.124353    0.0970932    0.0480574     0.161713    0.0669786     0.154486    0.0527986     0.112732   -0.0188118    0.0518005    0.0975147    0.0618662    0.0711312    0.0325316    0.0256209      0.11803       0.1089     0.148046    0.0140757     0.145846   0.00601678    0.0749552    0.0519137     0.116013     0.045859     0.111638   -0.0088814  -0.00306627    0.0161986   -0.0842922     0.052181   0.00306423
    0.114624     0.156305     0.128267    0.0997231   -0.0148599   -0.0541705     0.146883    0.0247529    0.0708277    0.0297627   -0.0306716    0.0852078     0.079823    -0.024192  -0.00948994    0.0273249   -0.0738843    0.0727331     0.111817    0.0911709     0.108742    0.0838941   -0.0148207    0.0789522     0.037902    0.0972749    0.0666077    0.0449547  -0.00612248     0.060752    0.0944738   -0.0143655    0.0854919   -0.0326764   -0.0844953    0.0112525    0.0418944    0.0321531     0.121932    0.0524899   -0.0855237    0.0530905    0.0610116     0.119202     0.159168    0.0963777    0.0630353    0.0666635
 -0.00410526 -0.000538075    0.0613141     0.139638    0.0769465    0.0591056  -0.00476934    0.0225298    0.0328772     0.157157    0.0727439    0.0968283 -0.000637211    0.0714082     0.035719    0.0312861    0.0891176    0.0368015    0.0922131    0.0742086    0.0659384    0.0547137     0.052764    0.0611286    0.0745446    0.0193461    0.0598486    0.0929564    0.0545425    0.0571124    0.0460379    0.0544042    0.0568177    0.0680737    0.0548996     0.098078    0.0315678    0.0737407    0.0315382    0.0807366     0.138644    0.0527735    0.0246546    0.0977876     0.111138     0.105131     0.149392    0.0866587
   0.0396089    0.0776489     0.116686    0.0308514     0.129917    0.0830259    0.0468404     0.114092    0.0964233      0.11618   -0.0164458    0.0483982    0.0806755    0.0409929    0.0299095    0.0712377     0.030052   0.00540884   -0.0406491    0.0835309     0.139718      0.10741    0.0258631    0.0570476   -0.0313892    0.0664204    0.0632471    0.0949384    0.0149751    0.0463388   -0.0586316    0.0755722    0.0379057    0.0277203   -0.0350767    0.0689464   -0.0462203    0.0541864    0.0715845    0.0602853   -0.0381619    0.0513643    0.0124974     0.101578     0.202477     0.163824    0.0465604   0.00543032
    0.148931    0.0115067    -0.024447   -0.0043506   -0.0400582    -0.016264     0.079692   -0.0702252   -0.0929917  9.46713e-05     0.191079   0.00714837      0.12377    0.0147307   -0.0240605     0.104143     0.144781  -0.00307357    -0.012584    0.0726112    -0.115824    0.0496745    0.0800547  -0.00886299   -0.0296217     0.114435     0.106309     0.110284    0.0782018   -0.0340192   0.00723213    0.0904763     0.034829      0.17267   0.00873565   -0.0407724   -0.0286504     0.145567    0.0385893    0.0747225     0.152973     -0.09324     0.201281    -0.147751   -0.0518238    -0.107944    -0.037013      0.18866
  -0.0219809      0.22438     0.255883     0.180879       0.1493    0.0144192   -0.0144123    0.0705923     0.100879    0.0552707    0.0105118    0.0422153   -0.0669331    0.0179011    0.0520996    0.0812521    0.0534641    0.0509587   -0.0470025   0.00686935     0.103946     0.173118   0.00850115    0.0998956   -0.0292552    0.0995916    0.0939877   0.00921216   0.00768318    0.0736034   -0.0659563     0.115433    0.0461082   -0.0240093    0.0756647   -0.0294189   -0.0679875    0.0273521     0.137312     0.137109    0.0542625   -0.0146794    -0.113908     0.116936     0.109039    0.0114186   -0.0219434    -0.134094
   0.0641381    0.0810155    0.0958066    0.0381461  -0.00112197     0.143543   -0.0842283      0.10343     0.114622 -0.000628757    0.0794903    0.0370992     0.013544    0.0236542    0.0570398     0.044624     0.147748    0.0504748   -0.0459096    0.0546058     0.140415     0.103613     0.156835   -0.0747319   -0.0730134   -0.0480453     0.150157   -0.0406339 -0.000449241    -0.027479   -0.0686726     0.108964    0.0856629    0.0297841      0.12904   -0.0527359   -0.0367928     0.195562     0.106102   -0.0137292     0.157414  -0.00602071  0.000579711    0.0238237   -0.0763274    0.0140423   -0.0828605    0.0773605
   0.0310489     0.166101     0.210216     0.164697      0.19687   -0.0190106    0.0215311    0.0490414    0.0360456    -0.012731    0.0704902    0.0129913   -0.0266514     0.015862   0.00483061    0.0086396     0.103543   -0.0573412    -0.028659   -0.0259368     0.111249     0.142135     0.030749   -0.0331433  -0.00916586    0.0375819     0.160727    0.0889091     0.039962   -0.0393887   -0.0649148    0.0137884    0.0324919    0.0363562     0.105381   -0.0721539    0.0992186     0.106603     0.121109    0.0543437    0.0583077   -0.0263752    0.0194231    0.0879821    0.0259201     0.103587    0.0394255   -0.0383276
    0.113576   -0.0246898   -0.0234589  0.000607716    0.0474544   -0.0244419   -0.0664756    0.0297823   -0.0118083     0.158707    0.0961477   -0.0433618   -0.0279349   -0.0333708    0.0157868    0.0848625     0.100893   -0.0325891    -0.118912    0.0947226   -0.0833096    0.0632083   -0.0246228    -0.122264    -0.078681    0.0780303    0.0924767     0.188151    0.0303717    -0.123036   -0.0568787     0.161489    0.0971457     0.203283   -0.0170366   -0.0912913   -0.0899466    0.0575908    0.0882516     0.109231    0.0858276   -0.0758872    0.0828058   0.00968285     0.010396    0.0553643    0.0586211    0.0117236
     0.11823    0.0122152    0.0827081     0.137333     0.065521     0.141517    0.0705448    0.0875432    0.0783339   0.00719749    0.0452814     0.136326    0.0174753     0.105649    0.0885647     0.118509     0.110235   -0.0359405     0.121285   -0.0539156    0.0301021    0.0595828   0.00507188    0.0800026    0.0943876    0.0556634    0.0804125   -0.0272146     0.022314    0.0726212    0.0506849    0.0757654    0.0120445   -0.0283518    0.0538395   -0.0103414     0.107927    0.0945065     0.109177    0.0756635    0.0448779    0.0234721    0.0134787     0.106629     0.163504     0.161009     0.090066    0.0687362
     0.10353   -0.0496757  -0.00620826   -0.0364848    0.0283897   -0.0212058     0.068414     0.044182    0.0647438  -0.00081065   0.00305304    0.0210332    0.0419635    0.0969437    0.0844299    0.0752087    0.0186979   -0.0476052    0.0864552   -0.0503249   -0.0139812    0.0332852    -0.138355     0.091537   0.00399557     0.140934    0.0656271    0.0434841    0.0381467    0.0862161    0.0607274   0.00600609    0.0567225    0.0187379    0.0587338    0.0135852    0.0594712    -0.148204    0.0795666    0.0127052    -0.165826    0.0498189    0.0402895     0.189446     0.269275     0.202079    0.0886018    0.0120721
   0.0289117     0.054621     0.064814    0.0346577  -0.00482479     0.101023    0.0848484    0.0156269    0.0526179   -0.0346332   0.00934692    0.0731756    0.0765528    0.0754704    0.0211502    0.0355978    0.0529639    0.0643953   -0.0090202     0.102266    0.0678852    0.0928447    0.0062857    0.0821317    0.0531474    0.0955353     0.105576 -0.000894334   -0.0553626     0.132249   -0.0182242     0.101091     0.144804    0.0166318   -0.0220245    0.0857296    0.0948053    0.0448537     0.184896    0.0672031    0.0309018    0.0939773    0.0240365    0.0984342     0.081452     0.104887    0.0252208    0.0320704
    0.110021    0.0306719    0.0958294     0.123684     0.162192     0.046908    0.0763009    0.0725987    0.0734494  -0.00903092     0.149187   -0.0202172    0.0154923     0.052419    0.0829203    0.0456934     0.157514    -0.135457    0.0837165    0.0342594   0.00400244    0.0727248  -0.00614478    -0.081648  -0.00947686      0.10861    0.0608081    0.0132536     0.130427    -0.034669   -0.0104759     0.126562   0.00907655   -0.0581709    0.0508033   -0.0685962     0.117483  -0.00179417     0.111371   -0.0211643    0.0649168    0.0472227  -0.00127669     0.152836     0.156599    0.0993958    0.0465045    0.0106029
    0.160573     0.140823    0.0878379     0.184529     0.123057    0.0794613     0.132135   -0.0213328   -0.0472154    0.0499529  -0.00131879    0.0901144   0.00466806    0.0462919    0.0237003     0.123382  0.000578078   -0.0500136     0.201842   -0.0938796    -0.018457     0.119561    0.0333506    0.0734225      0.19074    0.0396455   -0.0961531     -0.01496    0.0162948    0.0705825     0.186523    0.0210461    -0.169434   -0.0416013    0.0140081     0.125398     0.197162   -0.0241494    -0.019046     0.118102   -0.0778736     0.105009    0.0207359    0.0701037    0.0170452    0.0844868     0.205634    0.0220505
    0.199046    0.0274367    0.0395893   -0.0102628    0.0950336     0.134034     0.138452     0.102284    0.0852728   -0.0102099     0.142504    0.0458124   -0.0221234    0.0826111    0.0754769    0.0262822     0.185067   -0.0775795    0.0432004    0.0759556     0.121703     0.113775    0.0934591    0.0337169    0.0307052     0.123754     0.091639    0.0189856    0.0429849     0.053337   0.00906499     0.123817    0.0288719     0.004895     0.109571    0.0507796     0.036559    0.0769949     0.215369    0.0755137    0.0516403   0.00524778   -0.0331983    0.0644185    0.0283489   -0.0191145    -0.081703    -0.031598
    0.132668    0.0403399   -0.0303749   0.00647124    0.0846431    0.0390111       0.1715    0.0601218    0.0510026    0.0916937    0.0113164    0.0102126    0.0952877     0.082502    0.0957089    0.0604289   -0.0432496  -0.00427007     0.189196   -0.0414101    0.0170998   -0.0734925    -0.100231     0.128586     0.213677     0.126776   -0.0446271   -0.0208958     0.117036    0.0554824     0.223939   -0.0331829   -0.0429051  -0.00312099 -0.000623902     0.119649     0.083748    -0.227039   0.00246826  -0.00534352    -0.146863     0.144217    0.0468211     0.164192     0.153893     0.144448     0.191784    0.0685745
  -0.0343377    0.0480753     0.168022     0.142764     0.139259    0.0405487  -0.00981158    0.0293234     0.105006   0.00329644   -0.0192465  -0.00243079   -0.0258354   -0.0035285     0.031907    0.0812492    0.0753607   -0.0429726   -0.0739437     0.103829     0.109821      0.16456   0.00190087   -0.0319542   -0.0478997      0.11814    0.0989765    0.0620416  0.000618024    0.0226335   -0.0624801     0.119656     0.143414    0.0281084   -0.0470304   -0.0191007   -0.0466908    0.0801506     0.123097     0.118156   -0.0658278    0.0189513   -0.0930323    0.0948357     0.171549     0.132273   -0.0290848   -0.0482498
   0.0908752    0.0575439   -0.0357473   -0.0539088   -0.0297792   -0.0732443     0.126889     0.108872    0.0602364    0.0100506    0.0960133    0.0194366     0.180009    0.0936928    0.0272706    0.0247514   -0.0064577    0.0899046    0.0336206      0.14292     0.122428    0.0965136    0.0286641    0.0549268    0.0580529     0.131667     0.118492     0.119683   -0.0354857    0.0922489    0.0605661  -0.00356868     0.143545   -0.0242353   -0.0635411    0.0521927     0.115327    0.0615166     0.126433     0.032123  -0.00305821    0.0859831    0.0678299    0.0193247    0.0611599  -0.00818434    0.0455526    0.0814917
  0.00233703    0.0730645   -0.0193889   -0.0393391    0.0674612   -0.0815454     0.154897    0.0945454     0.118148    0.0152077    0.0568059   -0.0191806     0.153125    0.0675171    0.0714066    0.0701678    0.0428898    0.0822524     0.137856    0.0287178    0.0759432    0.0168795  -0.00257141    0.0381258      0.11358    0.0834439    0.0358616    0.0673483     0.011247    0.0512171     0.142511     0.069366     0.120907    0.0205913    0.0899803    0.0198713     0.120809    0.0288692    0.0699408     0.089357    0.0827271    0.0823175    0.0250015    0.0430374    0.0768919    0.0757367     0.112851    0.0894508
    0.127315    0.0210712    -0.054071    0.0586195  -0.00809819    0.0709285    0.0778112   -0.0394018   -0.0508581     0.015727    0.0342712    0.0346829     0.110272   0.00479107   -0.0560462     0.134639    0.0678583    0.0936746     0.120003    0.0778148   -0.0765006    0.0990265    -0.013222   0.00555565    0.0261331     0.100944   -0.0157448      0.16114   -0.0217433    0.0350442     0.074747     0.117778   -0.0622749    0.0707681    0.0267833    0.0216422     0.142815     0.146781    0.0435311    0.0828469    0.0138455    0.0688311     0.156874   -0.0782197   -0.0234303   -0.0352324    0.0870334     0.194521
  -0.0169959    0.0635684     0.202367     0.114534    0.0553996     0.181504   -0.0255234    0.0619203     0.123639    0.0369637   -0.0271732     0.148364    -0.116771     0.017463     0.117164     0.153538   -0.0664929    0.0407559    0.0631022   -0.0838672    0.0488597   0.00233807    0.0571377    0.0324813   -0.0321978    -0.087802     0.089899   -0.0168657   0.00428245     0.119555  0.000906819    0.0016941    0.0069962   0.00584703    0.0876411     0.159922    0.0498027    0.0697342    0.0121725     0.107477   -0.0247936     0.156892    0.0428495    0.0845019    0.0790372     0.144612    0.0975579    0.0884379
  -0.0208744     0.120817     0.223861     0.144889     0.145508    0.0580393    0.0152517     0.129504      0.11003    0.0262758    0.0484311    0.0326202   -0.0557397    0.0702559    0.0393571     0.122585     0.113277     -0.01828    -0.016423   -0.0207195     0.127341     0.112705    0.0592849   -0.0505884   -0.0930757     0.102576     0.186931    0.0557664    0.0347275    -0.026487  -0.00258565    0.0190865    0.0848649    0.0897862   0.00851841   -0.0313819   -0.0431109     0.115411        0.151     0.130212    0.0901258   -0.0306004    0.0128884    0.0317769    0.0322602   0.00254689   -0.0373447    0.0360404
  -0.0668788    0.0827276     0.221395     0.193565    0.0637876    0.0950722   -0.0198318     0.137468    0.0840319    0.0439899    0.0209759     0.169609    -0.124897    0.0970363    0.0434109    0.0242934    0.0655936    0.0833224   -0.0161906   -0.0995825     0.132034    0.0573554    0.0337803    0.0815671    0.0241884    0.0162321    0.0967997   -0.0523437     0.117028     0.123355      0.07611  -0.00581015   -0.0572764   -0.0400867     0.122911    0.0799746  -0.00437611    0.0665973     0.118872    0.0869158    0.0103424    0.0726902   -0.0746061     0.171326    0.0838273     0.156207    0.0254464     -0.12089
    0.209779    0.0803202    0.0594502    0.0890408   0.00407238      0.20023    0.0733802  -0.00312119    0.0906172   0.00470134   0.00834829    0.0462802    0.0522325     0.114565   0.00586432    0.0161935    0.0690699    0.0590044     0.130794    0.0551325    0.0230386    0.0589434    0.0175327    0.0191491     0.141215    0.0367175    0.0872181   -0.0285552  -0.00494115     0.128851     0.137615    0.0224588   -0.0384158   -0.0492853    0.0688212     0.094882     0.103264     0.106523    0.0229082    0.0212111   -0.0287459     0.106977     0.089455     0.169671   -0.0235205   0.00983675    0.0841019    0.0694657
  -0.0119142    0.0305163    0.0734542     0.141543      0.11277    0.0160278    0.0533753    0.0758151    0.0704611     0.117744     0.028472    0.0773769   -0.0244718    0.0439607     0.107654     0.115052    0.0671117    0.0517683   -0.0119884    0.0691256    0.0173798     0.075114  -0.00442599   0.00282939    0.0407066    0.0276494    -0.023008    0.0616363   -0.0219323    0.0574919   0.00580366    0.0892208     0.127075     0.100573   0.00409029    0.0157054   -0.0198107    0.0787013     0.135084     0.114948   0.00988949    0.0370413   -0.0666098    0.0975129     0.243496     0.130042    0.0770854    0.0589851
    0.118091    0.0585349   -0.0533201   -0.0162827    0.0213155    0.0129157     0.107403    0.0582317    0.0453986    0.0302563    0.0355606   -0.0142061     0.191732    0.0953395    0.0223425     0.059377   -0.0386763    0.0620986     0.240068    0.0795666     0.124857   -0.0898076     0.128879     0.128982      0.19605    0.0457813    0.0234406    0.0584986      0.08865     0.102803     0.220624   -0.0771897   -0.0206375   -0.0501871    0.0233338    0.0477753     0.135374  0.000945765   -0.0349953   -0.0296475  -0.00966851    0.0568494     0.185187    0.0688739   -0.0748308   -0.0376562    0.0475266     0.113968
   -0.101284    0.0410871     0.162948     0.155338    0.0900232    0.0502961   -0.0335908   -0.0232518    0.0256084    0.0965216  -0.00266348     0.151714  -0.00376086    0.0104654     0.072294    0.0136461   -0.0088091      0.11774   -0.0471865     0.156323    0.0813325    0.0968787     0.120409    0.0780132    0.0432666    0.0416752    0.0357223     0.136558     0.112703    0.0501751   -0.0178942    0.0491128  -0.00631475     0.141019    0.0191155     0.021646    0.0313045     0.157365   -0.0510766    0.0543935      0.14135    0.0385582    0.0757965    0.0123022    0.0495389    0.0470855    0.0674104    0.0467396
   0.0112489    0.0546406     0.108223    0.0873766     0.140778   -0.0412245    0.0632972    0.0523764     0.108384     0.130774    0.0550982    0.0145205    0.0564236   -0.0131358     0.102616     0.116985    0.0726188  -0.00469044    0.0155634   0.00594946    0.0667116     0.116321   -0.0919194    0.0573256    0.0815424     0.130232   -0.0507109    0.0954764   0.00906398    0.0261069    0.0451818    0.0080945    0.0612962     0.080471   0.00955924     0.110715  -0.00505084   -0.0979477     0.134152     0.141993    0.0164592     0.102598    -0.100042     0.118148     0.178453    0.0930628     0.167361   -0.0511293
   -0.199828    -0.101577    -0.148503    -0.107255     -0.19291    -0.124888    -0.146702    -0.163558    -0.133295    -0.145272    -0.156284    -0.153081    -0.148455    -0.117158   -0.0801041   -0.0807325   -0.0926106   -0.0979294    -0.149029    -0.127511    -0.135591    -0.133085    -0.198347   -0.0812797   -0.0759766    -0.107198    -0.121008    -0.149286    -0.194909   -0.0672244    -0.126161    -0.115555    -0.163589    -0.173146   -0.0969945    -0.140359   -0.0584418   -0.0904549    -0.116193    -0.129675    -0.106251    -0.107107
  -0.0529065    -0.232094    0.0305024    -0.079755    -0.117193    -0.263017   -0.0432983    -0.372475    -0.255747   -0.0361311     -0.16134      0.21285    -0.182086    0.0275272    -0.250622   -0.0334739    -0.152323    0.0278571    -0.342675    0.0422084    0.0413853   -0.0508386   -0.0906466   -0.0715213     0.075542   -0.0191778   -0.0770345    -0.404563   -0.0403056     -0.15239    0.0980693   -0.0458904   -0.0934284    -0.405696   0.00851415    0.0442202    0.0673745    -0.231898    -0.022424    -0.260081    -0.189649   -0.0462264
   0.0329102    -0.272378    -0.183421    -0.192992    -0.315541    -0.258443    0.0115402    -0.173974   -0.0445392    -0.199325    -0.124212  -0.00492105    -0.126833     0.166464   -0.0424872    -0.132511    -0.122339    -0.187388    0.0496225     0.012246   0.00117975    0.0230145   -0.0213087    -0.075477    -0.241735   -0.0492754   -0.0308483    -0.154618   -0.0157443    -0.379657    -0.069954   -0.0658001   -0.0859652  -0.00630219    -0.149515   0.00330743   -0.0802539    -0.161497    -0.116991     -0.29751   -0.0998792    -0.135962
   0.0214471   -0.0981797    -0.128495    -0.188643     -0.10321    -0.149137    -0.112428    -0.170021   -0.0816657    -0.213282    -0.162793   -0.0464259    -0.156345   -0.0135298    -0.119576    -0.128886    -0.124641    -0.145856    -0.056222   -0.0256085    -0.083236    -0.157714   -0.0670647   -0.0991763    -0.217198    -0.130269    -0.185851   -0.0774251   -0.0357275    -0.244021    -0.102239    -0.145673    -0.200823    -0.137495   -0.0110596   -0.0517596   -0.0478799   -0.0645031    -0.120843    -0.127629    -0.180578     -0.13865
   0.0236796    -0.128492    -0.118578    -0.193805   0.00788647   0.00723684    0.0210036    -0.135497   -0.0223054   -0.0767471  -0.00915115     -0.14484   -0.0995524    0.0891698   -0.0147125    -0.280761   -0.0105502    -0.191798   -0.0519996    -0.149756   -0.0812832    -0.216797     0.058848    -0.212575    -0.168463    -0.179866    -0.138037    -0.191233    -0.125594   -0.0879517    -0.139182    -0.204428   -0.0893706    -0.193936     -0.18721    -0.198877    -0.184254    -0.218174   -0.0708804    -0.186739   -0.0507195   -0.0441567
   -0.163492   -0.0993474    -0.153654    -0.088442     -0.12969    -0.156927    -0.139627   -0.0991041    -0.173878    -0.105942    -0.134204     -0.18317    -0.107547    -0.161405   -0.0752454    -0.114527    -0.136751    -0.122269    -0.210943   -0.0998133    -0.112959   -0.0717749    -0.122017    -0.185682   -0.0915377    -0.117837    -0.063846    -0.100411    -0.153063   -0.0995717    -0.123284     -0.15708    -0.159159    -0.123131   -0.0808787    -0.120401    -0.139512   -0.0805074    -0.179868    -0.125907    -0.100978    -0.101501
   -0.104404    -0.121285    -0.136864   -0.0887148    -0.125782    -0.116276   -0.0832406    -0.114721    -0.183022    -0.102206    -0.131301    -0.193152    -0.163317    -0.237423    -0.125148    -0.157598    -0.124601    -0.103984    -0.257757     -0.15609    -0.178251    -0.141935    -0.107146    -0.132498   -0.0182615       -0.131   -0.0687518    -0.132778    -0.165496   -0.0096744   -0.0811367     -0.12711    -0.114658     -0.15246   -0.0889683    -0.155437   -0.0318499   -0.0465783    -0.163072   -0.0751534    -0.135811   -0.0546375
   0.0434309    -0.262143   -0.0795114   -0.0127653    -0.181685    -0.251288    -0.118028    -0.246647   -0.0230735    -0.326806     -0.25788    -0.118572    -0.234248     0.117562   -0.0764447    -0.131512   -0.0995591   -0.0536298   -0.0582606     0.065739      0.11235    0.0278642   0.00987352   -0.0834494    -0.163209    -0.116495    -0.023931    -0.102896   -0.0586716    -0.282609    0.0192595    -0.223911    -0.277997   -0.0969515   -0.0430624    0.0396897   0.00411548    0.0208198    -0.142707    -0.277279    -0.120297    -0.203463
   -0.130258    -0.109851    -0.107892   -0.0892775    -0.190853    -0.155648   -0.0908937    -0.131289   -0.0956077   -0.0991239     -0.17397   -0.0626182   -0.0928699   -0.0908579   -0.0681485    -0.069683    -0.155132    -0.129436    -0.123361   -0.0805602    -0.085583     -0.12877     -0.11389    -0.177089    -0.269755    -0.127681    -0.213424    -0.163349    -0.138374     -0.23981     -0.10079   -0.0837978   -0.0844577   -0.0989092    -0.175591   -0.0526601   -0.0350575    -0.161229    -0.125575    -0.169804    -0.053635   -0.0655511
   -0.187231    -0.121572   -0.0611575   -0.0543986    -0.213012    -0.152978    -0.130266   -0.0312762    -0.160079    -0.245646     -0.21166    -0.120366    -0.155413    -0.124482   -0.0662324   -0.0699533    -0.158236   -0.0997643    -0.190036    0.0518126   -0.0641072    -0.134086    -0.186219    -0.112421   -0.0980906   -0.0852813    -0.163294    -0.182877    -0.111381    -0.146879   -0.0739617   -0.0915667     -0.12807    -0.180081    -0.113347    -0.137061  -0.00625799    -0.184904   -0.0922083    -0.103141   -0.0564121   -0.0804105
   -0.138548    -0.111002    -0.140564    -0.165551    -0.104185    -0.103536    -0.045751    -0.100334   -0.0712818    -0.113021    -0.115974    -0.137385   -0.0718511     -0.10875   -0.0766734    -0.153274    -0.108517    -0.187587     -0.13632    -0.152645    -0.111576    -0.159845    -0.177227    -0.176547   -0.0800625   -0.0672563    -0.206077     -0.14971     -0.18881    -0.101546    -0.162294    -0.160119   -0.0763343   -0.0584423   -0.0374103    -0.167694    -0.174409    -0.115258    -0.110538   -0.0954992    -0.147812    -0.126395
   -0.145955   -0.0670077     -0.13874    -0.134221    -0.129696    -0.127797    -0.188822    -0.100811    -0.155184    -0.135397    -0.175942    -0.151933    -0.136417    -0.187185    -0.160481     -0.12302    -0.124037   -0.0979135    -0.155532    -0.137254    -0.131938   -0.0881319    -0.208114    -0.164265   -0.0820003    -0.103396    -0.158601     -0.13329    -0.177533    -0.148555    -0.131451   -0.0767178   -0.0846559    -0.123953   -0.0831179    -0.100815   -0.0615355    -0.101063    -0.125767   -0.0824782    -0.113813   -0.0866064
   -0.277984    -0.116746    -0.153167   -0.0457033    -0.115808    -0.107521    -0.143283    -0.183519    -0.256416   -0.0702913    -0.102777    -0.134103   -0.0244542    -0.284654    -0.145051   -0.0276874    -0.105329   -0.0705412    -0.198937   -0.0623952    -0.220793   -0.0444694    -0.117501    -0.115564   -0.0600777    -0.170517   -0.0301735    0.0200184    -0.218642   0.00759325   -0.0534015    -0.152215   -0.0296197    -0.147457    -0.167108    -0.163823    -0.123357    -0.133915   -0.0423876    -0.100818    -0.171525   -0.0560145
   -0.259481   -0.0308602   -0.0842193      -0.1048    -0.143108    -0.100651     -0.16911    -0.101446    -0.159739    -0.119276      -0.1629   -0.0944613    -0.142374     -0.19884    -0.111133   -0.0744156    -0.104918    -0.139942    -0.194017   -0.0733849    -0.205715    -0.110414     -0.13939    -0.154277   -0.0761654    -0.125356    -0.131384   -0.0292254    -0.196618   -0.0640682     -0.14306    -0.144294    -0.123973      -0.1317   -0.0569908    -0.186163     -0.11283   -0.0739924    -0.128698   -0.0517925    -0.109568   -0.0862155
   -0.165542    -0.113572     -0.16475   -0.0779063    -0.097655    -0.149745    -0.112955    -0.105307    -0.157018    -0.104644    -0.101507    -0.117312    -0.075955    -0.152755    -0.201746   -0.0837049    -0.158573    -0.107485    -0.139934    -0.132084    -0.128285    -0.117322    -0.176583    -0.144616    -0.115241    -0.165183   -0.0766214    -0.137343    -0.104672    -0.106468    -0.131736    -0.184847    -0.159717    -0.173495    -0.092444   -0.0970225    -0.192464    -0.126635   -0.0923508   -0.0914776   -0.0977614    -0.112317
   -0.121604    -0.149246    -0.176734   -0.0556966    -0.101833    -0.125106     -0.11041   -0.0544186   -0.0608744   -0.0949569   -0.0965097    -0.217859    -0.059279    -0.163364     -0.13171   -0.0875744    -0.180605    -0.166209    -0.143866   -0.0866843   -0.0572586   -0.0722893    -0.115518    -0.140688    -0.234092    -0.139604     -0.12437   -0.0246316    -0.123412    -0.133021   -0.0642397    -0.115569    -0.172683   -0.0599058    -0.184009    -0.135719    -0.179102   -0.0650531     -0.18904    0.0122612    -0.122941    -0.204748
   -0.204296     -0.11793    -0.203683    -0.122468    -0.156897    -0.190721    -0.123128   -0.0549307    -0.169959   -0.0590815    -0.156978    -0.132769    -0.129845    -0.245171    -0.130662    -0.100149    -0.105567    -0.123406    -0.158517   -0.0658262    -0.123799    -0.138132    -0.199139      -0.1574    -0.108925     -0.12071   -0.0861547   -0.0668321   -0.0927896   -0.0969996   -0.0538576   -0.0766343    -0.132858    -0.161112   -0.0545587   -0.0878867   -0.0939881    -0.116189    -0.147774    -0.137927   -0.0789799    -0.106643
   -0.156754   -0.0596871   -0.0885174    -0.120862    -0.125555    -0.123845    -0.213268    0.0175897   -0.0278371   -0.0274399    -0.133434    -0.196216   -0.0451173    -0.163258   -0.0382879   -0.0878251    -0.141034    -0.093525   -0.0803887    -0.209237     -0.12656      -0.2535    -0.216133    -0.105303    -0.148552   -0.0409146    -0.251948    -0.103166   -0.0957567   -0.0922982     -0.20123   -0.0261022    -0.157022   -0.0333761   -0.0633548    -0.231148    -0.133333   -0.0312251    -0.200792    -0.030268   -0.0860757    -0.209173
 -0.00285158    -0.164171   -0.0386742    -0.102093    -0.197847    -0.243442  -0.00866788     -0.10792   -0.0928763    -0.300114    -0.125864   -0.0892241    -0.104956   -0.0765143    -0.119411    -0.153324   -0.0261166   0.00851229    -0.129495   -0.0225588    -0.228545   -0.0750663     0.143424    -0.119161   -0.0493063    -0.192024    -0.183484   -0.0552231    -0.292473    -0.168472    0.0223526    -0.243063    -0.203509   -0.0527666    0.0102999   -0.0151669   -0.0918794    -0.296881     0.037838    -0.351363   -0.0316016     0.086948
    0.136428   -0.0646198    -0.262904    -0.081857   -0.0366188    -0.166091    0.0550372    -0.192562   -0.0624826    -0.346846    -0.160391     -0.14511    -0.121429     0.144852    -0.209454    -0.255745   -0.0115606    -0.107193   -0.0406611   -0.0862583    0.0541826  -0.00401312   -0.0898245 -0.000933589    -0.159522    -0.170783    0.0244637      -0.2146    -0.064265    -0.289576   -0.0831201    -0.305898    -0.218568    -0.145972     0.015548   -0.0583142    0.0674535    -0.174769   -0.0410034    -0.268632    0.0552594    -0.197665
  -0.0869719    -0.031991   -0.0734773    -0.152682   -0.0708922    -0.133261    -0.173679   -0.0966347   -0.0985913   -0.0114156   -0.0839736    -0.130807   -0.0865674    -0.241949     -0.16482    -0.202741    -0.180576    -0.184498   0.00727854    -0.290048   -0.0819908    -0.230204    -0.198081   -0.0915053   -0.0540987    -0.125505   -0.0842941   -0.0150331   -0.0462898   -0.0176011    -0.250584   -0.0768277   -0.0845011   0.00664428   -0.0339664    -0.148249    -0.198155   -0.0602612     -0.17429    0.0296127    -0.197899    -0.207655
   -0.262439    -0.107708    -0.100077    -0.137963   -0.0255824    -0.065257    -0.164644    -0.176609    -0.289179      0.13649    -0.075186   -0.0543217   -0.0787459     -0.34422    -0.264434    0.0229487   -0.0791743    -0.179199     -0.00566    -0.337342    -0.204764     -0.19423    -0.010307   0.00118059     0.108193    -0.127124   -0.0335535  -0.00885354    -0.206635     0.109165    -0.218442    -0.075508    -0.021336    0.0402192     -0.17338     -0.25202    -0.275423   -0.0360711     -0.14549    0.0412972    -0.244647    -0.130767
  -0.0141266    -0.154555    -0.166584    -0.184601  0.000981518   -0.0858719   -0.0154019    -0.142452   -0.0115079    -0.116789    -0.107773    -0.116108   -0.0949278    -0.190998    -0.108852    -0.173291   -0.0711176    -0.124576   -0.0742182    -0.179573   -0.0914149    -0.122173   -0.0710784    -0.158408    -0.177703    -0.249422   -0.0742611    -0.120225    -0.101888   -0.0961899     -0.25902   -0.0970152   -0.0721688   -0.0758858    -0.196254    -0.130756    -0.121968     -0.14737    -0.198273    0.0216216     -0.16404    -0.119947
  0.00360128    -0.157714    -0.244254     -0.14023   -0.0336799   -0.0122874   -0.0260083   -0.0664809   -0.0780726    -0.054462   -0.0601554    -0.171654   -0.0610932    -0.203076    -0.163489    -0.206457    -0.145309    -0.160087    -0.036076    -0.201951    -0.105114   -0.0515419    -0.142762    -0.124676    -0.150072    -0.180601   -0.0787792   -0.0719945   -0.0508938    -0.105726    -0.218865   -0.0661822   -0.0440671    -0.122528    -0.225918    -0.141432    -0.154028   -0.0884744    -0.236806    0.0265778    -0.166612    -0.188909
   -0.315944   -0.0022746    -0.082425   -0.0611897    -0.135709   -0.0829677    -0.188311   -0.0709187    -0.242324   -0.0636639     -0.17075    -0.111592    -0.121295    -0.228375    -0.133054   -0.0649205   -0.0888963   -0.0940141    -0.235001   -0.0510669    -0.244208    -0.141382    -0.242449    -0.145645   -0.0295353   -0.0598559    -0.127409   -0.0451336     -0.20228      -0.0862    -0.155415   -0.0889811   -0.0862391    -0.102952    -0.105837    -0.197166   -0.0240907    -0.144737   -0.0822056   -0.0638092    -0.071497   -0.0487341
   -0.098072    -0.131861    -0.134776   -0.0516773   -0.0456396    -0.088027    -0.146945    -0.158231    -0.145507    -0.156995    -0.164668    -0.199332    -0.146845    -0.188866    -0.102011   -0.0239337    -0.174517    -0.129971   -0.0127755    -0.120125    -0.221668   -0.0668748   -0.0959779    -0.158335   -0.0912283    -0.193067    -0.169878   -0.0940655     -0.11146   -0.0249581    -0.180031    -0.101237     -0.12668   -0.0677516    -0.186935   -0.0614331    -0.117366    -0.117934    -0.224487  -0.00549192    -0.050256    -0.183022
   -0.134261    -0.110703    -0.037321    -0.134138    -0.191958     -0.10252     -0.11349    -0.169457    -0.187408    -0.142119    -0.154103    -0.115733    -0.096678   -0.0919271    -0.118476   -0.0963564    -0.163024    -0.187385   -0.0742395    -0.102216   -0.0923888   -0.0928049     -0.16778    -0.126877    -0.145199    -0.115665     -0.18189   -0.0698257    -0.144743    -0.122034    -0.142703    -0.123679   -0.0743685     -0.11323    -0.156117   -0.0855261    -0.103378    -0.139192    -0.126462    -0.088584    -0.113879    -0.151727
   -0.139249    -0.100009   -0.0767697   -0.0986596    -0.102063   -0.0604082   -0.0565958    -0.144491   -0.0837988    -0.116875    -0.136072    -0.181007    -0.173964    -0.146481    -0.151227   -0.0759808    -0.175581    -0.189102   -0.0278613   -0.0925463     -0.18041     -0.11633    -0.149815    -0.152805    -0.114176    -0.147123    -0.136024    -0.107459    -0.168008   -0.0573885    -0.174084   -0.0827365    -0.110311    -0.130207    -0.143892    -0.118856    -0.127016    -0.184982    -0.183659    -0.121244   -0.0701156    -0.142494
   -0.248658    -0.100997     -0.11999   -0.0522974    -0.233686    -0.146156    -0.159372   -0.0871383    -0.179896    -0.164995    -0.172199    -0.170701   -0.0529226    -0.117324   -0.0814702   -0.0382237    -0.135215    -0.027851    -0.202773   -0.0985758    -0.104587   -0.0455766    -0.191727    -0.186616   -0.0886126   -0.0721302   -0.0713542   -0.0758116    -0.169599    -0.155971   -0.0454508   -0.0512199    -0.158918    -0.191603    -0.109041    -0.149908    -0.110718    -0.113511   -0.0981204    -0.172485   -0.0560583    -0.121353
   -0.352035   0.00862543   -0.0961414   -0.0447952   -0.0982225   -0.0873882    -0.250707   -0.0503891    -0.167448   0.00662303    -0.147802   -0.0795102   -0.0999732    -0.229523    -0.120095   -0.0629747     -0.11988    -0.116576    -0.250602    -0.180942    -0.191119    -0.290229     -0.21652   -0.0410519   -0.0357456   -0.0263275    -0.215274   -0.0344225    -0.155247     0.038368    -0.175031   -0.0620567   -0.0640759   -0.0482225   -0.0418698     -0.29757   -0.0684467   -0.0490212   -0.0785721    -0.104021    -0.145858   -0.0593273
   -0.256068   -0.0111391    -0.140178   -0.0636887    -0.127722    -0.146602    -0.184691    -0.118221    -0.156531    0.0181128     -0.18889   -0.0932622    -0.093267    -0.198846    -0.129476     -0.10353   -0.0591008    -0.100232   -0.0926898    -0.204591    -0.208739    -0.235432    -0.150576   -0.0901609   0.00664552   -0.0864625    -0.186101    -0.113252    -0.163347    0.0210852    -0.171707   -0.0586534    -0.106848   -0.0219738   -0.0773239    -0.257739    -0.106636   -0.0183719   -0.0857546      -0.1065    -0.150921    -0.102815
  0.00514786    -0.282638    -0.138692    -0.194401   -0.0844768    -0.063356    -0.218958   -0.0235493   -0.0703509    -0.220461    -0.086106   -0.0762874    -0.273308     0.106418    -0.060218     -0.11387    -0.195645   -0.0167432    0.0672348    -0.113202   -0.0899221    -0.137222     0.113812    -0.192128   0.00446566   -0.0612799   -0.0147026    -0.253898    0.0321563    -0.194174   -0.0131575   -0.0487661   -0.0877062   0.00736619    -0.334303    -0.141369    -0.276377    -0.196775   -0.0344699    -0.211853    -0.129473   -0.0450618
  -0.0519008    -0.171109    -0.107701    -0.182123   -0.0559708    -0.140865    -0.116565    -0.185104    -0.128406   -0.0676591    -0.127064   -0.0363664   -0.0953743    -0.116106    -0.153321    -0.172901    -0.181262    -0.227067   -0.0532634     -0.12082   -0.0445217   -0.0575452   -0.0732823    -0.106252   -0.0672978   -0.0920789   -0.0237123    -0.163701    -0.102113    -0.133348    -0.134446    -0.103339    -0.108952    -0.175184    -0.184838    -0.119577   -0.0903559    -0.106724    -0.175585   -0.0698266    -0.242592    -0.139182
    0.273834     -0.16139     0.224313    -0.277401    0.0961143    0.0810007      0.11295   -0.0407689    0.0717798    0.0523768   -0.0749013    0.0309829    -0.141208      0.19721   -0.0279023    -0.151376   -0.0855339    -0.133152     0.203284    -0.253857    0.0823382      -0.1736     0.129941    -0.291895    -0.289872    -0.114407    -0.293029    -0.476215    -0.261416     -0.45015    -0.142547    0.0177196    -0.106997      0.04255    -0.195386   -0.0830608    -0.348858    -0.200651     -0.15159   -0.0717653    0.0646087    -0.310826
 -0.00611177    -0.181912   -0.0809887     -0.26055    0.0263488   -0.0753734    -0.286828   -0.0671983   -0.0746308    -0.245426    -0.137896   -0.0500141    -0.195037     0.114973   -0.0342188   -0.0715038    -0.159568   -0.0839005  0.000933898   -0.0799186    -0.172515    -0.091824    0.0345912    -0.167957  -0.00997297   -0.0764613   -0.0284295    -0.251045    0.0179499    -0.116241    0.0095649     0.052195    -0.116511   -0.0967475    -0.325593    -0.103063     -0.27459    -0.200673   -0.0732253     -0.21186    -0.247064  -0.00637082
  -0.0830052     -0.15529    -0.187572    -0.118985    -0.212361    -0.188897   -0.0650005    -0.151768   -0.0994774    -0.154281    -0.153448    -0.148613    -0.144207   -0.0805614    -0.140959    -0.163783    -0.168236   -0.0820509   -0.0733021    -0.106225   -0.0375638   -0.0882422   -0.0184147   -0.0683455   -0.0436167    -0.123077   -0.0834569    -0.069391    -0.087824    -0.152383   -0.0473695    -0.192964    -0.211746    -0.061866   -0.0904564    -0.101159    -0.146938    -0.123343   -0.0961346    -0.215944    -0.131465    -0.154233
