no weights
    0.057425    0.0180418     0.058901   -0.0138863   -0.0445026    0.0400514   -0.0315219  -0.00422035     0.100373   -0.0383502   -0.0348075    0.0902765  -0.00500952     0.054859   0.00680129     0.022554  -0.00441308    0.0762347    0.0574675    0.0387006    0.0108839    0.0670842    -0.102372    0.0174565   -0.0047873    0.0770927    0.0928648    0.0635268   -0.0305797 -1.98428e-05   -0.0190837      0.11959       0.1092    0.0600869   -0.0722642    0.0302596    0.0120488    0.0315753     0.027073   -0.0267567    -0.106362     0.131775    0.0785288     0.150217     0.192079    0.0938164   -0.0124631     0.161306
   0.0203033    0.0791284     0.064478  -0.00931401   -0.0129892    0.0691511    0.0529579    0.0443743    0.0348089   0.00985559    0.0840803    0.0735356    0.0869062  -0.00237914    0.0411037    0.0851181    -0.013962     0.125333    0.0910302    0.0400836  -0.00190993    0.0883815    0.0501775    0.0712116     0.073146    0.0644708  -0.00271791    0.0975054    0.0426574    0.0898967    0.0521771    0.0919586    0.0545761    0.0764894    0.0323595     0.120308    0.0658053  0.000587694    0.0988515    0.0902894   -0.0401188    0.0513388   -0.0415939     0.127209    0.0718905      0.07766   -0.0122461    0.0577419
   0.0856403     0.123235   0.00329257    0.0554608    0.0363243     0.126459     0.123414    0.0304664    0.0126408    -0.038979    0.0853681    0.0845118    0.0206487      0.10642   -0.0298109    0.0482861     0.114933   -0.0894315     0.076145     0.068537    0.0902827     0.126568    0.0403829    0.0465969   0.00315173    0.0064805    0.0403836    0.0204498    0.0978344    0.0338057   -0.0176827    0.0944248  -0.00381896   -0.0279758    0.0768964    0.0127979      0.07867    0.0788239    0.0647732    0.0572252    0.0146574     0.104943    0.0114871      0.12877    0.0870897    0.0709919    0.0962635   -0.0182191
    0.102975     0.164174    0.0912275      0.10516    0.0540608     0.143153   0.00472758   -0.0256391   -0.0453234    0.0642916     -0.01119     0.105315   -0.0220074     0.116696   0.00702159     0.129741    0.0499402    0.0160772     0.142621   -0.0623046   -0.0557061    0.0120301   -0.0150629  -0.00609546    0.0359382    0.0124076     0.102048    0.0524841    0.0486847    0.0449082    0.0961658     0.106496   -0.0885196    0.0849078   -0.0499156     0.040777     0.142177      0.14213    -0.013098    0.0364906    0.0481214    0.0938623    0.0829706     0.072738   -0.0902159    0.0534742    0.0571777     0.119193
    0.153703    0.0879255     0.135178    0.0352225     0.022731    0.0233076    0.0820219    0.0498964     0.127815   -0.0685852    0.0559229    0.0254282    0.0670805    0.0988112    0.0290108    0.0137586     0.061675    0.0114216   -0.0526664    0.0360657    0.0679607     0.152355    0.0570582   -0.0262125   -0.0824238     0.157956    0.0544955     0.117521   -0.0483618    0.0611279   0.00679476    0.0375516    0.0185865   -0.0150761   -0.0739611   -0.0662315    0.0233202    0.0564429     0.211545    0.0670417   -0.0112277   -0.0373234    0.0973498    0.0793809    0.0402801   -0.0237451   -0.0424301    0.0374547
    0.104217   -0.0186968    0.0387661    0.0311269    0.0304531    0.0109727    0.0863498    0.0848304     0.121621    0.0778106    -0.062924    0.0754379     0.130393    0.0681123    0.0234827    0.0182942   -0.0605119    0.0332659     0.187364   0.00157138      0.11966    0.0649976     0.016327    0.0919579    0.0802832    0.0764354    0.0412945     0.058461    0.0643631    0.0352553    0.0652752     0.031632    0.0147032   -0.0483768  -0.00992799    0.0643526     0.126462   -0.0465796    0.0461721    0.0133901   -0.0404899     0.121094     0.114398     0.135562     0.122063    0.0904611     0.109326     0.043861
  -0.0125766    -0.134851   0.00738452    -0.134961   -0.0619541     0.014528     -0.14165     0.132315      0.16406    0.0764076   0.00371428    -0.157762    -0.151451    0.0344315     0.208644    0.0755435    0.0196221     -0.13566   -0.0992748   -0.0160681    0.0587886   -0.0044009    -0.116164    -0.112778     -0.14578    0.0732488       0.1739     0.103336    0.0504572      -0.1696    -0.155654     0.129946     0.259394     0.125208   0.00900606    -0.054995    -0.142655   -0.0463384     0.160463    0.0266367    -0.073672   -0.0391133   0.00863761    0.0808512      0.18169     0.110958  0.000896635    0.0704155
   0.0425311    0.0234826   -0.0533922   -0.0440464   0.00434013     0.002518    0.0740159    0.0876016    0.0734426   -0.0547244    0.0710497   0.00798066    0.0733224     0.027356    0.0370603   -0.0165736    0.0484213     0.111409    0.0592906    0.0409367     0.059781   -0.0171563    0.0919177    0.0312216     0.116764    0.0547538     0.108228    0.0215474   0.00903458    0.0600987    0.0623786    0.0487279    0.0606187    0.0318152    0.0392153     0.011075    0.0969143    0.0761688    0.0669395    -0.022469     0.131313    0.0594047    0.0136005     0.130029  -0.00774748    0.0649277    0.0565178    0.0197845
    0.028551   0.00442761   -0.0470549    0.0114849   -0.0134661    0.0532283     0.180804   -0.0278691   -0.0294424    0.0545872    0.0220932     0.100081     0.119487     0.111855    0.0455814   0.00722794    0.0313025    0.0968954      0.12326  -0.00649067   -0.0351867   -0.0165886     0.133996      0.14443     0.217342   -0.0017356   -0.0441636   -0.0315382     0.141208     0.144184      0.19799   -0.0240506    -0.048505    0.0204697     0.119647     0.141886    0.0947247  -0.00675278   -0.0661425    0.0949946    0.0617815    0.0789558      0.11696  -0.00928546    -0.048628    -0.040402     0.114527     0.045171
   0.0126582   0.00398165   -0.0331936     0.106883   -0.0327999    0.0126922    0.0500524    0.0256796  -0.00613528    0.0232049   -0.0381848     0.107482     0.109688    0.0882864   -0.0715289     0.108818    0.0272101     0.127033    0.0846344    0.0287429   -0.0540792    0.0841638    0.0222341    0.0657911     0.114897   -0.0039882    0.0398135     0.132738   -0.0282801    0.0590122    0.0661751    0.0344379   -0.0657223     0.138508    0.0700594    0.0232742    0.0661568     0.137336    -0.115714    0.0324582    0.0568515    0.0312018     0.177708    0.0110892   -0.0179385    0.0850552     0.144699     0.203578
  -0.0447452    -0.068997    0.0896964    0.0107791   -0.0202896    0.0738001   -0.0551896    0.0857909     0.117447     0.100589  -0.00237319   -0.0123824   -0.0583458    0.0728558     0.123056     0.132175   -0.0181027   -0.0143129   -0.0382185    0.0897923    0.0625969     0.131796     0.103956   -0.0295058    -0.105635   -0.0303619    0.0550841    0.0749329  -0.00152252    0.0377666   -0.0872716   -0.0221021     0.108731     0.109384     0.007267    0.0170935   -0.0461704    0.0170652    0.0252468    0.0318933  3.35276e-05    0.0553516    0.0386665    0.0870993     0.147776    0.0847637   -0.0321166     0.070224
   0.0372697     0.187265     0.139127     0.166998    0.0587324    0.0881239    0.0765645    0.0414346    0.0200844   -0.0299063    0.0593368     0.106679   0.00273884    0.0674141   0.00972779    0.0164707    0.0761745    0.0592928    0.0599883   0.00844082    0.0559587     0.172551   0.00192355    0.0057435   -0.0296419     0.109076     0.154262     0.095586    0.0278988    0.0860212   -0.0598863     0.102691    -0.039907    0.0189469  -0.00248786   -0.0402061    0.0610786    0.0933208     0.107433    0.0593311   0.00838389    0.0587303   -0.0129961 -0.000813884    0.0316457   -0.0191215     0.014763   -0.0236193
 -0.00280957   0.00813257    0.0436037    0.0522541   0.00945598    0.0457486   -0.0268261    0.0703871    0.0852497   -0.0198296    0.0787623    0.0699192   -0.0703649    0.0300497     0.102225    0.0566129    0.0985386    0.0249443    0.0445207   -0.0592558     0.120238   -0.0293965     0.107727      0.12192     0.104213     0.029936    0.0737754    0.0123529     0.136485     0.124097     0.048483    0.0540987   0.00330973   -0.0251595     0.113129      0.11889    0.0457617    0.0818489     0.122825    0.0428248    0.0676606    0.0315469   0.00883623     0.112193    0.0105789    0.0788248   -0.0149398   -0.0735717
   0.0793625     0.103408    0.0128304    0.0402514    0.0912183    0.0916802     0.141349    0.0182649    0.0443337    0.0397133   0.00935614    0.0304073     0.158631    0.0592094   -0.0496449    0.0665785    0.0918577    0.0901372    0.0764269    0.0588382   -0.0191495     0.123215    0.0508705    0.0707033   0.00606458    0.0662283   0.00514258    0.0790137    0.0677635    0.0755693    0.0118947  0.000671251    0.0630467   -0.0199347     0.031257    0.0147938    0.0864672    0.0220249   -0.0186579   -0.0240689    0.0514026    0.0781561    0.0913903    0.0931998    0.0889387    0.0945925    0.0238062     0.087201
   0.0906918     0.136869    0.0751844     0.181974    0.0866122     0.121094    0.0784853   -0.0605349   -0.0595547    0.0801736    0.0982969    0.0544915    0.0889105    0.0461249   -0.0082365     0.110519    0.0612048    0.0214335    0.0788851  0.000915653   -0.0953228    0.0881258    0.0761583    0.0387734    0.0316986    0.0342221   -0.0169414    0.0846536    0.0098271     0.118025    0.0837475     0.126138   -0.0779005    0.0846673    0.0312864     0.136388     0.101953        0.108   -0.0684106    0.0887643     0.064208    0.0982456   -0.0274219    0.0168145    0.0314659    0.0685996     0.136278    0.0471848
    0.137327    0.0335095   -0.0429481   -0.0376824   -0.0256285   0.00134755     0.107393    0.0713715    0.0480952   -0.0417535    0.0876381   -0.0187895     0.129278     0.130177    0.0842514   0.00249274    0.0200743     0.126252     0.103329     0.136376      0.13022    0.0224164     0.149642    0.0140545    0.0812943    0.0768342    0.0806091    0.0399048   0.00190278    0.0662129     0.119269  -0.00643472     0.126948     0.012286    0.0372785    0.0410509    0.0721781    0.0445481    0.0536865  -0.00229556     0.103293 -0.000301565     0.128103    0.0405765   -0.0559783   -0.0265403   -0.0769399    0.0477885
  -0.0881757    0.0835926      0.13869    0.0928909   -0.0450478    0.0801853   0.00933916    0.0785828      0.11256   -0.0390748   -0.0806883     0.151088    0.0293278  -0.00823409    0.0929863   -0.0397686   -0.0832648     0.170256  -0.00268975    0.0437164     0.150892   -0.0206247    0.0482326     0.168268    0.0774628   -0.0291644    0.0287045   -0.0829387     0.076824     0.163844   -0.0042233   -0.0270464    0.0370967   -0.0523522    0.0521249     0.135738    0.0314514    0.0793923    0.0132325    0.0540744   -0.0107403      0.15309  -0.00238497     0.139217    0.0787427     0.110969   -0.0624695   -0.0132743
  -0.0568976   -0.0118327    0.0604989    0.0563542  -0.00396441   0.00086413   -0.0127141    0.0492852     0.117765    0.0470461   0.00146732    0.0506615   -0.0704518    0.0129744     0.107886    0.0377192  -0.00359693     0.100468   -0.0685338    0.0575439   0.00266621    0.0155926   -0.0982965    0.0933606   -0.0753361    0.0529472     0.129424     0.126787  -0.00181365    0.0224398  -0.00358705    0.0908901      0.17887     0.122228   0.00734937    0.0596063   -0.0968181    0.0250658     0.142633    0.0944163   -0.0292879    0.0384454   -0.0102571    0.0836081     0.145365    0.0960858     0.114287    -0.019273
   0.0530744   -0.0307387    0.0505719    0.0255646    0.0521418   -0.0908349    0.0689578     0.108184     0.106939    0.0780366    0.0663327   -0.0709221   -0.0179565    0.0378741   -0.0034732    0.0967638    0.0773973    0.0111462  -0.00092497    0.0563596    0.0252638    0.0937699   -0.0686274    0.0283473    -0.106674     0.118371   -0.0167611     0.136933   -0.0194004    0.0231317   -0.0896436    0.0655501      0.13563 -0.000231532    0.0173962   -0.0277061   -0.0802955    0.0348489     0.153108    0.0687746   -0.0418443     0.017184    -0.083533   -0.0226975     0.136391    0.0345082 -0.000257633   -0.0417494
   -0.014288     0.066301     0.126902    0.0769765    0.0463238   -0.0623307    0.0326437     0.103733    0.0682246  -0.00413824   -0.0427229    0.0605288  -0.00836853    0.0552071     0.101948   -0.0154349     0.116884   0.00372079    -0.030638  -0.00169161     0.156178     0.069879   -0.0986637    0.0312747   -0.0681951    0.0521961     0.150407    0.0631622    0.0586115   -0.0344102   -0.0900187     0.103464     0.060055   -0.0216459 -0.000905273   -0.0828875    0.0721366   0.00238481     0.110841    -0.024909   -0.0628869   -0.0322779   -0.0505146     0.192882     0.186439    0.0599481    0.0707758    0.0562096
    0.221976     0.145864  -0.00675417     0.157887     0.138587     0.174757     0.161796    -0.097573   -0.0886277    0.0161309    0.0537168     0.169892     0.094419    0.0975488   -0.0445648    0.0224464     0.117531    0.0666347     0.117173     0.061324   -0.0631471    0.0493397     0.113951     0.124824      0.18374    0.0781105    -0.108303   -0.0140983     0.114308     0.112062     0.177245    0.0977927    -0.165095    0.0439968    0.0340315     0.167984    0.0918164     0.144999    -0.130038   0.00103039     0.118758     0.116926    0.0865239   -0.0891299    -0.181384    -0.143267    0.0481914     0.110498
  -0.0299813    0.0400558     0.146004    0.0148263   -0.0540381  -0.00985258   -0.0980987    0.0997853     0.104273    0.0140644    0.0231942   -0.0759904   -0.0759637    0.0338663     0.142383     0.072012    0.0362439   -0.0204639    -0.158665    0.0794227    -0.014899    0.0535897   -0.0566566   -0.0514009   -0.0935101    0.0568507     0.157203     0.114618   -0.0620255   -0.0211251    -0.119788    0.0445039     0.187383     0.129774   -0.0844123     0.031119   -0.0937563    0.0904341     0.222603     0.141916    0.0164998   -0.0337916   -0.0635067  -0.00890213    0.0812704   0.00536711   -0.0981365    0.0940692
    0.139649    0.0162864    0.0704511     0.052831  -0.00464271     0.172395     0.101628    0.0748048     0.093392    0.0595628     0.081788    0.0708161   -0.0183415     0.107151     0.060272    0.0314291    0.0807315   -0.0702609      0.18019   -0.0491838     0.103711   -0.0393571    0.0480034   0.00773338     0.174071    0.0568134    0.0587741   -0.0869465    0.0896658    0.0149863     0.143324    0.0139791   -0.0195035    -0.115521    0.0529796    0.0996968     0.142017    0.0545697    -0.027003   -0.0926566    0.0081051    0.0740955    0.0735421      0.14646   0.00458884    0.0826341    0.0608051    0.0656742
    0.109468     0.140837   -0.0223692     0.190595     0.101846     0.131582    0.0851663   -0.0936184   -0.0567626    0.0819094    0.0230705    0.0929611     0.026968     0.104966   -0.0563037     0.117325    0.0397801   -0.0378982     0.215513   -0.0880722    -0.103963   -0.0560558    0.0125009      0.04519     0.169014   -0.0388382    -0.191518   -0.0919712     0.103787     0.164915     0.199268    0.0585363    -0.183392    0.0326024     0.115763     0.111829     0.140638   -0.0223523    -0.124603     0.123862    0.0239948    0.0884007     0.023553    0.0166323   0.00456736    0.0290506     0.227059    0.0669384
   0.0488611     0.032402    0.0593648   -0.0230807    -0.125248    0.0170485    0.0292897    0.0803489     0.086796   -0.0483097   -0.0951927    0.0180451     0.013719    0.0385906    0.0461965    0.0133104  -0.00409221    0.0229033    0.0116727   -0.0212562    0.0692756    0.0718946   -0.0665467    0.0752435    0.0417821    0.0404487     0.142068   -0.0240664   -0.0865755    0.0464632   -0.0654271      0.06923     0.094159   -0.0318687   -0.0717905    0.0257601    0.0764211    0.0254114    0.0870266   0.00473207   -0.0821852     0.115324   0.00527113     0.206278     0.152981     0.177287    0.0505273     0.117579
   0.0246108    0.0298408   -0.0209988   -0.0349695    0.0895609    0.0562126   -0.0334517   -0.0176056  -0.00199727    0.0724384     0.110712     0.101494    0.0126722      0.03824    0.0189271    0.0584536     0.196318     0.105498   0.00410654     0.138723    0.0418873    0.0295196    0.0778542  -0.00999211    0.0476027    0.0373787     0.152244     0.111278     0.131156    -0.013839    0.0173181    0.0849477    0.0570309      0.10005     0.153503    0.0327962    0.0455226    0.0964979   0.00647527    0.0247842     0.183292   -0.0322028    0.0669443  -0.00666646    -0.124863    -0.100175   0.00929019    0.0431054
   0.0982336    0.0528699     0.084754     0.072063     0.052368    0.0842639    0.0594732     0.073142     0.083971    0.0102187     0.165446    0.0888502   0.00883328     0.028821    0.0188636   -0.0169537     0.108272    0.0433787    0.0224036    0.0697318    0.0293484    0.0623865      0.01248   -0.0259291   -0.0423615    0.0437261    0.0956366   0.00806451     0.114658   -0.0328553   -0.0341988     0.142823    0.0993359    0.0404967    0.0749709   -0.0157654   -0.0331787     0.149011     0.113597     0.026646     0.137409    0.0278316    -0.002683    0.0289297     0.105927    0.0566683   0.00733618    0.0308892
   0.0133924     0.073601    0.0251928    0.0985846     0.111435   -0.0331145    0.0867831   -0.0304136   -0.0219997    0.0172795   -0.0221723   -0.0107972     0.112025    0.0829254   -0.0657014    0.0176946   -0.0114026     0.135231    0.0468692     0.174347    0.0452725     0.106418    0.0441638    0.0949044   0.00359593     0.044498    0.0790186     0.107204   0.00901862    0.0423834    0.0470869    -0.052393    0.0838648     0.144077    0.0210543   -0.0425133    0.0494683    0.0565862   -0.0237705      0.08575    0.0123198    0.0765829    0.0466862   -0.0153263    0.0637824    0.0813815    0.0919551     0.104074
    0.162787   -0.0672715    -0.190539    -0.100686   -0.0796818   -0.0133999     0.190437   -0.0396607  0.000673924   -0.0504197    0.0925229   -0.0232577     0.209938    0.0765821    0.0314757  -0.00405006   -0.0393674     0.134599     0.176423     0.132371   -0.0130857   -0.0487846    0.0882089    0.0827202     0.104505    0.0662674   -0.0233955    0.0817413    0.0352179    0.0690235     0.144317   0.00109791     0.082505    0.0677939   0.00586482    0.0666421    0.0836963   -0.0372996   -0.0560044    -0.103671   0.00975785     0.139036     0.186487    0.0537116    0.0545575   -0.0105871    0.0411415      0.11879
    0.106607    0.0738514    0.0739111     0.152453      0.13855      0.15181    0.0596973   -0.0291818   -0.0106433     0.108441     0.117964    0.0962996    0.0432142    0.0533417   -0.0750946    0.0756879     0.126315    0.0797886    0.0613064    0.0132201    0.0256882     0.169807     0.112839    0.0466677    0.0430466   -0.0147601   -0.0472363    0.0676815    0.0408282     0.111336    0.0540956    0.0944901    -0.111516    0.0651684    0.0588177     0.089763     0.139364    0.0202319   -0.0782067     0.107347    0.0148807     0.107645    0.0690691   -0.0323775 -0.000701693    0.0478239    0.0714251    0.0182419
  -0.0224548     0.165894      0.12352     0.101166     0.042207     0.159053   -0.0155606    0.0235102    0.0801798     0.066927   -0.0637585    0.0707821   0.00723767    0.0695107    0.0955304    0.0598978    0.0203646    0.0302306    0.0571363   -0.0236009     0.104773    0.0665797    0.0226549    0.0219146  -0.00776507   -0.0807827    0.0723359    -0.096744   -0.0455391     0.119933    0.0400004     0.098547  0.000553241    -0.069775   -0.0186874    0.0888881    0.0635586     0.077318   -0.0454129    0.0973381   -0.0423732    0.0501301     0.022888     0.213657    0.0465766     0.155404    0.0520668    -0.011412
   0.0162365    0.0532624     0.146884     0.121154    0.0101697    0.0235778   -0.0290166     0.119637     0.130967    0.0804499   -0.0106348    0.0125413  -0.00239664    0.0873252    0.0429334     0.139072   -0.0310546    0.0730047   0.00299307   -0.0364897  -0.00279304    0.0887834   -0.0329685    0.0130054   -0.0455304    0.0199933     0.159319      0.13856    -0.051584    0.0235688     -0.02349    0.0412897    0.0201989    0.0706221    0.0128785    0.0340335    0.0240299     0.112384     0.108268     0.149972   -0.0229884    0.0678772    0.0131503    0.0907917    0.0885854    0.0516491    0.0269041   -0.0106164
  -0.0373275     0.065502    0.0933027    0.0608538     0.093907    0.0168073    0.0174072    -0.020123   -0.0294538    0.0377666     0.118012    0.0679023    0.0688276    0.0441573    0.0181416    0.0787046    0.0654109       0.1069   -0.0635222     0.136691   -0.0330459    0.0916764     0.153453    0.0113791   -0.0671316    0.0484167    0.0722082     0.140046    0.0544374  0.000331821    0.0318441    0.0704673    0.0874575     0.160181     0.127732    0.0666724   -0.0286301     0.124247     0.052021     0.112843     0.149065   -0.0176416  -0.00377796   -0.0607531  -0.00281119   0.00318452    0.0413178   -0.0113186
     0.10559    0.0961991    0.0349084    0.0743343      0.03116     0.102264     0.124227   -0.0489943    0.0183724  -0.00628288     0.114958   0.00878107    0.0716438     0.106271   -0.0485453     0.106091    0.0275019    0.0138908     0.154254    0.0704163     0.033118    0.0748674     0.165961    0.0370608    0.0995698    0.0797406   0.00337619    0.0391221    0.0151202     0.105658     0.122443    0.0274819    0.0205222    0.0347696    0.0257913    0.0950031     0.140654    0.0699553  -0.00197984     0.111704     0.127276  -0.00561414     0.155712    0.0184141   -0.0721393   -0.0373718   -0.0226854      0.13317
   0.0738246   -0.0113777    -0.107501   -0.0823812   -0.0351846   -0.0494719     0.150797    0.0559065    0.0183213  -0.00054105     0.126364   0.00197627    0.0888483     0.102452    0.0444653      0.02863    0.0893346     0.103876   0.00352862       0.1738    0.0963988      0.03002    0.0462391     0.112959    0.0362442     0.103052     0.132859    0.0786181  -0.00951079     0.141643    0.0709207    0.0676456     0.124561    0.0236134   -0.0223614    0.0327185    0.0701285    0.0705419     0.213586   -0.0016637    0.0905742    0.0959561    0.0570965    0.0458545   -0.0746005   -0.0880372   -0.0935411    -0.010073
  -0.0651336      0.17388     0.206244     0.162164     0.115138  -0.00774876    0.0695375    0.0274678  -0.00686865    0.0983795    -0.022722    0.0855623   -0.0267797    0.0346887     0.048241    0.0610633     0.052953    0.0303508    0.0459505    0.0492217    0.0558091     0.154798    0.0511855    0.0840951     0.058159    0.0499313   -0.0102042    0.0697983    0.0568287    0.0154213    0.0678366    0.0419114    0.0454809    0.0519596   0.00928254   -0.0176089  0.000138744    0.0731195    0.0237033     0.134491    0.0276739    0.0233921  -0.00997651   -0.0127741    0.0887218    0.0634561      0.12525   -0.0199235
   -0.089595   -0.0431604      0.10799   0.00349627    0.0342037    0.0337888    -0.149003     0.092188     0.129567    0.0633758  -0.00688109     0.035206   -0.0894696    0.0199346     0.135868    0.0493342   0.00129546    0.0465093  -0.00212661    0.0567062    0.0767102    0.0213858     0.173728   -0.0306247  -0.00428396   0.00413454    0.0904791    0.0593456    0.0441262    0.0323723   -0.0135066    0.0331798     0.117945     0.100648     0.131351    0.0607189   -0.0577312    0.0641874    0.0449895    0.0533453     0.122516   -0.0463602    0.0604509    0.0241419  -0.00521862    0.0685064   -0.0310401    0.0226614
    0.111216    0.0370188    0.0742043    0.0274119    0.0110211   -0.0346328    0.0459174     0.068967     0.104684    0.0846579   -0.0150154    0.0125778     0.076434    0.0268883    0.0199837   0.00578619     0.021513  0.000957538    0.0435685    0.0244524     0.114943     0.133665    -0.059135   -0.0250703   -0.0444316     0.137882     0.141114     0.171934   -0.0239706    -0.087349   -0.0977352    0.0493549     0.102011     0.022666   -0.0416145   -0.0966032   0.00779601   -0.0399574     0.075836   0.00270007   -0.0744404    0.0613075    0.0898298    0.0829901    0.0925642     0.129372     0.108098  -0.00897573
    0.101258     0.107996  -0.00979077     0.165368      0.09197     0.051032    0.0944591   -0.0985333   -0.0345952    0.0539921  -0.00100322    0.0925998    0.0912677    0.0101083   -0.0724773    0.0499054    0.0393607     0.113991    0.0759851    0.0307798   -0.0699314     0.165909    0.0260718    0.0367376     0.092128     0.123906   -0.0266411    0.0691279   0.00488037    0.0376128    0.0306588    0.0522366   -0.0811144    0.0875882  -0.00375679    0.0885607    0.0507434    0.0519837   -0.0530778    0.0806879  -0.00536769     0.105167    0.0922529    -0.047773    0.0267662   -0.0355646     0.140354    0.0416034
  -0.0250342    0.0457714    0.0658184  -0.00932907      0.05529    0.0122797   -0.0825354     0.115875    0.0519223    0.0454446     0.151178   -0.0860611   -0.0328746  -0.00988518     0.137629    0.0877813    0.0585303    -0.070751    -0.123873     0.149337    0.0657101     0.165307     0.122741   -0.0869927   -0.0569472     0.090686    0.0614092     0.103584    0.0050384   -0.0112857    -0.111828      0.10156     0.205531       0.1675    0.0635796    0.0451471   -0.0900026     0.114594     0.151225    0.0511151    0.0700541   -0.0162551   0.00785676   -0.0825113   -0.0169596   -0.0704546   -0.0186732    0.0124055
  -0.0113216    0.0594729    0.0269416     0.148651     0.202479    0.0586216    0.0519234   -0.0596521   -0.0612022     0.070359    0.0250831     0.101069    0.0926416  -0.00174182   -0.0351178    0.0654709     0.010069    0.0306971    0.0565854    0.0922269   -0.0339292     0.121255     0.038693    0.0387808     0.024088    0.0419151   -0.0341475     0.129198    0.0930093   0.00420385    0.0121421      0.11266   -0.0200121     0.130257    0.0296299    0.0195944     0.055859     0.026052    -0.087306     0.105603    0.0269264  -0.00306757    0.0430736   -0.0276615    0.0633153    0.0572715     0.166204    0.0271173
  -0.0371134    0.0249234     0.112019   0.00848139    0.0178496    0.0437487   -0.0920102     0.148254     0.171167    0.0712798    0.0620772   -0.0193307    -0.114892    0.0197959     0.147854    0.0897522    0.0117663   -0.0249951  -0.00537216   -0.0310657     0.112799   -0.0115736    0.0687997    0.0391338   -0.0889966     -0.05949     0.164972   -0.0326234    0.0875174    0.0100969   -0.0253378     0.092309      0.15925      0.07599     0.117741   -0.0363978   -0.0428897     0.103834     0.181429     0.123056     0.172152   -0.0328193    0.0202724   -0.0101702    0.0195859    0.0339784    -0.115642    0.0763725
  -0.0152767     0.178348     0.138308    0.0694665    0.0703908    0.0794678    0.0387405   0.00965294    0.0626283    0.0501608   0.00667278    0.0942025    0.0974311   0.00541408   -0.0275494   -0.0121851  -0.00438775    0.0648839    0.0682002    0.0696423     0.118146    0.0738888     0.034841     0.120545    0.0876843    0.0230238    0.0122644     0.039648  -0.00838149     0.106142     0.115721    0.0330537    -0.065758    0.0369336    0.0691366  0.000957832     0.125696    0.0660064    0.0524716    0.0484793     0.089218    0.0309315     0.057758     0.117744   -0.0198041    0.0760322    0.0555747    0.0538807
  0.00592866      0.13268      0.19141     0.190366    0.0605336    0.0421213   -0.0814126    0.0644774    0.0592343     0.122775   -0.0528134    0.0440491   -0.0580704    0.0472086    0.0333105     0.107339   -0.0638228    0.0512287    0.0597326   0.00675747      0.10422   -0.0098132     0.044431    0.0225043    0.0152619    0.0406562     0.105532     0.034167    0.0804928    0.0195266    0.0859342     0.034825    0.0747883    0.0867517   -0.0173908     0.028609    0.0160431    0.0484249   0.00559593    0.0361013     0.100314    0.0498635    0.0576603    0.0148073    0.0748744     0.167708     0.071786    0.0721907
   0.0134026    0.0107513     0.110371    0.0183518    0.0835449    0.0213884   -0.0362085    0.0808351     0.122113     0.100573    0.0557989    0.0197233   -0.0124571    0.0692249    0.0304357     0.031191    0.0102681   -0.0219079      0.02519    0.0761058      0.11742    0.0473632    0.0371378    0.0100495    0.0679229    0.0672034    0.0530078    0.0486381     0.131773   -0.0732461    0.0109377   -0.0266573     0.128979   0.00717789     0.070878  -0.00581127    -0.042954    0.0169292    0.0124589   -0.0317777    0.0688947   -0.0259122    0.0510095    0.0506696     0.158971     0.118225     0.103008   -0.0138986
   0.0127726   0.00377683   -0.0277568   -0.0903492   -0.0726879  -0.00140133    0.0850974     0.114852    0.0294191    0.0240612     0.102325    0.0364118     0.114452    0.0398059     0.069152  -0.00742481     0.129628    0.0694902    0.0397752    0.0306115    0.0209113   -0.0523317     0.063497  -0.00167487     0.114281     0.101014    0.0338893    0.0522927      0.11481    0.0339395      0.10398    0.0469861     0.123401    -0.011773    0.0475966   -0.0117771    0.0693952    0.0630947    0.0181331   -0.0437462    0.0982699   -0.0071962    0.0916069    0.0568247    0.0849431    0.0785631  -0.00576304     0.129271
  -0.0195346   -0.0500671     0.103725    0.0245604     0.124154   -0.0496986   -0.0686414     0.052825    0.0765296    0.0745649    0.0621628   -0.0490404   -0.0394818    0.0389102   0.00660349    0.0338646     0.124203   -0.0267538   -0.0807758    0.0132046    0.0400778    0.0418941   -0.0530816   0.00263728    -0.043076     0.101707     0.113194     0.141092    0.0418787   -0.0176052   -0.0494387     0.025285     0.159781     0.112752    0.0729036   -0.0737715    -0.124542    0.0461153     0.222402    0.0982434     0.116124   -0.0842044    -0.169487   -0.0102276     0.111769     0.106673    0.0211046    -0.132281
     0.10108    0.0687525     0.124262     0.119697    0.0907816     0.137009    0.0687969    0.0891155    0.0592739   -0.0265847    0.0429997     0.136165    0.0196335     0.032203    0.0204683   0.00902714    0.0806041    0.0186245    0.0914403   -0.0764361    0.0392793   -0.0262012    0.0464976    0.0661438     0.113966   0.00528307    0.0932446  0.000506267    0.0992442    0.0210561    0.0980922     0.114121    0.0044639    0.0216908     0.067142    0.0395813    0.0818438       0.1101   0.00993709   -0.0274659    0.0372659    0.0410124    0.0466492    0.0448665    0.0616893    0.0764971    0.0138962    0.0536201
    0.122937    0.0147241     0.054851   -0.0226213    0.0643307  -0.00801109    0.0495022  -0.00057796    0.0209166    0.0149081      0.11948    0.0872729     0.108106     0.062658   -0.0138424  -0.00588693    0.0531249     0.114188    0.0566009      0.14062    0.0775441     0.072541    0.0883755  -0.00725475    0.0457978    0.0591753   0.00248409     0.129067    0.0769842    0.0753619     0.046646    0.0181138    0.0733495   0.00732737    0.0394389     0.018758    0.0453522    0.0589131    0.0312378    0.0313553    0.0650452    0.0263185    0.0954029    0.0285082    -0.015381   -0.0417143   -0.0682217    0.0183695
    0.119054    0.0625542     0.103606    0.0452243     0.041756     0.123201    0.0966318    0.0263907     0.047631    0.0132732    0.0294875    0.0985858    0.0316708    0.0806412    0.0972704    0.0613819   -0.0497488     0.063652     0.165447   -0.0902712     0.055503   -0.0187253    0.0745645    0.0475682     0.101783  -0.00556496   -0.0476225   -0.0393998     0.113697     0.102301     0.128476   -0.0529063     0.017002   -0.0794343    0.0833303     0.109258      0.12201   -0.0593544   -0.0538215   0.00662342   -0.0386085    0.0811344    0.0698811     0.123133       0.1212     0.099171    0.0862491   0.00493277
  -0.0616361    0.0599131    0.0874393     0.121861     0.109116  -0.00939891   0.00615804   -0.0263785    0.0353745     0.098257     0.086561  3.79734e-05     0.080019   0.00750964    0.0170371    0.0382488     0.056718   -0.0355513    -0.056714     0.153603    0.0213274     0.168259    0.0431427   -0.0298987   -0.0593874    0.0632097  -0.00837192     0.130428    0.0289884     0.051817   -0.0412426    0.0856173    0.0428397    0.0884561   -0.0309177    0.0366442  -0.00599678     0.060471    0.0190188    0.0964105    0.0601568    0.0685626    0.0311793   -0.0307766     0.111546     0.036126    0.0428965     0.039026
    0.161476   -0.0383412    0.0164832     -0.12022   -0.0853192   0.00620659    0.0266344    0.0736222    0.0737844   -0.0475085    0.0450682   -0.0697744     0.135939    0.0762255    0.0471406    0.0959728  -0.00218353   -0.0144226    0.0748466    0.0643763    0.0496017    0.0146309   -0.0542276   -0.0361535   -0.0109701    0.0702815     0.126443     0.105453   0.00959875   -0.0431364   -0.0258067    0.0457528     0.123721   0.00321706   -0.0435395   -0.0421209    0.0243325   0.00654403     0.204092    0.0262867    0.0270454   -0.0275665    0.0801026    0.0278237    0.0736502    0.0368967   -0.0125725    0.0665146
   0.0282554   -0.0378816    0.0503092    0.0316307    0.0631771   -0.0738242   -0.0388602  -0.00830309   -0.0251618     0.154351    0.0517944   -0.0968244    0.0503261    0.0298407    0.0264181     0.091631     0.130871   -0.0461482   -0.0598432    0.0439205   -0.0469547      0.10277   -0.0377976   -0.0292638  -0.00500562     0.109469     0.116997     0.199502    0.0755141    -0.184903   -0.0464542     0.164297     0.108775     0.175224    0.0444295   -0.0778975   -0.0583902    0.0725594   -0.0212682    0.0411022    0.0607637   -0.0278437    0.0503882   -0.0515937   -0.0199724  -0.00414856     0.115757  -0.00669212
 -0.00764634     0.069374     0.101436      0.11996     0.163238    0.0235788   -0.0716512    0.0221663    0.0388602     0.145648     0.145323     0.120692   -0.0960712   -0.0198789    0.0430642 -0.000671663     0.148321    0.0846256    -0.109033    0.0711776   -0.0267842    0.0711104  -0.00654993     0.081977   -0.0614286    0.0770653    0.0877422     0.130745     0.143749   -0.0307712   -0.0516055     0.153005     0.078611     0.165335     0.106478    0.0121836   -0.0919487     0.115814     0.110037    0.0661494     0.155281   -0.0200599   -0.0202181    -0.121259   -0.0953314   -0.0946239    0.0166903    0.0426665
    0.055553    0.0718863    0.0382556    0.0330059     0.113143    0.0195376    0.0271415    0.0698333    0.0503313    0.0849863     0.072655     0.102149    0.0222549     0.035716    0.0845575    0.0855877    0.0141705    0.0701954    0.0787479    0.0105038    0.0635122  -0.00114297     0.116237    0.0810398    0.0536047    0.0380896    0.0157065   -0.0167232     0.113491    0.0383912    0.0939841     0.074609   0.00300714    0.0223969     0.101205     0.082388    0.0326469     0.112264     0.029956    0.0229218    0.0465325    0.0975084     0.019815     0.100022     0.091888    0.0305175     0.118286    0.0303775
   0.0286604    0.0371905    0.0763391    0.0910585    0.0684877     0.123418    0.0480591    0.0380405    0.0951314   -0.0283857   0.00572465     0.123974    0.0437474    0.0992383    0.0606174    0.0296927   -0.0454112     0.102246    0.0925126    0.0656369     0.127292    0.0382221     0.111201    0.0828636    0.0579687    0.0393436    0.0440657    0.0431885    0.0411204     0.070981    0.0739258     0.027558    0.0795246    0.0516978    0.0901802     0.104303    0.0119381   -0.0324251    0.0131881   -0.0203235   -0.0174944     0.117747    0.0255001    0.0709779    0.0702606      0.05408   0.00989429   -0.0203807
   0.0686146   -0.0790698    0.0254502   0.00534535     0.102968    0.0663609    0.0384284    0.0597443    0.0753422     0.076338    0.0744694    0.0646496    0.0863292    0.0656239    0.0546705     0.033644    0.0117254    0.0833202   -0.0172417    0.0754017    0.0510006     0.051393     0.143223   0.00486947   -0.0262868     0.115446    0.0298719     0.167871     0.115966   -0.0395995    -0.025462   -0.0218453    0.0697476      0.15661    0.0727533   -0.0212898   -0.0621353   0.00964944   0.00980167      0.04792    0.0809398   0.00606909    0.0134975   -0.0329273     0.140935     0.103618    0.0638117    0.0633623
     0.18172    0.0181533   -0.0503207   -0.0114717    0.0560661     0.022504     0.187445    0.0698118   -0.0111794     0.013857     0.101074     0.109975     0.078628    0.0815341   0.00337855   -0.0587758     0.152176    0.0721409     0.166128    0.0102232    0.0726736    0.0169964    0.0170474    0.0209576     0.141481    0.0653563    0.0397172   0.00396068     0.113448      0.01392    0.0790619    0.0740355  -0.00764405   -0.0543631     0.138125   -0.0495247     0.164481    0.0544878    0.0505043  -0.00710259    0.0238269    0.0784193     0.151161    0.0147587    0.0727577   0.00569808    0.0323372    0.0389766
  -0.0633165    0.0184915    0.0583985    0.0109955    -0.010346   -0.0561127   0.00443483      0.11692    0.0504065     0.126786    0.0262412   -0.0933091   -0.0447187     0.082648     0.118376    0.0788301      0.04037    0.0782917   0.00640096    0.0552359   0.00628632   0.00281055     0.020599    0.0482113    0.0429853    0.0828744     0.108765    0.0993109    0.0318083    0.0312158    0.0336122    0.0398032     0.194461     0.149521   -0.0460693    0.0163239   -0.0569353    0.0603817    0.0583184    0.0264805    0.0939518    0.0718291    0.0491432    -0.037655   -0.0217974   -0.0169503  0.000126273    0.0178221
    0.131851    0.0710033    0.0407891   0.00634694    -0.075829    0.0307582     0.100584    0.0447644    0.0529956   -0.0284606    0.0496747   -0.0250443     0.135516   -0.0036539  -0.00318458    0.0448481    0.0236652    0.0907973    0.0423538    0.0449711   0.00430421     0.080855    -0.010463    0.0378935    0.0193438    0.0749829     0.141111     0.134477   -0.0501288   0.00509088   -0.0402438    0.0719897    0.0563982    0.0743169   -0.0325815   -0.0790839    0.0681385    0.0821904     0.167911    0.0685008   -0.0248061    0.0204543    0.0629373     0.106027     0.129526    0.0319387    -0.077544    0.0976364
  -0.0498026   -0.0799354   -0.0722946    -0.115398    -0.163452   -0.0424255    -0.149199   -0.0717506    -0.127466    -0.126735   -0.0998776   -0.0678983   -0.0406016   -0.0540144   -0.0732919    -0.109172   -0.0360521   -0.0665996   -0.0497586    -0.113538   -0.0733153    -0.134921    -0.106462   -0.0720846   -0.0765113   -0.0826785   -0.0826169   -0.0817909   -0.0835064    -0.065308   -0.0944154    -0.112691   -0.0716124    -0.138655   -0.0909524   -0.0399292    -0.154937    -0.119353    -0.062381    -0.100216    -0.124222    -0.107682   -0.0672119    -0.136876    -0.131379   -0.0796447   -0.0577751   -0.0438573   -0.0948028    -0.109893   -0.0569835    -0.128846   -0.0957761    -0.145685   -0.0536591    -0.105081    -0.161765    -0.136803    -0.103729    -0.133615
   0.0978217   -0.0508582    -0.129314    -0.244288    0.0419287  -0.00796718     0.556749   0.00326932    -0.335713    -0.297931     0.185594    -0.104616     0.073657    -0.195982    -0.379234   -0.0501662     0.115752     0.179878     0.121205      0.22111    -0.675164      0.30096   -0.0457795    -0.501786     0.225814    -0.197042   -0.0127815      -0.1977    -0.228499    -0.389363    0.0379263     0.101566    -0.180488    -0.308072   -0.0239231    -0.118868     0.160693     0.114429    -0.405065    0.0941335    -0.342419     0.285324    -0.139649    0.0329909     0.104407  -0.00656845     0.182874   -0.0794552    -0.145272   -0.0854704    -0.119451     0.156848    -0.103171    -0.130225   -0.0847704  -0.00400553   -0.0500663    -0.209838    0.0870189    0.0236984
   -0.135235    -0.108439  -0.00587857   -0.0281814  -0.00140094    -0.220807   -0.0624428   -0.0461217    -0.149416   -0.0875101    -0.128067     0.049702   -0.0676145    -0.162382    -0.060278    -0.134339    -0.128039   -0.0583041  -0.00333037   -0.0135413    -0.137666    0.0950734    -0.162482    -0.155178   -0.0550621   -0.0178494    0.0343555    -0.140204    -0.240649    -0.080013   -0.0731852  -0.00474261   -0.0617678    -0.091898  0.000844755   -0.0339665    -0.150554   -0.0813008   -0.0738217    0.0433266    -0.147611    0.0486531   -0.0746531    -0.130328    -0.182686   -0.0668783   0.00544927    -0.104099    -0.127307    -0.237664   -0.0279755    -0.034133    0.0215802    0.0217551    -0.162893    -0.218078    -0.230162   -0.0849103  -0.00560314    0.0105818
   -0.169205   -0.0771884    -0.129753  -0.00586422    0.0084992    -0.213771    -0.108132   -0.0910896     -0.12557    -0.200304   -0.0499794   -0.0871241   0.00744982    -0.122717   -0.0152147   -0.0588777    -0.125255   -0.0951051   -0.0152466    -0.243661   0.00871194    0.0265509    -0.108048    0.0233497     -0.19594   -0.0684516    -0.070013     -0.17239    -0.220631   -0.0844057   -0.0495751  -0.00225031  1.64048e-05    0.0351938   -0.0487118   -0.0710786  -0.00343973    -0.239374    -0.103785    0.0163379    -0.115766    0.0628761   -0.0778121   -0.0359875    -0.144103    -0.195618   0.00515097   -0.0563311   -0.0708411   -0.0870311   -0.0695195   -0.0486034    -0.158146   -0.0269039   -0.0470286   -0.0970029     -0.12131    -0.218974    -0.028687   -0.0760978
   -0.147138   -0.0943485     -0.13664    -0.141901    -0.273039    -0.150865    0.0923633   -0.0624407    0.0123163    -0.150848   -0.0709071    -0.244018   -0.0384756    -0.199755   -0.0715078    -0.102335    -0.143324    0.0119394   -0.0907177     -0.14244   -0.0309325   -0.0418858    -0.065425  -0.00446558    -0.212223      0.11921   -0.0329793    -0.140556   -0.0765729   -0.0980875    -0.141952     -0.19548    0.0552544    -0.139612   -0.0563578   -0.0564826    0.0963611    -0.196138    -0.115999       0.1402   -0.0151365  -0.00718079    -0.157159    -0.085604   -0.0173932   0.00473096    0.0135228    -0.139601      -0.1025     -0.12346   -0.0346041    -0.181956    0.0882347     0.129476 -0.000649221   -0.0839479   -0.0492143    -0.145691    0.0918349    -0.258945
  -0.0569969    -0.098518  0.000898418   -0.0908218     -0.11685   -0.0386335    -0.137907    -0.130571    -0.125178    -0.110961   -0.0379898   -0.0513743    -0.120731   -0.0412795    -0.109172   -0.0873256   -0.0245077   -0.0948451   -0.0441345   -0.0762921   -0.0577325    -0.153622   -0.0622178   -0.0366321    -0.021641    -0.146325   -0.0934732   -0.0515122   -0.0408893   -0.0279458  -0.00250706   -0.0893815   -0.0951967    -0.105431     -0.15059   -0.0707394    -0.146943   -0.0411133   -0.0978345    -0.111637   -0.0490613   -0.0968307   -0.0875354   -0.0552684   -0.0548187    -0.172324    -0.143342    -0.161233   -0.0699289   -0.0976667   -0.0976572   -0.0938565    -0.143292    -0.181684    -0.123268   -0.0554777    -0.140727    -0.143953    -0.163792    -0.140874
  -0.0154942   -0.0996058   -0.0608962   -0.0827749    -0.151353   -0.0115953    0.0109799   -0.0637854   -0.0843742    -0.111918    -0.082301    -0.118866  -0.00817977   -0.0641884    -0.123172   -0.0921814   -0.0979253  -0.00596648   -0.0632114    -0.086151     -0.12844    -0.127444   -0.0546719   -0.0671181   -0.0294644    -0.109671    -0.138484   -0.0598253    -0.101921    -0.142335   -0.0921056   -0.0163342    -0.160739    -0.144258    -0.101669    -0.151909    -0.096111   -0.0792508    -0.086074    -0.132113     -0.12141    -0.121108    -0.131442   -0.0857922   -0.0401207    -0.101552   -0.0519804   -0.0966094    -0.148427   -0.0838859   -0.0828424    -0.102588   -0.0393437    -0.102228    -0.112287   -0.0675264   -0.0456224    -0.128299   -0.0724193    -0.104569
 -0.00693807    -0.148414   0.00399202    0.0619262   -0.0645639    -0.165855   0.00789331     -0.13997    -0.255974    -0.107154    -0.071205    0.0703317   -0.0585216   -0.0827128   -0.0891383    -0.184402    -0.141686   -0.0907469    -0.107416    0.0393592   0.00396341   -0.0320626    -0.056394    -0.110311  -0.00900501  -0.00870444   0.00345388    -0.189095    -0.305414   -0.0545914    0.0521501   -0.0306083   -0.0667645    -0.161887    -0.140469    -0.105997    -0.073374   -0.0400162   -0.0343877    -0.052784   -0.0689548   -0.0796728     -0.11682    -0.111688    -0.119098    -0.191498   -0.0340264   -0.0154347   -0.0966503    -0.134371   -0.0988212    -0.131838    0.0249888    0.0361819   -0.0850737    -0.128126    -0.179398    -0.140172    -0.110504   -0.0877193
    -0.18342    -0.110042    -0.120094     -0.16164   -0.0817962    -0.151257    -0.225939   -0.0746122   -0.0222707    -0.065013    -0.148835   -0.0300419   -0.0333913    -0.154667    -0.120657   -0.0930845   0.00557979   -0.0480829   -0.0620323    -0.125385   0.00355114   -0.0792394    -0.133677    -0.120833   -0.0868901   -0.0600323   -0.0789969   -0.0832747    -0.165082   -0.0617368   -0.0991055   -0.0841087   -0.0531423   -0.0681151   -0.0241034   -0.0782829    -0.023783    -0.185098   -0.0860387   -0.0720871   -0.0917598   -0.0618442   -0.0617728   -0.0632083     -0.12011   -0.0701078   -0.0358363    -0.126145   -0.0059714    -0.121242   -0.0613716    -0.144539    -0.107252   -0.0146278   -0.0650542   -0.0570507   -0.0999446    -0.135162     -0.10118    -0.123165
   -0.098885   -0.0429832   -0.0530493    -0.222797   -0.0606051   -0.0645477    -0.176315   -0.0901191   -0.0672419    -0.106373   -0.0503922   -0.0973322   -0.0444956    -0.107748    -0.119283   -0.0469158    0.0339243   -0.0460136   -0.0338697   -0.0488216     -0.14085   -0.0928244    -0.221858    -0.116357    -0.100722   -0.0687013    -0.143488  -0.00205451    -0.123057    -0.102744   -0.0575029    -0.087587   -0.0264983   -0.0896452   -0.0502129   -0.0260056   -0.0530868    -0.118772   -0.0559033    -0.124428    -0.106385   -0.0525401   -0.0308946    -0.159409   -0.0791666    -0.108094    -0.118694    -0.146526   -0.0833355    -0.102971   -0.0982093    -0.150233    -0.156078   -0.0905001   -0.0842924   -0.0482527    -0.026314    -0.103953    -0.145917   -0.0472302
  -0.0154905    -0.029444    -0.160384    -0.110321    -0.165759   -0.0986032    -0.136609    -0.136651   -0.0386148   -0.0352754   -0.0776659    -0.123983    -0.142265   -0.0864289   -0.0769271   -0.0889278    -0.077563   -0.0645763   -0.0540642    -0.115752   -0.0848632    -0.134043    -0.125927   -0.0526013    -0.087974   -0.0789964    -0.148837   -0.0600964   -0.0352826   -0.0724022    -0.116593   -0.0966226   -0.0791447   -0.0852455   -0.0841316   -0.0419626    -0.102592    -0.166078   -0.0801274    -0.082143   -0.0400727   -0.0433581    -0.103256   -0.0932826    -0.162535    -0.122675    -0.136049   -0.0454086   -0.0948226   -0.0649493   -0.0932438    -0.154393    -0.072357   -0.0495501   -0.0544545    -0.016576    -0.166855     -0.10533   -0.0806805   -0.0988569
  -0.0383837   -0.0767857    -0.103606    -0.131244    -0.116123    -0.104669    -0.180334   -0.0546735   -0.0404875   -0.0785708   -0.0584127   -0.0480011   -0.0535045   -0.0690998    -0.101422   -0.0570192   -0.0590193   -0.0673936    -0.110232    -0.140547   -0.0967165    -0.154806    -0.115139    -0.108551    -0.122021   -0.0876996    -0.151391   -0.0560355   -0.0292154   -0.0309313   -0.0403128   -0.0930556    -0.136614   -0.0862732   -0.0985562    -0.100271   -0.0846932    -0.108663   -0.0626395     -0.14023   -0.0768192    -0.104027   -0.0641618    -0.100281   -0.0923122   -0.0821573    -0.139585    -0.105794    -0.036925   -0.0967155    -0.084847    -0.163868    -0.166361    -0.176567    -0.062729   -0.0423052    -0.110572   -0.0895051   -0.0680992    -0.130765
  -0.0965606    -0.113604   -0.0628475   -0.0320807    -0.123817   -0.0473828   -0.0893621   -0.0716579   -0.0599265    -0.082826    -0.175094    -0.128741    -0.146617   -0.0829263   -0.0104316     -0.15755    -0.118393    -0.104558   -0.0920415  -0.00545067     -0.13461    -0.133927    -0.033026     0.039989   -0.0411563    -0.176633    -0.128572    -0.045512   -0.0531305    -0.138435   -0.0364406   -0.0405147   -0.0898865    -0.149254    -0.215873   -0.0172558    -0.114834   -0.0724621   -0.0717511    -0.175917    0.0028692    -0.156391  -0.00131473   -0.0755678   -0.0727722   -0.0725417   -0.0754195   -0.0399789    -0.113584  -0.00594419   -0.0613403   -0.0744295   -0.0647819    -0.205711   -0.0580784   -0.0768611    -0.103481   -0.0858674   -0.0998286   -0.0833055
  -0.0695547   -0.0982249   -0.0875443   -0.0262277     -0.13356   -0.0600998     -0.16455    -0.115082   -0.0629356   -0.0874288    -0.100274    -0.116034     -0.10168   -0.0548306   -0.0831392   -0.0638298    -0.019814   -0.0588648   -0.0587513   -0.0545041   -0.0275063    -0.112994     -0.11095   -0.0100366    -0.027719    -0.171953   -0.0958344    -0.115857   -0.0518229    -0.111388   -0.0205659    -0.133501   -0.0918541    -0.115241    -0.111014    -0.110146    -0.150738   -0.0913037   -0.0338286    -0.197352   -0.0873839    -0.114105   -0.0779146   -0.0873846    -0.135235    -0.103381    -0.122829   -0.0665679    -0.095722    -0.024682   -0.0863427     -0.11859    -0.177086    -0.126689   -0.0978933   -0.0748199   -0.0950919   -0.0596992   -0.0962675   -0.0752754
  -0.0601315     -0.13005   -0.0317113    -0.118083   -0.0354439   -0.0604655    -0.113985    -0.146072    -0.118462    -0.135479   -0.0313083   -0.0621319    -0.162453   -0.0919052   -0.0504044   -0.0655389   -0.0687091   -0.0961861    -0.149434   -0.0476595    -0.108753   -0.0889071   -0.0319958   -0.0723033    -0.108013   -0.0967687   -0.0682555    -0.039671   -0.0557346    -0.117866   -0.0666137    -0.171277    -0.129312   -0.0495983    -0.166291   -0.0629277    -0.139418    -0.101726    -0.100803   -0.0587497    -0.112102    -0.163816   -0.0307509   -0.0477702   -0.0537762      -0.1069    -0.161898    -0.092703    -0.102779    -0.100095   -0.0454121   -0.0788514   -0.0971008    -0.120781    -0.132056   -0.0626855    -0.110613   -0.0760938    -0.115324   -0.0924492
   -0.157497     -0.12027   -0.0836901    -0.041973   -0.0719801   -0.0630663     -0.12317    -0.112876    -0.104141   -0.0775109    -0.115197   -0.0962752    -0.139118   -0.0730158    -0.108222    0.0208727    -0.109358    -0.219501    -0.133382    -0.178295    0.0198993    -0.159477  -0.00777982   -0.0762427    -0.107816    -0.115448    -0.125022   -0.0776307     -0.10534   -0.0823785    -0.103202    -0.105866    -0.111732    0.0245627    -0.112656   -0.0861058   -0.0858967   -0.0772961    -0.030612   -0.0289241    -0.099297    -0.107264   -0.0453048   -0.0506817   -0.0339964    -0.132554    -0.165052    -0.108594    -0.051605   -0.0928978   -0.0631404   -0.0285545   -0.0602395     -0.13892    -0.143979  -0.00774819   -0.0690386   -0.0867965    -0.115396   -0.0345601
  -0.0940261   -0.0941357   -0.0309048    -0.085706   -0.0667244   -0.0738221    -0.106114   -0.0376449     -0.09248    -0.126112   -0.0488803   -0.0450524    -0.090011   -0.0959099   -0.0908866    -0.138113  -0.00471419    -0.133967    -0.123643   -0.0976155    -0.083756    -0.103467    -0.030975    -0.071413   -0.0260968     -0.17633    -0.169456    -0.119213   -0.0810504   -0.0918439    0.0113945   -0.0957087    -0.161787   -0.0610888    -0.108806   -0.0481997   -0.0720297    -0.117458   -0.0539379   -0.0589793   -0.0506236    -0.179618   -0.0531308   -0.0477385   -0.0615299   -0.0943475   -0.0932235   -0.0590548    -0.129662 -0.000101675   -0.0446425    -0.171803    -0.160219    -0.179483   -0.0473449   -0.0963369    -0.160155    -0.157024   -0.0616239    -0.139624
  -0.0610119   -0.0253231    -0.120963    -0.114597    -0.102645   -0.0442178    -0.201732   -0.0577692   -0.0416389   -0.0422884   -0.0372965    -0.144974   -0.0621546   -0.0577683    -0.135571   -0.0343062  -0.00171446    -0.161885    -0.101046    -0.133238   -0.0491408    -0.150319   -0.0904181    -0.119019   -0.0599303   -0.0671107    -0.113499   -0.0612152    0.0319842   -0.0652152   -0.0938627    -0.104061    -0.140218   -0.0707478    0.0297218    -0.128257   -0.0429307    -0.133115   -0.0580735    -0.129933   -0.0835301   -0.0964261   -0.0288859    -0.162201    -0.145758   -0.0705448    -0.192808    -0.105622   -0.0367856   -0.0752181   -0.0966007    -0.112521    -0.188912    -0.119854    -0.123728   -0.0130937   -0.0817128   -0.0320234   -0.0803303    -0.123106
  -0.0676127   -0.0792276      -0.1569   -0.0516499    -0.147691    -0.114113      0.17028    -0.250436    -0.228077    0.0321232     0.139622   -0.0672635    -0.161998    -0.138286   -0.0012704    -0.315776    -0.208497     0.100004     0.107991   -0.0759567     -0.29366     0.083937    -0.281189   -0.0427734    -0.101662    -0.156777    -0.149924    0.0226547    -0.302214   -0.0144356   -0.0769779     0.119118   -0.0176199    -0.166052    -0.299767    0.0936991    0.0198897    0.0457949    0.0176745    0.0247696     0.128788   -0.0436761    -0.140278    0.0689846  -0.00189268    -0.246591     0.153456    -0.201947     -0.17344    -0.134054    0.0774405    -0.105007     0.199281    0.0293187    -0.107912    -0.130149    0.0579243     -0.29801    0.0291196    -0.125308
   -0.119559    -0.147834   -0.0109557    -0.126029    -0.148472     -0.21207   -0.0734468    -0.132409    -0.124627   -0.0880571  0.000957075    -0.108238    0.0171665   -0.0961018   -0.0452388     -0.19259  -0.00127572    -0.123941   -0.0994534    -0.112355   -0.0977395    -0.104463   -0.0418609   -0.0499162    -0.155888   -0.0422719    0.0781529    -0.141016    -0.247232    -0.022078    -0.110731    -0.129456   -0.0115164    -0.127959    -0.261845   -0.0849077    0.0529671    -0.207901    -0.155951   -0.0569327   -0.0907179    0.0537698     -0.11897   -0.0369536    0.0191182   -0.0127167    0.0473214   0.00742092   -0.0491418   -0.0797587   -0.0376138    -0.200762   -0.0949717    0.0510068   -0.0204987   -0.0516177    0.0540106   -0.0755007    -0.164926    -0.187201
  -0.0454273   -0.0738553   -0.0480364    0.0147798   -0.0522536   -0.0611896   -0.0894864   -0.0936501    0.0395968   -0.0251433   -0.0151357     -0.10904   -0.0543356    -0.118496   -0.0536321    0.0200501    -0.106571    -0.193384    -0.150448    -0.232154    0.0254528   -0.0559965    0.0389402     0.041743   -0.0560168    -0.122669    -0.178534    -0.172506    0.0838502   -0.0512355   -0.0648971   -0.0972495    -0.152156     0.039912  -0.00750731    -0.209942   -0.0618908    -0.181836   -0.0837758   -0.0975316    -0.193233   -0.0856413    -0.185235    -0.163906    -0.188667  -0.00202379    -0.279201   -0.0916037   -0.0782181  1.94394e-05    -0.120749  -0.00780163    -0.172085    -0.236526   -0.0685297   -0.0423379   -0.0904609   -0.0883833   -0.0514279   -0.0942112
   0.0520438   -0.0867555   -0.0631112   -0.0667111    -0.113539    0.0335375  -0.00943684   -0.0366554   -0.0165601    0.0723476    -0.121751    -0.220447    -0.169787   -0.0497524    -0.135164   -0.0357325     -0.18969    -0.124241   -0.0844528   -0.0590732   -0.0851417      -0.1629    0.0138619    0.0858617    0.0807465    -0.181904     -0.10014   -0.0947703     0.119777    -0.115789   -0.0901971    -0.138903     -0.23878   -0.0321292    -0.137189    -0.144381     -0.16969   -0.0332212   -0.0736965    -0.250478    -0.107993    -0.135114    -0.115098    -0.120309   -0.0878415    0.0659201    -0.160203   -0.0967496   -0.0849727    0.0336648    -0.149457    0.0439937   -0.0314219    -0.330313   -0.0691785    -0.178441    -0.107062    0.0289647    -0.141372    0.0343957
   -0.254019    -0.182882   -0.0815145    -0.128872    -0.151866   -0.0722656    -0.106685   -0.0278302  -0.00447384   -0.0557195    -0.139993    -0.135393   -0.0157302    -0.113333    -0.149622    0.0133085    -0.177072    -0.170086   -0.0794314    -0.092621    -0.057315    -0.208165   -0.0112377   -0.0214093    -0.165789    0.0241467   -0.0671344    -0.146732   -0.0460987    -0.104598    -0.158647    -0.148591    -0.128332    -0.110242   -0.0379571    -0.133734    -0.052233   -0.0983059    -0.125799   -0.0619494     -0.11933  -0.00880701      -0.1149   -0.0933346  -0.00718165  -0.00959852   -0.0649954   -0.0216926   -0.0416009   -0.0186276    -0.137162   -0.0705922   -0.0157361   -0.0298868    0.0140188    -0.153288   -0.0574324     0.072158    -0.052539    -0.176685
   -0.202738    -0.138961   -0.0488351    -0.067206    -0.063913   -0.0732002    -0.105586   -0.0143011   0.00734829    -0.105226    -0.161384    -0.120851    -0.037945   -0.0678749    -0.147829    0.0114501    -0.219245     -0.20661   -0.0536946    -0.131957   -0.0495101    -0.230337   -0.0550026   -0.0307837     -0.19392  -0.00967587    -0.136241   -0.0663086   0.00664326    -0.062379    -0.161871    -0.149512   -0.0248204   0.00201561    -0.070428    -0.146125    -0.115681   -0.0759301    -0.079635    -0.116619    -0.101727    -0.116292   -0.0542677     -0.15245   -0.0452599   -0.0469933   -0.0443817   -0.0920165   -0.0402492   -0.0987635    -0.131023   -0.0138734   0.00181411   -0.0771299   -0.0828276   -0.0797043   -0.0567333    0.0188565    -0.112004    -0.133093
  -0.0312589   -0.0225067    -0.077974   -0.0638806    -0.151436    -0.105721    -0.225893   -0.0505374   -0.0409473   -0.0407734     -0.16967    -0.120688   -0.0421755    -0.112016   -0.0481734   -0.0951402      0.03168   -0.0424804    -0.084828   -0.0612113    -0.115725    -0.136902    -0.123281    0.0231531 -0.000854366    -0.184351    -0.139553   -0.0580589    -0.110049   -0.0847887   -0.0828936   -0.0749176   -0.0719251    -0.144089   -0.0882358   -0.0433484    -0.111032    -0.100506    -0.074467    -0.215398   -0.0896651    -0.197527   -0.0149446   -0.0342588   -0.0586444   -0.0742642   -0.0946807   -0.0959016    -0.120944   -0.0576818   -0.0625348    -0.143655    -0.110558   -0.0784768   -0.0874036   -0.0948251    -0.139873    -0.131122    -0.046036   -0.0965566
  -0.0877068    -0.134336    -0.173363   -0.0581929   -0.0351524   -0.0225473    -0.177348    -0.111526   -0.0669005   -0.0703956    -0.209189   0.00137495   -0.0891031   -0.0901119    -0.151168   -0.0451619    -0.040797    -0.132432    -0.093284    -0.102521   -0.0264861    -0.131924    -0.118351   -0.0820805    -0.141687   -0.0542942    -0.123828   -0.0807754   -0.0950181    -0.138565    -0.157661     -0.04886    -0.134338   -0.0741538    -0.080839   -0.0260065    -0.121091  -0.00803848    -0.030876    -0.192689   -0.0886618    -0.159875   -0.0497934   -0.0368751   -0.0831007     -0.11679    -0.137628   -0.0718499   -0.0313438   -0.0221856    -0.172727   -0.0713627    -0.066232   -0.0603108   -0.0819514   -0.0387656    -0.125245   -0.0788835    -0.057596     -0.10574
  -0.0718221   -0.0552081     -0.11474  -0.00774256   -0.0967203   -0.0876419    -0.171813   -0.0724423   -0.0082928   -0.0756145    -0.182047   -0.0506339   -0.0612808    -0.114148   -0.0851526   -0.0566806   -0.0440811    -0.107664   -0.0953279    -0.155185    0.0080572   -0.0203176    -0.136817   -0.0366109    -0.102255    -0.117002    -0.130714   -0.0871885    -0.140808    -0.136714    -0.130302   -0.0344656    -0.054776   -0.0257958   -0.0627162    -0.105817   -0.0633205    -0.213677   -0.0779335    -0.137409    -0.101311   -0.0136533   -0.0371119   -0.0435734     -0.17781     -0.10934   -0.0635798    -0.113652   -0.0596632    -0.144331   -0.0844585   -0.0780356    -0.146345    0.0120243   -0.0931853     -0.13873    -0.100622    -0.129854   -0.0825137    -0.119989
  -0.0734514   -0.0925767    -0.139039   -0.0392804    -0.104186   -0.0487119     -0.12709   -0.0536043   -0.0650439    -0.107832    -0.132847   -0.0879274   -0.0885984    -0.140387    -0.126598     -0.12257   -0.0879635    -0.100975    -0.139249   -0.0854731  -0.00464278    -0.124438   -0.0646637   -0.0764926    -0.164374   -0.0530477    -0.122108   -0.0593665   -0.0912022     -0.12307    -0.174143    -0.085035    -0.123738   -0.0976317    -0.067218   -0.0862558   -0.0956272   -0.0876543   -0.0266155   -0.0909367   -0.0432936    -0.113441   -0.0940622   -0.0618048    -0.113047   -0.0395671   -0.0901559   -0.0670537   -0.0689452    -0.127541    -0.138577    -0.129465   -0.0529116    0.0021543    -0.151927    -0.101034   -0.0785743   -0.0907328   -0.0523459    -0.123774
  -0.0557411   -0.0744678   0.00326585   -0.0920351    -0.101663   -0.0856318    -0.119467   -0.0541278    -0.128389    -0.134529   -0.0695796   -0.0874321    -0.127007   -0.0391582   -0.0612831    -0.129875   0.00788099    -0.122017   -0.0531802   -0.0257135    -0.142126     -0.10427    -0.109416   -0.0757779   -0.0399459    -0.102952    -0.143695   -0.0431294    -0.143039   -0.0812973   0.00246602    -0.115836   -0.0586988    -0.128347   -0.0845697    -0.091741    -0.101869   -0.0404814   -0.0417798   -0.0350675   -0.0334407    -0.178127    -0.048575   -0.0902424    -0.102797    -0.167493    -0.093109    -0.131351   -0.0724416   -0.0523914    0.0167001    -0.167848    -0.141448    -0.166786    -0.077765   -0.0381007   -0.0826198    -0.152892    -0.162506    -0.157882
  -0.0613879   0.00954684    -0.097049   -0.0600473    -0.178818   0.00196084    -0.138133  -0.00625176    0.0420741    -0.010839   -0.0981037    -0.152605   -0.0383182   -0.0749997   -0.0140268    -0.126453    0.0331497   -0.0144699   -0.0826283    -0.161637   -0.0248688    -0.189848    0.0049428    0.0419658    0.0126776    -0.130808    -0.112436    -0.133639    0.0233043   -0.0898618   -0.0347094    -0.121891    -0.193768    -0.143698   -0.0247592    -0.177253    -0.133278    -0.115844  -0.00574753    -0.236781    -0.119969    -0.215187    -0.108734    -0.165226   -0.0876313   -0.0445636    -0.102362    -0.106909    -0.114298   0.00464725    -0.215078   -0.0537445    -0.219928    -0.227063   -0.0213664   0.00492513   -0.0906053   -0.0501735    -0.123904   -0.0766492
   0.0213909   -0.0589334   -0.0974086    -0.105495    -0.136606    0.0016384    -0.086116   -0.0258537   -0.0104369    0.0121482    -0.118519     -0.16288   -0.0616164   -0.0260554   -0.0359457    -0.133666    -0.024406   -0.0392886    -0.157973    -0.159928   -0.0617282    -0.168673  -0.00560934  -0.00571821    0.0182559    -0.108888    -0.160933    -0.103596    0.0613356   -0.0490961   -0.0884091   -0.0828706    -0.155424   -0.0566182    -0.114551    -0.189612    -0.162627    -0.105786    -0.054838    -0.187605    -0.115704    -0.180881   -0.0416911   -0.0902215    -0.134094   -0.0798659    -0.208108   -0.0460078   -0.0738554  -0.00470883    -0.116134   -0.0554501    -0.162575    -0.160496    -0.118571   -0.0462494    -0.137485   -0.0975338    -0.101229   -0.0579353
  0.00508581   -0.0259088   -0.0491538    -0.194319      0.05339    -0.169577    0.0967315   -0.0918803    -0.184691    -0.113053   -0.0856265   -0.0686164    -0.167884   -0.0771096   -0.0768387   -0.0653172    -0.227647   -0.0318606     0.116774   -0.0597451    -0.138832    0.0620549    -0.253272    -0.239417   -0.0807112   -0.0468092   -0.0530278    -0.107981   -0.0402155     -0.10712    -0.249078   -0.0861385   -0.0153748    -0.151653     0.045782     -0.16859    -0.140688   0.00625109   -0.0365265    0.0848576   -0.0732404    -0.128883    -0.155648    -0.212011   -0.0721005   -0.0923044    0.0656168    -0.148534  -0.00775106    -0.283435    0.0337385    0.0411307    0.0887202    0.0441348     -0.13755    -0.116811    0.0195707   -0.0603806   -0.0677254    0.0399799
   -0.132207   -0.0497986   -0.0305642    -0.114055    -0.153307    -0.120514   -0.0420376    0.0121297   -0.0847128    -0.150783     -0.12243     -0.12036    0.0131965   -0.0549171    -0.134259   -0.0174091    -0.165611    -0.120503   -0.0607741    -0.143992    -0.148296      -0.1394   -0.0285287    -0.140764    -0.107533    0.0219997   -0.0909761   -0.0962345   -0.0157187    -0.125216    -0.148456    -0.155469   -0.0899182   -0.0248371    0.0181813    -0.172882   -0.0354142    -0.124761    -0.180288     -0.11144    -0.096666   -0.0391754    -0.115319    -0.137066   -0.0413753   -0.0527893   0.00970078    -0.113442   -0.0254641    -0.099956    -0.169667    -0.017901   -0.0296551   -0.0792234   -0.0968287   -0.0780585   -0.0606246   -0.0176593    -0.106316   -0.0736413
  -0.0264859    -0.143188    -0.225309    -0.103039    -0.103761    -0.210142    0.0706252   0.00694618    -0.148792     0.109843    0.0286138    -0.153632    -0.194218   -0.0808779    -0.177841    0.0635871    -0.116758   -0.0053519    -0.105357    -0.169848    -0.188497     0.105302      -0.3006    -0.390878   -0.0730987    0.0902808   -0.0953421    0.0749096    0.0682044    -0.223483    -0.221172   -0.0608286    0.0937622   -0.0834938    0.0182767    -0.198665    0.0894968   -0.0474677    -0.109434     0.104847   -0.0745897   0.00969731    -0.120361   -0.0774703   -0.0676042  -0.00740049   -0.0661208    -0.190353   0.00762633    -0.307099   -0.0206903    0.0490596    0.0936302  -0.00501181    -0.143295    -0.124658    0.0490775    -0.202514     0.121396    0.0423102
  -0.0293837   -0.0814942   -0.0563518    -0.244552    0.0856935   -0.0679088     0.115296   -0.0663241    -0.230108     -0.22305   -0.0541304   -0.0584095    -0.171958   -0.0213485    -0.167985   -0.0420377    -0.265852   0.00684212     0.198233   -0.0068561    -0.200991    0.0574013    -0.172553    -0.298543   -0.0759767   -0.0735486    0.0135205   -0.0311889   0.00594584    -0.152171    -0.269898    -0.101174   -0.0389341    -0.125644     0.100536    -0.107272     -0.14556    0.0334883   -0.0694632     0.079341   -0.0943079    -0.142818    -0.212592    -0.251327   -0.0765005  -0.00699795     0.129307    -0.194198      0.01821    -0.168676    0.0405722    0.0862133    0.0145223   -0.0363481    -0.169848    -0.138214  -0.00312189   -0.0717254   -0.0257791    0.0444267
   0.0272306    -0.145782   -0.0673935    0.0230439   -0.0121308    -0.109408    0.0461791    -0.147488    -0.209799   -0.0360282   -0.0913373   -0.0533142    -0.156231    -0.102552   -0.0611753    -0.176917    -0.153975   -0.0713532     -0.11664  -0.00970954   -0.0927361   -0.0237967   -0.0385734     -0.11474    0.0129556   -0.0601282    -0.114901    -0.127823    -0.177147   -0.0198131   0.00290583    -0.055533    -0.154022    -0.147737    -0.187882   -0.0910715   -0.0441569   -0.0503887   -0.0478347    -0.125396   -0.0192071   -0.0841989   -0.0703664   -0.0224916   -0.0957788    -0.139544    -0.135984   -0.0305908    -0.172755    -0.133918    -0.109161    -0.104536   -0.0549681  -0.00478401   -0.0941403    -0.110344    -0.100669   -0.0994514    -0.173311     -0.10735
