no weights
    0.155413    -0.400307   -0.0748094    0.0359418     0.279443     0.243604    -0.364293     0.128563     0.200537      0.24225     0.663544    -0.324992    -0.259868     0.491674     0.284001     0.402315     0.407629    -0.158103    -0.176652   -0.0152306    -0.142239   -0.0823132     0.466325    -0.451207   -0.0879239     0.314608      0.48702     0.724169     0.565638    -0.291918    0.0258025     0.109765     0.249274     0.289257     0.181904  -0.00952559    -0.288775     0.587497      0.23424     0.187897     0.670403   -0.0807432     0.094934    -0.454437    -0.272071    -0.135083    -0.230759     -0.09564
   -0.209649    -0.263787    -0.160315   -0.0762252    0.0501451     0.331727    -0.222068    0.0286532   -0.0380623     0.092784     0.158727     0.205138   -0.0368458    0.0813887    0.0250583     0.248473    -0.402019     0.225415   -0.0364352    0.0834145    0.0651673    -0.479796     0.531134     0.121926   -0.0555534   -0.0628166    -0.707887   -0.0265482     0.100055     0.543388     0.131722     -0.74534    0.0277864    -0.212929     0.200451     0.484543    -0.265586     0.132198    -0.210379     0.113794     0.245082     0.334861   -0.0365129    -0.203295     0.211207     0.175043     0.220145     0.109843
    0.277389    -0.180811    0.0202393    -0.199608    -0.254423    -0.195685    -0.249547     0.247601     0.183832     0.270418    -0.391166     0.351419     0.163695  -0.00205029     0.361651     0.438823    -0.489209     0.789547    -0.138598     0.189694      -0.2119   -0.0809053    -0.310142     0.598259    -0.172512     0.123888     0.413072     0.315008    -0.400372     0.354551    -0.123115    -0.181527     0.512093     0.482491    -0.244879    0.0698514    -0.523366     0.258456    0.0924738     0.356304    -0.150425      0.10408     0.290142     0.308167    0.0265822    -0.174996    -0.315012     0.644932
   0.0903814    0.0671201     0.315052     0.204729     0.163692     0.395041    -0.216001     0.190061     0.133417   -0.0137208     -0.59764     0.649037    -0.148277    -0.146002     -0.11408    -0.213549   -0.0964703     0.199961     0.130397   -0.0686983     0.392403     0.087694    -0.186434     0.362044   -0.0453963   -0.0337588    0.0440159   -0.0473916     0.150802    -0.181962     -0.19548   -0.0609479    -0.406145    -0.196751    0.0485243    -0.278273   -0.0200574    -0.186316    -0.636393    -0.311338    -0.476475     0.120072    0.0981771     0.461977     0.263954     0.318507     0.209456    -0.192917
    0.506305    -0.708735    -0.540127    -0.471726  -0.00555661       0.4221    -0.264217     0.119297     0.204715    0.0569351     0.292086    -0.121692     0.122845     0.237543     0.226772    0.0395376    0.0763199   -0.0406458     0.269259     0.160591    -0.107895    -0.690623     0.426334   -0.0979249     0.188241      0.30496  0.000741434     0.357144      0.62992    -0.248897     0.256898    -0.702249     0.663792    -0.337824     0.380615   -0.0988079    -0.244544      0.10401    -0.234767    -0.452612     0.198767   -0.0638985     0.485362  -0.00629161     0.203376     0.242315    0.0103468     0.352584
    0.118816    -0.312212    -0.520484    -0.348549    0.0949935    -0.255185    0.0785355    -0.143942   -0.0175405   -0.0460167     0.142563      0.28864     0.435859     0.054601   -0.0224406    -0.204369    0.0421256     0.501034     0.106502     0.374273    -0.246689    -0.524173     0.134315     0.317512     0.266114      0.26535     -0.26225     0.320122     0.291856   -0.0224106     0.281949     -0.22283     0.248273     0.178861     0.356801     0.098806    -0.170694   -0.0202281    -0.108764    -0.267592     0.215081     0.044312     0.317243    -0.224243   -0.0332616    -0.206484  -0.00610118     0.119333
   -0.911113   -0.0266629     0.328484     0.281707   -0.0288703    -0.439081    -0.325372     0.218799     0.260509     0.350055     0.104389    -0.311692     -0.36779     0.125316     0.216432   -0.0126181   0.00744652   -0.0580808    0.0564362     -0.42627    0.0415614    -0.547746    0.0751701    -0.100769    0.0573062    -0.209888     0.331067      0.16768     0.528333    -0.389679   0.00376687     0.162241     0.170555     0.652073     0.586882    -0.212164     0.229914     0.269381    -0.107223     0.327907     0.894812    -0.240285     0.284205    -0.305201   -0.0555174     0.282554     0.384136     0.361253
   0.0148297    -0.129944    -0.336964    -0.118064    0.0156964     0.211927     0.119811    -0.377078    -0.259496   -0.0607609     0.101682   -0.0624641     0.270885     0.350063    -0.418923     0.238946     -0.23074     0.236294    -0.204678      0.63011     0.300042      0.45231     0.545825     0.143938    -0.211665   -0.0344364    -0.814435     0.482255    -0.209189     0.501275    -0.149904    -0.102186    -0.238265      0.35079    0.0906882     0.336516    -0.273856    -0.118821    -0.252127     0.248181    -0.119224     0.402633    0.0938285    -0.555644    0.0118062    -0.385508     0.103813   -0.0545926
    0.149477   -0.0178454   -0.0818363     0.072476     0.108013     0.348478   -0.0786657    0.0120596    -0.180295     0.248434     0.236864     0.088218   -0.0940769     0.132639    0.0813415     0.168136      0.32196     0.178302    -0.249273     0.457222     0.298905     0.506701     0.562834     0.054377    -0.191863    0.0450676   -0.0902436     0.235103    0.0614627     0.171648    -0.117342     0.429501   -0.0523513     0.293263     0.208479     0.179217     -0.30237     0.305189    -0.265051    0.0898702     0.270957     0.188402     0.275007    -0.741417    -0.718554    -0.900388    -0.448599   -0.0283683
   -0.240849    -0.260365    -0.420613    -0.600219    -0.724163   -0.0334326   -0.0419202     0.320941      0.25589    0.0690806    -0.158608    -0.454314       0.1615   -0.0470899     0.427469    -0.104137    -0.373719    0.0631172     0.334214    0.0584479       0.1128    -0.469559     0.126768    -0.144136     0.534405     -0.27129     0.177526     -0.38239     -0.17091    0.0452441     0.461193   -0.0691444     0.613602    0.0128931    -0.153757     0.309381     0.266262   -0.0153332      0.12085    -0.290096     0.106074     0.240674     0.347595     0.346187    -0.128053      0.23075     0.224008     0.589298
   -0.194846    -0.171242    -0.162882   -0.0766612   -0.0968085    -0.111744     0.136533  -0.00836327    0.0473322     0.210558     0.353926    -0.736158    0.0143523     0.146391     0.209756     0.190962    0.0415059    -0.372018     0.194474     0.165921     0.134523    0.0606226     0.283329    -0.489788     0.249286   -0.0474182    -0.082572     0.106088    0.0453795    -0.276801     0.254091      0.14014    0.0623182     0.439007    0.0656787   -0.0690745     0.325396   -0.0945258     0.205685     0.127566     0.323918   -0.0841099     0.379276    -0.298956    0.0734289     0.189744     0.227826     0.335751
   0.0020647    -0.213904   0.00457874    -0.355356    -0.645612    -0.434342     0.266683     0.264316     0.154177    0.0694277       0.2789     -0.47785     0.152423    -0.236142     0.303188     0.303575    -0.122071    0.0899419   -0.0265417    -0.246063    -0.304055    -0.249326     -0.23005     -0.10226   -0.0421255    -0.259875     0.369624    -0.215338    -0.441015      0.10514    0.0624598    -0.432325     0.770324    -0.084559    -0.199843    -0.201122    0.0411664      0.42552     0.886474     0.614378     0.437666    -0.278141   -0.0999664     0.347516     0.186909     0.451921    -0.106064     0.363152
   -0.372592    0.0113245    0.0694263     0.044319    -0.211105    -0.124686     0.132866    0.0414224    -0.149775     0.150938     0.162063    -0.199786     0.109079   0.00156098     0.068055     0.155932      -0.1617    -0.170424    0.0677712    0.0650955     0.224051   -0.0964298     0.392354    -0.179155     0.203009    -0.456866    -0.469297    -0.360465   -0.0150633     0.131686     0.165291    -0.398536     0.231099    -0.149224     0.182804     0.133475     0.306536     0.111598  -0.00138649     0.190989     0.429764    0.0419522     0.171453    -0.288068    0.0102389     0.254706     0.293423     0.214371
   -0.291538    -0.100727     0.141179   -0.0534943  -0.00134711   -0.0470511     -0.15845    0.0129653     0.126046   0.00822352      0.43808      0.13244    -0.149406    -0.189519     0.154682   -0.0765391     0.572189     0.169972    -0.656875     0.564729    -0.112317     0.302283     0.209978    0.0670763    -0.375122    0.0976338     0.418932    0.0840929    0.0138501   -0.0835259     -0.39124     0.427303     0.629362     0.345866     0.308572   -0.0622339    -0.761585     0.627799     0.527235     0.273289     0.474064    -0.228332    -0.547228   -0.0916912   0.00777056    -0.188426    -0.633589    -0.147392
  -0.0225165     0.314541    -0.102056    0.0597034    0.0532637    -0.158235    0.0846126    -0.127262    -0.195116     0.228524   -0.0716477     0.312621    0.0738112   -0.0634405   -0.0950316    0.0664858     0.136592     0.534817    -0.180096     0.582906    0.0889286     0.538018   0.00235721     0.533774    -0.145829    0.0393557   -0.0167083     0.136875    -0.156289      0.42997   -0.0754227     0.514506    0.0270224     0.430057   -0.0934104     0.588582    -0.314006     0.149702   -0.0229729     0.291386   -0.0497183     0.372359    -0.440783    -0.383817    -0.588496    -0.856258    -0.160613    -0.477283
    0.280982     0.432424     0.294141   0.00812749    -0.312443    -0.471451     0.407854     0.111293   -0.0433747   -0.0911106    -0.638729     0.327463     0.358246    -0.518622    -0.255205    -0.331851       -0.229     0.386669    0.0136277     0.364444     0.320579     0.471613    -0.443992     0.300706    -0.121912    0.0306187     0.207027   -0.0765212    -0.483826    -0.139655    -0.168748    -0.195538     0.213978    -0.312236    -0.489989    -0.510427    0.0222174    0.0230213     0.187741    0.0387632     -0.38143    -0.309226     0.228612      0.35065     0.194667    0.0174589   -0.0702057     0.193257
   -0.403877    -0.290382   -0.0853712    0.0435801   -0.0147731   -0.0686647     -0.30194      0.10876    0.0226422     0.411799    -0.031702     0.354711    -0.242594   -0.0228249    0.0556089   -0.0997877     0.248919     0.205674   -0.0324633    -0.117441   -0.0476388    -0.133677    -0.115811     0.224268    0.0046857    -0.157401   -0.0426113    0.0570474     0.178027    0.0218265   -0.0933357     0.203093   -0.0138383     0.294467     0.293756     0.146235     -0.07442     0.111286    -0.330993    0.0250741     0.271281     0.160459    0.0708015     0.156746     0.332648     0.319537      0.59652     0.252342
    0.244311    -0.321112   -0.0635388    -0.212839    0.0406994     0.372315      -0.2448     0.252958     0.196792     0.165533    -0.440105     0.412726    0.0642563    -0.113285    -0.071977   -0.0924226    0.0239203     0.169636    -0.276645     0.436977     0.456449     0.489078   -0.0496501     0.215704    -0.463794     0.147947    0.0457373     0.317033    -0.137908   -0.0225474    -0.582468   0.00856865   -0.0892903     0.011317    -0.155482    -0.143075    -0.401211     -0.11325    -0.287689    -0.237454    -0.578458     0.184052     0.106493     0.457631     0.786565     0.434969     0.242924    0.0390989
    0.577392    0.0341175    -0.133679    -0.084074    -0.193277    -0.107287     0.315924    -0.267897    -0.382318   -0.0822228     0.572441   -0.0696352      0.30299    0.0348968    -0.127251     0.235436     0.414303   -0.0369157    0.0693657   0.00932727    -0.478304    0.0292903     0.158077   -0.0992008    0.0727379     0.104422     0.146296     0.175624    0.0846058    -0.205262      0.15666     0.342985    -0.121791     0.357053  -0.00710507    -0.286722     0.198983      0.41418     0.151735     0.184215     0.499222    -0.410211      1.01008    -0.594839    -0.390782    -0.396649    -0.258478     0.947502
   -0.299369     0.797916     0.896679     0.615869     0.555121    -0.341593    0.0857956     0.171458    0.0147521     0.136923   -0.0318402     0.153493    -0.107464    -0.309034    0.0755716    0.0529545    0.0603989     0.100023    -0.161737   -0.0810785      0.14052     0.268173    -0.152049     0.263269    -0.122997   0.00516417    0.0147128    -0.253242    -0.120509     0.141035    -0.133604     0.131682     0.124611   -0.0982675    0.0991665    -0.125421    -0.219889    0.0400887     0.336418     0.283053 -0.000797806    -0.171682    -0.604467    0.0782552   -0.0121343    -0.100481    -0.257698    -0.768034
    0.122657     0.173805      0.17427    -0.075927    -0.279369     0.682441    -0.218318     0.380855     0.152143   -0.0746155     0.161326     0.061965   -0.0550845    -0.190342     0.416372   -0.0819462     0.324511    -0.129314     -0.25966     0.438446     0.694153     0.464549     0.970665    -0.421926    -0.316732    -0.478634     0.420767    -0.827585     -0.16669     0.129848    -0.321226     0.265957     0.287058     -0.29997     0.285973   -0.0369059    -0.116196      0.47708     0.164077    -0.204696     0.275559    0.0797077     0.110533     0.214854    -0.396101   -0.0829219    -0.591226     0.193516
  -0.0635659     0.537848     0.664249     0.515394     0.513425    -0.600999     0.219058    0.0268792   -0.0512855    -0.236579   -0.0684153   -0.0251126     0.113266    0.0139643    -0.340411    -0.249972      0.26689    -0.255545    0.0308208    -0.211376     0.345645      0.24115   -0.0870996    -0.227226    -0.180117   -0.0325027     0.278646     0.232764     0.121811    -0.524106     -0.38295    -0.273071   -0.0922461    -0.326139     0.165137    -0.859828     0.251172    0.0758431    0.0332538   -0.0610353    0.0521795    -0.433396     0.165873     0.201046    0.0656939     0.243826    0.0179629    -0.377893
    0.336906    -0.207246    -0.209807    -0.119798  -0.00915896    -0.371022    -0.200602   -0.0261392   -0.0228832     0.452257    0.0175613    -0.388647    -0.132657   -0.0471228    0.0216775     0.119555     0.297578    -0.248762    -0.184025     0.097451    -0.423947     0.152851    -0.426668    -0.384806   -0.0513758     0.189866     0.374783     0.604152    0.0690767    -0.726766   -0.0911108     0.591553     0.110297     0.750496    -0.141005    -0.480377   -0.0356975  -0.00926852   -0.0533842     0.155401     0.153885    -0.458867     0.453043     0.144893     0.219118     0.221734     0.616024     0.411101
    0.357399     -0.16526    0.0124093    0.0392143    -0.216441     0.432599    0.0286225     0.149074     0.110454    -0.172243     0.249874    0.0808553    -0.161241     0.194334    0.0884515     0.193004     0.333016    -0.261289     0.277951    -0.757514    -0.345089     -0.24984    -0.312225    0.0880991   -0.0113283   -0.0107778      0.28578    -0.227496    0.0503909   -0.0517639   -0.0247132   -0.0417688    -0.188457    -0.468112    0.0256203    -0.304761     0.270483     0.204166     0.180094    0.0587763    0.0162164   -0.0686886    -0.102214     0.375998     0.379322     0.464859     0.036655    0.0850077
    0.378144    -0.455912    -0.221925    -0.318894    0.0138915    -0.115946    0.0237652    0.0246539      0.18462   -0.0630392     0.087696   -0.0106918    0.0664646     0.249453     0.183743     0.225431     0.118163    -0.244097    0.0556377    -0.357211    -0.553119    -0.255882    -0.676117    0.0480558    -0.114805     0.387914     0.187332     0.276623    0.0569169   -0.0709622    -0.125532    0.0112722     0.244677   0.00784165    0.0161732    -0.143402    0.0370998    -0.562886     0.166754    -0.197659    -0.591385    0.0636569   -0.0229266     0.671333      1.02349     0.857283      0.38175     0.171544
    0.115438   -0.0213407    -0.189586    -0.373791     -0.51839     0.111804     0.217699   -0.0224774    0.0592876     -0.36678   -0.0192743      0.34442     0.160102    -0.030671   -0.0422535    -0.125952      0.19469     0.328096    -0.225601     0.257705  0.000799781     0.323674    -0.112227     0.287302    -0.241185   -0.0211649     0.456516    -0.289539    -0.451985     0.499642    -0.362033     0.308147     0.501391    -0.171725      -0.1657     0.291187    0.0802894     0.125216     0.589766    0.0206755    -0.091561     0.382172    -0.205238     0.372031   -0.0460523    0.0337637    -0.433604     0.187234
    0.236817    0.0255149    0.0417255     0.117975     0.230693    0.0709112     0.303339    0.0906415     0.104711    -0.190643     0.511731    -0.551091    0.0405086     0.310087     0.223766     -0.12441     0.632159      -1.1095     0.233904    -0.156366   0.00435604     0.123517  -0.00939786    -0.808051   -0.0474802      0.16151     0.113555    -0.164773      0.27828    -0.579129    -0.219352     0.299777    -0.132737    -0.439555     0.106532    -0.518227      0.51365    -0.155043     0.026598    -0.483627    -0.117776   -0.0757932   -0.0591482     0.386124     0.375774     0.351414     0.188908    -0.173062
    0.460275      0.34317    0.0656099     0.338722      0.19446     0.238947      0.13662    -0.153466    -0.272117     0.202218   0.00966984   -0.0919083    -0.173262     0.141747   -0.0671234     0.361809  -0.00728764    -0.428684     0.350413    -0.460766    -0.259577     0.179715    -0.302104      -0.1007     0.292141  0.000283445    -0.477045   -0.0419349    -0.162069    0.0329258     0.382687     0.514606     -1.09643     0.276309    -0.339813     0.232369     0.441473   -0.0601156    -0.268197     0.162891    -0.251803     0.124047    0.0804129    -0.228501    -0.255945    -0.160666     0.570772   -0.0572816
    0.655866    -0.151959    -0.281693    -0.416467    -0.138857     0.807241      0.31177     0.198384     0.148976    -0.226034     0.612169    -0.136706    -0.044309     0.229191     0.292483   -0.0389792     0.519005    -0.409211   -0.0141795     0.265269     0.603824     0.438368      0.59056    -0.167735   -0.0310058     0.149073    0.0465875    -0.301649    0.0620617     0.303659  0.000632123      0.18431   -0.0289372    -0.575853     0.155089     0.275259   -0.0895498     0.122369     0.518875   -0.0809572    0.0143104     0.213781    -0.615482    0.0137794    -0.251778    -0.403868    -0.540599    -0.741077
    0.394937    -0.173544    -0.295565    -0.263804     0.215386    0.0250572     0.104579     0.114502    0.0842936     0.293017  -0.00892975     -0.12008    0.0413127     0.109298     0.334845    0.0837664    0.0244027    -0.240412     0.347434    -0.156124    -0.153729    -0.218673    -0.410781     0.147418     0.406812     0.317872    -0.189678    0.0121424     0.239696   -0.0976145     0.377826    0.0724624     0.124011   -0.0307597    0.0632531     0.152696     0.163302     -0.89793    -0.279928    -0.397352    -0.639159      0.25414     0.162221     0.339483      0.42627     0.317323     0.610815    0.0770943
   -0.261228     0.233101     0.458448     0.394823     0.356651    0.0863861   -0.0550902    0.0314123     0.208986   -0.0352974    -0.218865    -0.253685   -0.0549828   -0.0588284   -0.0491249   0.00577393    0.0921937    -0.387783    -0.295426     0.441345     0.382735     0.710255    0.0114823    -0.401683     -0.29562     0.158036     0.168185     0.138056    -0.238946    -0.239088    -0.384729     0.148471     0.247377   -0.0752879    -0.209098    -0.313675    -0.216694  -0.00341242     0.138492    0.0729601    -0.416017    -0.113953    -0.391312     0.370129     0.543389     0.332696    0.0195328    -0.350249
    0.167567    -0.106861    -0.383158    -0.592225    -0.772842    -0.473555     0.636763     0.215113    0.0700666    -0.276219    0.0965177   -0.0818006     0.556894    0.0981404  0.000904925    -0.189495   -0.0941445     0.287547   -0.0249327     0.386937      0.54608     0.298121    0.0854561    0.0314037   -0.0552921    0.0997543     0.285171     0.100987    -0.308096     0.206545    -0.145202    -0.363626     0.261915    -0.515324    -0.353491    -0.094937     0.301373     0.102587     0.520528     0.129125    0.0786352     0.082816     0.224658   -0.0291577    -0.129895    -0.247206    -0.244067      0.10111
   -0.541787   -0.0926724    -0.267308     -0.40115    -0.381581    -0.870083     0.596531     0.170832     0.119849    0.0098353     0.260277    -0.276021     0.374509    0.0842429     0.228445    -0.098466    0.0980444     0.268015     0.261105    -0.144029   -0.0906128     -0.30859    -0.334551    0.0661897     0.449837    0.0376805    0.0171101   0.00210584   -0.0361871  -0.00394973     0.339707     0.112985     0.316165     0.081563     0.114912   -0.0120603     0.326377     0.015485     0.430392     0.240507     0.388324   -0.0146244    -0.126633    -0.124025   0.00281497     0.011953     0.149925     0.116232
    0.553835    0.0967903    -0.136857    0.0598975    -0.391359    0.0717972     0.089597    -0.378253    -0.336639    -0.160162   -0.0966617  -0.00352336    0.0749988     0.203981     -0.47513     0.326003    0.0523727     0.201914     0.202589    -0.210478    -0.430928      0.22055    -0.390963    0.0659355   -0.0838793   -0.0281962  -0.00509793     0.476122    -0.372694   -0.0808759   -0.0155255      0.66829    -0.819745     0.548646    -0.318228    -0.245309     0.371026     0.311214    -0.193564     0.263099   -0.0260069   -0.0803918      1.01839    -0.561671     -0.40977     -0.42065    0.0726179     0.814312
   -0.158991    -0.148799     0.304255     0.176028    -0.149074     0.935756    -0.746931     0.182857     0.296442      0.11163   -0.0959852     0.378467    -0.648866      0.18837     0.427475     0.611879    -0.370339    0.0390662    -0.123808    -0.560579    -0.174218    -0.320279     0.152492     0.140002    -0.440367    -0.326381     0.141827    -0.223999    -0.139774     0.669299    -0.279762   -0.0437344    0.0896284    0.0834391      0.07654     0.754842    -0.189745     0.156744    -0.304723    0.0133599    -0.272966      0.83433   0.00968619     0.234173     0.197195     0.421544    0.0640548     0.339552
   -0.126134     0.505404     0.743548      0.55849     0.350865   -0.0161214  -0.00817109     0.215983      0.15129   -0.0654953   -0.0320286    -0.172898   -0.0597795    0.0781898  -0.00779835     0.233563  0.000271803    -0.190422   -0.0710335    -0.126129     0.349747     0.294243     0.179604    -0.341144    -0.285412      0.10531     0.453937       0.1829   -0.0177647     -0.23215    -0.170732    -0.316706    0.0798131    -0.116886    -0.186545    -0.432179   -0.0965384     0.361214     0.325011     0.323113     0.193329    -0.368043     0.011864  -0.00709866   -0.0772154    -0.027667    -0.305479    -0.117177
   -0.534984    0.0614038     0.327644     0.280707     0.130623     0.104554    -0.252445     0.420708     0.236425     0.192199    0.0498524      0.55131    -0.477191    -0.067659     0.216873   -0.0779885     0.155503     0.336372   -0.0628356    -0.662178    0.0814944    -0.362465   -0.0651857     0.396305     0.105927    -0.093654     0.310957     -0.43649      0.47015     0.327173     0.193182    -0.156442   -0.0752637    -0.381131     0.394697     0.295326     -0.18815     0.293438     0.297729     0.244381     0.241918     0.163388    -0.951601     0.372848   -0.0992106     0.256922    -0.120291    -0.944153
    0.849485     0.131003    -0.269981   -0.0848663    -0.227065     0.831913    -0.185717    -0.285054    0.0645657    -0.500636    -0.140318   -0.0370731    -0.113647     0.352026    -0.358021   -0.0312282     0.100215    -0.108708     0.348257    -0.247528     -0.21719   -0.0567931   -0.0763501    -0.106746      0.14194    0.0129542     0.386786   -0.0998445    -0.124143      0.12693      0.26645     0.146488    -0.216087    -0.476805    -0.224331     0.166925     0.187206     0.215173    -0.101236    -0.354187    -0.285088     0.260075     0.258443     0.376696    -0.486986     -0.18701    -0.176451    0.0882465
    -0.48058    -0.158858    0.0907463    0.0590612     0.062443    -0.247603    -0.063711      0.11715    0.0709579     0.306492    0.0386511     0.201923    -0.123044    -0.148272     0.242818     0.109132     0.114507     0.107919    -0.289958    0.0590164    -0.362281    -0.126057    -0.366804     0.170741    -0.170426   -0.0836589    -0.277535   -0.0806592     -0.20008    0.0817844    -0.258863     0.327794     0.275099     0.494988     0.179287    0.0132311    -0.219697   -0.0426511    0.0913959     0.172813    -0.118843    0.0188697    -0.416716     0.361485     0.903536     0.544828      0.42104     0.158163
    0.421997    0.0526733    -0.341421    -0.225334   -0.0846247      0.13643     0.176984    0.0214951   -0.0111922    -0.190203    -0.044862    -0.201888      0.47415     0.144239   -0.0854238    0.0169581    -0.394185     0.264526     0.599669    0.0313535     0.125585    -0.547113     0.301442     0.190313     0.497467    0.0506811    -0.179375   0.00440466    0.0698548     0.159855     0.630388    -0.626673    0.0891375    -0.395683    0.0184453   -0.0187456    0.0931074    0.0744689   -0.0736148    -0.123335    0.0368152   -0.0758086     0.474767   -0.0121083     -0.44274    -0.397356    -0.259226     0.208841
   -0.695078   -0.0722734     0.216893     0.228494     0.146144    -0.258676    -0.274699    -0.114696   -0.0727629     0.234257    -0.333497     0.824288    -0.123008    -0.124439    -0.152818    -0.283651    0.0161916     0.733001    -0.324267     0.480351     0.318682     0.247827     0.210239     0.555955   -0.0668076   -0.0183898   -0.0910612     0.376586     0.316288    0.0899333    -0.302802     0.405175    -0.435101     0.787573     0.226022    0.0755643     -0.27779     0.229637     -0.49155   0.00177208     0.275751     0.151652     0.221578    -0.400802    -0.115827    -0.180658    0.0525026    0.0979589
    -0.44715    -0.157014    -0.089833    -0.107289     0.178406    -0.627103     0.171323     0.350536     0.184958     0.654035     0.142463    -0.312863   -0.0127575    -0.233746     0.467873     0.120991    0.0403728    -0.143103    -0.100183   -0.0488322  -0.00552304    -0.020986     -0.51088    0.0634298     0.145443     0.217593    -0.468928   -0.0163543     -0.02065    0.0305547    0.0937194   0.00883899    0.0873365     0.217179    0.0493258     0.264485    -0.154133    -0.429769     0.249943      0.34054   -0.0832031     0.099476    -0.940324     0.208108     0.590661       0.2295     0.739179    -0.742297
   -0.629572    -0.579021    -0.224235  -0.00129078    -0.812394    -0.359904    -0.370331    -0.507776    -0.366236    -0.317869    -0.459631    -0.342346    -0.375081    -0.318785      0.38883    0.0233676     0.111389   -0.0466854    -0.489407     0.159005    -0.457209   -0.0682945    -0.406078     0.114953     0.178783     0.280916    -0.111113  -0.00416373    -0.350946     0.127147   0.00527834    -0.236587    0.0978897    -0.120394   -0.0631869    -0.303441     0.338034    0.0681683     0.109647    -0.526882     0.139356     0.185819
  -0.0446273    -0.633927     0.546774    -0.147225   -0.0722531    -0.765761     0.134977     -1.21375     -0.90307     0.397671    -0.348587     0.913841    -0.492134      0.35016    -0.852762    0.0820371    -0.397648     0.230735      -1.1115     0.134743     0.355355    -0.126927    -0.132456    -0.106218     0.425814     0.129026    -0.139608      -1.4221  -0.00428957    -0.226482     0.334784      0.13304   -0.0618845     -1.33572      0.24855     0.220528     0.271466    -0.704281     0.105305    -0.677833    -0.624981    0.0681424
    0.248411     -1.14529     -0.71385    -0.817073     -1.27707    -0.986399     0.543256    -0.626875   -0.0448419    -0.526208    0.0480691      0.60661    -0.159691     0.544856  0.000788525    -0.203789    -0.395082    -0.924275     0.476842     0.196403     0.180957     0.259086     0.203695   -0.0434646    -0.922541    0.0850578     0.226283    -0.178986     0.117199     -1.24151    -0.023649     0.275831     0.308691     0.230227    -0.767129     0.186431   -0.0525061    -0.447228    -0.314399    -0.983775    -0.391926    -0.199424
    0.618997     0.372225    -0.142308    -0.734286    -0.301037    -0.532539    -0.105796    0.0341778     0.180793    -0.645733    -0.218641     0.174414   -0.0692428     0.136251     0.102179    -0.925813    -0.457045    -0.782024     0.204455      0.24667     0.146951    -0.510115     -0.51725   -0.0883161    -0.879186    -0.331765    -0.735013     0.342023     0.332898    -0.756096    -0.327475    -0.661092    -0.735215   -0.0906628     0.744379     0.260491     0.280706     0.236001    -0.397357    0.0250288    -0.585847    -0.301768
    0.319634    -0.111157    -0.387922    -0.733879     0.265118     0.242665     0.415572    -0.158112     0.208793      0.06446     0.174463    -0.386888   -0.0575477      0.76748     0.416034     -1.13857     0.232179    -0.640749   -0.0689426    -0.233321   -0.0397813    -0.904065     0.571316     -0.90293    -0.465731    -0.698485    -0.260789    -0.412926   -0.0982582     0.209837    -0.450096    -0.991384   -0.0081561    -0.853901    -0.403353    -0.703927    -0.113824    -0.846479     0.279379    -0.475695     0.277887     0.546689
   -0.513867    0.0235474    -0.451424  -0.00438941    -0.320004    -0.503597    -0.631757     0.211787     -0.16663    -0.329034    -0.189836    -0.446599   -0.0861052    -0.553169   -0.0133208   -0.0664634     -0.34897     0.228422    -0.744787  -0.00180511     0.164304   -0.0531693    -0.458428    -0.198911   -0.0245836    0.0617147     0.261073   0.00692064     0.319103    0.0458925     0.239411    -0.105134    -0.643475    -0.413623     0.200249   -0.0647848    -0.380194     0.143044    -0.240567    -0.189849    -0.345941    -0.103675
    0.435777   -0.0206742    -0.340706    0.0567019     0.538562    -0.111532     0.307545    -0.534725     -0.58091    0.0829248   0.00116742    -0.601683    -0.514902     -0.66044    -0.635662      -1.0145    0.0729953     0.034692    -0.973326    -0.594613    -0.809502    -0.376509     0.051526    0.0616139     0.458994    -0.525408     0.348856   -0.0918292    -0.264581     0.255449    0.0859355    -0.744994    -0.315801    -0.607801     0.457728    -0.226742     0.338826      0.26666    -0.168946    -0.112981    -0.366522      0.19705
    0.167121    -0.958217   -0.0365811     0.394562      -0.7314    -0.826949    -0.731398    -0.752903     0.275816    -0.927529     -1.14957    -0.615063     -1.12153     0.612294     0.294239   -0.0696988    -0.369724     0.188027    -0.274001     0.277181     0.483814     0.115182    0.0630802   -0.0470967    -0.626236   -0.0131276    0.0209875    0.0467916     0.288236    -0.882013     0.247862    -0.841001     -1.17288    -0.122513     0.150609     0.170313     0.285786     0.621802    -0.480052    -0.700079    -0.116054    -0.718321
  -0.0178605    0.0477545     -0.12366    -0.500595    -0.719741   -0.0872381    -0.229455     0.177972     0.270268    -0.365017    -0.255104    -0.144961     0.115149      0.29207     0.231301    0.0668563    -0.462626    -0.615032    -0.089125     0.184474     0.295525    -0.169111    -0.690792    -0.915454     -1.05702    0.0105091     -1.02094    -0.315126     0.257824     -1.05304   -0.0514624     0.342184     0.113047    -0.432815    -0.667284      0.16802     0.214531     -0.44438    -0.567998    0.0488104      0.28433    -0.241155
   -0.751042   -0.0579407     0.393153     0.290042    -0.542958    -0.207908    -0.392187     0.342221    0.0739187     -1.02166    -0.797501    -0.360937    -0.389942     0.281497     0.262963     0.193808    -0.239686     0.468384    -0.784327     0.329625     0.128085    0.0801539     -0.59079    -0.499281    -0.601165    0.0330042    -0.905109    -0.865914    -0.149192    -0.705216     0.315558   -0.0223673    -0.491911    -0.701755    -0.284019    0.0491701     0.217436    -0.766152     0.199158    -0.317205      0.30527   -0.0394872
   -0.594453    -0.130857     0.128886    -0.138595    -0.517971     0.131816     0.345867    0.0375875     0.238894     0.170346    -0.128135    -0.542783   -0.0151203    -0.344776     0.307595    -0.242545    0.0475888    -0.670652    0.0926765    0.0921386    -0.269255    -0.449627    -0.476065    -0.605316    -0.407006    0.0732117    -0.735144   -0.0877596    -0.808126     0.147788    -0.572375    -0.486448     0.137114     0.209907     0.306037    -0.478613    -0.168974    -0.152633    0.0286284    0.0153416     0.215875    -0.378044
   -0.498939    0.0952435    -0.234708  -0.00501786    -0.370466    -0.056032    -0.333123     0.118059    -0.243258    0.0725097   -0.0747251    -0.426939    0.0157952    -0.561884   -0.0815132   0.00647812   -0.0582947     0.099346    -0.559466   -0.0277951   -0.0978819    0.0160215    -0.501538     -0.49772    -0.346322     -0.10692    -0.371988    -0.110149    -0.435862   -0.0375153    0.0337712    0.0835812   -0.0840146    -0.341506   -0.0698387    -0.104244   -0.0763926    -0.191568    -0.146015    0.0797547     0.188708    -0.111678
   -0.841504    -0.402888    -0.836563    0.0553975    -0.558554     -0.44156     0.142835    -0.857577     -1.03319     -0.13811    0.0154742    0.0145755     0.125445    -0.707389    -0.874427     0.235868    -0.248599    -0.419279    -0.612408     0.465542    -0.832912     0.602788   -0.0876575    0.0397744     0.248492    -0.807467     0.670301     0.284928    -0.830958     0.232886     0.361684    -0.633783     0.273896    -0.547447    -0.854287     0.149655   -0.0186051    -0.436893     0.203553   -0.0938354    -0.757196     0.436941
   -0.671416      0.12967    0.0700457    0.0667534    -0.445708    0.0542982    -0.540053    -0.159292    -0.580262    -0.107422    -0.474316    -0.362999    -0.123579    -0.538437    -0.185282      0.11859    -0.101824    -0.100584    -0.452241     0.230031    -0.756521     0.054053    -0.466943   -0.0637173     0.180132    -0.177312    -0.377225    0.0950936    -0.727225    0.0951668    -0.491898    -0.283928    -0.237862    0.0633952     0.137418    -0.428818    0.0995877     0.143867    -0.141056     0.190935   -0.0579452   -0.0747495
   -0.550435    -0.183886    -0.388503     0.122248    0.0408687    -0.329313    -0.320107   -0.0763899    -0.401711     0.111302     0.150684    -0.321939    0.0854748    -0.496375    -0.708032     0.192078      -0.2899     0.222508   -0.0262347    -0.252265      0.15079      0.12994       -0.072     -0.14114   -0.0797432    -0.395616     0.224179   -0.0507332    -0.219863    0.0484522     0.226139    -0.207279     -0.46888   -0.0550234    -0.382756     0.122132    -0.815613   -0.0101069     -0.25446     0.121909    -0.272536    -0.506684
   -0.350818    -0.493588    -0.783144    0.0845502    -0.328985    -0.288183    -0.554194     0.185176     0.377145    -0.313293    0.0959741    -0.737082    0.0265872    -0.663135  -0.00633668     0.204679    -0.838889    -0.362172    0.0919001     0.201131     0.382871     0.339851    -0.493011    -0.484441     -1.07358    -0.447828     0.169032      0.24636     0.310712    -0.243612     0.215499   -0.0477556    -0.615135      0.16808    -0.813167     0.262529    -0.861903     0.254528    -0.908666     0.383101    -0.259475     -0.77565
   -0.622084     0.133489    -0.860458   -0.0492823    -0.524799    -0.637565    -0.297474    0.0753732    -0.412038     0.190627    0.0519669    -0.436073     0.111595    -0.701245    -0.387224    -0.321923    -0.181379    -0.152479    -0.778043     0.121541   -0.0216015    -0.112031     -0.74245   -0.0790018    -0.280754    -0.281262     0.205446     0.162175     0.245863     0.127698     0.208571    -0.330017    -0.221496    -0.625609     0.318794    0.0215959      0.22526    0.0768254    -0.284645    0.0529488    -0.322549    0.0970927
   -0.772579    0.0739788     0.167555    0.0637969    -0.101309    0.0119443    -0.902867     0.321726     0.535838     0.182457    -0.337735    -0.728914    -0.093519    -0.436202     0.513214     0.262724    -0.349989    0.0649181    0.0954712    -0.873735     0.250337     -1.04751    -0.725757    -0.578837    -0.995414     0.300002     -1.22912    -0.200783     0.258883    -0.162967     -0.67877     0.298883    -0.387046     0.175363    -0.166065    -0.860223    -0.610873     0.172035    -0.883585     0.106111     0.444392    -0.930791
    0.289364    -0.247777      0.32059    -0.171577    -0.565298     -0.70467      0.41868     0.112518    -0.276568    -0.968281  -0.00620201    0.0608057    -0.173718    -0.119529    -0.162295    -0.398048     0.120536      0.27298    -0.434885     0.112616     -1.11849   -0.0429282     0.935708    -0.430347     0.249911    -0.872323    -0.548619     0.105212     -1.26054    -0.166723     0.321402    -0.904999     -0.53398   0.00098581     0.195219     0.168344    -0.242677     -1.27551     0.399443     -1.15449     0.285616      0.65595
    0.539246     0.372992    -0.990592     0.130195     0.508685    -0.157442     0.563635     -0.48941   -0.0791397     -1.05283    -0.386339    -0.524057   -0.0195223     0.528198    -0.908103     -1.07239     0.224423    -0.116736    -0.139681   -0.0397433     0.353625     0.225339    -0.464813      0.24502    -0.363204    -0.768693     0.303847    -0.646296   -0.0898367    -0.832024    -0.115921      -1.1015    -0.776806    -0.785765     0.354987    0.0298442      0.47669    -0.609567    0.0992144    -0.722894     0.405517    -0.571043
    0.185376     0.120094   0.00528207    -0.910242     0.233614    -0.207188     -0.61639    0.0262938     0.137736     0.306761     0.151208   -0.0191825    -0.065933    -0.567696    -0.391376     -1.03795    -0.662461    -0.989765      0.47598     -1.00224    0.0336838      -1.2153     -0.68328     0.097226    0.0334931   -0.0777671   -0.0617487     0.165496     0.312918     0.139625    -0.751243    0.0447018   -0.0411403     0.267304     0.584502    -0.525124    -0.781871     0.194127    -0.602673     0.131131     -1.13035    -0.730429
   -0.740107    -0.381457   -0.0598347    -0.354875     0.285997   -0.0993667     -0.28617    -0.672725     -1.15814     0.520649     0.133889      0.54676    -0.147053     -0.65652     -1.11888     0.341205    -0.265489    -0.295367     0.284227     -1.12811    -0.751236    -0.296524     0.672108     0.057291     0.670123     -0.42586     0.433835   -0.0387529    -0.882318     0.261214    -0.450971    0.0600926     0.150303     0.291351    -0.854573    -0.728707     -1.26867   -0.0813653    -0.140484     0.139962     -1.02701   -0.0809855
    0.218045   -0.0850434      -0.6744    -0.274001     0.232492   -0.0527254      0.47251    -0.631588     0.178303     0.250149    0.0214179    -0.210186      0.07442    -0.814689    -0.491747    -0.619426    0.0598291    -0.452088    0.0248967      -0.4418     0.315569   -0.0808797    -0.106344    -0.157206    -0.519317      -1.0293     0.222959    0.0957943     0.135142     0.162886    -0.835141    -0.129811    0.0852412    -0.605035    -0.680048    -0.302799   -0.0759234    -0.671016    -0.577263     0.270552    -0.490356     0.314683
    0.520149    -0.153215     -1.07478    -0.510406     0.297572     0.204655     0.365651     0.458731     0.145903    -0.359367    0.0810059    -0.808187   -0.0301714    -0.667337    -0.392651      -0.8452    -0.193018    -0.603677     0.314608    -0.877383    -0.650223     0.410461    0.0033879    -0.261854    -0.323512    -0.854916     0.303147    0.0626513    0.0775789    -0.090574    -0.692562   -0.0178044    0.0801526     0.345995     -1.06366    -0.303552    -0.828427    0.0424166     -0.84136     0.226368    -0.296009    -0.651969
   -0.767927     0.352042   -0.0969682    0.0850163    -0.783404    -0.039644    -0.316434    -0.193562    -0.897296   -0.0846683     -0.62962    -0.319169   -0.0209557    -0.586221   -0.0564088   -0.0221715    0.0622662    -0.229591    -0.989194     0.486493     -1.01071     -0.13363    -0.796694    -0.150413     0.127926    -0.100677    -0.639899    0.0217515    -0.951049    0.0602274    -0.306468    -0.487432     0.100398    -0.687949     0.223655    -0.512509     0.537512    -0.355053     0.256876    0.0472493     0.262589     0.473676
   -0.169308      -0.4394   -0.0123657     0.282085    0.0134815     0.160222    -0.303682    -0.425966    -0.175452    -0.615358    -0.590666     -0.58865    -0.582333    -0.524788    0.0404329     0.284498    -0.526348    -0.290814     0.310237     0.237164    -0.858406     0.334857    -0.262464    -0.110037   -0.0705045    -0.401489    -0.286993   -0.0116221     -0.42436     0.185813    -0.424668   0.00583982     -0.17355     0.213988     -0.69786     0.209575    0.0982323     0.129579    -0.784634     0.282022     0.102337    -0.509711
   -0.436478    0.0287975     0.288074    -0.497376    -0.826497   -0.0732414     0.316239    -0.225205    -0.249965    -0.127112    -0.215378     0.391036    0.0645445    -0.170995     0.128576   -0.0413285    -0.123965    -0.850394     0.242005     0.165502    -0.498691     -0.26636    -0.577031    -0.199201    -0.802796 -0.000379854    -0.835984      0.13452     -0.71741    -0.783504    -0.702659    -0.067912     0.311472     0.273597    -0.168877     0.107009     0.299123    -0.351341   -0.0184951    0.0659414     0.124031    -0.141324
    0.154642    -0.394958     0.327221    0.0167675 -0.000185134      0.14441      0.47201    -0.361753    0.0446853    -0.298536   -0.0914292     -0.43677    -0.394594     -0.39865    -0.112932     0.128068    -0.173317    -0.520406     0.342929    -0.115018    -0.707117     0.159058     0.289549    -0.294929    -0.324154    -0.468777    -0.548495   -0.0487431    -0.845109   -0.0676621    -0.611767    -0.206046   -0.0494438     0.245855    -0.601825     0.130555    -0.517882    -0.181042    -0.576056    0.0359348     0.305045    -0.600546
   -0.693181    0.0491244     -0.50622    0.0177754    -0.683889    -0.508669    -0.448518     0.184199    -0.368625     -0.52468    -0.334357    -0.462999     0.101233    -0.518926    0.0679362    0.0294678    -0.082209        0.335    -0.833859    0.0609031    0.0670882     0.110439     -0.53586    -0.538594    -0.131374     0.123813     0.141907   -0.0990141    -0.166986    -0.176974     0.401674    0.0618258    -0.476965    -0.765686     0.172723   -0.0725908   -0.0667261    -0.574968     0.169317    -0.820604     0.281387     0.194199
   -0.750198     0.193564     -0.13451     0.109181   -0.0210347    0.0105444    -0.914215    0.0245263    -0.642982     0.267619    -0.618046    -0.108138    -0.279229    -0.424172   -0.0629301    -0.159169    -0.135524    0.0255109     -1.19732    -0.696034    -0.643554     -1.30716    -0.632908     0.164669     0.422766     0.249072    -0.568049   -0.0201053     0.251787     0.203951    -0.631053    0.0423874   -0.0754765    -0.408353     0.165076     -1.15414     0.570266     0.159865    0.0497069  -0.00654533    -0.611701      0.46202
   -0.770193     0.173985     0.294015     0.129621     0.223934   -0.0121365    -0.598222      -0.0536    -0.690648     0.291896    -0.320743   -0.0558385    -0.110279    -0.469298    -0.625826    0.0288819     0.152877    0.0616228   -0.0621585      -1.1574    -0.692982     -1.12799    -0.457633    0.0853305     0.513801     0.117922    -0.856388    -0.186413    -0.918779    0.0912219    -0.797922    0.0566258    -0.145255      0.44662     0.372589    -0.956179    -0.433144    0.0958376   -0.0840639   -0.0383212    -0.208616      -0.6482
    0.160675    -0.952245    -0.323978     -0.56441     -0.47607    0.0109986    -0.783965      0.33593     0.166625      -0.8792    0.0454147    -0.573348     -1.00743     0.459765     0.264031    -0.389814    -0.364204     0.192387     0.439534     -0.18818     -0.53946    -0.366421     0.679801    -0.516356     0.271578    -0.155611      0.13401    0.0732945     0.213013    -0.163312     0.121256    -0.152122    -0.181052     0.708868     -1.04598    -0.420852    -0.985287    -0.528661     0.191412    -0.867292   0.00698582     0.238632
    0.255798    -0.504687    -0.599393    -0.708242     0.322819    0.0560926   -0.0661805       -1.001    -0.620381     0.212592   -0.0584231     0.697311    -0.119783     0.140862     -0.69102    -0.454912     -0.45142    -0.878758     0.133154    -0.175589     0.318534     0.189642    -0.202939     0.172833      0.30892     0.113462     0.291124    -0.889341     0.278138   -0.0957267    -0.431146    0.0100437    0.0997895    -0.984726    -0.814872    -0.111964     0.229753    0.0658301    -0.432632     0.198805     -1.09685    -0.338648
     0.62758    -0.285682     0.769282    -0.701775     0.321947      0.18427     0.433364   -0.0726995     0.126553     0.399773    -0.129062     0.395812    -0.305774     0.595337    -0.112141    -0.246957    -0.172975    -0.201523       0.3984    -0.819183     0.336157    -0.471021     0.446725    -0.801282    -0.746511    -0.145415    -0.950541     -1.40424    -0.855992     -1.25465    -0.350291     0.175285    -0.234925     0.158328    -0.354513   -0.0848066    -0.956679    -0.486446    -0.363884  -0.00490756     0.257622    -0.965388
   0.0936345    -0.310334  -0.00366237    -0.745411     0.697437     0.122409     -1.13066    0.0194459    -0.169219    -0.596225    -0.340697     0.401048    -0.457848     0.448978    -0.111304      0.23991    -0.603943    0.0727912    0.0247332   -0.0665308     -0.44245   -0.0546219     0.122403    -0.321058     0.336039     0.110609    0.0964367     -1.24052     0.280675   -0.0589873     0.332309     0.515748   -0.0795162    -0.662033    -0.970705    -0.045116    -0.850651    -0.529688   -0.0756228    -0.222058     -1.15342     0.218909
   -0.483162    -0.683596    -0.345474     0.127484    -0.594157    -0.734526   -0.0639082    -0.784289    -0.511574    -0.506012    -0.357537    -0.387308    -0.412842     -0.48568    -0.857849    0.0290851    0.0440263     0.248668     0.113713    -0.222889     0.228115    0.0152422      0.64686      0.27728     0.637522  -0.00206988     0.286253    0.0741066    -0.580518     0.141338     0.102369    -0.722482    -0.875603     0.411727     0.269317   -0.0643151    -0.466061      0.20592    0.0955999    -0.847597    -0.239093    -0.704002
