no weights
    0.096682    -0.371734   -0.0642625  -0.00111825     0.233293     0.196973    -0.351328     0.131455     0.152416     0.228734     0.621722    -0.334082    -0.249047      0.41861     0.269714     0.356399     0.394253    -0.169105    -0.171507   -0.0304194    -0.140265   -0.0965097     0.431386    -0.416723    -0.128688     0.230464     0.395261      0.61177     0.474439    -0.266792   -0.0265582     0.134762     0.275694     0.281916     0.202924   -0.0308216    -0.247573     0.522442     0.205517     0.147446     0.587412   -0.0813578     0.121193    -0.453417    -0.248754    -0.112356    -0.207347   -0.0450508
   -0.203464    -0.221804    -0.135194   -0.0592403    0.0414565     0.290066     -0.20044    0.0132252   -0.0456844    0.0694847     0.109421     0.231586   -0.0240184    0.0599237    0.0067554     0.215298    -0.325622     0.260276    0.0132441    0.0557729    0.0103991    -0.427721       0.4601     0.178786   -0.0133089   -0.0506326    -0.556056   -0.0363861     0.115405     0.485015     0.152507     -0.59247   0.00928833    -0.178728     0.198301     0.420969    -0.210058    0.0742166    -0.246953    0.0620697     0.199498      0.31721 -0.000134263    -0.186611     0.177504     0.180633     0.188286      0.12625
    0.212114    -0.168762 -1.65657e-05     -0.20741    -0.262619    -0.155173    -0.225813     0.236133     0.167121     0.236376    -0.396932     0.260034     0.177397   -0.0167437     0.317365     0.383163    -0.475898     0.678133    -0.131019     0.218197    -0.115906   -0.0105346     -0.22625     0.462707    -0.150921     0.105912     0.386387     0.278734    -0.401081     0.328429    -0.110795    -0.159921     0.456793     0.429718    -0.290452    0.0919493    -0.447522     0.223555    0.0938336     0.276277    -0.158843     0.139133     0.242178     0.275863    0.0153399    -0.114255    -0.256701     0.555419
   0.0550277    0.0918898     0.312185     0.207825     0.177624     0.345256    -0.193089     0.159125     0.120366   -0.0286235    -0.571673     0.615032    -0.127914    -0.130833    -0.124872    -0.179207    -0.111506     0.195812     0.122794   -0.0784489     0.346698    0.0754065    -0.190612     0.317979    -0.011291    -0.053676    0.0136343   -0.0629539     0.102887    -0.118611    -0.145348   -0.0662008    -0.373964    -0.149497    0.0100379    -0.189282    -0.025105    -0.119897    -0.520248    -0.235494    -0.394805     0.108192    0.0366875     0.427633      0.21536     0.301905     0.191267    -0.156343
    0.391215    -0.674704    -0.515926    -0.480364    0.0162082      0.31678    -0.242631     0.123532     0.181858    0.0552594      0.28914    -0.143207     0.136433     0.206502     0.227973    0.0159586      0.11437   -0.0711851     0.224874     0.157965    -0.102426    -0.635462     0.382355    -0.130474     0.162371     0.265701   -0.0557022     0.310518     0.539699    -0.212739     0.211194    -0.543935     0.601238    -0.198983     0.364528   -0.0689003    -0.257842    0.0875864    -0.180035    -0.458626     0.174041   -0.0486788      0.40741   -0.0527968     0.190513     0.215321  -0.00745864     0.313524
    0.119531    -0.281754    -0.496701    -0.345926    0.0761757    -0.169863    0.0622787    -0.127683   -0.0260181   -0.0386085     0.138057     0.182399     0.413506     0.035032  -0.00681843    -0.182389    0.0596556     0.383165     0.109871     0.354454     -0.18969    -0.432371     0.179397     0.241242     0.228371     0.229717    -0.244072     0.277341     0.239222    -0.005552      0.26114    -0.185955     0.221534     0.173915     0.283473     0.135336    -0.123083   -0.0363142      -0.1039     -0.29259     0.198345    0.0785086     0.285821    -0.219042    -0.028109    -0.162753    0.0502483     0.143182
   -0.783268   -0.0137838     0.321132     0.254137   -0.0426308    -0.393826    -0.304534     0.192239     0.225004     0.324717      0.10513    -0.313041    -0.333124     0.107466      0.20158   0.00201381   0.00392562   -0.0537012      0.04754    -0.344439    0.0902549    -0.465245     0.155462    -0.119904    0.0463582     -0.19153      0.34106     0.177082     0.519282    -0.364576   0.00354241     0.112263     0.142395     0.517411     0.503634    -0.193969     0.189426     0.266388    -0.109001      0.28802     0.815694    -0.224934     0.296038    -0.314696   -0.0907379     0.264901     0.352528     0.232533
  0.00360006   -0.0911461    -0.313735   -0.0780136    0.0392673     0.143412     0.131286    -0.274885    -0.241533   0.00558329    0.0850997  -0.00796909     0.273488     0.257516    -0.333928     0.206735    -0.160762     0.287165    -0.149389     0.541125      0.20703     0.423378     0.437468     0.212262    -0.166127    0.0289482    -0.656164     0.414225    -0.148444      0.44617    -0.117364    -0.082029    -0.244261     0.318711    0.0555507     0.290939    -0.204238    -0.114331     -0.22167     0.237273   -0.0947593     0.362658     0.101663    -0.540812   0.00239216    -0.366918    0.0786345   -0.0140561
    0.138582    0.0123704   -0.0666876    0.0945714     0.129178     0.348124   -0.0623977   -0.0150972    -0.173432     0.206931     0.228608    0.0908108   -0.0790299     0.128036    0.0479611     0.146363     0.320284     0.158164    -0.225225     0.438592     0.260381     0.494563     0.542688    0.0463577    -0.163309    0.0629727   -0.0482616     0.233865    0.0661743     0.161609   -0.0927517     0.360195   -0.0433628     0.241185     0.134607     0.194565    -0.221951     0.312735    -0.190689    0.0953819     0.280116     0.168519     0.237786    -0.643704    -0.630589    -0.768494     -0.37986    0.0196355
   -0.161621    -0.236196    -0.395706    -0.582904     -0.68692   -0.0894489   -0.0229675        0.279     0.236923     0.028855    -0.137107    -0.395712     0.177147 -0.000419684     0.375982   -0.0936921    -0.320554    0.0740307     0.310771    0.0673817    0.0972038    -0.466426     0.105285   -0.0886368     0.456707    -0.238512      0.21901    -0.292592    -0.125327    0.0433721      0.39461   -0.0612026     0.538346   -0.0243383    -0.164807     0.280074     0.276818   -0.0266939     0.106654    -0.282758     0.101927     0.215438     0.330331     0.318168      -0.1341     0.205409      0.22939     0.506918
    -0.17263    -0.170553    -0.166933   -0.0918821   -0.0909341    -0.170608     0.128688  -0.00649192    0.0390548     0.199342     0.337497    -0.631966    0.0184337       0.1272     0.201366     0.172416    0.0681305    -0.285714     0.178525     0.141821    0.0753411    0.0210021     0.209348    -0.373915     0.201623   -0.0144331   -0.0441501     0.124824    0.0661965     -0.23724      0.20437     0.123877    0.0874426     0.361334    0.0676603   -0.0516742     0.296355     -0.10769     0.195083     0.106353     0.256602   -0.0573215     0.324362    -0.298144    0.0692704     0.165137     0.195209      0.23875
  -0.0193232    -0.200624 -0.000583117    -0.334065    -0.593292     -0.43043     0.225273     0.251384     0.176956    0.0347409     0.247905    -0.479706     0.112185    -0.196437     0.264671     0.236154   -0.0947931     0.060652   -0.0439609    -0.198438    -0.207178    -0.188871    -0.202513    -0.139434   -0.0632958    -0.197991      0.38627    -0.147363    -0.378113    0.0645508    0.0221899    -0.269263     0.707951   -0.0296631    -0.145834    -0.197121     0.025911     0.316503     0.774639     0.470671     0.345515    -0.185734   -0.0133462     0.298404     0.159897     0.411046    -0.100877     0.292413
   -0.324696    0.0240902     0.065211     0.078974    -0.176324    -0.110072     0.122718    0.0362591    -0.106631     0.133385     0.128175    -0.136813     0.108671    0.0399845     0.060994     0.145883    -0.134351    -0.079784     0.123092    0.0357663     0.179935   -0.0947773     0.331019   -0.0658116     0.223802     -0.35325    -0.318467    -0.269895    0.0676364     0.136377     0.186528    -0.314232     0.179417    -0.124685     0.190033     0.143732     0.320941    0.0660699   -0.0440432     0.173463     0.375698    0.0839044     0.174048    -0.234055     0.037727     0.246002     0.284462     0.175302
    -0.28177   -0.0897402     0.126494   -0.0545787    -0.022037   -0.0276833    -0.180436    0.0530811     0.125294    0.0298213     0.408618     0.108398    -0.173938    -0.195211     0.181677   -0.0906227     0.548658     0.115234    -0.615916     0.503084    -0.113843     0.256558     0.153185    0.0364361    -0.377481     0.108068     0.386849     0.065381    0.0084201    -0.106052    -0.393712     0.431291     0.580041     0.336734     0.256536   -0.0435707    -0.663372     0.571625     0.456296     0.194036     0.429646    -0.180363    -0.450773    -0.135806   0.00695405    -0.176148    -0.545929   -0.0971639
  -0.0130415       0.2982    -0.115377    0.0590972     0.046864    -0.105695     0.066546    -0.103805     -0.18324     0.216979   -0.0568387     0.248815    0.0604455   -0.0674827   -0.0856812    0.0541846      0.10741     0.468372    -0.176482     0.541242     0.108182     0.509437     0.034131     0.457041    -0.140286    0.0599258   -0.0306918      0.12534    -0.137941     0.371925   -0.0757259     0.415486    0.0337916     0.384533    -0.104741     0.523091     -0.27335     0.120591   -0.0135611     0.269056   -0.0256018       0.3359    -0.310135    -0.343942    -0.501724    -0.765812     -0.11768    -0.326572
    0.247219     0.413056     0.265109    0.0264219    -0.260006    -0.398802     0.379616     0.110247  -0.00982518   -0.0872363     -0.58505     0.266661     0.337846    -0.463309    -0.244058    -0.296843    -0.228507     0.343999    0.0452629     0.312281     0.307021      0.44006    -0.409014     0.271699    -0.104469    0.0602966     0.198622   -0.0470099    -0.451012   -0.0786535    -0.125718    -0.120134      0.20318    -0.227291    -0.439656    -0.404838    0.0353225    0.0107644     0.194772      0.03047    -0.375827    -0.210582     0.186452     0.356095      0.21192    0.0326726   -0.0435236      0.17455
   -0.313093    -0.246227   -0.0572917    0.0649456   0.00466336   -0.0168218     -0.27585    0.0686772    0.0101203     0.366872   -0.0357075     0.271876    -0.213243   -0.0196654    0.0270534   -0.0772924     0.188721     0.153809  -0.00442321   -0.0711469    -0.032442    -0.110574   -0.0677281     0.155388    0.0191876    -0.129936   -0.0501466    0.0714973      0.16694   0.00911363   -0.0674618     0.127375   0.00060118     0.221257     0.220762     0.145209   -0.0837186     0.121188    -0.275988    0.0223617     0.237001     0.126987    0.0347815     0.137446     0.287187      0.31287     0.535885     0.168313
    0.159912    -0.226624    0.0034233    -0.148827    0.0992504     0.296127    -0.207538     0.240174      0.17934     0.155675    -0.440679     0.373785     0.076682    -0.119654   -0.0732089   -0.0784489  -0.00768595     0.149957    -0.239582     0.333497     0.396057     0.425486    -0.107154     0.188373    -0.380846     0.133195    0.0132728     0.266629    -0.157133   0.00584794    -0.492694    0.0209769   -0.0612819     0.046224    -0.157435   -0.0983356    -0.381752   -0.0964076    -0.221514     -0.20384     -0.53019     0.165497    0.0378557     0.404281     0.696455     0.395974     0.197141   0.00870799
    0.509189   0.00405626    -0.175258    -0.102579    -0.205788   -0.0886577     0.289568    -0.258441    -0.351459   -0.0827527     0.554737    -0.115746     0.279076    0.0560358    -0.119416      0.21734     0.390784   -0.0665827    0.0678294    0.0430916    -0.419671    0.0617258     0.188419    -0.134698     0.042048      0.12694     0.140422     0.187886    0.0894703    -0.171329     0.118008     0.312466    -0.104117     0.323542   -0.0270411    -0.215766     0.179274     0.383649     0.125499     0.138116     0.456163    -0.312912     0.846765    -0.576201    -0.381715    -0.392056    -0.239143     0.790816
   -0.256769     0.737432     0.830378      0.60064     0.532555    -0.247314    0.0425802      0.16562    0.0584544     0.122586   -0.0410969     0.133245    -0.144047    -0.243192     0.061602    0.0487632    0.0706382    0.0648272    -0.162627   -0.0527105     0.169422     0.304533    -0.139732     0.212401    -0.139068    0.0512894    0.0629176    -0.186171   -0.0878559    0.0994712    -0.153333     0.146583    0.0864849   -0.0765675    0.0819931    -0.128549    -0.196438    0.0336348     0.310601     0.269766    0.0110767    -0.154956    -0.534389     0.124843     0.053708    -0.051982    -0.185843    -0.651376
    0.084234     0.174063     0.171304   -0.0567415    -0.233552     0.570379     -0.21333     0.309616     0.165559    -0.130783     0.168782     0.100334   -0.0589303   -0.0903061     0.338963   -0.0875429     0.335968   -0.0597978    -0.218019     0.344965     0.598655     0.360729     0.836379    -0.323889    -0.272276    -0.407825     0.431989    -0.667512    -0.107179     0.116144    -0.278159     0.272938     0.255213    -0.232953       0.2863   -0.0270912    -0.108985     0.484785     0.180192    -0.174555     0.306198    0.0589512     0.097745     0.164395    -0.406598    -0.128455    -0.576365     0.187964
  -0.0916528     0.515234     0.631888     0.514812     0.517911    -0.501729     0.181633    0.0602225    -0.013221    -0.192364   -0.0457432   -0.0517991    0.0772768    0.0137525    -0.286987    -0.213576     0.257402     -0.25764    0.0371445     -0.21866     0.324761     0.238548   -0.0876389    -0.229502    -0.161163       -0.005      0.28327     0.216724     0.116955    -0.459059    -0.332014    -0.173371   -0.0587084     -0.22445     0.189722    -0.738744     0.240046      0.10338    0.0761606   -0.0249938    0.0679481    -0.374072     0.125495     0.167493    0.0454151     0.204857   0.00675238    -0.317374
    0.299626    -0.194808    -0.196262    -0.123867    0.0155433     -0.35092     -0.18818    -0.014158   -0.0435373     0.446301    0.0239889    -0.368976    -0.108551   -0.0829261    0.0244224     0.120066     0.295424    -0.236993    -0.185553     0.109024    -0.393653     0.180336    -0.384935     -0.37746     -0.06231     0.154369     0.309284     0.534545     0.021399    -0.640304   -0.0994292     0.563453     0.154982     0.676104     -0.12883    -0.414111   -0.0762512    0.0117698   -0.0170643      0.14446     0.086097    -0.405664     0.387028     0.112668     0.177958     0.192354     0.543887     0.318615
    0.285075    -0.151334    0.0207037    0.0425162    -0.191695     0.354303    0.0240487     0.148623     0.107524    -0.155164      0.18847     0.089816    -0.156444     0.174237    0.0816833     0.156211     0.270876    -0.283885     0.234088    -0.644569    -0.256357    -0.207011    -0.285952   0.00733482   -0.0152239   -0.0160203     0.197326    -0.228495    0.0243121   -0.0602443   -0.0521755  -0.00470299    -0.150046    -0.391696    0.0319212    -0.264996     0.247939     0.151597      0.13459    -0.014808   -0.0270681   -0.0155906   -0.0493686     0.324587     0.339411     0.441901    0.0538813    0.0845806
    0.324297    -0.422197     -0.19601    -0.297721      0.04065    -0.103794    0.0211367    0.0859484     0.179956  -0.00745952      0.05345   -0.0342854    0.0573842     0.190077     0.208022     0.195787     0.107087    -0.267488    0.0895763    -0.371713     -0.45899    -0.215993    -0.653658  -0.00314676    -0.062142     0.348735     0.117967     0.205939    0.0293825   -0.0687426   -0.0700801   0.00629862     0.212786     0.038302   0.00342885    -0.124837     0.032899    -0.518233     0.162102    -0.199601    -0.554635    0.0608484   -0.0287286     0.636146     0.959535     0.805101     0.392099     0.143252
    0.115412    0.0341587    -0.128792    -0.290989    -0.468561     0.143353     0.202563   0.00853292    0.0741227    -0.336445   -0.0606128     0.288098     0.145148   -0.0374464   -0.0355405    -0.120332    0.0998151     0.308055    -0.186787     0.239854    0.0592357      0.30584    -0.114785      0.27217    -0.198861    0.0357356      0.39163    -0.244071    -0.428547     0.444712    -0.304013     0.242318     0.392465    -0.162359    -0.216037     0.245068    0.0741727      0.10975     0.526418    0.0209039    -0.112815     0.343961    -0.134281     0.337076   -0.0115694    0.0152976     -0.38356     0.173221
    0.193707    0.0167462    0.0481212     0.109133     0.236315   0.00278671     0.254512    0.0948296     0.103064    -0.163013     0.473854    -0.472109   0.00211292     0.271842     0.210891    -0.113183     0.591031    -0.969411     0.231531    -0.194043   -0.0528147    0.0550679   -0.0922028    -0.715222   -0.0110747     0.160208    0.0871423    -0.153481     0.269569    -0.542462    -0.165684      0.29335    -0.106345    -0.372153     0.116394    -0.484736     0.436533    -0.146679    0.0485328    -0.438782   -0.0892864   -0.0871169   -0.0318126     0.360539      0.35191     0.324204     0.172901    -0.139249
    0.398317     0.329708    0.0665779       0.3428     0.177427     0.224441     0.125956    -0.182075    -0.265645     0.173272   -0.0216365   -0.0354226    -0.179738     0.135434    -0.094284     0.332612   -0.0181133       -0.365      0.32756    -0.424108    -0.252566     0.189182    -0.262059   -0.0618277     0.285189   -0.0186968    -0.437403   -0.0686201     -0.13799    0.0466585     0.354057     0.403156    -0.939618     0.150453    -0.265915     0.213422     0.401032   -0.0747312    -0.287106     0.170381    -0.259413     0.130583    0.0650802    -0.169453    -0.239823    -0.128141     0.517643    -0.048082
    0.541086   -0.0753336    -0.199992    -0.331894   -0.0722749      0.63694     0.261582     0.191963     0.150559    -0.227819      0.57994   -0.0778209   -0.0971833     0.223524     0.279464   -0.0496128     0.510679     -0.38234   -0.0380439     0.237274      0.52391     0.374646     0.488418    -0.137507   -0.0665212     0.150699    0.0517359    -0.300402    0.0561295     0.253483   -0.0434774     0.224404  -0.00940941    -0.487183     0.177372     0.225519   -0.0615945     0.085239     0.496701   -0.0859654   0.00923008     0.174727    -0.417582   0.00416108    -0.229598     -0.38456    -0.523679    -0.516143
      0.3688    -0.185027     -0.29231    -0.265864      0.20914    0.0130036     0.107991     0.107737    0.0856923     0.276083  -0.00937753    -0.119783     0.047351     0.114608     0.313029    0.0808089    0.0118704     -0.24591     0.340596    -0.142051    -0.134641    -0.221522    -0.393237     0.119368      0.41201     0.292152    -0.218067   0.00528172     0.222727   -0.0928248     0.382166    0.0120903    0.0731365  -0.00127751    0.0082024     0.165041     0.144069    -0.796712    -0.196868    -0.338083     -0.54723     0.201498    0.0910696     0.306635     0.382841     0.301297     0.569494    0.0728537
   -0.236838     0.219255     0.438159     0.368232     0.336352    0.0218255   -0.0704401    0.0548448     0.198428   -0.0228682    -0.217217    -0.194383   -0.0797801   -0.0805739   -0.0379697    0.0134808    0.0733969    -0.326723    -0.278385     0.329282     0.300084     0.594043   -0.0852787    -0.317377    -0.299749     0.161763     0.146423     0.112618    -0.228295    -0.199123    -0.378947     0.144847      0.22809   -0.0357011     -0.19428    -0.288745      -0.2175  -0.00292216      0.15573    0.0863729    -0.393732    -0.102908    -0.360759     0.332454     0.494679     0.297374   -0.0134666     -0.31504
    0.147044   -0.0494027    -0.331559    -0.513937    -0.671171    -0.419186     0.588884     0.214602    0.0837349    -0.264011     0.108904    -0.118645     0.523096    0.0921962   0.00180875    -0.163734   -0.0985353     0.280666    0.0166423     0.325241     0.475615     0.257683    0.0451342    0.0910564   -0.0462293      0.12969     0.271555     0.104886    -0.308987     0.230313    -0.105415     -0.24788     0.290982    -0.386974    -0.285313   -0.0558124     0.296823    0.0519728     0.488993     0.101586    0.0418992     0.135428     0.236514   -0.0347977    -0.104199    -0.255238    -0.250743       0.1697
   -0.393367   -0.0769661    -0.256381    -0.372021    -0.348005    -0.728626     0.531455     0.164087     0.132776  -0.00143849     0.251015    -0.326892     0.332913    0.0844404     0.207031   -0.0751318    0.0527935     0.182515     0.240601   -0.0719312   -0.0301913    -0.268044    -0.248752    0.0345986     0.344759    0.0646873     0.011419     0.024668   -0.0260055   -0.0124368     0.270686    0.0808135     0.291401     0.057255      0.09569   -0.0147049     0.326594   -0.0299422     0.379947     0.196952     0.325367    0.0133386   -0.0524389   -0.0917796    0.0394946    0.0400918      0.16885     0.124802
    0.501595    0.0591329    -0.186272    0.0303632    -0.368296     0.115064     0.122622    -0.295805     -0.31631    -0.088964   -0.0736968   -0.0134243     0.115012     0.126516     -0.39443     0.298762     0.049181     0.176001     0.181959    -0.127836    -0.362563     0.273934    -0.318431   0.00754982   -0.0711055    0.0207101   -0.0274245     0.416309    -0.351439   -0.0507049   -0.0119603     0.515601    -0.679112     0.405166    -0.329918    -0.181405     0.339763     0.315552    -0.150967     0.228742   -0.0306512    -0.018273     0.826264    -0.509835    -0.363173    -0.384039    0.0834451     0.692469
   -0.138637    -0.130986      0.30389     0.168227    -0.152186     0.845444    -0.661413     0.171596     0.265545     0.101882      -0.1287     0.391192    -0.581584     0.153629     0.392431     0.556862    -0.353849    0.0773722    -0.100359    -0.482038    -0.125984    -0.261989     0.153274     0.117421    -0.349234    -0.312524       0.1401    -0.224758    -0.122385     0.574243    -0.217279   -0.0991065    0.0073477    0.0241841    0.0164597     0.643198    -0.195679      0.18817     -0.25997    0.0477727    -0.221686     0.684924  -0.00223815     0.204325     0.161495     0.394776    0.0442018     0.291144
   -0.137214     0.474601      0.70321     0.532952     0.350332   -0.0332896   -0.0111519      0.22855     0.159845   -0.0436441   -0.0167965    -0.124564   -0.0654359    0.0798187    0.0122968     0.220928    0.0432201    -0.146879   -0.0658977    -0.130636       0.3138     0.278538     0.138549    -0.288904    -0.282219    0.0978709     0.441344     0.161061   -0.0251077    -0.173188    -0.171649    -0.177351     0.115982   -0.0397358    -0.109151    -0.348498   -0.0860289      0.31791     0.289814     0.279791     0.156706    -0.259335    0.0504217  -0.00484485   -0.0601986    -0.027483    -0.273179   -0.0881974
   -0.462562    0.0966013     0.361012     0.299038     0.107832     0.145219    -0.258598     0.363327     0.216513     0.140631   0.00671687     0.532437    -0.482222   -0.0423865     0.165106   -0.0770558     0.114969     0.294829   -0.0921391     -0.55556     0.117885    -0.294852   -0.0591017      0.35645    0.0097426    -0.117035      0.24902    -0.417543     0.389195     0.327042    0.0907415    -0.113852   -0.0748778    -0.302993     0.370363     0.285247    -0.166297     0.222763      0.22435     0.193704     0.210011     0.199634    -0.764298      0.37806   -0.0295941     0.293468    -0.063394    -0.733501
    0.712241     0.149849    -0.227037      -0.0682    -0.209077     0.688485    -0.112126    -0.178306    0.0527598    -0.393322    -0.149947    0.0593067   -0.0536884     0.265248    -0.251219   -0.0640559    0.0761385   -0.0683008     0.305687    -0.198543     -0.15625   -0.0657242   -0.0898761   -0.0826664     0.147927   0.00436936     0.288636    -0.173805    -0.132399      0.13793      0.23588     0.111843    -0.237211    -0.409663    -0.203227     0.155006     0.204369     0.220778    -0.108387    -0.330613    -0.239687     0.242443     0.246014     0.341724    -0.446424    -0.199034    -0.134522     0.138638
   -0.389639    -0.130849     0.103607    0.0857897    0.0966702    -0.185015   -0.0532464      0.12418    0.0771466     0.295469     0.019033     0.143857    -0.113105    -0.140722     0.225676     0.107915    0.0837665    0.0810391    -0.248184    0.0732172    -0.265462   -0.0614935     -0.29751    0.0835124    -0.117319   -0.0382172    -0.257296   -0.0453523    -0.162618    0.0710068    -0.200465     0.241145     0.244457     0.392455     0.103774    0.0339707    -0.232554   -0.0253685     0.115757      0.15255    -0.108197    0.0268586    -0.377686     0.325912     0.835153     0.525918     0.401526    0.0732109
    0.341855    0.0385623     -0.34063    -0.234053    -0.110887      0.07879     0.156056    0.0212011  -0.00715372    -0.179682   -0.0563289    -0.135643     0.443152     0.142932   -0.0700328   0.00156236    -0.315664     0.226231     0.528888     0.050374     0.113788    -0.488874     0.279276      0.18916     0.423789    0.0321153    -0.105601   -0.0122214    0.0729492      0.17739     0.539207    -0.480407    0.0448519    -0.328423   0.00039382    0.0405858     0.147867    0.0283217    -0.116588    -0.181316    0.0199837   0.00765461     0.432241    0.0130688    -0.395291    -0.315265     -0.17368     0.222687
    -0.58096    -0.016694     0.242191     0.274246       0.1517   -0.0923466     -0.27861    -0.101152   -0.0712327     0.238826    -0.323248     0.687783     -0.12732    -0.147711    -0.134175    -0.228686   -0.0419148     0.639421     -0.26813     0.459794      0.31998     0.261871     0.270566     0.478859    -0.076766    -0.029729   -0.0925467      0.30808     0.276164     0.120907    -0.267103     0.275816    -0.350757     0.643507     0.181297     0.106036    -0.236013     0.241955    -0.462593     0.033406     0.260898     0.155904     0.175383    -0.341205   -0.0877829    -0.128862    0.0765803    0.0613548
   -0.367199     -0.12882   -0.0546518   -0.0822815      0.18823     -0.56514     0.137751     0.244503     0.170643     0.536653     0.118906    -0.293728   -0.0351218     -0.18414      0.35409     0.114932    0.0271522    -0.127701   -0.0903509   -0.0280944   -0.0235213   -0.0102067    -0.486971    0.0573303     0.134465     0.213108    -0.432409    0.0357738   -0.0179643   0.00624081    0.0811884    0.0186395     0.131461     0.216728    0.0580853     0.232799    -0.157463     -0.44715     0.248572     0.297881   -0.0996626    0.0897142    -0.742604     0.203287     0.558441     0.254535     0.666554    -0.585675
   -0.526827    -0.282683    -0.223148   -0.0160584    -0.627842    -0.283073    -0.329105    -0.308348    -0.276192    -0.254522     -0.33598    -0.282698     -0.21614    -0.279442     0.168718  -0.00392868   0.00613668   -0.0510218    -0.428708    0.0855746    -0.339623   -0.0663418    -0.376102    0.0253377    0.0727226    0.0968696    -0.110169   -0.0546548    -0.293781    0.0521243   -0.0246571    -0.182672   -0.0595024    -0.159673   -0.0481183    -0.201432     0.186624   0.00791953    0.0202571    -0.308334   0.00970118    0.0807553
  -0.0313209    -0.602919     0.509716    -0.137068   -0.0646556    -0.714182     0.137283     -1.17413    -0.866261      0.38182    -0.322056     0.893301     -0.45384     0.333787    -0.817615     0.077243    -0.378273     0.214299     -1.05139     0.147972     0.347624   -0.0954057    -0.124574   -0.0917059     0.430423     0.120448    -0.113992     -1.35746   0.00950335     -0.19863     0.331067     0.126184   -0.0470348     -1.30589     0.223458     0.229113     0.278356    -0.661098     0.103515    -0.625861    -0.591298    0.0666127
    0.251587     -1.06868     -0.65453    -0.762853     -1.23264    -0.930802     0.500959    -0.561277   -0.0188351    -0.507663    0.0278312     0.569124    -0.146583     0.548661    0.0225173     -0.19808    -0.375499    -0.867773     0.477737     0.213146     0.197157     0.247517     0.173526   -0.0543336    -0.893569    0.0854042     0.191787    -0.162667      0.13838     -1.20406   -0.0232094     0.251246     0.268841      0.21045    -0.696956     0.202255   -0.0309874    -0.405806    -0.304762    -0.914382    -0.358239    -0.195436
    0.544496     0.301435    -0.138831     -0.60353    -0.270303    -0.429829   -0.0728454 -0.000436708     0.168728    -0.577421    -0.208844     0.107608   -0.0679859     0.119653    0.0771303    -0.761615    -0.360743    -0.676216     0.196272     0.223995     0.141938    -0.392681     -0.43937   -0.0977044    -0.803737    -0.269947    -0.625534     0.281333     0.294439    -0.675826    -0.272103    -0.534844    -0.604175   -0.0769531     0.620375     0.231165     0.248622     0.164733    -0.324473  -0.00892715    -0.427002    -0.275317
    0.333724    -0.104943    -0.370216    -0.676156     0.273177     0.238999     0.420748    -0.157753     0.202304    0.0461986     0.174656    -0.355227    -0.045086     0.717005     0.358312     -1.09211     0.219515    -0.597158   -0.0434003    -0.223224   -0.0309828    -0.797304     0.548689    -0.822209     -0.43299    -0.671486    -0.225408    -0.380154   -0.0904564      0.19434    -0.421884    -0.913851   -0.0149429    -0.789523    -0.390123    -0.625469    -0.126715    -0.793461     0.236963    -0.419175     0.252077     0.494433
   -0.437126   -0.0308789    -0.322386  -0.00704227    -0.295599    -0.346957     -0.45117    0.0720821    -0.160504    -0.248382    -0.192474    -0.378629   -0.0868152    -0.430733   -0.0135834    -0.055446    -0.231648      0.10151    -0.572449    0.0130888    0.0240655    -0.018055    -0.360312    -0.200287    -0.076434   -0.0124835     0.104725   -0.0303947    0.0969931  -0.00973532     0.137957    -0.130942    -0.411161     -0.28715    0.0795214   -0.0691458     -0.19479    0.0222323    -0.189539    -0.154109    -0.162322   -0.0813954
    0.269047   -0.0224745    -0.282103    0.0435104     0.395486    -0.101405     0.243508    -0.434676     -0.48982    0.0565666    -0.009654    -0.460609    -0.354495    -0.568195    -0.533221     -0.76547    0.0530327   0.00357304    -0.812042    -0.408951    -0.654869    -0.256881   0.00609454     0.035868     0.409032    -0.422548     0.301915   -0.0823408    -0.234895     0.239088    0.0692354    -0.599486    -0.224872    -0.509857     0.332331    -0.168515     0.284524     0.160659    -0.117713   -0.0807876    -0.290256     0.182362
    0.133577    -0.902697   -0.0390588     0.387323    -0.698767    -0.797666     -0.65707    -0.710284     0.226583    -0.898359     -1.06789    -0.566313      -1.0339     0.549911     0.232055   -0.0552643    -0.319939     0.192514    -0.242275     0.277551     0.485215     0.132446    0.0838562   -0.0346285    -0.555953   -0.0153707    0.0322179    0.0583036     0.234001    -0.801882     0.255685    -0.797016     -1.12704    -0.106326     0.158902     0.182057     0.246566     0.587817    -0.416814    -0.674217    -0.111652    -0.679327
  -0.0819351     0.019808   -0.0664852    -0.314247    -0.621989    -0.101371    -0.157344     0.122662     0.202995    -0.336452    -0.258092    -0.138936    0.0540254     0.207972     0.211488     0.043537    -0.334385    -0.408605    -0.122441     0.180273     0.225944    -0.122275    -0.583625    -0.720007    -0.944655   0.00635547    -0.884466    -0.264149     0.130773    -0.901258   -0.0438247     0.218951    0.0203982    -0.302259    -0.458965     0.155084     0.188568    -0.345873    -0.371111   -0.0219877     0.233011    -0.197869
   -0.639431    -0.031236     0.274587      0.19406     -0.52362    -0.220318    -0.342035      0.31789    0.0368495    -0.909595    -0.662919    -0.303162    -0.292868     0.181221     0.238739     0.163254    -0.236554     0.342273    -0.676639     0.335389     0.134728    0.0411457    -0.560457    -0.454206    -0.533348    0.0353399    -0.771558    -0.669087     -0.10216    -0.613606     0.278372   -0.0119704    -0.405709    -0.635223    -0.221194    0.0485937     0.206869    -0.656042     0.123323     -0.26613     0.282983   -0.0330849
   -0.414204   -0.0668921    0.0501982    -0.142658    -0.345698    0.0492934     0.169111  -0.00460672     0.119827    0.0490799     -0.12003    -0.335821   -0.0183682    -0.252866     0.182866     -0.15904   -0.0468627    -0.466834   0.00194724  -0.00796209    -0.196261    -0.300191    -0.393451    -0.405011    -0.329644    0.0191155     -0.59607   -0.0851656    -0.549099   -0.0152144    -0.437266    -0.267785    0.0505404     0.110017     0.135029    -0.276437    -0.108992    -0.101608   -0.0841902    0.0151965     0.106964    -0.264393
   -0.425862    0.0323022    -0.177278    -0.047823    -0.318735   -0.0896834     -0.28864    0.0211638    -0.202998    -0.029205    -0.147565    -0.341679   -0.0613587     -0.45025   -0.0969393    -0.040329   -0.0932108    0.0166966    -0.465631   -0.0470779    -0.161645   -0.0280655    -0.442196    -0.341061    -0.254683   -0.0904468    -0.331574     -0.11923    -0.361967   -0.0938918   -0.0497064 -0.000302386   -0.0897408    -0.259744   -0.0443665    -0.107668   -0.0159172    -0.136158    -0.126518    0.0114516    0.0802429   -0.0897686
   -0.763772    -0.326525    -0.731775    0.0716401    -0.477738    -0.388312    0.0973835    -0.760574    -0.979481    -0.110082 -0.000561794   -0.0245413      0.10399    -0.673753    -0.784999      0.19866    -0.196255    -0.309456    -0.569771     0.390753    -0.747442     0.527906   -0.0862193    0.0352414     0.244041    -0.696756     0.610574      0.27949    -0.740882     0.239456     0.317207    -0.571001     0.219914    -0.483713    -0.695259    0.0964001   -0.0109996    -0.351529     0.186454   -0.0908029    -0.659591     0.380771
   -0.609042    0.0916127  -0.00814295    0.0347643    -0.386372   0.00271255     -0.44261    -0.122159    -0.492502   -0.0758619    -0.376972    -0.301192    -0.119287    -0.486741    -0.138623    0.0587001   -0.0874688    -0.105304    -0.475282     0.134502     -0.63779   -0.0293602    -0.414857   -0.0872258     0.114594    -0.128578    -0.306986    0.0601151    -0.573102    0.0662239    -0.372643    -0.226287    -0.168745   -0.0445175     0.100275    -0.383489    0.0906759    0.0666326    -0.115852     0.108545   -0.0539451   -0.0213728
   -0.390795    -0.141874    -0.278767    0.0396983   -0.0514131    -0.211078    -0.215156    -0.102657    -0.250691   0.00223482    0.0131352    -0.252884  -0.00347344    -0.392664    -0.436149     0.076974    -0.215747    0.0394472    -0.120495    -0.161254   -0.0284424    0.0375357    -0.154197    -0.122637    -0.101134    -0.261276     0.104566   -0.0589014    -0.171898   -0.0067403    0.0366816    -0.193056    -0.274346   -0.0961549    -0.219314    0.0124386    -0.511461   -0.0366092    -0.169434    0.0322894    -0.160536    -0.298925
   -0.311269    -0.390246     -0.64385    0.0943971    -0.259712    -0.224409    -0.450444     0.140287      0.27704    -0.239981    0.0592402    -0.650025    0.0248215    -0.591541   -0.0276638     0.184234    -0.676152    -0.272384    0.0650993      0.15081      0.31167     0.297912     -0.39283    -0.365533    -0.893429    -0.346318      0.11423      0.23117     0.227767    -0.177755     0.163619   -0.0535671    -0.500714     0.143586    -0.672504     0.206359    -0.730732     0.225161    -0.772353     0.343384    -0.196475    -0.685262
   -0.544175    0.0453952    -0.639914   -0.0292559    -0.437973    -0.464946    -0.247315    0.0252867     -0.32354    0.0526654   -0.0636365    -0.372492    0.0171076    -0.605609    -0.264881    -0.169374    -0.135193   -0.0849622    -0.633373     0.100979    -0.102488   -0.0566869    -0.590847    -0.105496    -0.186842    -0.183878     0.105948    0.0904886    0.0734872    0.0772678     0.149099    -0.222857    -0.191716    -0.480895     0.200802 -0.000215558     0.115091  -0.00102811    -0.194453   -0.0320073    -0.159479    0.0363813
   -0.706783    0.0710714     0.158967     0.035189    -0.108682    0.0122121     -0.83025     0.304543     0.506589      0.17531    -0.298576    -0.665619   -0.0727413    -0.406087     0.474156     0.227332    -0.322001   0.00833035     0.104569    -0.803879     0.210694    -0.989441    -0.691286    -0.517321    -0.922974      0.27738     -1.16258    -0.169086     0.211288    -0.147325    -0.646021     0.270252    -0.336025     0.175111    -0.144091     -0.79991    -0.557541     0.156681      -0.8188     0.116663      0.40044    -0.888733
    0.256555    -0.249244     0.294263     -0.13775    -0.531134    -0.664231     0.391887    0.0757112    -0.274957    -0.920382   -0.0171742    0.0526965    -0.162574    -0.130602    -0.168332    -0.351726     0.122864     0.270076    -0.402278     0.122764     -1.05448   -0.0216317      0.90723     -0.37981     0.261985    -0.808247    -0.491848     0.115918     -1.20509    -0.134751     0.322307    -0.866471    -0.497418  -0.00135064     0.189414     0.169908    -0.212414      -1.1986     0.398779     -1.09929     0.268447     0.627051
    0.538808       0.3494    -0.935838     0.103752     0.468693     -0.16061     0.540052    -0.458526    -0.064195     -1.00044    -0.356223    -0.490586   -0.0230213     0.512333    -0.828547     -1.02937     0.206462    -0.127163    -0.123102   -0.0369034     0.342672     0.193496    -0.416812     0.219414    -0.355648    -0.729732     0.284166    -0.571772    -0.080391    -0.777621    -0.116445     -1.07405    -0.731984    -0.731802     0.346041     0.024888     0.467214    -0.558646    0.0858627    -0.677587     0.381049    -0.525549
    0.137163     0.118709   0.00365171    -0.801066     0.234892    -0.166377    -0.561286    0.0325306     0.145776     0.298254      0.12774   -0.0625627   -0.0512497     -0.54159    -0.338632    -0.918982     -0.59195    -0.895319     0.487075    -0.960138    0.0303362     -1.12586    -0.631338    0.0626027    0.0052741   -0.0728423   -0.0882298     0.159686     0.309907     0.145115    -0.727308    0.0623979   -0.0313908     0.261226     0.505843    -0.488407    -0.734487     0.185976    -0.572175     0.157869     -1.00173    -0.692302
   -0.697308    -0.313119   -0.0422086    -0.306421     0.270969   -0.0815498    -0.271817    -0.602901     -1.10953     0.516062     0.111804     0.497948    -0.118046     -0.63773     -1.06048     0.335201    -0.231025    -0.274735     0.250782     -1.03567    -0.698046    -0.281606     0.588537    0.0716395     0.675767    -0.379493     0.398555  -0.00746898    -0.811383     0.294162    -0.407665    0.0457705     0.150299     0.256852    -0.761763    -0.664372     -1.15744   -0.0639467    -0.117949     0.163374    -0.953443   -0.0568725
    0.240019    -0.101427    -0.618843    -0.303423     0.246497   -0.0230162     0.430368    -0.449659     0.120268      0.15946    0.0269696    -0.227396    0.0365526    -0.657087     -0.41035    -0.586819   0.00712604    -0.428551    0.0341425    -0.431995     0.152241   -0.0572437    -0.078962    -0.146232    -0.378963    -0.885621      0.21197    0.0313874     0.113547     0.144428    -0.739817    -0.139203    0.0763505    -0.448692    -0.601726    -0.268591    -0.115901      -0.4489    -0.503119     0.239693     -0.43442     0.136113
    0.469737    -0.145737    -0.965551    -0.444488      0.27668     0.184289     0.322179     0.322203     0.142544    -0.256104    0.0751881    -0.685108   -0.0144249    -0.635506    -0.337754    -0.742747    -0.174087    -0.564887     0.323633    -0.756026    -0.477569     0.335363   -0.0348849    -0.239358    -0.326656    -0.778937     0.264527    0.0769447    0.0731881   -0.0628441     -0.65656   -0.0224247    0.0729783     0.243961    -0.979994    -0.282337    -0.710401   -0.0154858    -0.776641     0.240172    -0.297665    -0.531108
   -0.725146     0.232111    -0.107407    0.0833448    -0.665903   -0.0729207    -0.335856    -0.149783    -0.796922   -0.0797916    -0.514694    -0.305452    -0.056564    -0.537932    -0.077463  -0.00450108    0.0310856    -0.139742     -0.82424     0.389199    -0.848744    -0.107579    -0.691294    -0.127919     0.114466   -0.0617387    -0.477512    0.0332668    -0.782601    0.0521816    -0.234741    -0.375098    0.0234428    -0.500723     0.160579    -0.435197     0.419761    -0.231122     0.184831    0.0122888     0.195703     0.345442
   -0.125826    -0.315317   -0.0327487     0.171113    -0.023058    0.0923873    -0.177348    -0.285716    -0.099364    -0.431843    -0.375285     -0.47201     -0.37142    -0.444904    0.0154634      0.21769    -0.376976    -0.258705     0.267889     0.130703     -0.66257     0.234653    -0.161743    -0.156554    -0.129857    -0.324344    -0.264855  -0.00330253    -0.344878     0.108266    -0.358405   -0.0292779    -0.140409     0.176417    -0.561589     0.154337   -0.0267851    0.0444004    -0.629029     0.229095    0.0964119    -0.442561
   -0.328419  -0.00900268     0.205518    -0.293219    -0.627676   -0.0630105     0.178236    -0.144295    -0.138203    -0.116801    -0.178263     0.126367    0.0134675    -0.147968    0.0976635   -0.0385687    -0.124372    -0.645546     0.174481      0.10962    -0.285775    -0.166397    -0.449862    -0.204914    -0.631441   -0.0146728     -0.68765    0.0706978    -0.499639    -0.505322    -0.495955   -0.0718717     0.175558     0.158786    -0.109826    0.0488634     0.154681    -0.219697   -0.0684613    0.0419409     0.104707    -0.172344
   0.0309139    -0.250148     0.202141    0.0112227   -0.0407747     0.111714     0.277263    -0.223267    0.0355023    -0.215744    -0.125702    -0.363896    -0.273744    -0.326756   -0.0715369     0.104891    -0.193164    -0.400712     0.312602   -0.0525159    -0.517766     0.103877    0.0799012    -0.240613    -0.278143    -0.324513    -0.390915   -0.0474267    -0.624843   -0.0479591    -0.471713    -0.102975   -0.0645646     0.170857    -0.464502    0.0843896    -0.334328    -0.135261    -0.471149    0.0433236     0.207615    -0.468798
    -0.62047   0.00942668    -0.323057    0.0332389    -0.593817    -0.372489    -0.374162     0.116255    -0.266756    -0.440199    -0.309045    -0.389497    0.0400672    -0.388526    0.0497009    0.0311599    -0.117955     0.262231    -0.693705    0.0680858  -0.00790696    0.0900927    -0.480921     -0.39762    -0.152056    0.0695992   0.00410376   -0.0852302    -0.168975    -0.177217     0.325043    0.0199461    -0.371972    -0.622194    0.0774275   -0.0626483   -0.0265881    -0.386518     0.088585    -0.538502     0.184414    0.0918885
   -0.729153     0.185184    -0.107097     0.125245   -0.0668324   0.00134206    -0.822893   0.00575111    -0.607701     0.238481    -0.527737    -0.121241    -0.212647    -0.422586    -0.107957   -0.0924147    -0.109508   0.00201706     -1.00238    -0.592663     -0.60718     -1.15308    -0.576105     0.131941     0.403702     0.205559    -0.534002    0.0137303    0.0549589      0.21818    -0.565913     0.010212   -0.0666315     -0.26859     0.168767     -1.05018     0.427105     0.126555    0.0433107   -0.0021373    -0.493831     0.328853
   -0.721021     0.164039     0.222622     0.123164     0.165604    -0.010514    -0.567054   -0.0390453    -0.597444      0.29039    -0.299789    -0.080622   -0.0892045    -0.453493     -0.47147    0.0256477     0.105138    0.0244712    -0.183034     -1.01907    -0.629587     -1.02559    -0.445616     0.062615      0.46678     0.102537    -0.746014    -0.142255    -0.721607     0.120586    -0.725855    0.0601411      -0.1119      0.31788     0.305887    -0.893374     -0.27615      0.10517   -0.0937252   -0.0102518    -0.214016    -0.459837
    0.164599    -0.871651    -0.291774    -0.533026    -0.329578    0.0121423     -0.75194     0.286252     0.123087      -0.8297    0.0139925    -0.428475    -0.908564     0.455332     0.208209    -0.312022    -0.373374     0.176865     0.420507    -0.146134    -0.467021    -0.291273      0.63645    -0.449282     0.263772    -0.123545     0.143201   -0.0666126     0.220747    -0.160744       0.1413    -0.094554    -0.164147     0.535632     -1.00177    -0.336222    -0.916787    -0.487416     0.151027    -0.756283    -0.117642     0.215427
    0.233644    -0.416495    -0.521672    -0.597124     0.299429    0.0239747   -0.0399884    -0.869143    -0.482257     0.200389   -0.0399282     0.592147    -0.089862    0.0686103    -0.617659     -0.38564    -0.368119    -0.765018     0.109387    -0.165267     0.296927     0.181483    -0.159061     0.134022     0.242063    0.0443057     0.298823    -0.713135     0.251907    -0.071449    -0.370286    0.0140712    0.0915948     -0.84436    -0.718492   -0.0993104     0.158286    0.0085326    -0.376681     0.165385    -0.980774    -0.264251
    0.616891    -0.267984     0.766427    -0.667993      0.30557     0.196227     0.430184   -0.0654457     0.139897     0.385873    -0.125809     0.374621    -0.281976     0.573103   -0.0852313    -0.230682    -0.166361    -0.215842     0.416568    -0.761861     0.328113    -0.443942     0.422516     -0.77391    -0.731939    -0.143112     -0.92624     -1.33364    -0.812481     -1.20512    -0.344852     0.171933    -0.214075     0.162888     -0.34407   -0.0714619    -0.905697    -0.459498    -0.355565    0.0167539     0.271191    -0.934877
    0.101194    -0.338093    -0.027825    -0.699546      0.56589     0.102102     -1.02637   0.00383951     -0.14345    -0.547671    -0.281677      0.30714    -0.452478     0.434262   -0.0894177     0.172516    -0.524265    0.0503606    0.0511501   -0.0674881    -0.417542   -0.0726838     0.155088    -0.304184     0.323238    0.0821871     0.105885     -1.05016     0.268501    -0.051112     0.296522     0.450876   -0.0658481    -0.484457    -0.933652   -0.0716062    -0.790095    -0.499225   -0.0397761    -0.264007    -0.994264     0.213728
   -0.374685    -0.574997    -0.306278     0.138603    -0.546723    -0.647127   -0.0843473    -0.672035    -0.374564    -0.434415    -0.335808    -0.341015    -0.338272    -0.347361    -0.651657    0.0252938   -0.0102297     0.212178    0.0458478    -0.138798     0.195169    0.0400904     0.535699     0.241293     0.517537   -0.0132503     0.269563    0.0998858    -0.407321    0.0624688     0.123829    -0.641143    -0.759605     0.317592     0.213958   -0.0244154    -0.289946     0.193872    0.0452102    -0.703779    -0.207884    -0.566387
