no weights
   0.0227608    -0.118067    0.0457263    0.0252776     0.153569    0.0758762    -0.234981     0.110843    0.0348141     0.130635     0.249398    -0.105712    -0.128259     0.107536     0.104777     0.096347     0.262091  -0.00960692    -0.223038      0.11977   -0.0440278    0.0563506      0.26497    -0.215798    -0.204697     0.112994     0.266004     0.318017     0.193068    -0.213952    -0.152098     0.161083     0.224366     0.203268      0.11657    -0.162735    -0.182809     0.378529     0.115239    0.0919842     0.351555    -0.174079     0.132131    -0.286944    -0.152626    -0.105749     -0.21163    0.0525135
  -0.0495995    0.0171815   -0.0398528    0.0292605    0.0819251     0.158801   0.00433932 -0.000127701    -0.042028    0.0481025   -0.0202197      0.16293    0.0646379    0.0234571   -0.0336436    0.0976482    -0.194146     0.201678     0.189594    0.0292932   0.00324291    -0.205555     0.245164     0.169614     0.151966    -0.011018    -0.205483    -0.036555    0.0896392     0.263222     0.235432    -0.228194   -0.0612054    -0.065577     0.106118     0.215799    0.0866347    -0.037991    -0.192241    0.0306659    0.0925513      0.20666     0.107333  -0.00816851    0.0373538     0.154911     0.200322     0.140982
  -0.0383201   -0.0589439   0.00167428    -0.118155    -0.137134    -0.128912    -0.173119     0.168335     0.129409     0.106476    -0.235757   -0.0445413     0.116449    0.0228134     0.179568     0.145522    -0.298421     0.278803   -0.0564105     0.179963    0.0234411   -0.0803088   -0.0368514     0.104239    -0.068321    0.0507155     0.271068     0.138786      -0.2022    0.0749254   -0.0504996   -0.0904673     0.285446     0.254612    -0.168449   -0.0254397    -0.156302    0.0996937    0.0546384    0.0586297  -0.00376833    0.0621625    0.0994543     0.167062   -0.0163587    0.0193972   -0.0847036     0.216943
   0.0373562     0.163022     0.274777     0.191757     0.166268     0.185491   -0.0408429    0.0848459    0.0928668   0.00110155    -0.164192     0.285828    -0.117805  -0.00443961    0.0160705    0.0651646   -0.0648991    0.0534782     0.118846    -0.104528     0.166098   0.00261065   -0.0503563     0.147963     0.105645   -0.0672242    0.0105409    -0.104321     0.082878    0.0470485    0.0818749  -0.00639978    -0.171628   -0.0893497    0.0184522    0.0842651    0.0845987   -0.0338865     -0.13523    0.0424809    -0.097138     0.112504   -0.0358119     0.264985    0.0351687      0.20409     0.150403   -0.0749411
     0.20121    -0.219695    -0.235179    -0.236376     0.108868    0.0448889   -0.0505051     0.083073    0.0763519    0.0701234    0.0977773    -0.101534     0.212744    0.0852731     0.124185    0.0238224    0.0264776    0.0343514     0.129722     0.226428   -0.0123428    -0.287743     0.217756   -0.0245308     0.102535     0.164428    -0.072278     0.220359     0.192144   -0.0355002     0.149999    -0.184852     0.303391     0.065554     0.163526   -0.0198052    -0.147572    0.0414619   -0.0519803     -0.20411     0.080835   -0.0575933     0.230858   -0.0737956    0.0577858    0.0361966   0.00463189     0.208685
    0.109979   -0.0128634    -0.247099    -0.108744     0.119649   -0.0563089    0.0886639    -0.100431   -0.0160637   0.00386695    0.0725658     0.028179     0.341993    0.0212339  -0.00187005   -0.0542084   0.00704923     0.198087    0.0990855     0.275221   -0.0836079    -0.165809     0.187501     0.107068      0.15007     0.141701    -0.115763     0.208289     0.068988    0.0320346      0.22882   -0.0940463     0.128957     0.148973     0.127313     0.137134    0.0434413   -0.0255639    -0.042559    -0.120761     0.137651    0.0892024     0.246066    -0.112732   -0.0312806   -0.0954339     0.147376     0.140604
   -0.351252     0.102293     0.275298     0.176295   -0.0377814   -0.0588639    -0.258406     0.105124     0.135847     0.165983   -0.0253399   -0.0998371    -0.196209    0.0226587     0.128689    0.0306196   -0.0463009   -0.0104521    -0.025592     -0.10115     0.141858    -0.165537     0.227721   -0.0445631    -0.067771    -0.158703     0.299729    0.0419391     0.248214    -0.132953   -0.0645954    0.0589638     0.108233     0.238053     0.258996   -0.0888376    0.0151469     0.256281    -0.111864     0.151302      0.43784    -0.103193      0.17559    -0.109483    -0.137063      0.11607     0.105505     0.108337
   0.0901056    0.0723439    -0.209124    0.0475395     0.157429    0.0611332       0.1874    -0.131697    -0.164737    0.0322951    0.0824306    0.0170001     0.288463     0.117875    -0.205064    0.0902322    0.0101681     0.197739    0.0743356     0.279729   -0.0541189     0.222717     0.219151     0.154604    0.0606156     0.106422    -0.228656     0.207483    0.0417535     0.190977    0.0873658  -0.00472035   -0.0804352     0.189872    0.0572161     0.141223    0.0900068   -0.0690171   -0.0894263      0.11686  -0.00127072     0.212046     0.126338    -0.228184   0.00123794    -0.124796    0.0969465     0.110165
    0.100184    0.0403445   -0.0412173     0.129826     0.160433     0.202061    0.0043711   -0.0354296    -0.123878     0.128449     0.141702    0.0620544  -0.00806017    0.0704379   -0.0424723    0.0699646     0.254979    0.0956235    -0.112578     0.221478     0.005889      0.23166     0.270841    0.0289928   -0.0714563     0.100685    0.0598248     0.212375    0.0964313    0.0297541   -0.0136408     0.220039    0.0729454     0.159716    0.0880036    0.0844158   -0.0118495     0.238657   -0.0755812      0.07018     0.262061    0.0676536     0.117995    -0.261186    -0.302644     -0.32504    -0.147526     0.096649
  -0.0588864   -0.0510539    -0.167411    -0.294506    -0.395141   -0.0871505    0.0363714     0.174857      0.15486  -0.00833815    -0.133871    -0.179474     0.224938    0.0551233     0.182847  -0.00115574    -0.321423     0.142142     0.253647    0.0782921     0.139028    -0.331976     0.135062    0.0687115     0.311585    -0.136534     0.124873   -0.0881075   -0.0544468    0.0942501     0.294622    -0.100719     0.263884   -0.0163666   -0.0911777     0.156312     0.217745   -0.0251219   0.00627202    -0.136656      0.04969     0.138038     0.324057     0.205182   -0.0874857    0.0974954     0.164883     0.350299
  -0.0122946  -0.00180529   -0.0688842     0.011425    0.0793839   -0.0431478      0.10756   -0.0124306    0.0256686     0.121858     0.140059    -0.153412    0.0967801    0.0592708     0.111515     0.102286    0.0387947    0.0312975     0.146328     0.144592    0.0827049     0.035565     0.141781   -0.0289492     0.155227    0.0525588    0.0395563     0.119069     0.074757   -0.0198628     0.180748    0.0357153     0.101037     0.204228    0.0888518    0.0363748     0.171153   -0.0547217      0.12349    0.0844215     0.126741    0.0215928      0.18834   -0.0809383      0.07097    0.0839722    0.0861078     0.127489
  -0.0844466    -0.115005    0.0384572    -0.183281    -0.247813    -0.202258   -0.0328617     0.184873     0.220825   -0.0134073    0.0414455    -0.198195   -0.0452903   -0.0546968     0.176223    0.0433086   -0.0520654    0.0704543     -0.11053    -0.017885    0.0655382   -0.0794345    -0.116091   -0.0569207    -0.099252   -0.0383406     0.264802    0.0205039    -0.157853   0.00753092   -0.0704409   -0.0378489     0.342817     0.105076   -0.0515117    -0.136348    -0.123101      0.11588     0.352823     0.147232      0.11741   -0.0691511 -0.000624072     0.151005    0.0663961     0.164592   -0.0818949    0.0523647
  -0.0873453     0.110874     0.053982     0.134215   -0.0157294  -0.00296074    0.0479582    0.0302141   -0.0338354    0.0831519   -0.0233814     0.032661     0.107809     0.086481    0.0323715      0.11709     -0.11026    0.0222452     0.158448    0.0150164     0.111163   -0.0315819     0.153129    0.0753039     0.220042    -0.132808   -0.0776151    -0.106655       0.1227     0.121992     0.187616    -0.100759    0.0536631  -0.00476169     0.120939      0.13635     0.235986    0.0217706   -0.0966168    0.0837638     0.171469     0.113292     0.151606   -0.0430381    0.0203341     0.130441     0.198617     0.127857
   -0.119551   -0.0229815     0.105486 -0.000897548   -0.0256717    0.0573694    -0.158843    0.0776484     0.113141  -0.00230327     0.246227    0.0340183    -0.133439    -0.101224     0.106591   -0.0569282     0.389049 -4.56918e-06    -0.408939     0.285876   -0.0728352     0.179119    0.0153932   -0.0241108     -0.31889     0.134357     0.319457     0.135832   -0.0315581     -0.17459    -0.322304     0.290216     0.318486     0.222835    0.0788067    -0.123852    -0.353754     0.388049     0.260245    0.0883395     0.269037     -0.13873    -0.157403    -0.168366    0.0138051    -0.123416    -0.322773    0.0202835
   0.0762518     0.217227   -0.0492765     0.150024     0.124799    0.0214263    0.0938621   -0.0622697    -0.114099    0.0963057    0.0613905     0.105622     0.122283    0.0233747   -0.0924191    0.0615425     0.165524     0.166846    0.0117877      0.25878  -0.00233548     0.264745     0.070604     0.158001   -0.0478677    0.0883206    0.0651159     0.106697    0.0438535    0.0842254  -0.00146923     0.188417    0.0536903     0.193407   -0.0105877      0.20433  -0.00158719     0.104367    0.0051275      0.14791    0.0624338     0.149546   -0.0381147    -0.123973    -0.138518    -0.276055    0.0128823   -0.0265312
    0.138741     0.208158     0.128362     0.063315   -0.0713958    -0.134592     0.192135    0.0559649    0.0987875   -0.0134238     -0.15126    0.0650514     0.118112   -0.0772739   -0.0303463   -0.0191708    -0.166699    0.0970844     0.129351    0.0959632     0.147521    0.0982145    -0.131646     0.110816    0.0397354     0.117826     0.086414    0.0132481    -0.103379     0.068435     0.102509   -0.0461246     0.102079   -0.0841701    -0.183368   -0.0114843    0.0607225   -0.0343745     0.179307    0.0488289    -0.185735     0.032379    0.0520863     0.205478     0.180317    0.0962305    0.0555146    0.0711364
  -0.0706171   0.00267537    0.0804573     0.191944    0.0956429    0.0692098   -0.0661731  -0.00417784   0.00290347     0.196453    0.0259411     0.133653   -0.0372461    0.0518185   0.00319927    0.0375235    0.0602511    0.0638969     0.100116    0.0341211    0.0284962   0.00466607    0.0795969    0.0729424    0.0936536   -0.0373283    0.0306103     0.069236    0.0904502    0.0595155    0.0665118    0.0243701    0.0298893     0.088374    0.0925529     0.114805    0.0284775     0.106474   -0.0626489    0.0975772      0.18438    0.0515863    0.0339351    0.0959805     0.103654     0.152905      0.21871     0.102139
   0.0248004    0.0510961     0.149637    0.0204741     0.181486    0.0703573   -0.0271412     0.159891     0.141383      0.12905    -0.113472    0.0768136    0.0495731    0.0020396    0.0351479    0.0640917   -0.0137595   0.00028699   -0.0951162    0.0980284     0.184008     0.138292   -0.0520559    0.0657831   -0.0986194     0.100422    0.0438964     0.124122   -0.0255987    0.0344342    -0.129009    0.0516094    0.0464147    0.0497861   -0.0770251    0.0441795    -0.152785    -0.013271    0.0811331    0.0254426    -0.156284    0.0393021   -0.0579026     0.159387     0.301159     0.218353     0.051578   -0.0513507
    0.224476   0.00530981    -0.169878   -0.0308629   -0.0583098   -0.0363378     0.138059    -0.198354    -0.235279   -0.0238743     0.327734   -0.0454868     0.195062    0.0333889    -0.128781     0.108076     0.265232   -0.0138265   -0.0333907     0.146267    -0.268076    0.0981128     0.155443   -0.0724151   -0.0516269     0.157747     0.084695     0.189958    0.0957343   -0.0996177   -0.0134913     0.172901   -0.0278696     0.240935    0.0196712    -0.112444  -0.00740007     0.263398   0.00255151    0.0897483     0.277088    -0.166202     0.341838    -0.356504    -0.224648    -0.316784    -0.128004     0.332195
   -0.121015     0.386144     0.468614     0.348288     0.293019   -0.0349308   -0.0565698     0.115699     0.141486    0.0722727   -0.0108492    0.0796445    -0.214331   -0.0337348    0.0616364     0.059255     0.095647   -0.0187654    -0.124295   -0.0684099      0.15077     0.249795    -0.106297     0.108842    -0.105182     0.113554     0.117429   -0.0602065    0.0115014    0.0499895    -0.138542     0.165518    0.0228734   -0.0770112    0.0799508   -0.0611355    -0.128718   0.00481691     0.219464     0.192945   0.00562161   -0.0632322    -0.312173     0.152602     0.120057    0.0157151   -0.0656534    -0.345535
  -0.0124869     0.130436     0.147092    0.0253352    -0.102838     0.213793    -0.214044     0.166974     0.167174   -0.0851326    0.0591099    0.0667452   -0.0750425    0.0284934     0.129651   -0.0353691     0.182186    0.0485134    -0.121752    0.0563349     0.230683     0.044954     0.284251    -0.137056    -0.157399    -0.146037     0.328304    -0.169492    0.0148181   -0.0586545    -0.159032     0.164212     0.150965   -0.0191218     0.170448   -0.0956268   -0.0941464     0.355069     0.107156   -0.0818311     0.260923   -0.0451872    0.0315828    0.0448801    -0.251489   -0.0805564    -0.270723     0.112542
  -0.0616277     0.300681     0.376425     0.317762     0.328482    -0.110012   -0.0161765    0.0692113    0.0512924   -0.0170559    0.0682377  -0.00844284    -0.126915  -0.00119508   -0.0198066   -0.0291749     0.170464    -0.166511   -0.0795823    -0.097267     0.142445     0.180589   -0.0245724    -0.109221   -0.0800882    0.0403796      0.20711     0.067851    0.0832265    -0.145895    -0.144167    0.0389065   0.00859428   -0.0124239     0.135205    -0.188148    0.0773699      0.12989     0.151936    0.0774161     0.074491    -0.130088   -0.0655267    0.0958303   0.00692053     0.105353    0.0129788    -0.169879
    0.121421   -0.0895405   -0.0724548   -0.0228422     0.079679    -0.135479    -0.139997   0.00732863   -0.0369162     0.235048     0.100797      -0.1711   -0.0466366   -0.0704933   -0.0238518     0.114497     0.159942   -0.0897479    -0.220429     0.148854    -0.197221     0.130326    -0.106446    -0.227302    -0.176962     0.134146     0.140497     0.355559   0.00120923    -0.287896    -0.163039     0.233445     0.150343     0.370718   -0.0613432    -0.230279    -0.199048     0.103521     0.110076     0.146846     0.103832    -0.210897    0.0986539   -0.0502453    0.0344629    0.0318365    0.0880627    0.0443235
    0.141205    0.0370815     0.139087     0.176839    0.0570755     0.191071    0.0825485     0.104728    0.0953997  -0.00724794    0.0518611     0.178573   -0.0657131     0.108213     0.103989     0.116217     0.126326    -0.110695     0.159174     -0.18807    0.0329545    0.0319179   -0.0638444    0.0909058     0.128574    0.0244367    0.0467008    -0.152436    0.0450292    0.0782023    0.0886975    0.0757121   -0.0698259    -0.141074    0.0750395   -0.0116411     0.155913    0.0664343     0.116201    0.0884961   0.00561295    0.0184379   -0.0406797     0.168928     0.193677     0.225105     0.104637    0.0251023
    0.153869    -0.196722   -0.0848184    -0.182253    0.0407358    -0.114629    0.0694233     0.112348     0.137361    0.0189471   -0.0157087   -0.0456743    0.0287211    0.0926271     0.160583    0.0838075   -0.0218058    -0.155701     0.100063    -0.125714   -0.0313143   -0.0515913    -0.330224    0.0850465    0.0156429     0.229022   -0.0515275    0.0468599    0.0268568    0.0503073    0.0642571   -0.0481388    0.0840214  0.000585344      0.04044   -0.0114801   0.00428546    -0.388079     0.143834   -0.0647619    -0.362424    0.0323038   -0.0416886     0.291723     0.490244     0.345971      0.17196   -0.0343717
   0.0386858    0.0851857    0.0412688   -0.0241051   -0.0947454    0.0900432     0.127324    0.0399712    0.0866043    -0.107393   -0.0203117    0.0858808    0.0942114    0.0542858    0.0299825   -0.0197992     0.027877     0.106556   -0.0199294     0.132063    0.0985622     0.107492   -0.0495002     0.125775      0.03207      0.11367     0.155556    -0.054473    -0.130415      0.18484   -0.0374052     0.127694     0.181821   -0.0283707   -0.0848318     0.123212      0.11201    0.0292229     0.274623     0.048779   -0.0128545     0.132897  -0.00380042     0.145547    0.0649259    0.0636475   -0.0525655    0.0407536
    0.134504    0.0747024     0.133407     0.160419     0.255833   0.00533522     0.114204    0.0839262    0.0831663   -0.0363099     0.263608    -0.084483   -0.0694082    0.0692432     0.107179    0.0023307     0.298163    -0.357398    0.0696972   -0.0660288    -0.026517    0.0761177    -0.113539    -0.190241   -0.0296113     0.165173   0.00838839   -0.0701643     0.185623    -0.142118   -0.0410063       0.1959   -0.0600181    -0.166352    0.0898701     -0.15743     0.125679   -0.0594829     0.174557   -0.0662873    0.0147499   -0.0335863    -0.119362     0.189022     0.210214     0.113581    0.0415038    -0.115944
    0.229771     0.265904    0.0812799     0.334304     0.234194     0.151955     0.193453    -0.171466    -0.199689     0.108695   0.00327411     0.157639   -0.0704702    0.0657974   -0.0958312     0.182074    0.0272594    -0.139845     0.295691    -0.232813    -0.140223     0.180568   -0.0186341    0.0994115     0.307072  -0.00801978    -0.293896    -0.141622    0.0493078     0.124714     0.315167    0.0831613    -0.458171    -0.113551    0.0390111     0.198863     0.322186    -0.082381    -0.185551     0.195632    -0.129436     0.134678   -0.0309506    0.0163634    -0.111144    0.0174554     0.330036    -0.043716
    0.282067    0.0578625   0.00374769   -0.0744839    0.0912583     0.191569     0.192783      0.13325     0.112091    -0.103077     0.283055    0.0454938   -0.0864187     0.111088     0.131203   -0.0455152     0.316055    -0.194769   0.00701428     0.066584     0.182807     0.145055    0.0699404    0.0118106  -0.00288574     0.193701    0.0686406    -0.098358    0.0673848    0.0613224   -0.0176932     0.200926  -0.00291481    -0.148659     0.131858    0.0592846    0.0231246     0.038706     0.347093     0.013608    0.0145715  -0.00238185    -0.132049    0.0245475    -0.054565    -0.170822    -0.252926    -0.136863
    0.218697   -0.0282967    -0.124154   -0.0910721     0.153927   0.00570674     0.215887    0.0724398    0.0626582     0.132005   -0.0124545   -0.0200608     0.109816    0.0972961      0.14981    0.0811302    -0.115725   -0.0818471     0.283342   -0.0842263    0.0377642    -0.147304    -0.183304     0.167063     0.342026     0.180593    -0.248383    -0.079121     0.145017     0.098648     0.362365    -0.113803   -0.0808888   -0.0650707    0.0151652      0.19462     0.105929    -0.495238   -0.0173774   -0.0643971    -0.312907     0.165703   0.00736578     0.199666     0.237128     0.190866     0.302103    0.0235521
   -0.100086     0.105758     0.289357     0.213948     0.233271      -0.0124    -0.069328    0.0753227     0.162882   0.00974372   -0.0596802   -0.0347038    -0.120553   -0.0492279    0.0392928    0.0643508    0.0993001    -0.135725    -0.177263     0.103547     0.145676     0.262098    -0.116463   -0.0857681    -0.159141     0.168579     0.128193    0.0736762   -0.0443862   -0.0473047    -0.179313     0.153057     0.178592    0.0259926   -0.0910026   -0.0917475    -0.153107    0.0443025     0.216958     0.131519    -0.161169   -0.0467206    -0.244285     0.144267     0.257624     0.165808   -0.0676885    -0.181003
    0.104699    0.0300465     -0.17342    -0.225999    -0.190815    -0.191525     0.241007     0.144664    0.0924003   -0.0728127    0.0926808   -0.0825304     0.304264    0.0959889    0.0489533   -0.0373173   -0.0797536     0.157547    0.0530865     0.237204     0.186415    0.0680821    0.0122943    0.0791172    0.0669756      0.18269     0.152846     0.139518    -0.121568     0.136633    0.0742988    -0.052152     0.237364   -0.0621071    -0.147517    0.0732714     0.171154  -0.00386582      0.25064   0.00972976   -0.0113417     0.109073     0.130099  0.000638312    0.0175728    -0.107797   -0.0255023     0.146207
  -0.0501921    0.0412826    -0.102724    -0.140698    -0.029961    -0.218401     0.254003     0.117733      0.13915  -0.00769433    0.0873206    -0.132136     0.228417    0.0764268     0.105068    0.0395635   -0.0218746     0.105634     0.185299    0.0507035    0.0969352   -0.0713711   -0.0184041    0.0473335     0.176527     0.102988    0.0048642    0.0629423  -0.00288811    0.0665108     0.207067    0.0286081     0.162508    0.0224284    0.0784168    0.0402305     0.198048   -0.0514122     0.151152     0.104203      0.11739    0.0791156     0.055721    0.0128741    0.0841627    0.0645533     0.133959     0.121336
    0.225595    0.0624803    -0.171228    0.0977461  -0.00246705    0.0943558     0.174404     -0.19409    -0.208589    0.0232214    0.0645745    0.0422468     0.213319    0.0117182    -0.214201     0.166023     0.106684      0.15312     0.166412     0.127483    -0.239686     0.192502  -0.00400212    0.0195013    0.0591299     0.123945   -0.0761293     0.243414   -0.0613895    0.0514473     0.108688     0.193009    -0.202765     0.156289    -0.016285    0.0268063     0.230803     0.220517   -0.0504433     0.143244    0.0605818    0.0801819     0.269534    -0.206587    -0.134252    -0.168457     0.120584     0.309655
    -0.12649    0.0895784     0.347698     0.212053    0.0051156     0.314965    -0.195494     0.109495     0.176312     0.068327     -0.16334     0.260511    -0.276725    0.0199723     0.186023     0.219257    -0.203116    0.0701157    0.0764554    -0.244403     0.088857   -0.0993258    0.0966666    0.0789149   -0.0222847    -0.237831      0.12825     -0.17192    0.0186871     0.205411    0.0218593   -0.0665165   -0.0298364   -0.0412656      0.10554     0.248031    0.0380903     0.101116    -0.102918     0.128784   -0.0395855     0.229717     0.021475     0.168617     0.053155      0.27054     0.114705    0.0988016
    -0.12912     0.220922     0.391829     0.263127     0.203869   0.00941692   -0.0821957     0.183619     0.161519    0.0299505    0.0210929   -0.0102263    -0.163695    0.0636585    0.0715411     0.137002     0.118923   -0.0766232    -0.102447   -0.0638488     0.180933     0.154853    0.0497479    -0.128675    -0.197863    0.0933117     0.310489    0.0686912    0.0349081   -0.0993544    -0.106134    0.0289944     0.128387    0.0912592  -0.00780779    -0.117295     -0.11757     0.184462     0.208699     0.176219     0.118151    -0.112882   -0.0395501    0.0183971   -0.0206363   -0.0199927    -0.128082   -0.0330815
   -0.214915     0.175157     0.404218     0.322894    0.0803667     0.156989    -0.147806     0.206146       0.1502    0.0579353   -0.0572248     0.302644    -0.354606    0.0771817    0.0975775   0.00109348      0.03463    0.0639788   -0.0315107     -0.30966     0.202972   -0.0342645   -0.0126664     0.144016    0.0258399   -0.0932713     0.130428    -0.261052     0.197189     0.165638    0.0831339   -0.0229204    -0.133919    -0.175032     0.192117     0.130611    -0.015623    0.0685922    0.0885643     0.119824    0.0163464    0.0930326    -0.242216     0.256823    0.0318437     0.234954    0.0164789    -0.294859
    0.300367     0.177741   -0.0183902     0.092534    -0.032309     0.307776     0.079472   -0.0768265     0.023374   -0.0807462   -0.0545778     0.133006    0.0407821     0.129913   -0.0660017   -0.0485415    0.0641042    0.0610875     0.204923   -0.0102643   -0.0254484   0.00967278     0.014287    0.0463632     0.210233  -0.00861095    0.0631679    -0.181723   -0.0107997     0.181718     0.218144    0.0579746    -0.168278    -0.182279    0.0538956     0.151378     0.176505     0.133391   -0.0924747   -0.0527929   -0.0627272     0.148106     0.117585     0.215164     -0.20373    -0.110532    0.0512476    0.0907222
    -0.10009  0.000635186     0.118577     0.152065       0.1471   -0.0480882   0.00637372     0.101695    0.0977865     0.150312    0.0126118    0.0578565   -0.0837839  -0.00470517     0.119293     0.123877    0.0464608    0.0176328   -0.0846209    0.0474853   -0.0165254    0.0610686    -0.102751  -0.00556866    -0.020563    0.0483814   -0.0801339    0.0610998   -0.0475157    0.0355762   -0.0556384    0.0811053     0.147125     0.142514  -0.00249602  -0.00468122    -0.106027    0.0257179     0.186397     0.138338   -0.0401039   0.00271879    -0.182309     0.121835     0.379666     0.225717     0.111251  -0.00804525
    0.134308    0.0579904    -0.223857    -0.114041   -0.0542558   0.00978333     0.114121   -0.0015175   -0.0133843   -0.0382594   -0.0509837   -0.0253131     0.299967     0.117923   -0.0254267    0.0130325    -0.183985       0.1536     0.348193     0.110131     0.112046    -0.268716      0.24122     0.168469     0.310022   0.00277605   -0.0609851   -0.0107216    0.0989108     0.175912     0.357128    -0.191203    -0.054963    -0.104144    0.0350068     0.116016     0.200458   -0.0471839    -0.172554    -0.113557    0.0111898    0.0863745     0.321156     0.044262    -0.222365    -0.136382    0.0503973      0.22421
   -0.278706    0.0879699     0.209561     0.270066     0.105476    0.0726927    -0.165521   -0.0894581   -0.0374454     0.126263    -0.113512     0.244905   -0.0672892   -0.0213859   -0.0151279   0.00500108   -0.0884853     0.230162   -0.0884324     0.169273      0.05901    0.0653714     0.226688     0.124099   0.00639831   -0.0409173    0.0242694      0.13059     0.155814    0.0757666   -0.0621219    0.0290204   -0.0962404     0.226908     0.056052     0.047956  -0.00977715     0.241296    -0.228108    0.0800153     0.226626    0.0572299     0.090242   -0.0857533   -0.0629825    0.0164269    0.0668151    0.0558548
  -0.0439778    0.0254341     0.114646    0.0721559     0.215974    -0.179665    0.0880195    0.0832569     0.138227     0.198364    0.0679338   -0.0656374   -0.0150185    -0.049832     0.124542     0.130257    0.0558823    -0.101381   -0.0178799   -0.0462004    0.0587402     0.123051    -0.266797    0.0569431    0.0762162     0.197297    -0.192911    0.0868797   0.00137288   0.00961884     0.044015  -0.00935937     0.043621    0.0737374   0.00345644     0.116741   -0.0502644    -0.285233     0.229589       0.1931   -0.0907472    0.0692532    -0.279402     0.128466     0.318428     0.167195     0.263526    -0.213845
    -0.28031   -0.0979772     -0.17316   -0.0893355    -0.263144    -0.141883    -0.175706    -0.166846    -0.155849     -0.15795    -0.169943    -0.180613    -0.147341    -0.163292   -0.0678953   -0.0736864   -0.0881507   -0.0915828    -0.209399   -0.0904706    -0.172097    -0.123526    -0.251215   -0.0730838   -0.0593419   -0.0973324    -0.114832    -0.131949     -0.20588    -0.049018    -0.111953    -0.128018    -0.162714    -0.178471   -0.0784112    -0.152307   -0.0214945    -0.081456    -0.105918    -0.139827    -0.101483   -0.0874345
   0.0389201    -0.432251     0.354921   -0.0629061    -0.074817    -0.515779     0.128538    -0.886673    -0.595086     0.227799    -0.215008     0.702691    -0.292902      0.27732    -0.572134    0.0757415    -0.240246     0.198046    -0.787249      0.21538     0.280428     0.026925   -0.0528498   -0.0191713     0.367281    0.0856073   -0.0246882    -0.958654    0.0338507    -0.128822      0.33675    0.0639694   -0.0311976     -1.01112     0.187402      0.26486     0.287952    -0.466356     0.120416    -0.472017    -0.377688    0.0719472
    0.208943    -0.538484    -0.307236    -0.285528    -0.679124     -0.48403     0.173929    -0.281922     0.049763    -0.387717    -0.121897     0.146465    -0.159685     0.443941    0.0341706    -0.159431    -0.162278    -0.316049     0.247534     0.192075     0.171738     0.190797    0.0937987   -0.0320507    -0.502253    0.0136857    0.0798256     -0.10684     0.120586    -0.733385    0.0116437   -0.0363535   -0.0557555    0.0749745    -0.221864     0.177964    0.0152116    -0.174359    -0.136813    -0.541605    -0.122845    -0.159576
    0.105233   -0.0748848    -0.154156    -0.195906    -0.134541    -0.184777   -0.0829392    -0.179281   -0.0368842    -0.291601    -0.186083   -0.0457518    -0.158631    0.0411637    -0.111292    -0.178314    -0.134425    -0.179479    -0.017594    0.0269334   -0.0287485    -0.144658   -0.0697754   -0.0968692    -0.334143    -0.153558    -0.202102   -0.0329888  0.000369071    -0.314604    -0.102183    -0.206711    -0.254946    -0.134493    0.0431976   0.00770378   0.00456098   -0.0459734    -0.130492    -0.143725    -0.179514    -0.156019
    0.166404    -0.123439    -0.153733    -0.267016    0.0978698    0.0623121     0.138619    -0.142726    0.0441983    -0.060372    0.0259452    -0.145934   -0.0789421     0.215047    0.0104789    -0.431652    0.0178323    -0.252005   0.00711486    -0.169371   -0.0400101    -0.251371     0.166941     -0.27314    -0.201877    -0.257275    -0.124083    -0.209057    -0.108156   -0.0625719    -0.177072    -0.268891   -0.0788024    -0.236399    -0.227942    -0.224717    -0.189064    -0.281138   -0.0558598     -0.18803   -0.0163734    -0.000878
   -0.239447   -0.0881486    -0.189209   -0.0707385    -0.169488    -0.182914    -0.179742   -0.0889087    -0.190478    -0.125155    -0.147499    -0.225622    -0.102914     -0.22533   -0.0707676    -0.105826    -0.141162   -0.0974057    -0.293688   -0.0734907    -0.123524   -0.0592559    -0.178744    -0.186387   -0.0914385    -0.111305   -0.0487707   -0.0827821     -0.14407   -0.0846607   -0.0911735    -0.168189    -0.180608    -0.148893   -0.0588518    -0.124546     -0.12555   -0.0711713    -0.176811    -0.132529    -0.105093   -0.0880048
   -0.118212    -0.118175    -0.152737   -0.0751093    -0.110165    -0.134723   -0.0650228    -0.156432    -0.227379    -0.094819    -0.135441    -0.211386    -0.177725    -0.298691    -0.171813    -0.183167    -0.116543    -0.100088    -0.358136    -0.163143     -0.23562    -0.143082    -0.117834    -0.124343    0.0363403    -0.152811   -0.0386905    -0.124833    -0.185104    0.0314977   -0.0575837    -0.163304    -0.122804      -0.1991   -0.0594887    -0.150499    0.0104194   -0.0442655    -0.158809   -0.0782697    -0.149292   -0.0280083
    0.158745    -0.461654    -0.112362     0.146426    -0.392138    -0.474225    -0.156463    -0.402317    0.0965682    -0.626328    -0.466953     -0.21455    -0.410565     0.342903   0.00920801    -0.137839    -0.115964    0.0143533   -0.0512781     0.255658     0.343292     0.173772     0.105408 -0.000923859    -0.293033   -0.0995186     0.071945    0.0166362    0.0638375    -0.479874     0.166591    -0.436371    -0.561541   -0.0846536    0.0674638      0.19188     0.166188     0.222022    -0.169874    -0.473323   -0.0859273    -0.322769
   -0.121598    -0.100535    -0.105706   -0.0938643    -0.234286    -0.154692    -0.088526    -0.116855   -0.0658522     -0.13032    -0.186382   -0.0722878   -0.0856148   -0.0609667   -0.0460873   -0.0696511    -0.161484     -0.13971    -0.120156    -0.042293   -0.0562186    -0.123462     -0.15881    -0.203828     -0.38348    -0.124056    -0.272652    -0.159461    -0.131568    -0.305977   -0.0941901   -0.0769677   -0.0919397    -0.102035    -0.181525   -0.0254022  -0.00953011    -0.164027    -0.130628    -0.164309   -0.0206974   -0.0779017
   -0.230089    -0.109937   -0.0428719    -0.036561    -0.275822    -0.172352    -0.137639   0.00056021    -0.148901    -0.338654    -0.246115    -0.133351    -0.160139   -0.0860597   -0.0353074   -0.0543156    -0.165189   -0.0700588     -0.24091     0.134064   -0.0411856    -0.108563    -0.240817    -0.135325    -0.142541   -0.0801985    -0.207502    -0.196591    -0.106522    -0.191417   -0.0268437    -0.099852    -0.149754    -0.229021    -0.108469    -0.102523    0.0393346    -0.208864   -0.0723132    -0.122608  -0.00910514   -0.0713521
   -0.187864   -0.0989429    -0.129232    -0.166959    -0.115878   -0.0886616    -0.030655      -0.0905   -0.0545035   -0.0914672    -0.121808    -0.172255   -0.0631823    -0.148429   -0.0618013    -0.160777    -0.115612    -0.224296    -0.123806    -0.164544     -0.13128     -0.18881    -0.229394    -0.197502    -0.114181   -0.0710902    -0.262459    -0.140244    -0.227754   -0.0962668    -0.210679    -0.168273    -0.072786   -0.0425428   -0.0214414    -0.195524     -0.17667     -0.11199    -0.129572   -0.0735838    -0.128137    -0.152927
   -0.226608     -0.05001    -0.151724     -0.11879     -0.15986    -0.124854    -0.209518   -0.0914414    -0.177427    -0.117395    -0.177789    -0.190408    -0.124235    -0.264293    -0.157885    -0.112008    -0.122081   -0.0903073    -0.225239    -0.128577    -0.164585   -0.0909905    -0.274958    -0.173178   -0.0912256    -0.101408    -0.178602    -0.122183    -0.210423     -0.13448    -0.131938   -0.0744316   -0.0854107    -0.135562   -0.0644837    -0.121766   -0.0399599   -0.0977692    -0.125083   -0.0653584   -0.0908962   -0.0812359
    -0.39264    -0.112702    -0.218217  -0.00409444    -0.166932    -0.143538    -0.141495    -0.240896    -0.400859   -0.0582612    -0.105687    -0.148859 -0.000580795    -0.397275    -0.220969   0.00498874    -0.107072   -0.0694863    -0.306144   0.00321183    -0.314279    0.0357699    -0.143332   -0.0886343   0.00197373    -0.210288    0.0466236     0.083716    -0.288492     0.079639  -0.00307908    -0.214088  -0.00664428    -0.201664    -0.164325    -0.152822   -0.0767976    -0.140197  -0.00634461   -0.0969699     -0.20766    0.0120881
   -0.382053    0.0020346    -0.098277   -0.0692874    -0.174941   -0.0867584    -0.225197   -0.0935524    -0.224878   -0.0914018    -0.179572    -0.142456    -0.125046     -0.30957    -0.112267    -0.048249   -0.0978523    -0.134686    -0.275417   -0.0601126     -0.29852     -0.12483    -0.224562    -0.140608   -0.0360625    -0.119642    -0.144216   0.00225461    -0.245822   -0.0206996    -0.178791    -0.152371    -0.119159    -0.129159   -0.0161327    -0.249225   -0.0661277    -0.051022    -0.124383   -0.0195895    -0.103461    -0.060106
   -0.213186    -0.111949    -0.191952   -0.0705441    -0.097842    -0.156405     -0.12702    -0.106805    -0.175102   -0.0905994    -0.099448    -0.153363   -0.0705468    -0.215762    -0.220835   -0.0763614    -0.165219    -0.105906     -0.16118    -0.145572    -0.138592    -0.110713    -0.203082    -0.146145    -0.120304    -0.177276   -0.0692916     -0.12601    -0.118274   -0.0930958    -0.131927    -0.195509    -0.169595    -0.175606   -0.0957761    -0.104798     -0.21292     -0.12079    -0.102495   -0.0760434    -0.102925    -0.124903
   -0.137883    -0.152348    -0.235067   -0.0443287    -0.104545    -0.122393    -0.134009   -0.0312501   -0.0268504     -0.10066   -0.0851398    -0.298372   -0.0464151    -0.229688    -0.123215   -0.0776272    -0.213867     -0.18759    -0.123914   -0.0822027   -0.0362822   -0.0469557    -0.161151    -0.157035    -0.319686    -0.161093    -0.120621    0.0145339    -0.100019    -0.130479   -0.0713143    -0.122383    -0.197766   -0.0436299    -0.220311    -0.122049    -0.219545   -0.0363644    -0.251485    0.0611881    -0.122172    -0.255476
   -0.312125   -0.0910191    -0.266931   -0.0933501    -0.215484    -0.221033    -0.148396   -0.0478747    -0.211343   -0.0453579    -0.158906    -0.183887    -0.107645    -0.348891    -0.141587   -0.0902432    -0.100263     -0.10468    -0.279894   -0.0301144     -0.15988     -0.12023    -0.293829    -0.146371   -0.0991037    -0.116762   -0.0703129   -0.0330375   -0.0991692   -0.0595687   -0.0263984   -0.0988268    -0.134627    -0.197912   -0.0121473   -0.0928887   -0.0437886   -0.0992162    -0.140168    -0.123221   -0.0772062   -0.0751854
   -0.257782    0.0325175   -0.0307195     -0.10526   -0.0570046   -0.0383908    -0.337975     0.128748      0.11477     0.102592    -0.104741    -0.290894   0.00591091    -0.254709    0.0588644   -0.0474695    -0.149498     -0.13159    0.0188921    -0.402834   -0.0827883    -0.474159    -0.370706    -0.139823    -0.260481    0.0263486    -0.460519   -0.0571551   -0.0421843   -0.0461421    -0.365016    0.0869889    -0.140605    0.0695568   -0.0508917    -0.392623    -0.240488    0.0589632     -0.33724    0.0973815   -0.0222642    -0.372695
    0.118396    -0.178038    0.0755563   -0.0635381    -0.280574    -0.363168     0.140344   -0.0760222    -0.124531    -0.527741    -0.092114    -0.022586   -0.0983807   -0.0323703    -0.128494    -0.185315    0.0530417     0.135091    -0.192495     0.106279    -0.438922    0.0123213     0.458666    -0.140526    0.0744547    -0.337366     -0.21594    0.0410699     -0.54345    -0.129118     0.196384    -0.438653    -0.275089   -0.0499528     0.115763     0.113061   -0.0579715    -0.561307     0.217749    -0.623356    0.0932789     0.304864
    0.376358    0.0309247    -0.466472   -0.0307354    0.0648532    -0.194171     0.261667    -0.259369   0.00335161    -0.609181    -0.205106    -0.216291   -0.0933076     0.359995    -0.298857    -0.479354    0.0698415    -0.113803   0.00217033    -0.013144     0.219667    0.0897552   -0.0793649    0.0705477    -0.241515    -0.303378       0.1313    -0.232995   -0.0289994    -0.439971   -0.0539595    -0.593636    -0.366429    -0.259524     0.149635    0.0213612     0.260103    -0.238629   0.00393102    -0.408711     0.196329    -0.257571
  -0.0799404    0.0433478   -0.0604384    -0.225184    0.0492233   -0.0794718    -0.242648   -0.0299303    -0.011803     0.133968   -0.0310898     -0.16309   -0.0351973    -0.357347    -0.174114    -0.276774    -0.222362     -0.30916     0.169321    -0.527865     -0.06422    -0.438558    -0.296073   -0.0721709   -0.0488924    -0.122166    -0.112382    0.0582392    0.0340764    0.0714493    -0.439505  -0.00694905   -0.0473983    0.0945114    0.0269917    -0.258179    -0.331035    0.0223552    -0.283698     0.151497    -0.299816    -0.324614
   -0.390983    -0.094974   -0.0713362    -0.158639    0.0925685   -0.0294348    -0.211068    -0.235518    -0.516383     0.325016   -0.0270456    0.0568862    -0.044237    -0.484535    -0.466026      0.10593   -0.0985389     -0.21114    0.0515125    -0.569924    -0.330506    -0.263046    0.0883967    0.0466794     0.311895    -0.165734    0.0482444    0.0408092    -0.324591     0.250105    -0.299495   -0.0258823    0.0608432    0.0947841    -0.260879      -0.3988    -0.477229   -0.0107979    -0.142999     0.142376    -0.421624    -0.119072
   0.0388739    -0.145162     -0.23577    -0.205495    0.0625458   -0.0618765    0.0367313    -0.151423   0.00727136   -0.0785841   -0.0884641     -0.13623   -0.0750763    -0.246318    -0.131566    -0.221252   -0.0774004    -0.174771   -0.0292238    -0.235276   -0.0750926    -0.122079   -0.0666025    -0.159004      -0.1706    -0.311589   -0.0363519    -0.100822   -0.0684626   -0.0521078    -0.340905   -0.0941836   -0.0479387   -0.0816097    -0.245534    -0.155944    -0.137985    -0.153316    -0.245247    0.0690738    -0.198392    -0.119832
    0.114331    -0.136768    -0.369476      -0.1828    0.0745319    0.0554637    0.0382569   -0.0236737   -0.0110002   -0.0242869   -0.0136004    -0.237449    -0.028383    -0.280113    -0.164605    -0.284241    -0.140097    -0.246358    0.0895557    -0.310022    -0.106565   -0.0264373    -0.110168    -0.132116    -0.157274    -0.260068   -0.0171528   -0.0292795   0.00443389   -0.0568504    -0.338195   -0.0443382   0.00231319   -0.0731441    -0.354599    -0.176757    -0.231255   -0.0734265    -0.328784     0.112738    -0.190543    -0.214937
   -0.467762     0.040415    -0.102916   -0.0146057    -0.224712   -0.0869297    -0.238797   -0.0696115    -0.345484   -0.0483556    -0.205175    -0.161603   -0.0998266    -0.346836    -0.131904   -0.0391981   -0.0731385   -0.0832725    -0.389041     0.015796    -0.360727    -0.142631    -0.361389    -0.131039    0.0108658   -0.0519144     -0.14453  -0.00612836    -0.281395   -0.0361736     -0.15885    -0.116991   -0.0748763    -0.137034   -0.0475572    -0.252808    0.0652959    -0.133288     -0.04981   -0.0455725   -0.0437325   0.00851222
   -0.104976    -0.137061    -0.139709   -0.0426279   -0.0391835   -0.0713072    -0.151392    -0.160054    -0.134778    -0.177166    -0.177815    -0.257348    -0.162569    -0.240096   -0.0953902   -0.0135498      -0.1994    -0.163756    0.0277483    -0.112413    -0.269667   -0.0528868    -0.113106    -0.175285    -0.113164    -0.221597    -0.188462   -0.0788661    -0.131647   -0.0106287    -0.217803    -0.103896    -0.136839   -0.0499321    -0.225647   -0.0571126    -0.124826    -0.113242    -0.281641     0.028579   -0.0387742    -0.215827
   -0.158236     -0.10368   -0.0264936    -0.140783    -0.225244    -0.100556   -0.0976412    -0.167842    -0.177935    -0.140726    -0.164771    -0.125414   -0.0928134    -0.105908    -0.109432    -0.104352    -0.167594    -0.223626   -0.0534314   -0.0989859    -0.104785    -0.106356    -0.205019    -0.139352    -0.211173    -0.122204    -0.236124   -0.0611864    -0.169115    -0.144476    -0.180257    -0.132005   -0.0741773   -0.0991485    -0.150283   -0.0847272    -0.094963     -0.14193     -0.13689   -0.0768788   -0.0948967    -0.169678
   -0.116672    -0.102837   -0.0578407    -0.105106   -0.0861398   -0.0419984   -0.0261544    -0.142159   -0.0609165    -0.116662     -0.13736    -0.214433    -0.179732    -0.164691    -0.143852   -0.0789283    -0.184538    -0.225547    0.0284755    -0.113591    -0.200279    -0.115875    -0.138565    -0.173409    -0.153015    -0.171912    -0.165701    -0.107389    -0.199513   -0.0623008    -0.223946    -0.085668    -0.113684    -0.108027    -0.175829    -0.112357    -0.160558    -0.189115    -0.224434   -0.0970223   -0.0478223    -0.181295
   -0.338653   -0.0827222    -0.145426   -0.0254448    -0.315196     -0.17365     -0.18515    -0.070749    -0.204282    -0.201122     -0.19691    -0.208605   -0.0376971    -0.165564    -0.068941   -0.0220337    -0.132141    0.0123203    -0.310237   -0.0467661    -0.118401   -0.0135686     -0.25539    -0.196597   -0.0953412   -0.0569544   -0.0655321   -0.0598857    -0.183786    -0.151923    0.0112566   -0.0538022    -0.179141    -0.246655   -0.0775001     -0.13903    -0.070795    -0.127417   -0.0743801    -0.205208   -0.0224471   -0.0913385
   -0.539665    0.0888036   -0.0947032    0.0156793   -0.0988679   -0.0612413    -0.434198   -0.0255249    -0.296181     0.101983    -0.196704   -0.0928673   -0.0871288    -0.361894    -0.140448   -0.0326108     -0.10753    -0.109366    -0.413985    -0.296702    -0.330904    -0.494786    -0.346088   0.00761053    0.0969717    0.0240622    -0.283253    0.0225083    -0.173849     0.138675    -0.285847   -0.0368117   -0.0416042   -0.0418908    0.0270386    -0.519909    0.0023859    0.0141956   -0.0717606   -0.0408084    -0.213781  -0.00931613
   -0.430074     0.073528   -0.0861829   -0.0127938   -0.0704855   -0.0893498    -0.307394   -0.0762408    -0.242208     0.147414    -0.193527     -0.10687   -0.0560021    -0.339234    -0.158419   -0.0587011   -0.0306323    -0.102166    -0.141571    -0.404562    -0.324828    -0.446152    -0.264447   -0.0473693     0.122906   -0.0372956    -0.283513   -0.0658036    -0.237819      0.11259    -0.328438  -0.00954028   -0.0729236    0.0426205   0.00768729    -0.463523    -0.113211    0.0496326    -0.100335   -0.0190166    -0.175788    -0.122738
    0.159895    -0.503438    -0.166156    -0.381162   -0.0255862    0.0146554    -0.492055     0.108755    0.0284702    -0.493547   -0.0390871   -0.0725244    -0.491057     0.378373    0.0454002    -0.128654    -0.284434    0.0757977     0.282718   -0.0764779    -0.195583    -0.128628     0.402253    -0.249468     0.160626   -0.0307655     0.126387    -0.323855     0.208805    -0.169082     0.130068    0.0427176   -0.0688457      0.13716    -0.725206    -0.139587    -0.577325    -0.323039    0.0579867    -0.390517    -0.253863     0.107937
  -0.0102778    -0.184177    -0.145816    -0.213834  -0.00606162    -0.122433    -0.104308    -0.213499    -0.134394   -0.0375679    -0.110959   0.00410099   -0.0953424    -0.113834    -0.178918    -0.195036    -0.193135     -0.27368   -0.0210568    -0.148708   -0.0127354   -0.0401353   -0.0634073   -0.0991326   -0.0421362   -0.0998718    0.0168321    -0.180336   -0.0612437    -0.113589    -0.163141   -0.0923248   -0.0849323    -0.199852    -0.241037    -0.126468   -0.0965662    -0.106228    -0.203724   -0.0399484    -0.309951    -0.150172
    0.600223    -0.186882     0.600003    -0.534567     0.299045      0.24319     0.378812  -0.00334515     0.209681     0.319548   -0.0463971      0.24327    -0.169286      0.49811  -0.00329387     -0.22424   -0.0960503    -0.210383     0.444541    -0.547576     0.299202    -0.318047     0.361362    -0.584713    -0.591689    -0.139502    -0.662198    -0.998309    -0.535929    -0.893821    -0.274793     0.142772    -0.115679     0.147672     -0.29577    -0.058166      -0.6942    -0.344887    -0.259146    0.0376074     0.245498    -0.691106
    0.147472    -0.340189   -0.0754791    -0.471582     0.192834    0.0250062    -0.602395    0.0240649   -0.0139543    -0.428416    -0.120342     0.049999    -0.361026     0.380765      0.02582   -0.0139063    -0.264598  0.000818521     0.152195   -0.0421883    -0.259393   -0.0679217     0.247311    -0.224224     0.166277   -0.0154321     0.103661    -0.447733     0.193271   -0.0873742     0.175345      0.22373   -0.0680782   -0.0762621    -0.695469   -0.0735149     -0.55415    -0.337385    0.0120803    -0.325807     -0.46582     0.145881
  -0.0819774    -0.191497    -0.220798   -0.0755205     -0.28339    -0.257417   -0.0458071    -0.200541    -0.106273    -0.220788    -0.176299    -0.172173     -0.15935   -0.0585815    -0.158602    -0.156724    -0.156005   -0.0536437   -0.0844956    -0.063657    0.0034902   -0.0371803    0.0286431   -0.0324191   -0.0135321    -0.117324   -0.0362371   -0.0345558   -0.0903133    -0.157847  -0.00113229    -0.260957    -0.271985   -0.0551995   -0.0387924   -0.0599328    -0.109284   -0.0940584   -0.0799912    -0.294249    -0.126008    -0.165688
