no weights
   0.0867088   0.00205935    0.0727535    0.0465234     0.122564    0.0643374  -0.00222923     0.093878    0.0258745    0.0855279    0.0610441    0.0218625   0.00971608    0.0602105    0.0691179    0.0457204    0.0746039    0.0667192   -0.0170376    0.0625291    0.0146419    0.0571306      0.10945    -0.033497     0.010374    0.0837212    0.0934153     0.119954    0.0770987   -0.0103949    0.0534017    0.0953759    0.0836625     0.052558    0.0288829   0.00290398    0.0351507     0.144104    0.0673065    0.0777203     0.114849     -0.01268    0.0919519   -0.0287671    0.0272826    0.0700798  -0.00853229     0.045508
   0.0367734    0.0835049    0.0655504    0.0480972      0.11393    0.0859129    0.0788344    0.0861047    0.0392943     0.049181    0.0735347       0.0764    0.0613735    0.0101433    0.0231352    0.0692151   0.00564046     0.114129    0.0918409    0.0895126    0.0551432    0.0214829     0.115843    0.0845943    0.0396575    0.0816544     0.030107    0.0831688    0.0200612     0.125509     0.102302   0.00179363    0.0319521    0.0188363    0.0374593    0.0719864     0.056252    0.0557067    0.0479262    0.0867274    0.0912494     0.107839    0.0541581    0.0677706    0.0879096     0.108448     0.124413    0.0864166
   0.0658298    0.0399957    0.0780371    0.0519773    0.0806353    0.0122996    0.0190132    0.0912953    0.0439417     0.103816    0.0468306    0.0316481     0.106967    0.0636998     0.113418     0.100284  -0.00442137     0.120664    0.0384485     0.116512    0.0170838    0.0231417    0.0272172    0.0766742    0.0422211    0.0948991     0.124741    0.0630853   -0.0198235     0.064374     0.059578    0.0467776    0.0864362     0.136893   0.00114771    0.0011297    0.0223058     0.117984     0.062501    0.0679928    0.0993972    0.0820707     0.043021     0.114856    0.0529068    0.0582701    0.0217642    0.0800091
   0.0775546    0.0650794     0.140705    0.0706601     0.127269    0.0825906     0.053169    0.0733809    0.0702479   0.00916426     0.036601      0.12933    0.0309328    0.0106502    0.0278518    0.0861785     0.048726    0.0875101    0.0643293    0.0752227     0.104717    0.0566796    0.0334033    0.0822015    0.0526033    0.0252977    0.0679914    0.0950243    0.0588908   0.00861615     0.036944    0.0301969     0.011989    0.0482016    0.0113651    0.0592313    0.0721346    0.0537775    0.0173937    0.0756835    0.0557166    0.0854422    0.0620869      0.12447    0.0503024     0.113854     0.105474    0.0416305
    0.121971    0.0435498    0.0331914    0.0302078     0.129614    0.0507997      0.05138    0.0734515    0.0782068     0.100011    0.0626217   -0.0010708    0.0874198    0.0706455    0.0910711    0.0616738    0.0812595    0.0165311    0.0956812     0.116522    0.0303919   -0.0183697    0.0763704    0.0329116    0.0646476    0.0897253    0.0369937     0.111172    0.0816318    0.0562546    0.0991798    0.0130053     0.129344    0.0323628    0.0825381    0.0370798  -0.00573983     0.105644     0.030618    0.0206163    0.0480627    0.0098378    0.0877994    0.0295965    0.0554065    0.0696318    0.0619208     0.105975
   0.0835472    0.0891692    0.0419956    0.0616194     0.121197    0.0245072    0.0600554   0.00880306    0.0896864    0.0475178    0.0865082    0.0689278     0.145567    0.0100146    0.0959006   0.00932329    0.0913718    0.0794662    0.0283281     0.118919     0.010732   0.00817422    0.0773717    0.0709389    0.0606487    0.0774584    0.0552687     0.117886    0.0248926   0.00863023     0.128926    0.0157218     0.118159    0.0778882    0.0940729    0.0924747    0.0507838    0.0561016    0.0954489    0.0118948    0.0984673    0.0809798     0.116346    0.0242767    0.0528526    0.0398129      0.12604    0.0366057
    0.010195    0.0929578     0.130974    0.0579396    0.0431638     0.041918    0.0254274    0.0486894    0.0871737    0.0841975    0.0506066   0.00922867    0.0361484    0.0127561    0.0760641    0.0189531    0.0345984   0.00812682    0.0683253    0.0363296      0.10249    0.0342867    0.0767301    0.0731621   0.00505194    0.0387591     0.127576    0.0738455     0.109254    0.0277151    0.0141531     0.094964    0.0585886     0.132786     0.126201    0.0348353    0.0596885    0.0970211    0.0147855     0.065244     0.159091    0.0410963     0.100528   0.00706732    0.0539424    0.0840208     0.106188    0.0686731
   0.0694632    0.0966756    0.0213331     0.072684    0.0989949    0.0705328    0.0956875    0.0678906    0.0244411    0.0184151    0.0723198    0.0309994      0.13617    0.0999799  -0.00490539    0.0657508    0.0678495    0.0952376    0.0399105     0.110673     0.051387     0.144499     0.122534    0.0928051     0.032494     0.041311    0.0217582    0.0806817    0.0675931    0.0898803    0.0560152    0.0445712    0.0645108    0.0991918    0.0653483    0.0542334    0.0584236    0.0212712    0.0734645    0.0997194    0.0161327     0.126512    0.0684262   0.00730955     0.103909     0.062753    0.0519443    0.0760145
   0.0808521    0.0163867    0.0625023    0.0988711     0.101855     0.112807     0.089561    0.0863386     0.019113     0.101022    0.0526541    0.0233786     0.030411    0.0577319    0.0592784    0.0509312     0.128278    0.0428739   9.2194e-05    0.0896402    0.0801926     0.100378     0.107227    0.0468843    0.0301822    0.0865348    0.0618706     0.126575    0.0569111    0.0376165    0.0828279      0.12113     0.121804    0.0671736    0.0424162    0.0835307    0.0810191     0.105515    0.0279212     0.052311     0.133116    0.0777172    0.0564298     0.044671    0.0171861   0.00425056    0.0219603    0.0821144
   0.0322772    0.0688329    0.0629306    0.0185385  -0.00776503    0.0262863    0.0705359    0.0913599    0.0668349    0.0740456     0.089684  -0.00286057     0.131002    0.0325091     0.072575    0.0824706   0.00532919    0.0237669     0.101587     0.096772    0.0336058   0.00965215    0.0791358    0.0586505     0.135848   0.00453176    0.0557188    0.0427743      0.01605    0.0518531     0.118426    0.0707048     0.129024    0.0305545   -0.0028831    0.0757827    0.0860006     0.101835    0.0642232  -0.00391693    0.0357478    0.0865057     0.109473     0.115555    0.0601539    0.0757908     0.117999      0.13506
   0.0371361    0.0670955    0.0374878    0.0901217     0.122629    0.0622001    0.0699607   0.00989858    0.0463923    0.0954968    0.0917251    0.0090903     0.048393    0.0377654     0.103974    0.0838494    0.0927533    0.0634233     0.111265    0.0916295    0.0956474     0.098026    0.0932352    0.0203283     0.106529    0.0376595     0.119543    0.0723773    0.0574362    0.0162123     0.127983    0.0722988    0.0873862     0.133682    0.0798903    0.0395375     0.121774    0.0302288     0.120801    0.0762635    0.0789966    0.0495008     0.124318    0.0438126    0.0997316     0.113124    0.0452497    0.0762652
    0.053774    0.0141391    0.0968195    0.0311132    0.0464315    0.0141508    0.0679701    0.0502534     0.106719    0.0236792    0.0887464    0.0167131    0.0333091   0.00470747    0.0809187    0.0577584    0.0636069    0.0841605    0.0347349    0.0425896    0.0637039    0.0681535    0.0193431    0.0236518    0.0533545   0.00941519     0.129326    0.0383925   -0.0194028    0.0975221    0.0694483    0.0309646     0.141313     0.102765    0.0482499  -0.00919062     0.008494    0.0933614     0.143115     0.104936    0.0895721    0.0529447    0.0418954     0.118481    0.0540695     0.134367    0.0300772    0.0263598
    0.037579     0.100397    0.0668034     0.104302    0.0578159    0.0151866    0.0436169    0.0728555    0.0175664    0.0535906    0.0416046    0.0581014     0.119481     0.075279      0.05849    0.0932274    0.0370125   0.00343712    0.0568847    0.0827077    0.0867223    0.0905948    0.0473662    0.0577239     0.103851     0.004985    0.0371215    0.0136777    0.0849187    0.0678895    0.0667639    0.0400498     0.115548    0.0626586    0.0697902    0.0750308     0.103599    0.0732012    0.0427885    0.0424899      0.10773     0.081563    0.0824034    0.0209109     0.118033     0.088002     0.102972    0.0780597
   0.0125681     0.036221    0.0861714    0.0564443    0.0268951      0.10668    0.0577713    0.0434231    0.0823847    0.0320597     0.115235    0.0545347    0.0415702  -0.00668666    0.0917365    0.0229987     0.167044    0.0210434   -0.0434447     0.134526    0.0121127    0.0956712    0.0324665     0.079626    0.0336865    0.0779777     0.122849    0.0488869  -0.00221611  -0.00814741     0.036494     0.118697    0.0944836    0.0970703       0.0745    0.0279207   -0.0252422     0.132201    0.0725469    0.0999271     0.122935    0.0176242  -0.00879589   -0.0115587    0.0907591    0.0485406   -0.0153554    0.0791181
   0.0943547     0.107862    0.0449404     0.104415    0.0532612    0.0363217     0.074102    0.0677119    0.0142279    0.0786884     0.059188    0.0704305    0.0993269     0.047207    0.0347205    0.0818474     0.117924    0.0725735    0.0823388     0.110217    0.0825002     0.112536    0.0502013    0.0995135   0.00670702    0.0354193     0.102427    0.0427966    0.0868954    0.0173556    0.0500532    0.0892669     0.104663     0.127769    0.0247852     0.123087    0.0288715    0.0783598    0.0592863     0.104334    0.0490527     0.100138    0.0174749    0.0482783    0.0796656  -0.00246552    0.0763708    0.0307367
     0.10552     0.123784      0.11894      0.10593    0.0237377   -0.0141881     0.114358    0.0181713    0.0617034    0.0659681    0.0481674     0.093188    0.0584954   0.00221668    0.0206375    0.0449029  8.49047e-05    0.0657004    0.0978246     0.102736    0.0915825    0.0735256    0.0607616    0.0601917    0.0446441    0.0832848    0.0735062    0.0627407    0.0567237    0.0541596    0.0986379    0.0204458     0.110355     0.013085   -0.0153371    0.0349359    0.0286626    0.0784305     0.105119     0.054629  -0.00384525    0.0581425    0.0746645     0.075401     0.137746    0.0875338    0.0743151    0.0785428
   0.0301213    0.0142349    0.0583157     0.129268    0.0760287    0.0590767    0.0346625     0.025595    0.0416101     0.127661    0.0825842    0.0962035    0.0366563    0.0849887    0.0368192    0.0251041    0.0903704    0.0472556     0.101979    0.0972419    0.0856447    0.0755925    0.0528935    0.0690968    0.0765594    0.0468645    0.0808544     0.111328    0.0412994    0.0680389    0.0464534    0.0566288    0.0619341    0.0649451    0.0356349    0.0951148    0.0474352    0.0695716    0.0730764    0.0801848     0.131788     0.054003    0.0331112    0.0981218     0.103926    0.0778059     0.110457    0.0965374
   0.0590883    0.0887763    0.0971542    0.0290175      0.12256    0.0859855    0.0854707    0.0934847    0.0752545      0.11083    0.0243284    0.0473744     0.115405    0.0500143    0.0296169    0.0644557    0.0498372    0.0267981  -0.00169556    0.0855984     0.114261    0.0749062    0.0678412    0.0673063    0.0212518    0.0547219    0.0698691    0.0812418     0.044154    0.0584238  -0.00423036    0.0846223    0.0546165    0.0401823  -0.00295511    0.0917719  -0.00159996    0.0916209    0.0747223    0.0700415    0.0329882    0.0510771    0.0522693    0.0822206     0.156256     0.139375    0.0413033    0.0489369
    0.111416    0.0473868    0.0696225    0.0521617    0.0047706   0.00825883     0.092069    -0.016513   -0.0254943   0.00997057     0.132245    0.0535464     0.112509    0.0160932    0.0200617    0.0970886    0.0954409   0.00678544    0.0315734    0.0460394   -0.0312105     0.049887    0.0524689     0.035455    0.0119846    0.0963669     0.097404    0.0580662    0.0731605    0.0272202     0.044676    0.0591965    0.0407464     0.129042    0.0128612     0.027076   0.00335496    0.0861677    0.0498271    0.0765137    0.0880247   -0.0263116     0.133024   -0.0246197    0.0643546    0.0147752    0.0394371     0.118039
   0.0338801     0.146037     0.155439     0.103956    0.0995969     0.028808    0.0355633    0.0561813     0.083648    0.0592392    0.0376535    0.0323777    0.0319292    0.0502806    0.0657348    0.0843732    0.0505995    0.0928376      0.02724    0.0413872    0.0826931     0.121751     0.069483     0.102984    0.0528872    0.0985832    0.0806105    0.0466369    0.0312229     0.086816   0.00708129     0.100021    0.0662425    0.0169376    0.0917881   0.00390894  -0.00497814    0.0374409    0.0952692    0.0998779    0.0968795    0.0203559   0.00805226     0.105869     0.117929     0.026755    0.0310701   -0.0141285
   0.0998165      0.08518    0.0924193    0.0601086    0.0415431     0.115244  -0.00034625     0.083792    0.0991569    0.0285743    0.0707132    0.0482845      0.07873    0.0247147    0.0350822    0.0660032     0.113375    0.0827716    0.0379385    0.0378815     0.110572    0.0995117     0.100908   -0.0173506    0.0142027   -0.0087535    0.0842114  0.000866912   0.00600743   0.00576988    0.0188948    0.0732644    0.0510999    0.0377247     0.106804  -0.00765691    0.0329673     0.127572    0.0904625   0.00214235      0.11764    0.0362233    0.0149327    0.0433268   0.00474152    0.0753622    0.0230199    0.0787539
   0.0688791     0.112097     0.138327     0.100134     0.151969    0.0129071    0.0483991    0.0439264    0.0315169   0.00345977    0.0728951    0.0258703    0.0343595    0.0204975    0.0285639    0.0228202    0.0735817     0.010295   0.00951053    0.0139305    0.0956661     0.114235    0.0603231    0.0143726    0.0521088    0.0360303     0.135888     0.099365    0.0272156    0.0212798   0.00139135    0.0113593     0.058226    0.0806635     0.102493   0.00490344     0.116998    0.0982454     0.106092    0.0481591     0.066995    0.0278155    0.0681207    0.0968674    0.0487541     0.112196    0.0811334    0.0350276
    0.109741    0.0340629    0.0279221    0.0409224    0.0536272    0.0262841    0.0210726    0.0402702 -0.000703675     0.114197    0.0828792    0.0542477    0.0318819  -0.00776858    0.0288731    0.0664635    0.0647399    0.0315526   -0.0199476    0.0645742   -0.0127646    0.0404564    0.0139524   -0.0361752   0.00912145    0.0521143    0.0618834     0.111532    0.0397202  -0.00410871    0.0278321      0.12225    0.0579083      0.13104   0.00451822   0.00446511   0.00860721    0.0350343    0.0719316    0.0936703    0.0730088    0.0256669    0.0918901    0.0674213    0.0336393    0.0948528    0.0740197    0.0159286
   0.0976274     0.016148    0.0632111     0.125583    0.0882159     0.106087    0.0698208    0.0840784    0.0721886    0.0207827    0.0462672     0.119581    0.0660297     0.103342    0.0941085     0.108739     0.110571   0.00771324      0.10364    0.0233356    0.0330198    0.0683879    0.0443023    0.0756489    0.0894011    0.0762757     0.102812    0.0353955    0.0217576     0.072212    0.0403541    0.0872684    0.0659477    0.0424725    0.0499701   0.00456096     0.084604     0.117023     0.110988    0.0657412    0.0812632    0.0268528    0.0366494    0.0766425     0.139449     0.118442     0.087657    0.0874217
   0.0810877   0.00365146     0.028049    0.0177249     0.055781   0.00645265    0.0593148    0.0298219    0.0334733    0.0138348    0.0407345    0.0396871    0.0584675     0.092275    0.0742549    0.0725281    0.0574972   0.00406319    0.0630888   0.00982485   0.00703641    0.0582103   -0.0203728    0.0807817   0.00690329     0.107075     0.105537    0.0592504    0.0663626     0.092584    0.0731574    0.0260636    0.0698898    0.0581365    0.0887713    0.0260595     0.052036   -0.0214533    0.0761429    0.0573561   -0.0272615    0.0232024    0.0747322     0.111932      0.16584     0.121717    0.0534694    0.0234941
   0.0365481    0.0535986    0.0733572    0.0590057    0.0405394     0.103702    0.0763471    0.0153127    0.0377083   0.00151427    0.0317464    0.0642685     0.085506    0.0842977    0.0324232    0.0493805    0.0759313    0.0538769   0.00586449    0.0975159    0.0605704    0.0769159    0.0437926    0.0612412    0.0794195    0.0924115    0.0988769    0.0246158  -0.00999395     0.102302    0.0074613    0.0938005     0.135182    0.0397606   0.00738033    0.0686493    0.0982684    0.0687838     0.149821    0.0720298    0.0770318    0.0648767    0.0578979    0.0749861     0.073499     0.105547    0.0636688     0.041572
     0.09661    0.0246603    0.0890722     0.114002     0.136308    0.0476271    0.0683422    0.0700246    0.0694396    0.0101172     0.103331    0.0199092    0.0628291    0.0407665    0.0809485    0.0622186    0.0981361   -0.0161875    0.0917776     0.084358    0.0116486    0.0624048    0.0340189   -0.0188176     0.016954    0.0916631    0.0805244    0.0559173     0.110058    0.0234606    0.0232363     0.108695    0.0510542    0.0133887    0.0384825   -0.0113121     0.110236    0.0342697    0.0983695    0.0109332     0.104993     0.076621    0.0556058     0.127376     0.130544     0.079666    0.0521628    0.0729746
    0.122746     0.086143    0.0901581     0.134264     0.101667    0.0508104     0.097497    0.0314724   0.00633131    0.0423609    0.0328792     0.080099    0.0448227    0.0319305    0.0730655    0.0928594    0.0422033     0.015425     0.130962   0.00947541    0.0147804     0.117831     0.096073    0.0599581     0.129514    0.0669269     0.021963    0.0712732    0.0275994    0.0386768     0.117011    0.0378652   -0.0181555    0.0437105     0.034775    0.0958613     0.118192    0.0614987    0.0607325     0.103632   0.00935288    0.0778819    0.0480521    0.0746781    0.0621154    0.0929346     0.144227    0.0709706
    0.155933    0.0274892    0.0534101    0.0197256    0.0995257     0.103261     0.133864    0.0880757    0.0746013     0.023232    0.0740336    0.0625559    0.0254059    0.0695555    0.0551444    0.0375449     0.130231  -0.00869635    0.0775283    0.0893393    0.0951936    0.0935815     0.100639    0.0577499      0.06923    0.0946101     0.103141    0.0567516    0.0336848    0.0631526    0.0373009    0.0995683    0.0475379    0.0748551     0.101526     0.068118    0.0580798    0.0967003     0.154688    0.0890504     0.070963     0.025469   0.00901874    0.0962856    0.0628499    0.0444055  -0.00300129    0.0200333
   0.0985813    0.0820015    0.0486425    0.0747253     0.106383     0.061461     0.138674    0.0640707    0.0499114    0.0873644    0.0686929    0.0344091     0.102665    0.0682364    0.0840785    0.0660618    0.0330662    0.0466582     0.101838    0.0319983    0.0204498  -0.00748791  -0.00522469    0.0936067     0.127802      0.11093    0.0752676    0.0450578     0.113856    0.0412505     0.145977    0.0233502    0.0211151    0.0753492    0.0114115     0.092527    0.0349844   -0.0448254    0.0627157    0.0519175  -0.00358261     0.109523    0.0676188     0.131921     0.135798     0.123223     0.129177     0.103039
   0.0163778    0.0285765     0.112994     0.112532     0.118215    0.0495595    0.0575091    0.0184545    0.0743594    0.0117654    0.0156093    0.0249372    0.0565432    0.0212147    0.0437524    0.0829413    0.0769847    0.0183206    0.0159296     0.099983     0.100648     0.104674    0.0642203    0.0118099    0.0471869     0.102707    0.0776725    0.0601019    0.0450741    0.0660344    0.0312551     0.103192     0.126855    0.0381113  -0.00787537    0.0285329    0.0345473    0.0952489    0.0780131     0.107294  -0.00179112    0.0581269   0.00493929    0.0737028     0.134754     0.117568    0.0115395    0.0272272
   0.0803402    0.0782827    0.0363655    0.0295621    0.0475915   -0.0191752    0.0781884    0.0980006    0.0494798    0.0500291     0.116708      0.06365     0.122724    0.0891003    0.0326326    0.0473625    0.0411913    0.0592586    0.0250133     0.107718    0.0901544    0.0997076     0.046422    0.0433593    0.0624903     0.105236     0.106992    0.0970563    0.0110311    0.0733618    0.0654826    0.0326161     0.116626   0.00121039   -0.0131932    0.0533729    0.0999068     0.103388    0.0862446    0.0483494     0.026237    0.0677377    0.0492049    0.0265457    0.0894576    0.0433415    0.0839652    0.0720635
   0.0232724    0.0922365    0.0284395     0.011405     0.108906   -0.0189323     0.111329    0.0881553     0.113184    0.0241561     0.058583    0.0237012     0.121482    0.0583416     0.060199    0.0878656    0.0756727    0.0773676     0.103309    0.0353926     0.070686    0.0643631    0.0205617    0.0336701    0.0719769    0.0780925    0.0625727    0.0762739    0.0145183    0.0505834     0.107035    0.0882273     0.116902    0.0286446    0.0919291     0.016284    0.0882451    0.0770056    0.0574046    0.0983289    0.0900596    0.0798671     0.019804    0.0488602    0.0870368    0.0871419     0.100492    0.0908559
   0.0774515    0.0345553    0.0171799    0.0742837    0.0378787    0.0584975    0.0434777      0.01789    0.0126296     0.019851    0.0403766    0.0432147    0.0690519    0.0043665   0.00894679     0.117537     0.079793    0.0698133    0.0999313    0.0706581  -0.00340184    0.0749131   0.00598346   0.00298423    0.0231419    0.0946098    0.0179938     0.128473    0.0168855    0.0380241     0.075466     0.104811  -0.00113396    0.0477903    0.0650534    0.0393157     0.110585     0.130016    0.0927547    0.0721469    0.0254343    0.0616505    0.0889615   -0.0115721    0.0254606    0.0220615    0.0904924      0.13476
   0.0336652    0.0543965     0.138413    0.0671871    0.0964282     0.108587    0.0617693    0.0509653     0.102541    0.0359286    0.0378599     0.106856   -0.0123963    0.0165475     0.106792     0.111442   0.00869245       0.0514      0.07222   0.00809495    0.0389788    0.0314097    0.0652714    0.0160441  -0.00418853   -0.0214974    0.0964102    0.0660672    0.0231109    0.0714882    0.0165217    0.0335142    0.0495838    0.0536934    0.0962415     0.120633     0.063649    0.0763366    0.0655535     0.093642    0.0228545     0.108538    0.0731107    0.0539468    0.0817181    0.0864884     0.102126     0.102124
   0.0245762    0.0847959     0.154365    0.0994155     0.131576    0.0752948    0.0843214      0.10825     0.091205    0.0283335    0.0573968    0.0625092    0.0255777    0.0740567    0.0324389     0.103525     0.108958    0.0315081    0.0546448   0.00806066     0.105865    0.0787733    0.0697008   0.00403247  -0.00975001     0.104695     0.131624    0.0502569    0.0427617    0.0196365    0.0750302    0.0157623    0.0815795     0.103827    0.0278502    0.0293321     0.018987     0.082985     0.115777     0.100008    0.0882592    0.0267961    0.0541107    0.0646981    0.0814634    0.0374128    0.0373285    0.0828613
 -0.00429921    0.0473999     0.139839     0.131588    0.0562762    0.0585334    0.0413588     0.109729    0.0503659    0.0523838    0.0555253     0.108524  -0.00475348    0.0998273    0.0350394    0.0222733    0.0867614      0.10912   0.00477979   0.00635041    0.0943628    0.0773884    0.0676125    0.0584945     0.050328    0.0534837    0.0966035    0.0429358    0.0939874    0.0948219    0.0938866    0.0184224   0.00567401    0.0552282     0.105288    0.0640433    0.0176805    0.0801785     0.120279    0.0631324    0.0414466    0.0582373    0.0294808     0.135241    0.0954371     0.121866    0.0537871   -0.0142473
    0.155687    0.0548894        0.094    0.0959277    0.0318432     0.145241    0.0647758    0.0208763     0.105521    0.0485768    0.0423013    0.0248901    0.0589924     0.101654    0.0402587    0.0319541    0.0916889    0.0728382    0.0834623    0.0972234    0.0303393    0.0773248    0.0339803    0.0100537     0.113134    0.0517205     0.105866    0.0332293   0.00930893     0.101273     0.100301    0.0273034    0.0229541    0.0291159    0.0911376    0.0691401    0.0590682     0.123921    0.0633854    0.0576314    0.0202717    0.0716627    0.0742055     0.139646    0.0285159    0.0328861       0.0915    0.0709278
   0.0384913    0.0430267    0.0494162      0.13213     0.107174    0.0293006    0.0878217    0.0736258    0.0639829     0.103581    0.0367917    0.0817487    0.0223753     0.068037     0.107173      0.10223    0.0757642    0.0759993    0.0382561    0.0769571    0.0409586    0.0656174    0.0411043    0.0107839    0.0841967    0.0313284    0.0109436    0.0771942   0.00675382    0.0627014    0.0481406    0.0820265     0.124937    0.0889423    0.0120395    0.0222437     0.028994     0.102204     0.120544      0.10116    0.0482879    0.0458682  0.000654837      0.08693     0.181928    0.0858464    0.0662155    0.0933378
    0.092893    0.0743748    0.0485753    0.0563385    0.0797065    0.0368482    0.0768941    0.0746678    0.0649979    0.0689326    0.0875354    0.0214534     0.132023    0.0727157    0.0409465    0.0816924    0.0540982    0.0389058     0.153047    0.0914087     0.113527   0.00519601     0.108896     0.107621     0.124649    0.0568656    0.0814313    0.0938988    0.0904053    0.0797542     0.144732  -0.00301558    0.0173004   0.00339331    0.0307332    0.0357637    0.0818998    0.0734898    0.0331799    0.0264145    0.0284056    0.0353525      0.11342    0.0843417   0.00789893    0.0205545    0.0548705    0.0847288
  -0.0174651    0.0274627     0.137851     0.114132    0.0916403    0.0483288    0.0267803  -0.00055483     0.043283    0.0888601     0.039007     0.115234    0.0318929    0.0273305     0.100263    0.0218075    0.0210205    0.0749599  0.000453678     0.129369    0.0833766    0.0923628    0.0847891    0.0635992     0.085867    0.0569222    0.0340677     0.124977     0.100742    0.0489688    0.0320898    0.0540343    0.0170761     0.107162    0.0147121    0.0210249    0.0745758     0.127661   0.00896708    0.0485511     0.120331    0.0355416     0.086446    0.0644545    0.0823679    0.0687365    0.0890674    0.0592487
   0.0445299    0.0664256     0.107041    0.0887377     0.116715   0.00836549    0.0646151    0.0446641    0.0950793    0.0977225    0.0700947     0.046884     0.101833   0.00139433    0.0984123     0.103629    0.0941088    0.0371347    0.0353526    0.0272675    0.0685857    0.0952847   -0.0113703    0.0581682    0.0901767     0.109974    0.0110722     0.106854    0.0277874    0.0247375    0.0536984    0.0147329    0.0775262     0.093383    0.0234191    0.0994998    0.0208546  -0.00818886     0.109049     0.117134    0.0885052     0.100107   -0.0100566     0.101206     0.120186    0.0575098     0.120966    0.0276764
  -0.136317   -0.104514   -0.139591   -0.115804   -0.153094   -0.112533    -0.12678   -0.161401   -0.112817   -0.142583   -0.143414   -0.145363   -0.146046   -0.094373  -0.0855536   -0.084597  -0.0926321  -0.0981781   -0.112355   -0.140279   -0.111255   -0.128754   -0.163441  -0.0818845  -0.0869428   -0.114072   -0.113599   -0.158315   -0.178891  -0.0789091    -0.13063   -0.111322   -0.166243   -0.164046   -0.101563   -0.127224   -0.073689    -0.09086   -0.116187   -0.119972  -0.0996922    -0.11473
   -0.11375   -0.151464  -0.0512783  -0.0823228   -0.106352   -0.169148  -0.0986435    -0.21809   -0.173358  -0.0661204   -0.131894   0.0342946   -0.132544  -0.0839208   -0.175231  -0.0675728   -0.124217  -0.0521989   -0.204465  -0.0509181  -0.0459587  -0.0970688   -0.133897   -0.089868  -0.0307105  -0.0612096   -0.114494   -0.226831  -0.0665107   -0.123819   -0.025171  -0.0644644  -0.0935896   -0.214211  -0.0564824   -0.049598  -0.0247673   -0.160975  -0.0838289   -0.155883   -0.139817  -0.0895583
 -0.0731036   -0.178024   -0.158804   -0.151762   -0.198604   -0.183472  -0.0510623   -0.129509   -0.091789   -0.112845   -0.118389  -0.0629328  -0.0967918 -0.00423483  -0.0776415   -0.112758   -0.114406   -0.161858  -0.0324513  -0.0715858  -0.0847209  -0.0564071  -0.0866128  -0.0870401   -0.156989  -0.0836846  -0.0685644   -0.127543  -0.0723019   -0.222197   -0.120168  -0.0691737   -0.077879  -0.0329213   -0.134391    -0.07925   -0.110149   -0.141111   -0.121643   -0.189682  -0.0981283    -0.12084
 -0.0513618   -0.108002   -0.120112   -0.167308  -0.0897989   -0.120633   -0.117998   -0.151594   -0.105478   -0.155693   -0.136727   -0.058216   -0.133239  -0.0694254    -0.11818  -0.0984791   -0.110307   -0.131416   -0.083247  -0.0636291   -0.125085    -0.16029  -0.0778824  -0.0905131   -0.135343   -0.118793   -0.161863   -0.081874  -0.0583742   -0.172722   -0.108107   -0.108483   -0.153053   -0.133523  -0.0438921  -0.0953673  -0.0707385   -0.067665    -0.11669   -0.100628   -0.164732   -0.125651
  -0.089364   -0.103974   -0.114744   -0.124606  -0.0658423  -0.0557113  -0.0572822   -0.121187  -0.0991527  -0.0884008  -0.0605388    -0.13838   -0.112091  -0.0223592  -0.0492098   -0.167022  -0.0482666   -0.151006  -0.0800261   -0.126811  -0.0979311   -0.176263  -0.0240632   -0.165847   -0.103419   -0.136383   -0.131223   -0.139177   -0.143515  -0.0716997   -0.109082   -0.155576  -0.0951518   -0.148595    -0.15001   -0.175578   -0.156319    -0.17025  -0.0861527   -0.164716  -0.0803023  -0.0637021
  -0.108469   -0.107783   -0.131944  -0.0986079    -0.10496   -0.133381   -0.119052   -0.108301   -0.157745  -0.0979746   -0.115954   -0.162455   -0.107561   -0.116586  -0.0750617   -0.122719   -0.129921   -0.138793   -0.158811   -0.106684   -0.107687   -0.073211   -0.085889   -0.176235  -0.0902586   -0.122355  -0.0670283   -0.109667   -0.149253    -0.10131   -0.138917   -0.152557   -0.141715    -0.10517   -0.092911   -0.108514   -0.139259  -0.0860629   -0.172984   -0.118309  -0.0923976   -0.102674
 -0.0862684   -0.122856   -0.117528  -0.0977413   -0.128607   -0.102238   -0.076972   -0.089664   -0.159567   -0.101414   -0.126777   -0.165541   -0.147398   -0.180608  -0.0953869   -0.138686   -0.135418  -0.0992107   -0.183447   -0.134708   -0.123804   -0.129396  -0.0887235   -0.137829  -0.0558378   -0.119749  -0.0858736   -0.141326   -0.145147  -0.0482766   -0.090901   -0.108689   -0.109851    -0.13273   -0.102935   -0.147432  -0.0520219  -0.0567471   -0.156163  -0.0749368   -0.124277  -0.0659241
 -0.0483418   -0.178436  -0.0686826  -0.0571899   -0.113038   -0.164491   -0.127975   -0.181775  -0.0714217   -0.192179   -0.190732   -0.118809   -0.165592  -0.0225634   -0.108333   -0.115389  -0.0904128  -0.0826855  -0.0742605  -0.0309325  -0.0011251  -0.0486768  -0.0586904   -0.118479    -0.12219    -0.12791  -0.0646852   -0.101546   -0.114826   -0.173183    -0.05708   -0.162046   -0.185247  -0.0949745  -0.0793812  -0.0375571  -0.0571589  -0.0286969    -0.14743   -0.174603   -0.136387   -0.163584
  -0.140322   -0.115053   -0.109944  -0.0811237   -0.157873   -0.148837  -0.0783813   -0.138211   -0.103767  -0.0697738   -0.156399  -0.0650837  -0.0907182   -0.120144  -0.0802092  -0.0745094   -0.149111   -0.127861   -0.112733   -0.109692   -0.100398   -0.125025  -0.0790792   -0.150019   -0.186847   -0.134283   -0.160705   -0.154352    -0.14029   -0.184478   -0.111839  -0.0894426  -0.0746748  -0.0835179   -0.164258  -0.0667212  -0.0535523   -0.151518   -0.126424   -0.160795  -0.0732099  -0.0615426
  -0.150639    -0.12923  -0.0646112  -0.0657797   -0.164234   -0.124871   -0.118715  -0.0563357   -0.145503   -0.179094   -0.174319   -0.115559   -0.144558    -0.15135  -0.0820512  -0.0856884   -0.147739   -0.122652   -0.150924  -0.0139594  -0.0698274   -0.142412   -0.141209  -0.0878007  -0.0830775  -0.0867659   -0.126527   -0.160735   -0.108331   -0.104919   -0.105276  -0.0842638    -0.11013   -0.134668   -0.114479   -0.147178  -0.0406546    -0.16187   -0.101743  -0.0797577  -0.0808596  -0.0836697
 -0.0930241   -0.120162   -0.148988   -0.160311  -0.0937719   -0.116859  -0.0496274   -0.112576    -0.07195   -0.130214   -0.114008   -0.118646  -0.0821229  -0.0846695  -0.0873986    -0.15245  -0.0987964   -0.159153   -0.133833   -0.144536  -0.0858707   -0.136611   -0.133149   -0.159655  -0.0650529   -0.068564   -0.165306   -0.154782   -0.159022   -0.112531   -0.132679   -0.151748  -0.0871926  -0.0710474  -0.0502722    -0.14867   -0.164176   -0.112119   -0.100585   -0.106216   -0.146022   -0.114025
 -0.0870811  -0.0819795   -0.129985   -0.146093   -0.107774   -0.124772   -0.170031   -0.109613   -0.134481   -0.145593   -0.170826   -0.137523   -0.144152   -0.128499   -0.158194    -0.13717   -0.123499   -0.102422   -0.110937   -0.138591   -0.109801  -0.0828714   -0.165304   -0.151929  -0.0773488   -0.105994   -0.143969   -0.143486   -0.153831   -0.157345   -0.133899  -0.0806951   -0.083457   -0.113074  -0.0907734  -0.0854646  -0.0722405   -0.102711   -0.123668  -0.0898074   -0.122284  -0.0882464
  -0.171186   -0.129565   -0.123438  -0.0732775  -0.0919371  -0.0946669   -0.119878   -0.150698   -0.163489   -0.102804     -0.1033   -0.118722  -0.0475097   -0.176012  -0.0987385  -0.0642474  -0.0986733  -0.0697611    -0.12933  -0.0760177   -0.155273  -0.0758713  -0.0810518   -0.130633  -0.0969441   -0.151792  -0.0628703  -0.0395948   -0.159391  -0.0631193  -0.0681294   -0.128409  -0.0585086   -0.118812   -0.161545   -0.153233   -0.135471    -0.13473  -0.0597342   -0.118475   -0.152312  -0.0915271
  -0.165338  -0.0598466  -0.0842776   -0.131235   -0.127482   -0.110245   -0.137041   -0.108684   -0.119033   -0.141452    -0.15035  -0.0807113   -0.154985    -0.10706   -0.108492   -0.101093   -0.105483   -0.142674   -0.154779  -0.0733592   -0.152098   -0.100084   -0.091346   -0.159847   -0.103384   -0.131348   -0.119151   -0.060305   -0.165841   -0.105081   -0.123291   -0.146605    -0.13026   -0.130601  -0.0778993   -0.154618   -0.130545  -0.0914248   -0.127737  -0.0732414   -0.105329  -0.0991523
  -0.131751   -0.113051    -0.14485   -0.081942  -0.0939362   -0.137305  -0.0989034   -0.104821    -0.14053   -0.114817   -0.099602   -0.094696  -0.0776023   -0.104153   -0.182913  -0.0930546   -0.149064   -0.108521   -0.120964   -0.119215    -0.12219   -0.118203    -0.15409   -0.139173   -0.107951   -0.155798  -0.0778645   -0.147134  -0.0916375   -0.114175   -0.130736   -0.177516   -0.149793   -0.169489  -0.0842775  -0.0874272    -0.17335   -0.132239  -0.0820173   -0.101191  -0.0907868   -0.098237
  -0.117948   -0.141282   -0.142181   -0.060465   -0.103216   -0.121394  -0.0946538   -0.071571  -0.0730909  -0.0978937   -0.106733   -0.169498  -0.0675015   -0.119976    -0.12807   -0.101171   -0.148771   -0.154006   -0.140992  -0.0833878  -0.0711843  -0.0826569   -0.079555   -0.119735   -0.179477   -0.123961    -0.11858   -0.051146   -0.131719   -0.125519  -0.0590782   -0.114787   -0.153429  -0.0656574   -0.155112   -0.137181    -0.14472  -0.0858368   -0.145282  -0.0295143   -0.118953    -0.16731
  -0.126785   -0.137686   -0.172693   -0.137639   -0.126149   -0.170522   -0.104979  -0.0636146   -0.147226  -0.0711071   -0.152323   -0.114112   -0.142957   -0.173648   -0.121917   -0.109974   -0.105838   -0.135747   -0.085842  -0.0748523   -0.105348   -0.141621   -0.137113   -0.155906     -0.1108   -0.125904  -0.0836146  -0.0934446  -0.0792296   -0.119165  -0.0680004  -0.0693004   -0.132646   -0.138257  -0.0741138  -0.0801309   -0.113675   -0.127179   -0.146208   -0.145881  -0.0742222   -0.119908
  -0.103425   -0.101464  -0.0957914   -0.129603   -0.133487   -0.142379   -0.166378  -0.0348879  -0.0546106  -0.0810242   -0.137016   -0.161034  -0.0620767   -0.114541  -0.0607651   -0.107072   -0.135744  -0.0791586  -0.0877594   -0.145365   -0.125922   -0.174618   -0.138597  -0.0916871   -0.125016  -0.0629764   -0.185217   -0.126263   -0.107045   -0.115739   -0.145298  -0.0668521   -0.157962   -0.076503  -0.0674392   -0.171489   -0.101367  -0.0714738   -0.155311  -0.0944665  -0.0881186   -0.162253
 -0.0735788   -0.134289  -0.0599711   -0.115663   -0.151018   -0.167325  -0.0559239  -0.0979279  -0.0762584    -0.18145   -0.121273   -0.105224  -0.0841033   -0.124414    -0.11547   -0.133872  -0.0546769  -0.0452532   -0.119659  -0.0819405    -0.17557   -0.112547   0.0115419   -0.104366  -0.0814519   -0.137944   -0.163164  -0.0681504   -0.207652   -0.139447   -0.062107   -0.170265   -0.158359  -0.0494753  -0.0359297  -0.0653432   -0.108717   -0.192734  -0.0412631   -0.206566  -0.0846707 -0.00299367
 -0.0175911  -0.0656602   -0.184164  -0.0973354   -0.055569   -0.138832  -0.0397344   -0.153583   -0.107569   -0.196695   -0.145198   -0.134967   -0.113113   -0.015233   -0.174902   -0.167205  -0.0534222   -0.122961  -0.0724779   -0.133587  -0.0547345  -0.0635234   -0.120871   -0.050078   -0.104109    -0.13452  -0.0365127   -0.165357  -0.0985216   -0.176873    -0.12525   -0.185392    -0.14629  -0.0919753  -0.0421929   -0.123744  -0.0360046   -0.134299  -0.0694153   -0.168179  -0.0205244    -0.15972
 -0.0771084  -0.0655045  -0.0802144   -0.113239   -0.121836   -0.149704   -0.130855   -0.132914   -0.121574  -0.0983464   -0.107067   -0.105165   -0.110003   -0.166087   -0.149836   -0.173359   -0.160085   -0.137362  -0.0450622   -0.178836  -0.0708371    -0.13505   -0.147026   -0.103001  -0.0630297   -0.127692  -0.0698678  -0.0576911  -0.0645249  -0.0745648   -0.162664   -0.109186   -0.100598  -0.0442618  -0.0622061  -0.0996497   -0.133313   -0.112514   -0.133951  -0.0531166   -0.137813   -0.161984
  -0.156735   -0.128959  -0.0958798   -0.136792  -0.0777825  -0.0824869   -0.113836   -0.156104    -0.18891 -0.00267866   -0.103121  -0.0653561    -0.11295   -0.184899    -0.17939  -0.0339137  -0.0699257   -0.156783   -0.038821   -0.196099   -0.126486   -0.151467  -0.0288423  -0.0380852  -0.0038886   -0.114355  -0.0689943  -0.0803351   -0.157215  -0.0213124   -0.150661   -0.104927   -0.079459  -0.0182066   -0.142407   -0.157999   -0.182855  -0.0847293   -0.137437  -0.0456345   -0.165245   -0.118486
 -0.0591248   -0.151846   -0.132092   -0.158508   -0.055021   -0.117056  -0.0531541   -0.133891  -0.0408157   -0.143574   -0.138601   -0.090882   -0.112467   -0.152406    -0.09872   -0.123595  -0.0716118   -0.089117  -0.0897479   -0.131682   -0.105727   -0.114443  -0.0763466    -0.15257   -0.149955   -0.189205  -0.0916963   -0.125512    -0.12518   -0.118278   -0.177148  -0.0941323  -0.0977786  -0.0640973   -0.155619   -0.115949  -0.0953961   -0.139393   -0.162175  -0.0311598   -0.143179   -0.110251
 -0.0501451   -0.153178    -0.18363   -0.116609  -0.0952944  -0.0546085  -0.0586508  -0.0833324   -0.112472  -0.0700171  -0.0921212   -0.129934  -0.0759588   -0.149534   -0.150412   -0.155163   -0.150934   -0.112329  -0.0805139   -0.140207    -0.10839  -0.0598093   -0.146933   -0.116536   -0.132372   -0.132623  -0.0985121   -0.080598  -0.0789226   -0.120814   -0.138567  -0.0756988  -0.0752182   -0.137791   -0.164056   -0.125979   -0.118051  -0.0924448   -0.179943  -0.0380505   -0.148645   -0.163707
  -0.185605  -0.0463765  -0.0837882  -0.0986376  -0.0968547  -0.0879773   -0.151234  -0.0791998   -0.183693  -0.0881158   -0.152362  -0.0975896   -0.141064   -0.134807   -0.134241  -0.0968428  -0.0996635   -0.101436   -0.154045  -0.0696588   -0.175607   -0.130473   -0.163627   -0.154653  -0.0590936  -0.0728903   -0.109794  -0.0867029   -0.154764   -0.140232     -0.1501  -0.0885845   -0.104428  -0.0864277   -0.138505    -0.16589  -0.0652215   -0.156469  -0.0970727  -0.0810271  -0.0777628  -0.0812962
 -0.0966721   -0.128167   -0.136601  -0.0645853  -0.0517558   -0.103619   -0.140328   -0.151951   -0.137934   -0.142871   -0.154814   -0.155242   -0.131231   -0.141491   -0.100928  -0.0451591   -0.148837   -0.101515   -0.038701   -0.122378   -0.175467  -0.0708303  -0.0770818   -0.144709  -0.0911013   -0.168812   -0.155566   -0.108378   -0.091794  -0.0493458   -0.148201   -0.108622   -0.122684  -0.0822817   -0.157073  -0.0601623   -0.109751   -0.116415   -0.177378  -0.0434201  -0.0534294    -0.16317
   -0.10889   -0.121032  -0.0537863   -0.126389   -0.163502   -0.100365   -0.111581   -0.166484   -0.177791   -0.137811   -0.142219   -0.114649  -0.0969939  -0.0918536   -0.124856  -0.0955781   -0.161349   -0.159802  -0.0834878   -0.104216  -0.0741035  -0.0783127   -0.123705   -0.119725  -0.0973292   -0.116417   -0.131308  -0.0775576   -0.128923   -0.111335   -0.115918   -0.115604  -0.0786341   -0.125508   -0.158998  -0.0901952   -0.105152   -0.130922   -0.126843   -0.091786   -0.120445   -0.148538
  -0.149479  -0.0935397  -0.0897649  -0.0973705   -0.106293  -0.0706944  -0.0698749   -0.137412  -0.0865815   -0.107256   -0.132139   -0.152856   -0.163184   -0.129391   -0.149204   -0.077826   -0.163348   -0.157842  -0.0638627  -0.0796162   -0.154607    -0.11334   -0.145728   -0.138271  -0.0963954   -0.123913   -0.119109    -0.10508   -0.146868  -0.0647458   -0.134591  -0.0777817   -0.106122   -0.143131   -0.117865   -0.122003    -0.10408   -0.172986   -0.151193   -0.138975  -0.0780151   -0.123769
  -0.180613   -0.115116  -0.0999377  -0.0714509   -0.180993   -0.124185   -0.139989   -0.100778   -0.156611   -0.148692   -0.145064   -0.149562   -0.062384  -0.0836083  -0.0851609  -0.0541393   -0.134024  -0.0558651   -0.135356   -0.119283    -0.09064  -0.0577465   -0.151113   -0.170417  -0.0851938  -0.0849449  -0.0674937  -0.0825812   -0.149741   -0.149105  -0.0760392  -0.0558439   -0.143035   -0.155221   -0.128426   -0.142555   -0.130928  -0.0991995   -0.104532   -0.146887  -0.0726353    -0.13502
  -0.198568   -0.059141    -0.10226  -0.0855941  -0.0864112   -0.101012   -0.162973  -0.0743066   -0.110119  -0.0606592   -0.124929  -0.0771183   -0.115554   -0.115986   -0.117955  -0.0937462   -0.133272   -0.121574   -0.180948   -0.126187   -0.120837   -0.203065   -0.145224  -0.0739489   -0.109245  -0.0631327   -0.181736   -0.090215   -0.142738  -0.0539995    -0.12434  -0.0827557  -0.0866474  -0.0641784  -0.0771799   -0.194523  -0.0919259   -0.104039   -0.078947   -0.149612   -0.112904  -0.0785352
  -0.137708  -0.0667095   -0.152444  -0.0919977   -0.134797   -0.165108   -0.128584    -0.14188   -0.118247  -0.0528008   -0.182475  -0.0859203   -0.112159  -0.0937936   -0.117077   -0.132306  -0.0710381   -0.100085  -0.0722633   -0.129745    -0.15222   -0.159867   -0.094723   -0.115142    -0.05071   -0.113035   -0.156716   -0.155187   -0.137879  -0.0533663   -0.110681  -0.0788398   -0.125467  -0.0584946   -0.113428   -0.177199   -0.103278  -0.0650536  -0.0794763   -0.155479   -0.130256  -0.0986294
 -0.0859172   -0.200088    -0.14725   -0.122977   -0.106805  -0.0827954   -0.164044  -0.0663461   -0.111956   -0.135064  -0.0911864  -0.0879456   -0.197649  -0.0351851   -0.100349  -0.0965698   -0.169199  -0.0513241  -0.0340653   -0.124614  -0.0854196   -0.138361  -0.0145129   -0.165865  -0.0364522  -0.0722978  -0.0647509     -0.1844   -0.040573   -0.164073  -0.0715812  -0.0890029  -0.0852899  -0.0385431   -0.203666   -0.151004   -0.185462   -0.138178  -0.0625645   -0.139062  -0.0974436  -0.0880848
 -0.0803959   -0.149351  -0.0857452   -0.148024  -0.0867042   -0.154771   -0.116907   -0.163674    -0.12913   -0.079578   -0.147002   -0.063203  -0.0875036   -0.115352    -0.13383   -0.142736   -0.170935   -0.186806  -0.0666075  -0.0916569  -0.0636352  -0.0699899  -0.0791844   -0.108693  -0.0743769  -0.0834269   -0.051949   -0.143559   -0.134406   -0.138323   -0.107735  -0.0969151   -0.126546   -0.143872   -0.136823   -0.112233  -0.0779481   -0.101697   -0.147399  -0.0890723   -0.185402   -0.118677
  0.0119347   -0.142943   0.0159999   -0.174943  -0.0293366  -0.0308153  -0.0362788  -0.0808996  -0.0495744   -0.053953   -0.106837  -0.0694169   -0.124177   -0.022304  -0.0737848   -0.121407  -0.0972102   -0.117986 -0.00110085   -0.159497  -0.0414121   -0.143831  -0.0327453   -0.179724   -0.165033   -0.132429   -0.173862    -0.21949   -0.185156   -0.237251   -0.124419  -0.0643237   -0.112575  -0.0388819   -0.144022   -0.110326   -0.192573    -0.14018   -0.128028  -0.0962724  -0.0423248   -0.169251
 -0.0956947   -0.111948  -0.0817735   -0.180421  -0.0270668    -0.10697   -0.198989   -0.101888   -0.109863    -0.17885   -0.128594  -0.0784291   -0.131436  -0.0156388  -0.0603741  -0.0798756   -0.126916   -0.113296  -0.0800145  -0.0900983   -0.165327  -0.0965073  -0.0632861   -0.137917  -0.0579299  -0.0971339  -0.0764424   -0.160372  -0.0461849  -0.0797985  -0.0559655  -0.0171465   -0.122654   -0.114183   -0.193355   -0.115094   -0.179474    -0.14302  -0.0984422   -0.155953   -0.186841  -0.0508939
 -0.0878787   -0.126179   -0.158261   -0.135853   -0.168786   -0.145697  -0.0681048   -0.121443  -0.0893907   -0.114259    -0.13535   -0.131331    -0.12544  -0.0964831   -0.123242   -0.157163   -0.164277  -0.0919192  -0.0680602   -0.118315  -0.0568935   -0.114617  -0.0464112  -0.0839904  -0.0570432    -0.12512   -0.105913  -0.0721473  -0.0763815   -0.136684  -0.0655455   -0.158435   -0.172745  -0.0621367   -0.112143   -0.114034   -0.152379   -0.127273  -0.0959974   -0.159043     -0.1281   -0.133825
