no weights
   0.0699982    0.0517161    0.0800844    0.0272941    0.0306404    0.0428866   0.00793212  -1.2404e-05    0.0673396    0.0113558    0.0452119    0.0734793    0.0157182    0.0633519    0.0159033    0.0407709    0.0428293    0.0739595    0.0789879    0.0531636    0.0675139    0.0787553    0.0108289   0.00543274    0.0458704    0.0526147    0.0580275    0.0645258     0.040617   0.00837787    0.0474882     0.100233    0.0849264    0.0500538  -0.00129061    0.0402044    0.0356972    0.0675092    0.0319353    0.0288869   0.00998602      0.10131     0.080805    0.0688887     0.108342    0.0347888   0.00456912    0.0918913
   0.0329315     0.099236    0.0877269     0.017791    0.0149124     0.085516    0.0314402    0.0574001     0.031067    0.0273648    0.0974885    0.0621572    0.0813315   0.00483507    0.0582093    0.0834586    0.0182057     0.106206    0.0880442    0.0398014    0.0126228    0.0889576    0.0899304     0.030658    0.0753371    0.0570049    0.0313758      0.11165    0.0754253    0.0473396    0.0528322    0.0932047    0.0571719    0.0695991    0.0435261    0.0880163    0.0705912    0.0399394    0.0747362    0.0825365   0.00481116    0.0167381   0.00607323     0.114077    0.0479226    0.0682008   0.00585535    0.0680931
   0.0665152    0.0926115    0.0114788    0.0287304     0.015568    0.0918361    0.0802095      0.06213    0.0399779  0.000281649    0.0434111    0.0869392    0.0264636    0.0899257   0.00540103    0.0777981    0.0504859   -0.0066833    0.0674225    0.0891612    0.0992264     0.087459    0.0393892    0.0894425    0.0193691   0.00950641     0.073906    0.0786551    0.0937182    0.0454777     0.010717    0.0735821    0.0683843    0.0514893    0.0628323    0.0380343    0.0435106    0.0760618    0.0783522    0.0806092    0.0356529    0.0993831    0.0623488    0.0933627    0.0760783    0.0670652     0.097686    0.0204572
   0.0781911    0.0920146    0.0740714    0.0315485     0.056799    0.0881745    0.0323244     0.038671    0.0124587    0.0704293    0.0221123    0.0998374    0.0163381    0.0963804    0.0655626     0.090606    0.0760993     0.043253     0.103521    0.0283499     0.033444    0.0365273    0.0082606   0.00640728    0.0169062    0.0583981     0.108905    0.0816415    0.0651896    0.0475652    0.0635547    0.0947985    0.0140635    0.0964462  -0.00449813    0.0342035    0.0768161    0.0998377    0.0748959    0.0218898    0.0422834    0.0900446    0.0551683     0.098672   0.00869361    0.0846183    0.0307076    0.0960633
    0.105684    0.0621682     0.118626    0.0513554    0.0573997    0.0162919    0.0686948    0.0340714     0.107761   0.00814332    0.0280851    0.0702309    0.0778416     0.088956    0.0428545    0.0116455    0.0592947    0.0643959   0.00455044    0.0370612    0.0421224     0.107197     0.100212    0.0123992    0.0117029     0.105955      0.03248    0.0963801    0.0156635    0.0838487    0.0826333    0.0476496    0.0319846    0.0500008  -0.00472006   0.00634523    0.0585554    0.0472478     0.115292    0.0592213    0.0354915    0.0123052      0.10593     0.103989    0.0365269    0.0386175    0.0699585    0.0435985
   0.0785576    0.0115836    0.0899802    0.0821623    0.0716882    0.0230285    0.0495802    0.0766118     0.104568    0.0920749   0.00976663    0.0791521     0.101299     0.055883    0.0165509    0.0466026   0.00296994    0.0346681     0.112217    0.0324498     0.102451     0.104074    0.0837848    0.0529337    0.0205893    0.0591331    0.0774163    0.0806968    0.0688692    0.0356486    0.0260257    0.0869724    0.0321485   0.00932362    0.0109606    0.0667309    0.0786121    0.0607559    0.0966821    0.0656519    0.0606674    0.0936393    0.0959959    0.0838551    0.0906965    0.0659241    0.0719073    0.0354409
   0.0427327    0.0258846    0.0431305    0.0061266    0.0298325    0.0737619    0.0403688    0.0344884    0.0481099     0.038669    0.0219465  -0.00222202   0.00333283      0.04353     0.100293    0.0633685   0.00545918   0.00293152    0.0527534    0.0102299    0.0625581    0.0250359   0.00589503   0.00707604  -0.00390239    0.0542536    0.0709959    0.0463649    0.0867866 -1.27147e-05  -0.00171031     0.105344     0.105425    0.0686739    0.0540036    0.0722833    0.0202604    0.0057878    0.0703663    0.0689494  -0.00457048    0.0656083    0.0806119    0.0444015     0.103458    0.0507687    0.0338113    0.0951761
   0.0580281    0.0517807    0.0208353    0.0433814    0.0838554    0.0417991    0.0397084     0.067383    0.0550047   -0.0057764    0.0637014     0.026199    0.0301218    0.0248152    0.0292425    0.0409285    0.0564394     0.079912    0.0413062    0.0342287    0.0339421    0.0476933    0.0785816    0.0217738    0.0947234     0.053106    0.0762694    0.0418614   0.00263386    0.0500531    0.0404402    0.0796783    0.0235928    0.0749841    0.0408044   0.00418635    0.0740164    0.0712893    0.0301994    0.0138904    0.0920775    0.0493841     0.015284     0.105258     0.025364    0.0906863    0.0864781    0.0193522
   0.0520585    0.0128052    0.0614632    0.0481962    0.0277448    0.0740814     0.117673    0.0343458    0.0357633    0.0647849    0.0148618    0.0873206    0.0666117    0.0864365    0.0792163    0.0328417    0.0751901    0.0492865    0.0360599    0.0128259    0.0115155    0.0872279    0.0968328     0.102205     0.101127    0.0248642    0.0679101    0.0265498     0.100463     0.094023    0.0869153   0.00557005    0.0359631    0.0378396    0.0768082    0.0782265    0.0243893    0.0114738    0.0224264     0.106569    0.0197108     0.044974     0.086265     0.052922    0.0530863    0.0335843    0.0880682    0.0252734
   0.0231596    0.0357906    0.0340133     0.105418    0.0370776    0.0103459    0.0437725    0.0924901    0.0706334   0.00414393    0.0268263    0.0840838    0.0687428    0.0922462   0.00482959    0.0951722    0.0734991    0.0660037    0.0508498    0.0463174    0.0359814    0.0931124    0.0337621    0.0511109    0.0927645    0.0381873    0.0768446     0.109147    0.0017851    0.0703453    0.0689624    0.0384508    0.0212928    0.0859138    0.0902838    0.0544075    0.0248774     0.103048    0.0154752    0.0184122     0.055647    0.0216835    0.0817029    0.0633541    0.0213169     0.097745     0.101386     0.109739
    0.015265    0.0128848    0.0629813    0.0324774    0.0429867    0.0314945    0.0756465    0.0505662    0.0706007    0.0773701    0.0314693    0.0300495    0.0446616    0.0757711    0.0838373    0.0700072    0.0385469    0.0256185    0.0494418    0.0980725    0.0347503      0.11627    0.0872711     0.013523   0.00631842    0.0085181    0.0405091    0.0707453    0.0433948    0.0452254    0.0177628    0.0111994    0.0612656    0.0861743    0.0231132    0.0351724    0.0646422    0.0187646    0.0345226    0.0216609    0.0476364    0.0446471    0.0697577    0.0874177     0.100156    0.0285685   0.00546573    0.0684419
   0.0423736     0.111657    0.0786131    0.0954387    0.0427268    0.0795446    0.0844951    0.0590791    0.0361992   0.00112656    0.0834588    0.0913555    0.0400272    0.0696606    0.0572145    0.0103098    0.0668843    0.0786508    0.0973967    0.0383586    0.0600975    0.0945698    0.0428607    0.0279446    0.0364474    0.0948343     0.115246    0.0885244    0.0641827    0.0976593   0.00841557    0.0874852    0.0156395    0.0552623    0.0512275   0.00333422    0.0775866    0.0501588    0.0873846    0.0258841    0.0344667    0.0817102    0.0242456    0.0245736    0.0838714    0.0341491    0.0855894     0.014617
    0.033931    0.0204266    0.0303924    0.0600634    0.0362781    0.0140896    0.0202231    0.0303145    0.0423427  -0.00289141    0.0601279    0.0312727   0.00859181    0.0104515    0.0595283    0.0618004    0.0979271     0.023639    0.0471081     0.021732    0.0839128    0.0441071     0.087179     0.100354    0.0955281    0.0607261    0.0475022    0.0933051    0.0832234    0.0887237    0.0248867    0.0824823    0.0224006    0.0560894    0.0717658    0.0821535    0.0683532    0.0603422    0.0952368    0.0325998    0.0304726    0.0185783    0.0771054    0.0933042     0.062492    0.0843471    0.0405285  -0.00310393
   0.0277656     0.100172    0.0640291    0.0412632    0.0815897    0.0609867     0.113553    0.0654377    0.0793545    0.0835022     0.025823    0.0112354     0.114311    0.0558249    0.0299397    0.0899225    0.0882067    0.0858878    0.0423008    0.0497681    0.0140172     0.111859    0.0580042    0.0651155    0.0088728    0.0465817    0.0327843    0.0653726    0.0785679    0.0685852    0.0137426    0.0189383     0.103312    0.0165217    0.0468361    0.0207204    0.0587692    0.0225082    0.0214587    0.0149712    0.0857679    0.0516276    0.0707236    0.0837488    0.0919289     0.104906    0.0250787      0.07835
    0.100767    0.0982114    0.0897899      0.11129    0.0422344     0.076422    0.0703024    0.0368446    0.0314609    0.0649222    0.0817633    0.0235338      0.10114    0.0544237    0.0808411    0.0782503    0.0511357    0.0278888     0.077506    0.0175793    0.0181983    0.0651452    0.0846957    0.0280068    0.0259254    0.0498566    0.0868203     0.102638    0.0235513    0.0890338    0.0684902    0.0954936    0.0320536    0.0638321     0.031113     0.104115     0.084399    0.0923737    0.0125097    0.0571839    0.0673612     0.076896   0.00727198    0.0661279    0.0454217    0.0819368    0.0865677    0.0548606
   0.0993704    0.0517436    0.0514827    0.0536029    0.0331058    0.0383577    0.0689025    0.0595118    0.0432202    0.0169233    0.0783909    0.0370646    0.0510308     0.105431    0.0737108    0.0436191    0.0558499     0.100881    0.0565288    0.0895748    0.0923799    0.0971854    0.0912119    0.0165665    0.0506957    0.0655959    0.0779579     0.047029  0.000188153    0.0663973    0.0822623    0.0407113    0.0998389    0.0499677    0.0316248    0.0581271    0.0518987    0.0547694    0.0438897     0.049998    0.0860447    0.0120244    0.0487113    0.0717243    0.0353975    0.0740088     0.001991    0.0144295
   0.0273941    0.0531121    0.0882917    0.0774909     0.047436    0.0542868    0.0491284    0.0589435    0.0798664    0.0205499    0.0226747    0.0628078    0.0690888    0.0154845    0.0847725    0.0114317    0.0254972    0.0934979   0.00846219    0.0662621    0.0980548    0.0426125     0.041951    0.0982787    0.0940867    0.0172502    0.0195928    0.0223026    0.0962674    0.0879466    0.0233526    0.0207753    0.0669613   0.00820688    0.0718326    0.0809203    0.0461364    0.0727725    0.0492285    0.0811705    0.0210876    0.0906646    0.0446166     0.101325    0.0878022    0.0859356   0.00022127   0.00873474
   0.0431197    0.0469572    0.0631812    0.0887719    0.0390317    0.0707518     0.078299    0.0230111    0.0689328    0.0134728    0.0565942    0.0779357   0.00889492    0.0465572    0.0894547    0.0340743    0.0333609     0.080356    0.0287988    0.0486997    0.0367593    0.0186216 -0.000984623    0.0928999  0.000155406    0.0409902    0.0972943    0.0919982    0.0416301    0.0489841    0.0785929    0.0852343     0.104226    0.0703531    0.0423727    0.0669158    0.0123161    0.0442817     0.100743    0.0640975   0.00892169    0.0535098    0.0796292    0.0501833    0.0665416    0.0417334    0.0981684    0.0146574
   0.0741673     0.024813    0.0632094    0.0685177    0.0459036   0.00966865    0.0771374     0.078827    0.0737605    0.0663639    0.0305679  0.000904032    0.0198884    0.0509724 -0.000548508    0.0788612    0.0586928    0.0638416    0.0825671    0.0484487    0.0199621    0.0508234    0.0188889    0.0534549  -0.00826038    0.0654974   0.00665437    0.0759989    0.0184247    0.0516464  -0.00115953    0.0721615    0.0929085  -0.00415149    0.0358346    0.0154376    0.0059007    0.0800481     0.042603    0.0258265   0.00429342    0.0541452    0.0209006    0.0102826    0.0760502    0.0410073    0.0338556    0.0517877
   0.0371058    0.0486524    0.0735389    0.0824224    0.0762945   0.00847468    0.0610444    0.0437707    0.0102024    0.0168256    0.0204637    0.0702244     0.054078    0.0845775    0.0730397    0.0515495     0.100635    0.0642317    0.0298566    0.0231411     0.109401    0.0409159    0.0168535    0.0603622   0.00472912    0.0420986    0.0890014    0.0959596    0.0934401    0.0485044    0.0134919    0.0781805    0.0301155    0.0349224    0.0294857    0.0129983     0.108961    0.0392989    0.0825445    0.0157458    0.0222076    0.0127179    0.0102077     0.101145     0.119837     0.019949    0.0829579     0.103126
    0.123606    0.0586191    0.0993662     0.112441    0.0988862    0.0849471     0.106749    0.0523976    0.0635864    0.0468892    0.0357029     0.102768    0.0530759    0.0835174    0.0827068    0.0389992    0.0940417    0.0446969    0.0424219    0.0645677    0.0610312    0.0600032    0.0674395    0.0968888    0.0926125    0.0851566    0.0238622    0.0507492     0.088969    0.0562366    0.0701105    0.0608245    0.0151764      0.08281    0.0257919    0.0974288    0.0200623     0.101457    0.0148367    0.0167691    0.0840337    0.0927293     0.036943    0.0165879   0.00537786     0.025997    0.0462801    0.0839361
   0.0606396    0.0770015     0.107509     0.057464    0.0403344    0.0502383    0.0194069    0.0485743    0.0419612     0.017042    0.0240966    0.0135247    0.0377814    0.0579993    0.0837711    0.0336917    0.0576612    0.0248308   0.00892069     0.074769   0.00891936    0.0326233    0.0218147    0.0091526    0.0689929    0.0492478    0.0701914    0.0840083    0.0346462    0.0357394    0.0331391    0.0129937    0.0976916    0.0722085    0.0010092     0.095351    0.0483054     0.045144    0.0963292    0.0904177    0.0332362    0.0407082    0.0113736    0.0231841    0.0649332    0.0271927    0.0143524    0.0897956
   0.0910923    0.0199784     0.103132    0.0883122    0.0408869    0.0848309     0.105419    0.0646605    0.0868936    0.0949075    0.0914697    0.0665039     0.020585    0.0912417     0.029447    0.0686841    0.0827093   0.00567074     0.107026    0.0402244     0.094967    0.0465664    0.0525956    0.0311721    0.0989054    0.0979077     0.087862    0.0490799    0.0545554    0.0251644    0.0710019    0.0374044    0.0222638    0.0101045    0.0397463    0.0836539    0.0743328    0.0984345    0.0261675  -0.00513658    0.0396213    0.0552066    0.0667478    0.0867292    0.0388334    0.0508831    0.0415234    0.0705122
   0.0748488    0.0877595    0.0166777      0.11052    0.0578658    0.0680569    0.0504611     0.017321    0.0599528     0.045379     0.017801    0.0551341    0.0521316    0.0836365    0.0205636    0.0715302    0.0702545   0.00618543     0.108924    0.0299063    0.0131871    0.0135491    0.0151499    0.0174973    0.0519988    0.0204374  0.000834789    0.0163332    0.0616357     0.106581    0.0616719    0.0688929    0.0254507    0.0875764     0.077935    0.0317536    0.0416215   0.00702434    0.0504434    0.0996741    0.0337975    0.0474713    0.0272752    0.0531625    0.0744764    0.0430891    0.0982999    0.0824229
   0.0726359    0.0627678    0.0646688     0.030541  -0.00190758   0.00982212    0.0533705    0.0385239    0.0279656   0.00711988    0.0057076    0.0241191    0.0389437    0.0480924    0.0267225    0.0541515      0.05417     0.043231    0.0203676    0.0286819      0.05798    0.0895951    0.0408593    0.0888796    0.0788126    0.0654068    0.0922908    0.0373914   0.00265992    0.0565308  -0.00293357    0.0783809    0.0804172    0.0330061   0.00823546    0.0498948    0.0753101    0.0486395    0.0752129    0.0566725    0.0294216    0.0858166    0.0256005    0.0844733    0.0753052    0.0929172    0.0576398    0.0948521
   0.0304716     0.043457       0.0595   0.00491992    0.0902306     0.077408    0.0109017    0.0149454    0.0433927    0.0618885    0.0584615     0.100735    0.0394259    0.0498377    0.0401785    0.0944393     0.110488    0.0968466    0.0745792    0.0812839    0.0797626    0.0271545    0.0180748    0.0146852    0.0860698    0.0339214     0.116415    0.0981476    0.0782761     0.038962    0.0550276    0.0217071    0.0368445    0.0701255    0.0967921    0.0697479    0.0969989    0.0425008    0.0276123    0.0346729     0.092643    0.0245917    0.0598364    0.0736139   0.00613071    0.0254016    0.0663003    0.0447055
   0.0950907    0.0666167     0.082533    0.0836624    0.0663113    0.0845867    0.0905662    0.0607106    0.0800783    0.0197182     0.112126    0.0991972     0.069711    0.0601068    0.0149891    0.0202636     0.026653    0.0930027    0.0861331    0.0650594    0.0515068    0.0546872    0.0339812    0.0126434    0.0113315    0.0346661      0.07488    0.0380113    0.0979827    0.0351753    0.0186937     0.108036     0.078358    0.0772411    0.0623479     0.040202    0.0233887    0.0921939    0.0682438    0.0373281     0.101314    0.0897943    0.0482032    0.0483726     0.112485     0.077352    0.0601177    0.0720808
   0.0785836    0.0831925    0.0583783    0.0791591    0.0926794    0.0281439    0.0875495     0.022428    0.0142759    0.0123794    0.0328147   0.00578152    0.0660466    0.0857253    0.0151322    0.0267972     0.034965    0.0911816    0.0494441     0.113023    0.0641141    0.0866667    0.0262989     0.090427    0.0213065    0.0314464     0.106264      0.02611    0.0119724    0.0678657    0.0806223  -0.00103018    0.0847956    0.0990284    0.0201531  -0.00229395    0.0610013    0.0686824    0.0444182    0.0763863    0.0131736    0.0882801    0.0283634    0.0291009     0.067483    0.0973375    0.0746181    0.0846509
    0.113431    0.0277125    0.0269356    0.0703973    0.0331635    0.0355102    0.0991651   0.00753838    0.0505942 -0.000206846     0.101089    0.0496551     0.070143    0.0540507    0.0650937    0.0526882   0.00635298    0.0985985    0.0742828    0.0822946    0.0269093    0.0413075    0.0734338    0.0728312    0.0199864     0.050828    0.0542866    0.0757106    0.0502006    0.0658393    0.0820644      0.05502    0.0695878    0.0888003   0.00963414    0.0658168    0.0158408    0.0503121    0.0175437   0.00450289    0.0455039    0.0965304    0.0841932    0.0711098    0.0957014    0.0438468    0.0231172    0.0306069
     0.07758    0.0483154     0.107566    0.0984263    0.0980327      0.10051    0.0411704    0.0664411    0.0855985    0.0979675    0.0952896    0.0464374    0.0549742    0.0472119    0.0142158    0.0576492    0.0826676    0.0965251    0.0509235    0.0285374     0.102142     0.117577    0.0979768    0.0501528    0.0331665   0.00456099     0.048976     0.092658    0.0325462    0.0865338    0.0457768    0.0593386   0.00923161    0.0792425    0.0372081    0.0676006     0.110605   0.00881009    0.0175726    0.0902761    0.0159827    0.0840848    0.0622954    0.0250468    0.0428856    0.0829344    0.0317822    0.0145302
   0.0176013      0.10672    0.0502649    0.0473217    0.0895119    0.0990616     0.046259    0.0142493    0.0604133    0.0867048     0.020515    0.0461509      0.10179     0.069677    0.0878152    0.0502045    0.0815014    0.0771131      0.06683    0.0614821    0.0759997    0.0698408    0.0477354    0.0406744    0.0197394  0.000121285    0.0633344    0.0208066   0.00332615    0.0852059     0.061694    0.0984287    0.0644642    0.0133379    0.0161994    0.0639065    0.0487112    0.0818189   0.00681992    0.0958755    0.0264302    0.0143644    0.0645914     0.114469    0.0388417    0.0906135    0.0207374    0.0178678
   0.0758537    0.0330317     0.073214    0.0694336    0.0381576    0.0333033    0.0373671    0.0986229       0.0921    0.0820853     0.051001    0.0362311    0.0743701    0.0902316      0.05218    0.0938329    0.0365802    0.0849203    0.0482385    0.0261632    0.0100416    0.0766422    0.0519308    0.0226489    0.0267825    0.0161932     0.110283     0.108212   0.00189725    0.0440967     0.036315    0.0602428    0.0382731    0.0608598    0.0863843    0.0710102    0.0643985    0.0902097     0.072798    0.0885436    0.0172761    0.0957232    0.0575975     0.102434    0.0838526    0.0434135    0.0710108   0.00685072
   0.0308192    0.0478133    0.0998116    0.0397464    0.0372342    0.0693916    0.0709782    0.0248493    0.0138741      0.02608    0.0827536    0.0826645    0.0856841    0.0539759    0.0583876    0.0778872    0.0271031    0.0984748    0.0232256    0.0730917    0.0129651    0.0885118     0.108316    0.0323952   0.00164446    0.0537064    0.0977173    0.0970786    0.0481761     0.020141    0.0898314    0.0430855    0.0672198    0.0951071    0.0921207    0.0844786    0.0667072    0.0629095     0.063208    0.0901452    0.0824281     0.032431    0.0467336    0.0228594    0.0615304    0.0917838    0.0811504    0.0267937
   0.0603948    0.0809612    0.0903009    0.0691192    0.0365553    0.0754922    0.0888353    0.0223003    0.0879323    0.0189955    0.0937548    0.0316451    0.0367651    0.0855276     0.022135    0.0785711     0.059575    0.0196246     0.109733     0.080258    0.0687576    0.0936054     0.106183    0.0437053    0.0642803    0.0973826    0.0832392    0.0531682    0.0133597     0.078567    0.0666159    0.0713993    0.0939964    0.0601994    0.0171368    0.0892253     0.107131    0.0533649    0.0400661    0.0858977    0.0979276   0.00535612     0.103899    0.0971586    0.0274859    0.0407319   0.00849985    0.0969797
   0.0413552    0.0191419   0.00917073    0.0410408    0.0396052   0.00322132     0.101021    0.0431606     0.008304    0.0510802    0.0734908    0.0329984    0.0443912    0.0976663    0.0260444    0.0684045    0.0718076    0.0686814    0.0336917      0.11058    0.0838721    0.0364172    0.0466478    0.0912361    0.0525503    0.0488807     0.106715    0.0740261    0.0153855     0.108885    0.0786002    0.0565969     0.064137    0.0496657  -0.00197208   0.00725502    0.0969407    0.0779397     0.112185    0.0153206    0.0774648    0.0853642    0.0839714    0.0942981    0.0219964    0.0560279    0.0311957   0.00579074
   0.0131354     0.106532     0.117645    0.0636732     0.064549    0.0373217     0.100436    0.0506954    0.0158403    0.0613251    0.0138049    0.0941795    0.0414404    0.0673472    0.0830275    0.0380762    0.0743138    0.0598059    0.0815248     0.078072    0.0742486     0.110988    0.0936918    0.0861647    0.0905885     0.062821    0.0207334    0.0784387    0.0666858    0.0407685    0.0954625    0.0327627    0.0818874    0.0465352    0.0101673    0.0148345     0.024723     0.088523    0.0556954    0.0772713    0.0545812    0.0632258    0.0470127    0.0174119    0.0874764    0.0602958     0.104597    0.0335042
  0.00677217    0.0195257    0.0933675    0.0364384    0.0615356    0.0317931  0.000935971     0.049753    0.0917372    0.0271286   0.00576338    0.0547065    0.0059489    0.0319403    0.0662565     0.021057    0.0327179    0.0577321    0.0892168    0.0567035    0.0567125      0.08783     0.104527    0.0121917     0.047495    0.0547921    0.0575728     0.080119    0.0186976    0.0646988    0.0281409    0.0636282    0.0443234    0.0587761    0.0965692    0.0768044    0.0600942    0.0268566     0.043896    0.0473629    0.0683851   0.00990894    0.0935441    0.0624471    0.0409139    0.0720495    0.0311415    0.0250906
     0.11112    0.0744089     0.078992    0.0670044     0.055931     0.035954    0.0689252     0.035945    0.0684443    0.0862121    0.0583076    0.0660744    0.0876906    0.0401524    0.0258467    0.0275235    0.0407003    0.0344459    0.0817151     0.021914    0.0967811    0.0928749    0.0446632   0.00597716    0.0340428    0.0994258    0.0744826    0.0944651    0.0166906   0.00976579   0.00881737    0.0590743    0.0762814    0.0222719    0.0254476    0.0179319    0.0364729    0.0173713    0.0779312    0.0392047    0.0220985    0.0967019    0.0885518    0.0401169    0.0324795    0.0965205     0.100007    0.0181828
   0.0571978    0.0522708    0.0215292    0.0998168     0.044622     0.029979    0.0481479   0.00580958    0.0617747    0.0448365    0.0249172    0.0473183    0.0572009    0.0103598    0.0411904    0.0340312     0.034132    0.0889012    0.0613334    0.0132805    0.0145307    0.0799308    0.0609152   0.00460732    0.0832232    0.0973424    0.0461636    0.0221913    0.0322453    0.0209536    0.0266769    0.0195724    0.0383009    0.0630664    0.0307138    0.0848002     0.016909     0.056811    0.0447835    0.0527585    0.0357957      0.08577    0.0765041   0.00951869    0.0631465    0.0352028    0.0992179    0.0418677
   0.0568714    0.0888856    0.0760516    0.0339378    0.0697481    0.0525952    0.0164808     0.088113     0.026923    0.0094219    0.0964226    0.0286626    0.0542218    0.0124069    0.0907025    0.0808381    0.0119543   0.00562951    0.0245213    0.0652773    0.0498012     0.115711    0.0949041   0.00787962    0.0620129    0.0731473     0.024273    0.0574502    0.0200894    0.0722406  0.000613374    0.0458764     0.110357    0.0879878    0.0702404     0.092989    0.0439098    0.0834089    0.0842271    0.0438807    0.0261784    0.0524171    0.0732006     0.015231    0.0305816   0.00990394     0.059881    0.0545245
   0.0151256    0.0222746    0.0350436    0.0755572     0.117175     0.076927    0.0791487    0.0330288    0.0293407     0.017731    0.0649101    0.0879554    0.0959405    0.0277468    0.0648973    0.0434421   0.00996364    0.0275559    0.0715462    0.0681494    0.0523669    0.0683334    0.0373235    0.0484057    0.0299676    0.0490116    0.0304422    0.0821623    0.0900867    0.0249582    0.0203491     0.090262    0.0325802     0.051513    0.0249359    0.0260473    0.0648852     0.025889    0.0180343    0.0816091    0.0228518    0.0125412     0.051079    0.0303787     0.101799    0.0790974    0.0979869    0.0235512
   0.0598735    0.0647549    0.0669988    0.0390558      0.10169    0.0879727    0.0271276    0.0689018      0.10625    0.0672999    0.0458986    0.0377259    0.0120337    0.0356513    0.0705037    0.0789564    0.0260021    0.0144327    0.0879292    0.0160298    0.0730633    0.0616818    0.0527905    0.0894779   0.00296878   0.00130854     0.103967    0.0329267     0.087036    0.0545957    0.0482302    0.0993606    0.0964691    0.0775688    0.0849612    0.0179772    0.0525111    0.0397544     0.103656    0.0784549     0.100086    0.0503096    0.0495674    0.0339534    0.0794384    0.0583489 -0.000827956    0.0851305
   0.0246673     0.107249     0.107684    0.0184034    0.0749452    0.0840568    0.0260547    0.0384156    0.0894353     0.084307    0.0705333    0.0583309    0.0906711    0.0208424    0.0354391    0.0213654    0.0401363    0.0313319     0.041028    0.0876825      0.10387    0.0839706    0.0332831     0.089279    0.0727543    0.0568447    0.0289858    0.0805856    0.0037821    0.0899071    0.0986332    0.0519254   0.00371506    0.0747013      0.07924   0.00886825    0.0839641    0.0595634     0.102166    0.0434961    0.0917338    0.0322732    0.0490498     0.106418    0.0147827    0.0838704     0.046289    0.0572305
   0.0873433     0.100563    0.0977321     0.117374    0.0534862    0.0404423    0.0119286    0.0432507    0.0407485    0.0935369    0.0267062     0.046631    0.0280102    0.0721812    0.0293343    0.0857758   0.00929699    0.0687838    0.0780581    0.0727611    0.0898936    0.0283768    0.0550015    0.0413705     0.035916    0.0915176    0.0943881    0.0654016     0.074648    0.0455766     0.100072    0.0701821     0.103017    0.0745454  -0.00210449    0.0465621    0.0348218    0.0357835    0.0423605   0.00918025    0.0939821    0.0825963    0.0661587    0.0148646    0.0807604     0.107685    0.0478032    0.0812551
   0.0548286    0.0727385     0.111212    0.0494371    0.0746129    0.0371293    0.0264883    0.0364325     0.083094       0.0793    0.0806627    0.0622336    0.0209887    0.0840266   0.00562078    0.0598304    0.0123574    0.0176132    0.0489468    0.0684334    0.0630329      0.07444    0.0208958    0.0495206    0.0984828    0.0702826    0.0405837    0.0333264    0.0893923   0.00396222     0.056282    0.0127119    0.0971022   0.00999348    0.0372462    0.0666791    0.0116213     0.054194    0.0318235    0.0123649    0.0806417    0.0169089    0.0846274    0.0224566      0.10953    0.0597147    0.0875589    0.0498154
   0.0350752    0.0791108    0.0656623    0.0125841    0.0150101    0.0446658    0.0469652     0.101531    0.0226156    0.0513717    0.0594933     0.063719    0.0794179    0.0288095    0.0310219    0.0499173     0.104084    0.0653224    0.0168981    0.0267821    0.0322382    0.0280038    0.0574368   0.00768506    0.0620839    0.0957862    0.0422487    0.0846799    0.0825553    0.0704167      0.07605    0.0666083    0.0862453    0.0255915    0.0161872    0.0148771     0.058125    0.0700641     0.014587    0.0120506    0.0623616    0.0096047    0.0677146    0.0666365    0.0899026     0.095072     0.018478    0.0986246
   0.0623937    0.0246189    0.0838043    0.0458042    0.0946692    0.0349035    0.0326775   0.00948567      0.03302     0.033733    0.0114575    0.0134536    0.0816206     0.072035  -0.00244466    0.0259106    0.0532659    0.0526628    0.0541203    0.0458966    0.0580155     0.031312    0.0221944    0.0655587    0.0740009    0.0736309    0.0925233    0.0869254    0.0234721    0.0760371     0.057912    0.0172951    0.0977461    0.0817108    0.0611826   0.00137353    0.0212673    0.0196105     0.111509    0.0556553    0.0802874   0.00862831  -0.00832172    0.0319045     0.071619    0.0869248    0.0586829  -0.00407937
   0.0977478    0.0308236    0.0992043     0.094564    0.0986602    0.0951599     0.088255    0.0775807    0.0594346   0.00517752      0.05048    0.0991029    0.0580912    0.0335741     0.021933    0.0312505    0.0689721    0.0393823    0.0717642   0.00669281    0.0480662    0.0240018    0.0654449     0.063664     0.101821    0.0283886    0.0868729     0.074987    0.0838679    0.0243773    0.0768143     0.101627    0.0563328    0.0882754    0.0556722    0.0503594    0.0581153    0.0945824    0.0403189   0.00688995    0.0413965    0.0415382    0.0359085    0.0216512    0.0886824    0.0762914     0.028527    0.0577622
   0.0951903     0.028322       0.1073    0.0106941    0.0593656    0.0150191    0.0146125    0.0234725    0.0560012     0.049376    0.0923947    0.0809908    0.0453167    0.0750705     0.027861    0.0226389    0.0381501    0.0906211    0.0559107    0.0904441    0.0903796    0.0851427    0.0512381 -7.86878e-05    0.0502429    0.0320085    0.0315086     0.108909    0.0652218    0.0818699    0.0492237    0.0459558    0.0743866    0.0122062    0.0316279    0.0428007    0.0682818    0.0240325    0.0176135    0.0547841     0.029619    0.0531037    0.0795945     0.083411    0.0306283    0.0217455   -0.0020125    0.0129881
    0.106683    0.0585316     0.110103    0.0380005    0.0582422    0.0961345    0.0830066    0.0308208    0.0610604     0.010307    0.0773695     0.076715    0.0439799    0.0765194    0.0964634     0.053872    0.0140328    0.0962658    0.0901619    0.0091971    0.0624387    0.0524413     0.102642    0.0305849    0.0284608    0.0307118    0.0326458     0.050799      0.10003    0.0747069    0.0527017    0.0112352    0.0847708    0.0189787    0.0752043    0.0836598    0.0683693   0.00476761    0.0326361    0.0374003    0.0318292    0.0463453    0.0664743    0.0741831     0.113883    0.0491719    0.0248651    0.0246117
  0.00802463     0.061026     0.081811    0.0932953    0.0792656    0.0211785    0.0299486   0.00485199     0.053992    0.0850249     0.073839     0.045432     0.100426    0.0191179    0.0508958    0.0235275    0.0490615   0.00341945    0.0106318    0.0981939    0.0494792     0.104648    0.0519844    0.0167483  0.000664704    0.0455377    0.0411225    0.0911148    0.0711032    0.0745854    0.0200033     0.073482    0.0449048    0.0468228  0.000246225    0.0472574    0.0526559    0.0470815    0.0117467    0.0781201    0.0762192    0.0806345    0.0773368    0.0279103    0.0862625    0.0531583    0.0488613    0.0558306
    0.101455    0.0405717    0.0901689   0.00668283    0.0326633     0.050363    0.0176056    0.0261117    0.0289132 -0.000226623    0.0308117    0.0583108     0.110444    0.0629187    0.0221006    0.0933969    0.0267186    0.0246973    0.0786074    0.0802708    0.0514011    0.0709781   0.00825891   0.00736642      0.03125     0.047954    0.0768757    0.0642474    0.0681151    0.0259055   0.00695598    0.0909988    0.0626564    0.0269198    0.0218191    0.0522898    0.0414549    0.0142922     0.104702    0.0405437    0.0466071    0.0382619    0.0527296    0.0318944    0.0783704    0.0613299    0.0605202    0.0413117
   0.0671763    0.0168374     0.103723     0.042097    0.0317602    0.0276554    0.0280616    0.0232853   0.00549357    0.0799279    0.0407149   0.00805788       0.1034    0.0363108     0.063536    0.0832484    0.0595745    0.0245392   0.00970401    0.0326637     0.037592    0.0642071    0.0178182    0.0578062    0.0412421    0.0857891    0.0837113    0.0857543    0.0469012   -0.0138043    0.0221577    0.0962665    0.0940135    0.0650801    0.0319343    0.0580236   0.00754874    0.0598713    0.0101089    0.0204187    0.0283316    0.0909522    0.0549167    0.0357947    0.0366944    0.0514442    0.0955662   0.00459013
    0.047942    0.0663528    0.0982078    0.0842841     0.080101    0.0596068    0.0291999    0.0446748    0.0685946    0.0973021    0.0933509    0.0968447    0.0112042   0.00699472    0.0703449    0.0136791    0.0450514    0.0904034    0.0117239    0.0562386    0.0351495    0.0465708   0.00820653    0.0893837    0.0154164    0.0464061    0.0726642    0.0814328    0.0796751    0.0486791    0.0250335    0.0735914    0.0791137    0.0797164     0.053552    0.0625426    0.0202815    0.0527979    0.0911153     0.025668    0.0632745    0.0747549     0.042831    0.0165606   0.00953221    0.0248449    0.0887013    0.0894532
   0.0842036    0.0728693    0.0377295    0.0273491     0.102831    0.0112481     0.057327    0.0654859    0.0626924    0.0668003    0.0691227    0.0834868    0.0482585    0.0385977    0.0666655    0.0829977    0.0101211    0.0850014    0.0735735    0.0580569    0.0752985     0.054263    0.0934291    0.0918676    0.0282019    0.0767521    0.0486435    0.0389947    0.0841401    0.0290309    0.0613725    0.0719733    0.0278519    0.0402471    0.0586501    0.0651517    0.0395423     0.103046    0.0752317    0.0334477    0.0291435     0.101292    0.0370377    0.0918938     0.107082    0.0181631    0.0880793    0.0531126
   0.0405993    0.0473353    0.0729682     0.102565     0.084605    0.0804427    0.0688779    0.0362758      0.07861   0.00156781     0.043287    0.0913275    0.0483297    0.0914727    0.0550728    0.0393031    0.0093736    0.0836551    0.0811372    0.0552716     0.090774    0.0733675    0.0815303    0.0613921    0.0471512    0.0499707     0.064322     0.074998    0.0343753    0.0438438    0.0645477    0.0640013    0.0782902    0.0833457    0.0807192    0.0812226    0.0230852   0.00386423    0.0434734    0.0224659    0.0240039    0.0855474    0.0272736    0.0652297    0.0789918    0.0452457    0.0464369  0.000234403
   0.0971327     0.014663    0.0778029    0.0419518    0.0863628    0.0862799    0.0932225    0.0689706    0.0782685    0.0548085     0.069183    0.0923797    0.0804057     0.058365     0.067083    0.0155154     0.028352    0.0879751    0.0264413    0.0260912    0.0644811    0.0739405     0.101489    0.0328417    0.0143666    0.0964639    0.0714955    0.0961781    0.0904093    0.0107154    0.0223035    0.0400611     0.055967     0.103727      0.04603    0.0365238    0.0165164    0.0186439    0.0384641    0.0545296    0.0694408    0.0519028    0.0131537    0.0263755      0.11306     0.102505    0.0851448     0.063462
    0.120585     0.033085    0.0415788    0.0386983    0.0830211     0.034923     0.108047    0.0969417    0.0340129    0.0548021     0.071286    0.0975266    0.0290372    0.0772211    0.0471587   0.00772955     0.104254    0.0858944      0.10754    0.0241929     0.088111    0.0437035    0.0263463    0.0132985    0.0933501    0.0545583    0.0920174     0.048744    0.0817864      0.04566    0.0490919    0.0738307    0.0601114    0.0179012     0.101285   0.00214846     0.100558     0.080752    0.0893247    0.0459097     0.026017    0.0945562     0.109017    0.0298618     0.115505    0.0574145    0.0456371    0.0332548
   0.0123188    0.0684005    0.0877684    0.0678086    0.0554354   0.00676785    0.0828318    0.0894015    0.0229445    0.0835543    0.0257898  -0.00388903    0.0078519    0.0923049    0.0661897    0.0503967    0.0754334    0.0663028     0.061234    0.0467467    0.0352153    0.0463569    0.0380832    0.0698481    0.0682091     0.082493    0.0607443    0.0515267    0.0479117     0.072441    0.0494924    0.0388729     0.111143    0.0810205   -0.0111362    0.0207867    0.0161261     0.042795    0.0306834   0.00918499    0.0624479     0.098802    0.0604455    0.0200837    0.0314437    0.0291625    0.0255317     0.019418
     0.10298    0.0879729    0.0757239    0.0589801    0.0139786    0.0641702    0.0792972    0.0416802    0.0326913      0.04149     0.070463    0.0412866     0.101652   0.00591485    0.0340583    0.0600752    0.0607412    0.0893805      0.06548     0.031681    0.0314532    0.0825203    0.0585824    0.0560164    0.0757603    0.0473152    0.0994902     0.102508    0.0364364    0.0444559   0.00912997    0.0898638    0.0238071    0.0958975     0.037175   0.00307259    0.0918653    0.0632508    0.0992034    0.0664129    0.0168817    0.0622905    0.0437534    0.0817044     0.102481    0.0496443 -0.000774217    0.0672534
 -0.0626526  -0.0871344  -0.0739507   -0.124265   -0.140311  -0.0502264  -0.0956801  -0.0742678   -0.138242   -0.135596  -0.0693464  -0.0843895  -0.0459104  -0.0573317  -0.0846016  -0.0827357  -0.0582278  -0.0784908  -0.0364436   -0.131699  -0.0753777   -0.101961   -0.102894  -0.0858306   -0.103146  -0.0674648  -0.0705968  -0.0836244   -0.074912  -0.0722998   -0.118795   -0.118512  -0.0565461   -0.117731  -0.0863968  -0.0504514   -0.128812   -0.114212  -0.0728097  -0.0472212   -0.125672  -0.0740055  -0.0712055   -0.133167   -0.108415  -0.0675449  -0.0426457  -0.0490205  -0.0727647   -0.110886  -0.0496842  -0.0966804  -0.0801404   -0.135174  -0.0554713   -0.111901   -0.127752   -0.134481   -0.096645   -0.127793
 -0.0571476   -0.061847    -0.11729   -0.123967  -0.0491351   -0.080489 -0.00019639  -0.0413419  -0.0990234    -0.11509  -0.0490376  -0.0839457  -0.0473739   -0.121325   -0.126924  -0.0757922  -0.0744127   -0.063752  -0.0437589  -0.0330031   -0.162433   -0.027474  -0.0656847   -0.132901  -0.0344667  -0.0902393  -0.0704275   -0.105993  -0.0905221   -0.142321    -0.06408  -0.0593179   -0.087284   -0.115036  -0.0559882  -0.0807451  -0.0479048  -0.0520961   -0.118964  -0.0489931   -0.133102  -0.0281485  -0.0968318  -0.0636069  -0.0452072   -0.071107  -0.0424727  -0.0627728   -0.085836    -0.10621   -0.065641   -0.025955   -0.117381   -0.110127  -0.0788647  -0.0503232  -0.0971273   -0.130842  -0.0522275  -0.0448384
 -0.0996106   -0.090176  -0.0434896  -0.0709273  -0.0604442   -0.130534  -0.0930742  -0.0470359  -0.0636035  -0.0439544  -0.0992953  -0.0628379  -0.0840096   -0.114426  -0.0895602   -0.114574  -0.0693853  -0.0773888   -0.053732  -0.0647289   -0.111949  -0.0297968   -0.122342   -0.084768  -0.0739468  -0.0471264  -0.0369085   -0.106675   -0.080458  -0.0856857  -0.0801545  -0.0611681   -0.115134   -0.124041  -0.0571111  -0.0611198   -0.135444  -0.0782325  -0.0557367  -0.0414575   -0.108898   -0.050529  -0.0750513   -0.100714   -0.119312  -0.0411724  -0.0506418  -0.0949718  -0.0965608   -0.104412  -0.0759446  -0.0469479  -0.0389131  -0.0870024   -0.104922   -0.111511    -0.14156  -0.0783391  -0.0419059  -0.0528548
 -0.0859818  -0.0905412   -0.118031    -0.05115  -0.0368604   -0.125895  -0.0757084  -0.0667778   -0.102469   -0.137396  -0.0403357  -0.0999255  -0.0391351  -0.0654166  -0.0826495  -0.0680577   -0.119122  -0.0946377  -0.0302414   -0.134949  -0.0555972  -0.0739106  -0.0987284  -0.0271436   -0.112373  -0.0754987  -0.0949312   -0.120609   -0.129693   -0.120013   -0.077719  -0.0458208  -0.0653165  -0.0320639  -0.0484921  -0.0728715  -0.0412874   -0.133939  -0.0925277  -0.0901266  -0.0725773  -0.0426118  -0.0869169  -0.0789204   -0.121843   -0.134458  -0.0411849  -0.0605443   -0.068698  -0.0884641  -0.0815292  -0.0347193   -0.113401   -0.105498  -0.0657355  -0.0773504  -0.0879451   -0.122416  -0.0377921  -0.0465401
 -0.0601826  -0.0859583  -0.0979325  -0.0870352   -0.139437  -0.0493065  -0.0362847  -0.0951614  -0.0541662   -0.112723   -0.100477   -0.138331   -0.103272   -0.131613  -0.0699716   -0.122596  -0.0809922  -0.0370811  -0.0778803  -0.0745001  -0.0718587  -0.0801428  -0.0558403  -0.0276724  -0.0803061  -0.0311777  -0.0600181  -0.0840756  -0.0839758  -0.0810638  -0.0866083    -0.12344  -0.0418549   -0.123522  -0.0812982  -0.0668919  -0.0235406   -0.102986  -0.0862819   -0.018408  -0.0410327  -0.0981711   -0.112211  -0.0908878   -0.089826  -0.0465513  -0.0645388   -0.123724   -0.111338  -0.0786021  -0.0751036   -0.127349  -0.0525849  -0.0374049  -0.0570976  -0.0805523   -0.100874   -0.130199   -0.021055   -0.121054
 -0.0541178  -0.0973226   -0.030023  -0.0815388    -0.11681  -0.0606539    -0.10818   -0.117516   -0.104264  -0.0774039  -0.0602678  -0.0655952   -0.101896  -0.0577988   -0.131637  -0.0792174  -0.0504379  -0.0683714   -0.042455  -0.0782126  -0.0561934   -0.126843  -0.0687707   -0.050748  -0.0417487  -0.0951289  -0.0868633  -0.0651765  -0.0403938  -0.0523229  -0.0386431  -0.0853419  -0.0753856   -0.106451   -0.123804  -0.0721027   -0.129491  -0.0589293   -0.101907   -0.110725  -0.0568419  -0.0609567  -0.0939829  -0.0584619  -0.0462921   -0.122674   -0.110938   -0.142291  -0.0620056   -0.121463   -0.118232  -0.0832623  -0.0994631   -0.123265   -0.122953   -0.076391   -0.135376   -0.119825   -0.121612   -0.129619
  -0.045568  -0.0874781   -0.068195   -0.109025   -0.108756  -0.0426808   -0.047523  -0.0665871  -0.0809867   -0.110925  -0.0758015   -0.115025  -0.0289294  -0.0462951   -0.123348  -0.0519663  -0.0939512  -0.0314051  -0.0454119  -0.0930094    -0.10908   -0.113786  -0.0992246  -0.0947684  -0.0379643   -0.101866   -0.116179  -0.0395649  -0.0993339   -0.127203  -0.0854253  -0.0407875   -0.117014   -0.122261  -0.0643199     -0.1242  -0.0972627  -0.0873444  -0.0890992  -0.0696362   -0.122944  -0.0957107  -0.0998482   -0.109901  -0.0678116  -0.0823239  -0.0624247   -0.103765   -0.108952   -0.100236  -0.0603258  -0.0874567  -0.0395239  -0.0701265   -0.112951  -0.0919292  -0.0511263   -0.117098  -0.0723192   -0.061057
 -0.0616657   -0.113793  -0.0405295  -0.0421028   -0.113885   -0.098772   -0.036162   -0.111456   -0.130331  -0.0802014  -0.0573493  -0.0225292  -0.0483022  -0.0496939   -0.113147   -0.115401   -0.114211   -0.103785   -0.110776  -0.0314028  -0.0402086  -0.0939165  -0.0663779  -0.0650152  -0.0300126  -0.0494945   -0.056555   -0.127541   -0.133354  -0.0726147  -0.0355687  -0.0752583  -0.0525108   -0.120636  -0.0772192   -0.104783  -0.0711668  -0.0623184  -0.0317739  -0.0874589  -0.0540282   -0.120052   -0.106114   -0.107199  -0.0864133     -0.1216  -0.0455583  -0.0675754  -0.0772883  -0.0627799   -0.095167   -0.104452  -0.0326664  -0.0679917  -0.0646434   -0.101385   -0.119131   -0.105603  -0.0720351    -0.10374
   -0.12693   -0.118173  -0.0988175   -0.127599   -0.110843    -0.12839   -0.104147    -0.06845  -0.0411648  -0.0593295   -0.128578  -0.0466396   -0.039477   -0.129466   -0.114833    -0.12453  -0.0509249  -0.0361577  -0.0456472   -0.084999  -0.0348752    -0.10644  -0.0871825  -0.0947097  -0.0457746  -0.0705333  -0.0762264  -0.0961362   -0.117914  -0.0660115   -0.115507  -0.0795931  -0.0966369  -0.0880425  -0.0568664   -0.121855  -0.0486265   -0.132817  -0.0996346    -0.11164  -0.0815571  -0.0663899  -0.0969058  -0.0631343   -0.101948  -0.0403965  -0.0503569   -0.104541  -0.0330578  -0.0917871  -0.0856395   -0.107783  -0.0497357  -0.0462588   -0.066534  -0.0681697  -0.0818662  -0.0980219   -0.105798   -0.101559
 -0.0686613  -0.0563259  -0.0666429   -0.133466  -0.0811576   -0.054228  -0.0995613  -0.0557967  -0.0761211  -0.0850701   -0.077814   -0.122039  -0.0411794   -0.122742   -0.093431   -0.043446   -0.052307  -0.0550196  -0.0512444  -0.0807436   -0.120674  -0.0764458   -0.136027  -0.0888353  -0.0890328  -0.0469884   -0.134404  -0.0383029  -0.0812442   -0.118357  -0.0954884  -0.0932572  -0.0551045  -0.0716189  -0.0425418  -0.0672155  -0.0694643  -0.0951399  -0.0472675   -0.125601   -0.124509  -0.0551959  -0.0642769   -0.131126  -0.0609813  -0.0557696   -0.125106   -0.104916   -0.104277   -0.106009   -0.126442  -0.0884822  -0.0926476  -0.0994804  -0.0966396  -0.0852284  -0.0350238  -0.0659578   -0.107477   -0.046363
 -0.0318613  -0.0427821    -0.12441   -0.121561   -0.121523   -0.091575  -0.0869898   -0.119024  -0.0691165  -0.0618413  -0.0385528   -0.117064   -0.131201  -0.0813648   -0.077852  -0.0801008   -0.108306  -0.0749869  -0.0306888  -0.0856042   -0.120868   -0.111325    -0.10777  -0.0856592  -0.0784753  -0.0806268   -0.132249  -0.0698039   -0.058559  -0.0751502   -0.110581  -0.0829547  -0.0751824  -0.0941029  -0.0842131  -0.0415762     -0.1003   -0.125965  -0.0946104    -0.06878  -0.0356434  -0.0474806   -0.112911   -0.101174   -0.123078   -0.115434  -0.0849051  -0.0606492  -0.0900599   -0.070812   -0.074291   -0.111297  -0.0508485  -0.0804685  -0.0532787  -0.0395835   -0.125061   -0.108348   -0.105591  -0.0861843
 -0.0450345  -0.0812113   -0.105521   -0.119616   -0.110411   -0.124829   -0.107361  -0.0534046  -0.0538996  -0.0870676  -0.0598881  -0.0502361  -0.0497388  -0.0746759   -0.100627  -0.0603342  -0.0961455  -0.0558923  -0.0801844   -0.134994  -0.0974051   -0.105679   -0.115603   -0.116836   -0.129264  -0.0663108   -0.130303  -0.0694293  -0.0418028  -0.0437894  -0.0645912  -0.0855879   -0.128177  -0.0862604  -0.0928725    -0.11825  -0.0855882   -0.110406  -0.0784011   -0.114199  -0.0837704  -0.0541607  -0.0791671   -0.108494  -0.0921599  -0.0682974  -0.0929577  -0.0926611  -0.0453326   -0.115303   -0.094664   -0.131252    -0.11787    -0.13252  -0.0703511  -0.0640376   -0.093719  -0.0866207  -0.0511737    -0.11037
  -0.088651    -0.11713  -0.0572813  -0.0455969  -0.0997566  -0.0819645  -0.0474236  -0.0884062  -0.0629012   -0.088997   -0.129341   -0.127287   -0.115643   -0.105464  -0.0460999   -0.110249   -0.126918  -0.0857478   -0.078741  -0.0545437   -0.105109  -0.0889982  -0.0697482  -0.0526443  -0.0671697  -0.0956252  -0.0969131  -0.0729318  -0.0396278   -0.118989  -0.0855876  -0.0392075   -0.041797   -0.132377   -0.132947  -0.0718279  -0.0587105   -0.092686  -0.0837047  -0.0771058  -0.0426088  -0.0847404  -0.0439388   -0.105455   -0.101185  -0.0757733  -0.0897331  -0.0665343  -0.0571465  -0.0520406  -0.0529414  -0.0556312  -0.0553942   -0.103652  -0.0590274  -0.0752752  -0.0610913  -0.0889781  -0.0736106  -0.0794043
 -0.0868792   -0.104669  -0.0834316  -0.0403387   -0.119307   -0.091826  -0.0814787   -0.115184  -0.0985413   -0.105376  -0.0578767   -0.112816   -0.105373  -0.0675556  -0.0997847  -0.0501728  -0.0669019  -0.0683847  -0.0359603  -0.0487327  -0.0542628  -0.0527676   -0.125205  -0.0571748  -0.0515057   -0.130226  -0.0750354   -0.127162  -0.0873184   -0.123777  -0.0442971   -0.138002  -0.0588871   -0.107088  -0.0999723   -0.119776   -0.111837  -0.0912401  -0.0613747   -0.113301  -0.0902869  -0.0563244  -0.0931138   -0.101241   -0.125829  -0.0918091   -0.076851  -0.0801442   -0.090892  -0.0663264  -0.0628796  -0.0904724   -0.128018  -0.0893287   -0.116046  -0.0949807   -0.065616  -0.0752874  -0.0791894  -0.0674085
 -0.0663568   -0.121231  -0.0422614   -0.117886  -0.0466245  -0.0791849  -0.0884857   -0.138078   -0.112684   -0.141603   -0.037378  -0.0523291   -0.129242   -0.104557  -0.0491548  -0.0720808  -0.0612779  -0.0539444   -0.114974  -0.0500667    -0.11273  -0.0526149  -0.0552778  -0.0886941   -0.118612  -0.0652751  -0.0546418  -0.0573256  -0.0644965   -0.125454  -0.0859158   -0.146205   -0.101658  -0.0689121   -0.128728  -0.0737238   -0.124073   -0.118202    -0.10371  -0.0393863   -0.123116   -0.135004  -0.0495935   -0.060673  -0.0691635  -0.0998567   -0.115289  -0.0923747  -0.0963588   -0.116949  -0.0451257  -0.0797189  -0.0705947  -0.0590047   -0.125116   -0.065651   -0.106212  -0.0780143  -0.0739635  -0.0947188
  -0.124078  -0.0980534  -0.0853509  -0.0400605   -0.105669  -0.0812095  -0.0367974  -0.0887317   -0.112668  -0.0539051    -0.10473   -0.110681  -0.0954817  -0.0786594   -0.101939  -0.0279407  -0.0981949   -0.125715  -0.0898434   -0.129644   -0.038878   -0.113156  -0.0467151  -0.0841565  -0.0589867   -0.104716  -0.0952736  -0.0968753   -0.114331   -0.122483   -0.122825  -0.0617021  -0.0881614   -0.035467   -0.101435   -0.111731  -0.0758596  -0.0925594  -0.0464559  -0.0432093   -0.108085  -0.0794808  -0.0827194  -0.0606786  -0.0387808  -0.0939084   -0.101285   -0.117925  -0.0840846   -0.114974  -0.0632387  -0.0296322  -0.0328145  -0.0848181   -0.115327  -0.0311307  -0.0387262   -0.103781   -0.091325  -0.0349406
 -0.0859824   -0.107743  -0.0506272  -0.0845756  -0.0509666   -0.101328  -0.0509209  -0.0397908   -0.111252   -0.114596  -0.0524295  -0.0557138  -0.0962523   -0.109374   -0.120466    -0.12611  -0.0450642   -0.104433  -0.0902579  -0.0916832  -0.0915681  -0.0561732  -0.0582537   -0.111161     -0.0475   -0.122325   -0.140789   -0.124786  -0.0763022   -0.120979  -0.0355595  -0.0908445   -0.136696  -0.0707914  -0.0735023  -0.0715455  -0.0607289   -0.115758  -0.0672195  -0.0365057  -0.0598714   -0.140281  -0.0786593  -0.0594724  -0.0598011    -0.06948  -0.0610674  -0.0621623   -0.107741  -0.0383951  -0.0539488   -0.132027   -0.107648   -0.103336  -0.0535256   -0.127502   -0.140112   -0.139567  -0.0354367    -0.11661
 -0.0833008  -0.0483523   -0.124209   -0.110138  -0.0935792  -0.0817569   -0.105063  -0.0564724   -0.115366  -0.0758124  -0.0388124   -0.124182  -0.0586913  -0.0681825   -0.119818  -0.0915603  -0.0543373   -0.112647  -0.0493515  -0.0572081   -0.121444  -0.0811143   -0.121423   -0.125595  -0.0762714  -0.0764946  -0.0724251  -0.0770021  -0.0559993   -0.100007   -0.092502   -0.054928   -0.112337   -0.119699  -0.0303409   -0.100369  -0.0327727   -0.101243  -0.0830844   -0.101096   -0.054869  -0.0552634  -0.0488859   -0.131807  -0.0990172    -0.07358  -0.0647602  -0.0970659  -0.0801451   -0.107979  -0.0627856   -0.110261  -0.0991132  -0.0731814   -0.127452  -0.0509448  -0.0654693  -0.0615977  -0.0603545   -0.126694
 -0.0756213  -0.0695559   -0.117903  -0.0573857   -0.125033   -0.104185  -0.0415551   -0.124685   -0.124092  -0.0282851  -0.0173455  -0.0620063  -0.0981667   -0.115284  -0.0605077   -0.124619   -0.115832  -0.0227916  -0.0418419   -0.116398   -0.134141  -0.0603097   -0.123754  -0.0770526  -0.0873608   -0.101939   -0.106271  -0.0444633   -0.112116  -0.0940025  -0.0806269  -0.0336336  -0.0996937   -0.055548   -0.113213  -0.0257863   -0.052215  -0.0542631  -0.0445192  -0.0703512  -0.0146542  -0.0916877  -0.0995734  -0.0402093   -0.076952   -0.117751  -0.0235984    -0.12194  -0.0925963  -0.0574334  -0.0713632   -0.086841  -0.0045814   -0.072216  -0.0786527  -0.0885945  -0.0517117    -0.11663  -0.0421374   -0.102779
 -0.0692272  -0.0984082  -0.0328402   -0.108993  -0.0910894   -0.112313   -0.105819    -0.10861  -0.0834302  -0.0546877  -0.0317204   -0.125817   -0.051933   -0.084092  -0.0487207   -0.112927  -0.0312514   -0.107783   -0.103233   -0.113384   -0.109834    -0.10777   -0.057075  -0.0413108  -0.0507931   -0.104166    -0.03155  -0.0663345   -0.113829  -0.0495652  -0.0928245  -0.0993134  -0.0883797  -0.0750895   -0.142356  -0.0988274  -0.0326872   -0.128044   -0.105797  -0.0975474   -0.119076  -0.0480935  -0.0854295  -0.0567473  -0.0518968  -0.0410054  -0.0346964  -0.0663122  -0.0332331  -0.0854478  -0.0719851   -0.121651   -0.105578  -0.0685753  -0.0402264    -0.04698  -0.0301803  -0.0771161   -0.119522   -0.110405
 -0.0454175   -0.100632  -0.0376712  -0.0395394  -0.0418081  -0.0716017  -0.0903258  -0.0935541  -0.0609591  -0.0496251  -0.0473573  -0.0593537  -0.0614354   -0.118326  -0.0935491  -0.0579942  -0.0779716   -0.115563   -0.102193     -0.1097  -0.0595726  -0.0372721  -0.0500777  -0.0361045  -0.0476434   -0.118546   -0.123813   -0.123756   -0.043334  -0.0754935  -0.0601275   -0.082372   -0.116059   -0.052371  -0.0712628   -0.121107  -0.0420846   -0.114215  -0.0836689    -0.11764   -0.128646  -0.0788683    -0.13841   -0.124277   -0.127933  -0.0373799   -0.126959  -0.0860454  -0.0992998  -0.0772207  -0.0698886   -0.050834   -0.116639   -0.136925  -0.0736726  -0.0567072   -0.061738   -0.121326  -0.0756804  -0.0926531
 -0.0245974  -0.0855166  -0.0673476   -0.092638    -0.11226  -0.0566705  -0.0803264  -0.0824283  -0.0816431  -0.0203477   -0.105073    -0.11213   -0.122338  -0.0867284   -0.124507  -0.0550287   -0.127716  -0.0822374  -0.0595902  -0.0789183  -0.0487326  -0.0906573  -0.0772205  -0.0174119   -0.025214   -0.105566  -0.0564999   -0.110666  -0.0255063  -0.0519054  -0.0801888    -0.10563   -0.122925  -0.0600655   -0.116109   -0.083513  -0.0944261  -0.0866256    -0.08992   -0.113928   -0.106274  -0.0472818   -0.111949  -0.0974641    -0.10512  -0.0307597  -0.0802567   -0.106227  -0.0571809  -0.0325539  -0.0776485  -0.0512829  -0.0300963   -0.131569  -0.0645202   -0.117545  -0.0904459  -0.0652569  -0.0803339  -0.0260631
  -0.136142   -0.134888  -0.0750456   -0.101814   -0.115206  -0.0930249   -0.099707  -0.0608852  -0.0768184  -0.0439253    -0.11482  -0.0910449  -0.0504664    -0.10873   -0.127913  -0.0364083   -0.120363  -0.0902118  -0.0553708  -0.0694667  -0.0970394   -0.109968  -0.0770553  -0.0536342  -0.0683948  -0.0495058  -0.0672533  -0.0948099  -0.0796011   -0.119205   -0.112636  -0.0974397   -0.118704   -0.124258  -0.0644227   -0.121802  -0.0741268  -0.0971864   -0.099305  -0.0848693   -0.112616  -0.0469852   -0.110519  -0.0672813  -0.0423309  -0.0678661   -0.047931  -0.0346704  -0.0670937  -0.0505991   -0.103951   -0.068449  -0.0529676  -0.0458805   -0.026896   -0.127012  -0.0875449  -0.0185142   -0.075517   -0.125474
  -0.119006    -0.08744   -0.068557  -0.0497725  -0.0606297  -0.0838554   -0.066289  -0.0436658  -0.0545661   -0.122396   -0.114198  -0.0943518  -0.0688935  -0.0651569   -0.127959  -0.0423352   -0.126705   -0.126868   -0.029325   -0.109646     -0.0905   -0.125954   -0.104018  -0.0648081  -0.0952564  -0.0904768   -0.131163  -0.0451673  -0.0449785  -0.0768117  -0.0838931  -0.0956678  -0.0322804  -0.0343166   -0.109456   -0.121329   -0.117246  -0.0769399   -0.056989   -0.105616   -0.102581   -0.105869  -0.0439194   -0.111628  -0.0747291  -0.0872865  -0.0532863   -0.101164   -0.089801   -0.122174  -0.0970624  -0.0350539  -0.0351176    -0.06664  -0.0916816  -0.0707415  -0.0869048  -0.0627324   -0.106435  -0.0919859
  -0.042907  -0.0480681  -0.0729464  -0.0741179    -0.10822   -0.137565   -0.121729  -0.0584054  -0.0844076  -0.0585931   -0.124215     -0.1267  -0.0525458   -0.127933  -0.0771229  -0.0609539  -0.0424875  -0.0625062   -0.063502  -0.0711075   -0.138937  -0.0768706   -0.132674  -0.0380534  -0.0327882   -0.134437   -0.110952  -0.0777082   -0.131917  -0.0966468   -0.121974  -0.0812131  -0.0458281   -0.121195  -0.0704636  -0.0734024  -0.0697705  -0.0799895   -0.100772   -0.114874    -0.10378    -0.13073    -0.04452  -0.0500266  -0.0441503  -0.0610202  -0.0646538   -0.111241  -0.0980644   -0.104272  -0.0449486  -0.0866588  -0.0445047  -0.0407225   -0.113668   -0.128653   -0.104092   -0.128708  -0.0342607  -0.0757609
 -0.0787584   -0.126454   -0.130658  -0.0821685  -0.0458998  -0.0380499   -0.103142  -0.0894878  -0.0881388  -0.0746906   -0.123417  -0.0270259  -0.0774648   -0.085432   -0.130487   -0.047062  -0.0329551    -0.12365  -0.0699664   -0.103392  -0.0681427  -0.0911368   -0.123796  -0.0677813   -0.100465  -0.0733761   -0.100021  -0.0849155   -0.112153   -0.125277   -0.106545  -0.0373363   -0.119212  -0.0744414  -0.0847093   -0.033941  -0.0811107   -0.027328  -0.0512876   -0.121376  -0.0928028   -0.121085  -0.0485518  -0.0533351  -0.0749911   -0.118038   -0.119389  -0.0966366  -0.0511008  -0.0311997     -0.1285  -0.0694489     -0.0793  -0.0868131  -0.0715738  -0.0410186   -0.115809   -0.109457  -0.0689215   -0.120473
 -0.0435714  -0.0785583  -0.0710168  -0.0356625  -0.0855425  -0.0705434  -0.0661088  -0.0687409  -0.0416286   -0.104743   -0.127954  -0.0586087  -0.0640706   -0.092069  -0.0994307  -0.0533103   -0.080341   -0.109363  -0.0681086   -0.127023  -0.0432116  -0.0467739    -0.10629  -0.0768638  -0.0822616   -0.123915   -0.121195   -0.105785   -0.122843    -0.13124   -0.125022  -0.0369948  -0.0727475  -0.0521741  -0.0789681   -0.128975  -0.0566195   -0.134041  -0.0940515   -0.117893  -0.0956502  -0.0380879  -0.0739338  -0.0515096   -0.126036  -0.0940142  -0.0638912   -0.125913  -0.0468137    -0.12699  -0.0684924  -0.0427467  -0.0859093  -0.0319568  -0.0943681   -0.130681  -0.0640123   -0.110763   -0.100002   -0.124679
 -0.0693335  -0.0828269  -0.0942426  -0.0657266   -0.103172  -0.0463867  -0.0770587  -0.0435327  -0.0735075   -0.128944  -0.0807786  -0.0971102  -0.0654094   -0.135115   -0.112644    -0.12322  -0.0636581  -0.0878633   -0.102211  -0.0794706  -0.0386358   -0.109196  -0.0565161  -0.0699132   -0.131453  -0.0778564   -0.113167  -0.0695112   -0.106527   -0.105003   -0.114372  -0.0659584   -0.121597   -0.106537  -0.0657885  -0.0839276  -0.0755006  -0.0849107  -0.0385146  -0.0483539  -0.0431338   -0.107548  -0.0971498  -0.0837583   -0.102143   -0.046841   -0.076579  -0.0822086  -0.0723061   -0.115674   -0.111333   -0.125151  -0.0640092  -0.0339352   -0.138253  -0.0919866  -0.0846641  -0.0987013  -0.0706138   -0.135621
 -0.0522453  -0.0717868  -0.0285036  -0.0616384    -0.10687   -0.108604  -0.0649545  -0.0389031   -0.111997   -0.116192   -0.102876   -0.105763   -0.114953  -0.0553238  -0.0778614   -0.103943   -0.050317   -0.113166  -0.0420624  -0.0567208   -0.127275  -0.0817667   -0.089312   -0.070669  -0.0689637  -0.0533743   -0.128902  -0.0635759   -0.119716   -0.104191  -0.0395204   -0.112622  -0.0606355   -0.107823  -0.0660461   -0.116776  -0.0950749   -0.055588  -0.0475786  -0.0397166  -0.0556131   -0.123906    -0.06738  -0.0925291  -0.0982255   -0.124751  -0.0594437   -0.100015   -0.067859  -0.0651364   -0.033768   -0.124846  -0.0927535   -0.127897  -0.0870397  -0.0653725  -0.0786327   -0.111316   -0.119017   -0.125435
  -0.102946  -0.0408661   -0.122532  -0.0751176   -0.117593  -0.0552842  -0.0670541  -0.0429497   -0.047685  -0.0398366  -0.0549001   -0.122605  -0.0616439  -0.0954982  -0.0441894   -0.122392  -0.0495992  -0.0399199  -0.0500292   -0.129239  -0.0629672  -0.0933274  -0.0423111  -0.0391476  -0.0613044  -0.0828874  -0.0844277   -0.129712  -0.0779958   -0.103354  -0.0701396   -0.117276   -0.137172   -0.121838  -0.0463017   -0.141114  -0.0642198  -0.0930408   -0.032578  -0.0896533   -0.108562   -0.120633   -0.119909   -0.132374   -0.047767  -0.0602662  -0.0423789   -0.127483   -0.097984  -0.0766321   -0.131214  -0.0498944   -0.127292   -0.125337  -0.0514775   -0.037357  -0.0790285  -0.0866074  -0.0732243  -0.0847233
 -0.0363254   -0.090128   -0.107669   -0.132092  -0.0991161  -0.0494241  -0.0446321  -0.0434225  -0.0865168  -0.0427564  -0.0949363   -0.120514  -0.0655517  -0.0520256  -0.0478225   -0.133699  -0.0795439  -0.0514601   -0.110879   -0.131121  -0.0982515  -0.0900861  -0.0497831  -0.0718823  -0.0489516  -0.0731412   -0.134531   -0.105864  -0.0336571  -0.0559276   -0.109628  -0.0684997  -0.0953672  -0.0627186   -0.126487   -0.147159   -0.112698  -0.0895327  -0.0821251  -0.0672941   -0.102355   -0.114208  -0.0513298  -0.0730683   -0.103495   -0.112156   -0.107974  -0.0612629   -0.062447  -0.0667529  -0.0528005  -0.0604599  -0.0805814  -0.0782462    -0.13784  -0.0658139   -0.124992   -0.135937   -0.059185  -0.0713689
 -0.0319966  -0.0431268  -0.0642069   -0.126486  -0.0451511   -0.128353  -0.0408374  -0.0804921  -0.0707487  -0.0575772   -0.111391   -0.113617    -0.12134   -0.079713  -0.0545965  -0.0707304  -0.0658959  -0.0753683  -0.0301735   -0.104557    -0.10639  -0.0344575   -0.144227   -0.124769  -0.0590988  -0.0581218   -0.109844   -0.116344  -0.0859731  -0.0928882   -0.115499  -0.0806019   -0.058684   -0.111126  -0.0439161   -0.130315  -0.0863357   -0.072832    -0.05105  -0.0408723   -0.112594  -0.0969926  -0.0984889   -0.104139  -0.0471742  -0.0997219  -0.0534627  -0.0994437  -0.0456073   -0.148595  -0.0477184  -0.0631621  -0.0417311  -0.0344797   -0.103979  -0.0745787  -0.0606391  -0.0812782  -0.0849468  -0.0573639
 -0.0750477  -0.0521195  -0.0401115  -0.0997958   -0.133774   -0.111145   -0.055303   -0.044007   -0.106962   -0.110268  -0.0837074  -0.0856361  -0.0324706  -0.0664741   -0.107997  -0.0643677   -0.121853  -0.0782398  -0.0429544   -0.130988   -0.123454   -0.104963  -0.0643633   -0.129271  -0.0872422  -0.0346789   -0.115491  -0.0731196  -0.0433059  -0.0909431   -0.105561   -0.116709  -0.0995958  -0.0443487  -0.0362242   -0.119607  -0.0415128   -0.113717   -0.118092   -0.101834   -0.054901  -0.0876438   -0.101081    -0.10172  -0.0475896   -0.101473  -0.0515644   -0.133238  -0.0423838   -0.112231   -0.107056  -0.0535679  -0.0362837  -0.0660122  -0.0985516  -0.0586728  -0.0670581   -0.075555  -0.0992135  -0.0839357
 -0.0784271   -0.117676   -0.113094  -0.0814453   -0.109038   -0.121755  -0.0577635  -0.0442489  -0.0824671  -0.0209304  -0.0812383  -0.0805342   -0.111747  -0.0841531  -0.0969579  -0.0445292  -0.0613808  -0.0556388    -0.10248   -0.101702   -0.116839  -0.0516974    -0.12383    -0.13151  -0.0560322  -0.0495896   -0.115733  -0.0240748  -0.0474282   -0.104671   -0.112036  -0.0813297  -0.0449983   -0.113746  -0.0963902   -0.118318  -0.0435709  -0.0425769  -0.0893214  -0.0488265  -0.0409967   -0.071911  -0.0677152   -0.103515  -0.0492423  -0.0944146  -0.0959577   -0.106178  -0.0545132   -0.123853  -0.0721663  -0.0326073  -0.0450636   -0.109482   -0.081473  -0.0758921  -0.0372538   -0.108108  -0.0202712  -0.0312325
 -0.0614425  -0.0826408  -0.0733987   -0.102041  -0.0343979  -0.0321049  -0.0368225  -0.0413843   -0.116225   -0.120248  -0.0954402  -0.0830722   -0.107453  -0.0744298  -0.0997134  -0.0900428   -0.126551  -0.0442513 -0.00392728  -0.0538551   -0.119484  -0.0737427  -0.0774499   -0.117295  -0.0679924  -0.0793193  -0.0413321  -0.0624822  -0.0552892  -0.0956268   -0.120461  -0.0805133  -0.0794723  -0.0936897  -0.0186637  -0.0812625  -0.0803915  -0.0778129  -0.0682775   -0.070243   -0.102143     -0.1041   -0.121412   -0.131011   -0.108455  -0.0475993  -0.0280891   -0.109865  -0.0594953  -0.0733462   -0.043067  -0.0497692   -0.105938  -0.0978863   -0.119581  -0.0963234  -0.0904204   -0.108455   -0.063119   -0.044227
 -0.0311081   -0.115088  -0.0941212  -0.0330809  -0.0346349   -0.104481  -0.0193739   -0.120578   -0.138357  -0.0477199  -0.0978398  -0.0880716    -0.12796   -0.107229  -0.0689431   -0.106934   -0.113264   -0.082984  -0.0882645  -0.0785305  -0.0722633  -0.0382234  -0.0461291   -0.118278  -0.0376015  -0.0579865   -0.136543    -0.10804  -0.0952619   -0.038107  -0.0405938  -0.0667067   -0.123568   -0.123452   -0.104076   -0.081439  -0.0342161  -0.0894629  -0.0494456   -0.107042  -0.0344069  -0.0929708  -0.0620566  -0.0411879  -0.0961699   -0.121753   -0.105089  -0.0515012   -0.130989   -0.118925   -0.116439      -0.102  -0.0741926  -0.0297734   -0.071258   -0.079503  -0.0825833  -0.0978367     -0.1119   -0.116608
