no weights
   0.0842057    -0.351141   -0.0512792  -0.00905125     0.220494     0.179213     -0.33825     0.131965     0.130581     0.222971     0.601701    -0.324153    -0.236961     0.386427     0.262958     0.335537     0.390924    -0.166279    -0.173264   -0.0266542    -0.133236    -0.091853     0.421076    -0.400921    -0.142514     0.200693     0.364487     0.570332     0.440555    -0.259698   -0.0470532     0.142277     0.279851     0.284037     0.206731   -0.0466844    -0.230879     0.502821     0.197083     0.137208     0.568195   -0.0926306     0.135365     -0.45783    -0.246086    -0.112777    -0.207218   -0.0225179
   -0.191846    -0.203016    -0.123753   -0.0498857    0.0439345      0.27977    -0.187523   0.00778853   -0.0484469    0.0615549    0.0902292     0.240505   -0.0144516    0.0516153 -0.000351668     0.199565    -0.311208     0.267309     0.034168    0.0501292  -0.00244702    -0.415756     0.439003     0.191606    0.0047164   -0.0412525    -0.511101   -0.0351702     0.125696     0.457589     0.159603    -0.556146   0.00228575    -0.165166     0.193882     0.393323    -0.180621    0.0538264    -0.256684     0.043279     0.186522     0.305398    0.0210725    -0.180571     0.164079     0.183206     0.177059     0.133914
    0.192215    -0.162208  -0.00589715    -0.203596    -0.257922    -0.132703    -0.223177     0.230918     0.166241     0.223459    -0.398403     0.221127     0.176518   -0.0166033     0.301168      0.36312    -0.471241     0.629295     -0.12642     0.230526    -0.083776    0.0113948    -0.196561     0.409972    -0.146677    0.0987215     0.376493     0.264461    -0.400582     0.313628    -0.109176    -0.153097      0.43976     0.409108     -0.30166    0.0966996    -0.415608     0.205195    0.0898387     0.246081    -0.165371     0.151927     0.228029     0.271584    0.0170771    -0.089206    -0.232819     0.521075
   0.0464419     0.103957     0.313257     0.210529     0.183752     0.330037    -0.187808      0.14952     0.115926   -0.0322923    -0.556464     0.599139    -0.124313    -0.126579    -0.125379    -0.159496    -0.119516     0.193511      0.11869   -0.0845949     0.326931     0.066759    -0.188309     0.304064   -0.0023889   -0.0613151    0.0041541   -0.0718443    0.0856147   -0.0909617     -0.12484   -0.0665905    -0.357759    -0.135881  0.000263407    -0.154066   -0.0291026   -0.0982272    -0.476954    -0.205744    -0.368145     0.106612    0.0155768     0.417282      0.19618     0.295145     0.182386    -0.145022
    0.364701    -0.647893    -0.495396    -0.475781    0.0275161     0.283119    -0.229963     0.124311     0.168163     0.054195     0.285261    -0.145923     0.145794     0.189927     0.226901    0.0100728     0.122273   -0.0787491     0.208287     0.162562   -0.0967856    -0.614414     0.370852    -0.136499     0.150564     0.248646   -0.0771752     0.290391     0.504691    -0.200469     0.195614    -0.496728     0.577644    -0.156035     0.355868   -0.0667298    -0.259026    0.0833832    -0.160224    -0.453664     0.169742   -0.0558279     0.385099   -0.0674553     0.184015     0.203442   -0.0132279     0.306932
     0.12309    -0.263727    -0.483843    -0.336574    0.0773581    -0.140281    0.0579849    -0.123349   -0.0263778   -0.0375779     0.136888     0.151308     0.406833    0.0317285   -0.0028439    -0.172486    0.0575624     0.345222     0.108725      0.35379    -0.168479    -0.404328     0.198033      0.21402     0.214666     0.218614    -0.242509     0.263069     0.220198   0.00312522     0.255905    -0.177616     0.213525     0.169895     0.263352     0.148111    -0.103447    -0.043437    -0.101058    -0.294634     0.190614    0.0892774     0.282735     -0.21366    -0.024452    -0.150682    0.0676595     0.148158
   -0.746394  -0.00902348      0.31882     0.241757   -0.0488486    -0.371931    -0.299284     0.184029     0.210614      0.31595     0.106137    -0.316206    -0.322549    0.0982071     0.197923   0.00861305   0.00158829    -0.063281     0.037182    -0.316314     0.108752    -0.435741     0.186062    -0.130748    0.0332428    -0.198815     0.330298      0.16471     0.501733    -0.350903  -0.00486103     0.098001     0.138487     0.477944     0.483575    -0.190078     0.174077     0.260995    -0.112538     0.273747     0.787099    -0.218022     0.292963    -0.311277   -0.0985929     0.259157     0.339797     0.197886
  0.00314623   -0.0773413    -0.308062   -0.0612542    0.0501815     0.126755     0.130569    -0.250351    -0.230474    0.0177876    0.0765705   0.00984852     0.270067      0.23563    -0.314651     0.193252    -0.146995     0.300497     -0.12889     0.511333     0.169906      0.40292     0.398352     0.229322     -0.14953    0.0593532     -0.59742     0.403546    -0.119492     0.421292    -0.105748   -0.0777363    -0.236595     0.311115    0.0454982     0.277542     -0.17339    -0.117985    -0.210988     0.227146   -0.0886127     0.352849     0.108545    -0.531004  -0.00212417    -0.355354    0.0686874   0.00446619
    0.139144    0.0232582   -0.0623533     0.105959     0.142255     0.351772   -0.0584289   -0.0225779    -0.167116     0.193285     0.227044    0.0971066   -0.0754422     0.129317    0.0377267     0.136989     0.323636     0.152143    -0.215422     0.428617     0.241769     0.484538     0.531783    0.0457528    -0.156294     0.073589   -0.0250913     0.235472    0.0756127     0.157676    -0.087701     0.347722   -0.0312032     0.228487     0.123188     0.201123    -0.189807     0.309856    -0.170936    0.0912763     0.283067     0.170337     0.228781    -0.608347    -0.603766    -0.725872    -0.360389    0.0368886
   -0.134726    -0.218243    -0.378169    -0.568052    -0.669457   -0.0994437    -0.016196     0.267433     0.229768    0.0165731    -0.134238    -0.374541      0.18354   0.00958573     0.359255   -0.0879535    -0.315283    0.0806847     0.305788    0.0656154    0.0962115    -0.466152     0.101394   -0.0682845     0.439192    -0.222956     0.228939    -0.263088    -0.110314    0.0409268     0.383364   -0.0610691      0.51412   -0.0293697    -0.165968     0.264093     0.281346   -0.0332031    0.0987153    -0.279424    0.0990886     0.202769     0.339552     0.305845    -0.137936     0.192049     0.224493     0.492812
   -0.163158    -0.162333    -0.163043   -0.0910151    -0.083337    -0.184073     0.127185  -0.00628187     0.036303     0.194062      0.32779    -0.590622    0.0221163     0.119824     0.196659     0.165887    0.0683219    -0.252465      0.17373     0.132013    0.0602456   0.00568052     0.188177     -0.33153     0.190713   0.00184298    -0.030859     0.134684     0.077382    -0.222828       0.1944     0.113604     0.094532      0.34668    0.0691534   -0.0468327     0.288996    -0.112141     0.192116     0.102224     0.245148   -0.0522965     0.311421    -0.296269    0.0659524     0.154256     0.182369     0.224006
  -0.0275008    -0.199196  -0.00669043    -0.325465    -0.574594    -0.424702     0.204651     0.247843     0.189975    0.0242588     0.229773    -0.475204    0.0933679    -0.178335     0.252551     0.209102   -0.0906029    0.0506396   -0.0498434    -0.184977    -0.178466    -0.176873    -0.204213    -0.145072   -0.0721596    -0.165802     0.396092    -0.114194    -0.347718    0.0404596   0.00429744    -0.230775     0.674096   -0.0115534    -0.138898     -0.20258    0.0243881     0.281069     0.734629     0.426491      0.31842    -0.166255   0.00652916     0.279824     0.151804     0.391396   -0.0983076     0.268683
   -0.302599    0.0329426    0.0666566    0.0969963    -0.156613   -0.0999754     0.119725    0.0345748    -0.089668     0.127316     0.114939    -0.112692     0.110039    0.0550311    0.0580711     0.141832    -0.134856   -0.0522576     0.144211    0.0259949     0.166315    -0.101111      0.31058    -0.031452     0.236668    -0.309012    -0.269025    -0.231083     0.102666     0.131429     0.199337    -0.294026      0.16178    -0.108977     0.189107     0.145954     0.332598    0.0522845   -0.0567054     0.165639     0.362142    0.0949658     0.184592    -0.217053    0.0440909     0.242201     0.281249     0.173858
   -0.272049   -0.0806474     0.124506   -0.0482393   -0.0251477   -0.0144387     -0.18778     0.062115     0.126827    0.0317957     0.393805     0.103616    -0.181795    -0.192265     0.185522   -0.0972465     0.538327    0.0965066    -0.597574     0.481295    -0.117193     0.240591     0.129349    0.0288644    -0.375972     0.118346     0.382536    0.0668516    0.0103103    -0.119361    -0.393066     0.430435     0.558229     0.334322     0.233418   -0.0412588    -0.621622     0.550893     0.429541     0.165774      0.41349    -0.167037    -0.412853    -0.149439   0.00749943    -0.171939    -0.516297   -0.0751392
  -0.0062221      0.29306     -0.12108    0.0637255    0.0484217   -0.0803995    0.0575003   -0.0989648    -0.174483     0.207676   -0.0533155     0.230528    0.0535152    -0.061842   -0.0857573    0.0484142     0.107294     0.441589    -0.171533     0.529662     0.108279     0.503797    0.0410594     0.427514    -0.141516    0.0712573   -0.0177531     0.124488    -0.126248     0.346475   -0.0798343     0.393575    0.0372321      0.36454    -0.107492     0.500259    -0.248323     0.107151   -0.0124307      0.25611   -0.0229499     0.326106      -0.2693    -0.329532    -0.474186    -0.732723    -0.106224    -0.281954
    0.236609     0.397577     0.244814    0.0343859    -0.241209    -0.368198     0.354197     0.108407    0.0129017   -0.0872002    -0.562985     0.240114     0.315123    -0.430469    -0.239047    -0.278214    -0.232901     0.323947    0.0537663     0.293687     0.292737     0.417032    -0.399945     0.256484    -0.100533     0.079786     0.203351   -0.0292668    -0.429952   -0.0623297    -0.108148    -0.104035      0.19474    -0.206326    -0.429136    -0.360761    0.0366872    0.0102631     0.202011    0.0329244    -0.370581    -0.176639     0.166334     0.359096     0.217087    0.0394782   -0.0330183     0.165531
   -0.287613    -0.223586   -0.0416323    0.0780022    0.0157747  -0.00703179    -0.266256    0.0560881   0.00565084     0.351059   -0.0371288     0.249148    -0.202318   -0.0212957    0.0180784    -0.066182     0.165633     0.138697   0.00330964   -0.0617039   -0.0341801    -0.108176   -0.0553955     0.138631     0.024836    -0.117495   -0.0473824    0.0752065      0.16439   0.00429302   -0.0546169      0.10487   0.00721614     0.206809     0.199522     0.139994   -0.0841226       0.1202     -0.25682    0.0234862     0.230258     0.111379    0.0254005     0.124943     0.264113     0.302114     0.503049     0.145275
    0.139277    -0.187989    0.0293752    -0.123228     0.121745      0.26335    -0.196219     0.233834     0.173463     0.150828    -0.439942     0.360369    0.0794365    -0.121413   -0.0745161   -0.0695317   -0.0248351     0.148873    -0.225177     0.298189     0.366262     0.393004    -0.131627     0.185243    -0.353095      0.13635    0.0101075     0.256842    -0.157144    0.0112087     -0.45862    0.0198253   -0.0520717    0.0610747    -0.163659   -0.0858427    -0.374548   -0.0880277    -0.191792     -0.18642    -0.507434     0.149037     0.016998     0.380066     0.655829     0.375995     0.174639   0.00134967
    0.478028  -0.00964414    -0.194421     -0.10604    -0.206883   -0.0787016     0.274835    -0.254957    -0.333811    -0.083286     0.545722    -0.134927     0.265507    0.0698931    -0.116887     0.207619      0.37859   -0.0820258    0.0615524    0.0592358    -0.397557     0.069736     0.198365    -0.148283     0.029134     0.138266     0.137303      0.19427    0.0948035    -0.167194     0.100455      0.29918    -0.097125     0.310174   -0.0267647    -0.197149     0.167876     0.370914     0.113058     0.124414     0.437861    -0.283183     0.790848    -0.566483    -0.376561    -0.394511    -0.235274     0.741461
   -0.250508     0.709951     0.801252     0.595279     0.524423    -0.215389    0.0227622     0.163241    0.0795737     0.117827   -0.0445135     0.126836    -0.161603    -0.213898    0.0573561    0.0470457    0.0740667    0.0537578    -0.160601   -0.0514117     0.172231      0.30971     -0.14216     0.196512    -0.141374    0.0715291    0.0838803    -0.158715   -0.0713948    0.0881809     -0.15768     0.152974    0.0764221   -0.0732062    0.0783336    -0.119713    -0.187128    0.0311414     0.300463     0.264164   0.00908023    -0.139017     -0.51407     0.139613    0.0750519   -0.0359885    -0.161902    -0.621259
   0.0719893      0.17618     0.171552   -0.0439388     -0.21872     0.533349    -0.215327     0.289688     0.173885    -0.145573     0.162838     0.115129   -0.0634263    -0.059944      0.31537   -0.0907037     0.325693   -0.0330387    -0.201534     0.308829     0.558909     0.313364     0.779291    -0.286756    -0.256818    -0.367649     0.442822    -0.603466   -0.0762709     0.101937     -0.26375     0.267839     0.243525    -0.206127     0.279554   -0.0271017    -0.104561     0.485724     0.179185    -0.168726     0.314939    0.0514039    0.0960721     0.141903    -0.413538    -0.146842    -0.573391     0.190937
  -0.0951905     0.509262     0.622275     0.519267     0.523184    -0.463086     0.164936    0.0690537   0.00278199    -0.176776   -0.0332485   -0.0565616    0.0604293    0.0181808    -0.267275    -0.195166     0.252067    -0.255115    0.0377871    -0.219408     0.312515     0.233231   -0.0856598    -0.227068    -0.151671   0.00699551     0.285985     0.213552     0.118376    -0.430957    -0.306887    -0.145746   -0.0509643    -0.194352     0.191655    -0.685789     0.235534     0.118499    0.0957991  -0.00577503    0.0786686    -0.351598     0.109103     0.162743    0.0447916     0.197774    0.0108277    -0.298852
    0.286306    -0.187761    -0.189374    -0.120996    0.0255942    -0.339392    -0.184037   -0.0119486   -0.0481464     0.440539    0.0251889    -0.366583     -0.10046     -0.09263    0.0227751     0.122943     0.284105    -0.236015    -0.186606     0.116892    -0.380795     0.185981    -0.366586     -0.37579   -0.0673476       0.1442     0.282603     0.511387   0.00482918    -0.610192    -0.100724     0.543534     0.167045     0.657861    -0.127738    -0.391478   -0.0927739    0.0208211  -0.00135135     0.145035    0.0736775    -0.390213     0.356565     0.101059     0.161586     0.179557     0.512602     0.292488
    0.266642    -0.133998    0.0345632     0.054666    -0.173918     0.331291    0.0304275     0.147045     0.106402    -0.148991     0.163229    0.0985262    -0.146301     0.165898    0.0783338     0.144493     0.247834     -0.27858     0.227228    -0.607846     -0.22623    -0.189419    -0.278141 -0.000110355  -0.00785128   -0.0110436     0.175597    -0.222395    0.0200966   -0.0564595   -0.0510148   0.00190168    -0.144916     -0.36477    0.0281419     -0.24882     0.242152     0.141315     0.126681   -0.0241106   -0.0345558  -0.00729808   -0.0404372     0.304905     0.323024     0.425411     0.054121    0.0820199
    0.314175     -0.40374    -0.182687    -0.287154    0.0507115    -0.104182    0.0233628     0.100217     0.177413   0.00601175    0.0373384   -0.0441008    0.0574971     0.171426     0.209474     0.187002    0.0954022    -0.271847    0.0998873    -0.369508    -0.428778    -0.205002    -0.649038  -0.00955132   -0.0485448     0.339009    0.0950163     0.189214    0.0196065   -0.0673376   -0.0527051   0.00235193     0.200723    0.0484094  -0.00459931    -0.119495    0.0292808    -0.504889     0.162782    -0.194756    -0.544415    0.0535311    -0.034277     0.616396      0.93024     0.777803     0.388055     0.129127
    0.116276    0.0522743    -0.110388    -0.258405    -0.445845      0.15245     0.193138    0.0168438    0.0844487    -0.326061   -0.0753002     0.269731     0.136597   -0.0324179   -0.0340957      -0.1177    0.0707097     0.300449    -0.169925     0.232884    0.0691231     0.292965    -0.124037     0.268861    -0.184393    0.0658275     0.383039    -0.216578    -0.408547     0.419886    -0.283051     0.226777     0.357844    -0.155378    -0.232103     0.232731    0.0779678     0.102348     0.502663    0.0191337    -0.119255     0.331476    -0.112265     0.315101  -0.00960088   0.00117905    -0.370423     0.162199
    0.186441    0.0179227    0.0534536     0.106668     0.238345   -0.0228235     0.237005    0.0965115      0.10066    -0.153314     0.460698    -0.441547   -0.0107499     0.254626     0.205264    -0.104639     0.571351    -0.916688     0.224729    -0.214883   -0.0790846    0.0228846    -0.125746    -0.669551  -0.00499013     0.167174     0.083409    -0.142353     0.271445    -0.525633    -0.147908     0.288138   -0.0981193    -0.347089     0.117095     -0.47194     0.404449      -0.1395    0.0625414    -0.415195   -0.0746519    -0.097927   -0.0327523     0.343207     0.334918     0.305157     0.159104    -0.128063
    0.374969     0.324619    0.0666049     0.344982     0.174014     0.216657     0.126156    -0.190012    -0.261972     0.164124   -0.0337229   -0.0122492    -0.177901     0.131342    -0.102838      0.31933   -0.0209361    -0.339206     0.322293    -0.412092    -0.248436      0.19266    -0.245984    -0.043298     0.285243   -0.0236551    -0.418045   -0.0792369    -0.124394    0.0529323     0.344335     0.365068    -0.887845     0.110758    -0.236232     0.206165      0.38907   -0.0795645    -0.290567     0.175553    -0.258647     0.132476    0.0545272    -0.143782    -0.233747    -0.114552      0.49591   -0.0455769
    0.507761   -0.0510491    -0.174969    -0.302891    -0.051358     0.581001     0.243576     0.188783     0.152104    -0.228263     0.563597   -0.0519434    -0.115166     0.222232     0.272824   -0.0561144     0.505744    -0.366033    -0.041394     0.208777     0.479551      0.33687     0.433676    -0.114541   -0.0744521     0.165941    0.0672197    -0.284417    0.0674415     0.229903   -0.0562344     0.237267  -0.00514308    -0.449478     0.179917      0.20667   -0.0478069    0.0779525     0.490863    -0.085569     0.014575      0.15496    -0.364812    -0.010868    -0.233003    -0.387275    -0.524865    -0.445324
     0.35498    -0.185138    -0.288948    -0.264928     0.206108   0.00553379     0.110772     0.105532    0.0856286     0.268491   -0.0102532    -0.122512    0.0507495     0.114878     0.303714    0.0824024  0.000694135    -0.242887     0.337236    -0.138831    -0.126362    -0.224682    -0.385213     0.113543      0.41262     0.280634     -0.23265 -0.000898824     0.212173   -0.0824067     0.385877  -0.00435799    0.0623577   0.00667549  -0.00139482     0.172694     0.132907     -0.76727    -0.169531    -0.315515    -0.522261     0.189103    0.0694584      0.29324     0.366122     0.291901     0.550334    0.0691307
   -0.227258     0.218637      0.43419     0.361249     0.331605  -0.00218816   -0.0745984    0.0600685     0.193757   -0.0199173    -0.214855    -0.167068   -0.0865754   -0.0874496   -0.0353338    0.0190049    0.0668734    -0.295034    -0.269976      0.28816     0.265861     0.549785    -0.119881    -0.279476     -0.29537     0.170816     0.148989     0.113389    -0.216497    -0.182915    -0.368234     0.145323     0.222544    -0.016729    -0.192449    -0.274758    -0.217619   0.00311187      0.16776    0.0951006    -0.377012    -0.102032    -0.352711     0.313225     0.469871     0.280504   -0.0285615    -0.296576
    0.145324   -0.0333436    -0.319315    -0.484572    -0.634376    -0.393553     0.562034     0.212754    0.0941245     -0.25942     0.112239    -0.127414     0.502695    0.0971719   0.00196235    -0.152024    -0.104272     0.274177     0.027708     0.308963     0.447455     0.237785    0.0313433      0.10262   -0.0449542     0.147978      0.27232     0.113827    -0.300519     0.233654   -0.0905409    -0.220837     0.289767    -0.352392    -0.276675   -0.0354988     0.300036    0.0412177     0.482307    0.0964785    0.0331244     0.149136     0.236612   -0.0366426   -0.0949009    -0.253683    -0.245165     0.185085
   -0.347564   -0.0667035    -0.250333    -0.355544    -0.328582    -0.672528     0.506419     0.161297     0.140307  -0.00692455     0.246287    -0.339392     0.318028    0.0882366     0.198831   -0.0643482    0.0400143     0.153532     0.235213   -0.0510554  -0.00913614    -0.249245    -0.217412    0.0237398     0.314641    0.0770322    0.0165224    0.0335017   -0.0212204   -0.0114517     0.256413    0.0742674     0.280964    0.0472159    0.0891011   -0.0105826     0.330899   -0.0480904     0.361301     0.182641      0.30216    0.0259712   -0.0290008   -0.0812612    0.0500138    0.0459316     0.172536     0.123486
      0.4793    0.0489668    -0.201873    0.0289079    -0.350297     0.128086     0.130986    -0.275774    -0.302031   -0.0726462   -0.0662826   -0.0207408     0.125972     0.110365    -0.374197     0.288278    0.0471297     0.164118     0.176543   -0.0971785    -0.343985     0.289417    -0.293907  -0.00805004   -0.0683907    0.0419972    -0.028342     0.402105    -0.339019   -0.0396495   -0.0118822     0.468175    -0.629537     0.360424     -0.32667    -0.156076     0.328916     0.312063    -0.136175     0.217981   -0.0366043   0.00803342     0.756672     -0.47987    -0.340192    -0.366213     0.085279     0.648732
   -0.137006    -0.116056     0.312349     0.170799    -0.147227     0.802515    -0.626007     0.166239     0.251461    0.0981618    -0.143698     0.396822    -0.553404     0.135705     0.376837     0.531709    -0.349693    0.0909349   -0.0922665    -0.460078    -0.112201    -0.247138     0.147028     0.114846     -0.31973      -0.3058     0.139766    -0.222638     -0.11266     0.537931    -0.200587     -0.11205   -0.0104845    0.0119231   0.00695175     0.597549    -0.195791     0.192138    -0.249788    0.0544484    -0.206423     0.632455  -0.00631686     0.187507     0.141184     0.377701    0.0285461     0.267045
   -0.142078     0.460036     0.685437     0.522554      0.34818   -0.0321439   -0.0152413     0.230438     0.164904    -0.036146   -0.0126294    -0.110126   -0.0707392    0.0831081    0.0189796     0.215763    0.0529078    -0.134895   -0.0643477    -0.129758     0.302626     0.270438     0.126935    -0.272251    -0.278306    0.0984845     0.435774     0.157089    -0.022943    -0.157242    -0.169905    -0.144614     0.121813   -0.0169868   -0.0918744    -0.319685    -0.082532     0.308177     0.281726     0.270084     0.150199    -0.229236    0.0525418 -3.82259e-05   -0.0512782   -0.0236673    -0.257732   -0.0774155
   -0.436549      0.11753     0.381933     0.312238     0.106456     0.161221    -0.254766     0.345926     0.207281      0.12588   -0.0103766     0.528853     -0.47729   -0.0368586     0.150629   -0.0767586      0.10641     0.279823   -0.0957752    -0.529169     0.130297    -0.265364   -0.0594206     0.344233  -0.00734541    -0.121025     0.236693     -0.40776     0.364312     0.317143    0.0699645   -0.0990196   -0.0826333    -0.285945     0.354132     0.269917      -0.1504     0.200466     0.197971     0.177075     0.190378     0.199063    -0.698281     0.376163  -0.00842469     0.301837   -0.0454852     -0.67643
    0.672454     0.159269    -0.209507   -0.0609147    -0.201392     0.642341   -0.0821561    -0.151605    0.0470113     -0.36402    -0.154123    0.0863699   -0.0292283     0.240858    -0.223104   -0.0764151    0.0712218   -0.0491401     0.297621    -0.182702    -0.135384   -0.0634352   -0.0924422    -0.066135     0.151684   0.00160495     0.261307    -0.191644    -0.132816     0.145849     0.225847     0.104099    -0.240766    -0.389988    -0.189639      0.15032     0.207448     0.219493    -0.111028    -0.318361    -0.227421     0.235941     0.238784      0.33326    -0.431077     -0.20327    -0.122835     0.148709
   -0.361413    -0.120085     0.107947    0.0965512     0.107826    -0.172137   -0.0548494     0.123562    0.0808412     0.287588    0.0101451     0.129634    -0.114231    -0.136231     0.215546     0.109914    0.0687984    0.0748017    -0.234813    0.0678649    -0.248013   -0.0547276     -0.28736    0.0655319    -0.103227   -0.0150865    -0.240867   -0.0255302    -0.143653    0.0612555    -0.181503      0.21433     0.235983     0.368037    0.0798835    0.0347092    -0.233706   -0.0227153     0.123735     0.145965    -0.103341    0.0236543    -0.363923     0.302026     0.797852     0.507163      0.37895    0.0498749
    0.319385     0.036304     -0.33867    -0.233696    -0.115383    0.0689722     0.149819    0.0208485  -0.00517138    -0.175293   -0.0606378    -0.117324     0.432811     0.143315   -0.0647266  -0.00499224    -0.298808     0.213754     0.505612    0.0616046     0.119412    -0.467945     0.279369     0.184504     0.401361     0.027479   -0.0922637   -0.0166648    0.0736346     0.182545     0.509319    -0.442082    0.0312523    -0.307221 -0.000501698    0.0555229     0.164017    0.0113969    -0.129868    -0.194144    0.0131551    0.0299456     0.426541    0.0260823    -0.372149    -0.288064    -0.143534       0.2326
   -0.551035  0.000685957     0.247669     0.291595      0.15557   -0.0400504    -0.286267    -0.101214   -0.0671104     0.234997    -0.314495     0.646916    -0.134383    -0.147993    -0.130342    -0.203164   -0.0594045     0.605531    -0.255765     0.449574     0.306671     0.260324     0.287204     0.448065   -0.0785546   -0.0330827   -0.0872125     0.284861     0.261145     0.131111    -0.248878     0.238292    -0.322032     0.595813     0.164865     0.120261    -0.221559     0.248058    -0.447057    0.0456581     0.256947     0.158195     0.158979    -0.320485   -0.0813063    -0.110768    0.0787166    0.0511857
   -0.337822    -0.116414      -0.0408   -0.0737165      0.19046    -0.544689     0.126493     0.215148     0.163881     0.501096     0.108234    -0.279787   -0.0408602      -0.1748     0.320515      0.11461    0.0241902    -0.122414   -0.0869333   -0.0340628   -0.0364771   -0.0100637    -0.486943    0.0600733     0.130892     0.215861    -0.411673    0.0514346   -0.0152959  -0.00291691    0.0788896    0.0204928     0.138411     0.218367     0.051661     0.219366    -0.150984    -0.449908     0.251218     0.285571    -0.101215    0.0794258    -0.682599     0.193702     0.540612     0.257407     0.636639    -0.534606
   -0.49936   -0.228804   -0.223214  -0.0238028     -0.5823   -0.264867   -0.315223    -0.26914   -0.253553   -0.242604   -0.306962   -0.270622   -0.194518   -0.267881    0.120875  -0.0140574  -0.0185468   -0.054657   -0.408698   0.0642498   -0.311173  -0.0701091    -0.36816  0.00354596   0.0426483   0.0560411   -0.109898  -0.0696786   -0.276064   0.0313224  -0.0299439   -0.172375  -0.0912668   -0.167457    -0.04762   -0.185263    0.150571 -0.00772369 -0.00320459   -0.267814  -0.0167068   0.0529094
 -0.0257581   -0.591069    0.498149   -0.132126  -0.0615995   -0.696751    0.139299    -1.15956   -0.851323    0.376803   -0.312471     0.88635   -0.439142    0.329028   -0.805106   0.0771024   -0.370137    0.210338    -1.03078    0.153926    0.346104  -0.0833168    -0.12085    -0.08587    0.432663    0.117961   -0.104224    -1.33402   0.0144725   -0.188795    0.330541    0.124707  -0.0417508    -1.29375    0.216547    0.233874     0.28144     -0.6461    0.104662   -0.608717   -0.578694    0.067269
   0.253061    -1.03979   -0.632639   -0.740361    -1.21439   -0.909656    0.485448   -0.537838 -0.00843871   -0.501373   0.0199819    0.552655   -0.142492    0.549336   0.0307958   -0.196226   -0.366271   -0.844311     0.47683    0.219484    0.203594    0.245061    0.163997   -0.056624    -0.88123   0.0858593    0.180209   -0.155204    0.146115    -1.18881  -0.0224932    0.240753    0.253047    0.204637   -0.668266    0.208619  -0.0227582    -0.38893   -0.298725   -0.890045   -0.344066   -0.193661
   0.503418    0.263585   -0.141358   -0.539975   -0.254462   -0.389658  -0.0595849  -0.0196406    0.159051   -0.548706   -0.204846   0.0787974  -0.0707182    0.113377    0.061192   -0.685996   -0.320373   -0.622306    0.184876    0.211737    0.136121   -0.343366   -0.399558  -0.0977331    -0.76698   -0.247723   -0.570863    0.248202    0.270968   -0.640586   -0.245267   -0.483916   -0.551292  -0.0761733    0.558216    0.216787    0.231631    0.134411   -0.293139  -0.0260631   -0.366655   -0.263019
     0.3383   -0.102357   -0.363461   -0.652971    0.275238    0.236208    0.421591   -0.157026    0.200028   0.0385815    0.173021   -0.343499  -0.0400665    0.696114    0.334928     -1.0721    0.213252   -0.579794  -0.0339686    -0.21913  -0.0272042   -0.754088    0.536663   -0.789451   -0.420038   -0.658615   -0.211439   -0.367328  -0.0871395    0.185812   -0.409553   -0.881977   -0.018055   -0.762568    -0.38297   -0.594715   -0.131165    -0.76999    0.220027   -0.398408    0.241702     0.47063
    -0.4131  -0.0454166   -0.289702  -0.0141058   -0.284806   -0.310176   -0.403125   0.0335285   -0.166509   -0.231701    -0.19454    -0.35817  -0.0934051   -0.396451  -0.0185465  -0.0589304   -0.210189   0.0647054      -0.529  0.00776399  -0.0188518  -0.0180443    -0.33289   -0.199125  -0.0869202  -0.0321217   0.0613373  -0.0430951   0.0359524  -0.0271991   0.0984862   -0.141206   -0.357084   -0.257946   0.0483656  -0.0776238   -0.163856 -0.00312164   -0.184563   -0.148772    -0.13672  -0.0807966
   0.189457  -0.0313375   -0.255306   0.0318871    0.315016   -0.103272     0.20416    -0.38707   -0.446223   0.0371682  -0.0224165   -0.399263   -0.298966    -0.52345   -0.480763   -0.642359   0.0342605  -0.0118528   -0.737544   -0.334268   -0.580775   -0.210963  -0.0135058   0.0150173     0.37619   -0.374487    0.267288  -0.0843046   -0.222962    0.221012   0.0591692    -0.52436   -0.191182   -0.461817    0.264082   -0.147359    0.251119    0.111535    -0.10369  -0.0732399   -0.258186    0.166373
   0.124095   -0.880675  -0.0396908    0.383977   -0.686608   -0.785523   -0.629144   -0.694516     0.21129   -0.886504    -1.03792   -0.547994   -0.997798    0.528077    0.210864  -0.0509647   -0.302247    0.192898   -0.230882    0.279528    0.484098    0.138935   0.0909541  -0.0292166   -0.529859  -0.0163777   0.0370216   0.0625195    0.216298   -0.772949    0.257205   -0.779777    -1.10783   -0.100451    0.161477    0.186928    0.237247    0.575022   -0.394354   -0.664024   -0.109233   -0.663061
 -0.0948471  0.00925242   -0.055566   -0.258308   -0.581824   -0.106606    -0.13782   0.0999591     0.17742    -0.31895   -0.252203   -0.133231   0.0354588    0.169803    0.196297   0.0346275    -0.29435   -0.342622    -0.13016    0.171046      0.1978   -0.109042   -0.538613   -0.646268    -0.89504 0.000970221   -0.825883   -0.241854    0.087232   -0.836458  -0.0383517    0.178324 -0.00429504   -0.260433   -0.391302    0.146705    0.174968   -0.310358    -0.31373  -0.0438361    0.213802   -0.181099
  -0.595622  -0.0253803    0.236849     0.16284   -0.512721    -0.21682   -0.318055    0.303236   0.0269551   -0.863034   -0.613026   -0.281965   -0.261649    0.148694    0.227751    0.149649   -0.230673    0.294209   -0.629415    0.336057    0.132794   0.0287002   -0.544181   -0.429084   -0.503744   0.0343123   -0.721428   -0.594767  -0.0881259   -0.574963    0.257915  -0.0118229   -0.371709   -0.599665   -0.197233   0.0481917    0.202825   -0.603608   0.0983141   -0.241944    0.273868  -0.0339386
  -0.367952  -0.0640911   0.0161754   -0.144369   -0.297897   0.0185369    0.118674  -0.0177429   0.0888586   0.0165313   -0.119929   -0.297376  -0.0259765   -0.232262     0.13802   -0.150974  -0.0698055   -0.410141  -0.0297175  -0.0409638   -0.174235   -0.269307   -0.370104   -0.356784   -0.303476  0.00228685   -0.545493  -0.0938184   -0.471997  -0.0475144   -0.391411    -0.23019   0.0182278   0.0770791   0.0991401   -0.244791   -0.111603   -0.093765   -0.108792  0.00376347   0.0669235   -0.241993
  -0.405194   0.0174294   -0.167518  -0.0582272   -0.301902  -0.0956715   -0.277614 -0.00158856   -0.199842  -0.0481846   -0.159418   -0.321239  -0.0759921   -0.424779   -0.104118  -0.0512786  -0.0999979 -0.00356946   -0.437973  -0.0545054   -0.175271  -0.0386534   -0.424923   -0.305289   -0.233038  -0.0899662   -0.318336   -0.119877   -0.346296   -0.103938  -0.0674061     -0.0178   -0.088945   -0.238939  -0.0408647   -0.111598 -0.00776726   -0.125273   -0.126364 -0.00167365     0.05573  -0.0874121
  -0.730709     -0.2972   -0.687622   0.0745105   -0.443883   -0.365747   0.0810557   -0.720798   -0.951994  -0.0993017 -0.00733291  -0.0373584    0.096424   -0.658318    -0.74849     0.18079   -0.177594   -0.271624   -0.551795     0.35979   -0.715509    0.496141  -0.0848941   0.0320465    0.240655   -0.653146    0.581726    0.273439   -0.706207    0.238631    0.296283   -0.545489     0.19951   -0.458504   -0.632348   0.0757748 -0.00758571   -0.321329    0.178806  -0.0893593   -0.619393    0.358172
  -0.590499   0.0797182  -0.0292706   0.0252232   -0.363186  -0.0123779   -0.417549   -0.114089   -0.464785  -0.0706413    -0.34801   -0.283645   -0.119361   -0.470699   -0.130462   0.0427137  -0.0857222   -0.105154   -0.471656    0.107289   -0.598824  -0.0493221   -0.398092  -0.0942107   0.0954065   -0.120804    -0.28369    0.049491   -0.528818    0.055452   -0.337699   -0.213294    -0.15583  -0.0691824   0.0889581   -0.371924   0.0811109   0.0466095   -0.111999   0.0868373    -0.05854  -0.0131663
  -0.356681   -0.131204   -0.255644   0.0138191  -0.0656145   -0.191537   -0.194888   -0.109328   -0.233884  -0.0190214  -0.0205018   -0.237801  -0.0241087    -0.36572   -0.383612   0.0422994   -0.202588 -0.00075499   -0.144309   -0.156264   -0.070944  0.00616775   -0.174045   -0.125362   -0.109657    -0.24029   0.0621077  -0.0730973   -0.169351  -0.0261101   -0.010525   -0.196115   -0.239727   -0.116245   -0.187028   -0.018652   -0.439731  -0.0546128   -0.156886  0.00884353   -0.145207   -0.256528
  -0.285156   -0.347989   -0.578747   0.0885924   -0.231607   -0.195067   -0.402807    0.119346    0.243468   -0.214285   0.0383516   -0.612023   0.0188218     -0.5535  -0.0309468    0.165559    -0.60804   -0.248875   0.0521238    0.127586    0.269136    0.270273   -0.356164    -0.32279   -0.821548   -0.306886   0.0805782    0.215545    0.186922   -0.158357    0.132049  -0.0564343   -0.447741     0.13158   -0.612332    0.175733   -0.662991    0.205355   -0.713465    0.321112   -0.171143   -0.643344
  -0.521515   0.0194101   -0.573827  -0.0305893   -0.414366   -0.417927   -0.231454  0.00574945   -0.308079   0.0251738   -0.092962   -0.350816  -0.0079309   -0.574841   -0.238413   -0.140649   -0.123523  -0.0786949   -0.590211   0.0908097   -0.131145  -0.0532074   -0.548278   -0.110801   -0.168909   -0.166066   0.0691173   0.0676016   0.0221582   0.0581009    0.122845   -0.202247   -0.177772    -0.43692    0.164332  -0.0142774   0.0940552  -0.0225752   -0.177088  -0.0511549   -0.128361   0.0209335
  -0.679624    0.070352    0.153456    0.024102   -0.108561   0.0115586   -0.802259    0.298278    0.494966    0.171836   -0.281987    -0.64134  -0.0643203   -0.394445    0.457725    0.212667   -0.311626   -0.011063    0.106787   -0.777106    0.196088   -0.964095   -0.677416   -0.492333   -0.892931     0.26742    -1.13478   -0.156924    0.194711   -0.140955   -0.632533    0.262005   -0.317897     0.17367   -0.136457   -0.774254   -0.536811    0.151903   -0.794182    0.120212    0.381312   -0.870155
   0.245622   -0.247053    0.284984   -0.125807   -0.518734   -0.649135    0.382202   0.0641699   -0.272837   -0.902297   -0.020755   0.0504186   -0.155958   -0.132554   -0.170129   -0.335845    0.123618    0.269321   -0.391182    0.127562    -1.02974  -0.0134607    0.895399   -0.361756    0.265629   -0.784681   -0.471055    0.119441    -1.18262   -0.124382    0.322266   -0.850587   -0.484307 -0.00262959    0.187873    0.171846   -0.200284    -1.16989    0.398743    -1.07801    0.263034    0.617245
   0.538113    0.340523   -0.914559   0.0926157    0.452123   -0.161347    0.530839   -0.445716  -0.0565768   -0.982006   -0.345245   -0.476974  -0.0231816    0.508057    -0.79686    -1.01209    0.199188   -0.131828   -0.114024  -0.0343605    0.340524    0.183022   -0.399089    0.208849   -0.354456   -0.713415    0.275055   -0.545113  -0.0755805    -0.75926   -0.116854    -1.06163   -0.715099   -0.709973    0.341685   0.0246148    0.463168   -0.540254   0.0808771   -0.660823    0.373635   -0.509882
   0.116594     0.11694  0.00105139   -0.758118     0.23215    -0.15205   -0.540668   0.0342507    0.147455    0.294905    0.117259   -0.079663  -0.0451159   -0.532989   -0.320486   -0.871091   -0.565482   -0.858788    0.487464     -0.9439   0.0288958    -1.08933   -0.611503    0.047359 -0.00659876  -0.0723613  -0.0965791    0.154943    0.305336    0.145987   -0.719039   0.0679449  -0.0285916    0.256866    0.471625   -0.476012   -0.716758    0.180896   -0.560735    0.166553   -0.950157    -0.67691
  -0.679896   -0.290234   -0.037815   -0.291734    0.265124  -0.0746739   -0.265065   -0.578327    -1.08821    0.513607    0.104504    0.479377   -0.106246    -0.62999    -1.03737    0.330364   -0.219259   -0.268303    0.237785     -1.0032    -0.67799   -0.275662    0.558623   0.0754196    0.675981   -0.364109    0.385958  0.00193457   -0.784902    0.303987    -0.39443   0.0424173     0.15112    0.243752   -0.730241   -0.642261    -1.11536  -0.0584734   -0.111091    0.170749   -0.925587  -0.0494643
   0.243251   -0.105833   -0.597345   -0.308945    0.248244  -0.0154964    0.411037    -0.40402    0.103821    0.134257   0.0257059   -0.225791   0.0283009   -0.609515   -0.386933   -0.571405 -0.00812513   -0.418961   0.0379999    -0.42584    0.111709  -0.0519554  -0.0743842    -0.14163   -0.341761    -0.83611    0.205442   0.0123015    0.105168    0.135158   -0.710052   -0.138059   0.0723259   -0.405022   -0.575977   -0.257967   -0.124463   -0.391528   -0.482606    0.230696   -0.421653   0.0879831
    0.45031   -0.142225   -0.927405   -0.424509    0.267542    0.176986    0.305594    0.280431    0.138022   -0.223616   0.0721306     -0.6429 -0.00939334   -0.619547   -0.319754    -0.70977   -0.168748    -0.55057     0.32263   -0.716646   -0.425334    0.306914   -0.045387   -0.229719   -0.321246   -0.748545    0.249681   0.0771449   0.0734451  -0.0543484   -0.643649  -0.0236493   0.0706454    0.209752   -0.947382   -0.276042   -0.669251  -0.0284648   -0.749663    0.241551   -0.297434   -0.493912
  -0.708391    0.199282   -0.112521   0.0792267   -0.623817  -0.0815545   -0.336877   -0.135761   -0.755256  -0.0762009   -0.474951   -0.295331  -0.0640467   -0.521635  -0.0863839 -0.00380061   0.0178917    -0.11799   -0.776016    0.351889   -0.791607   -0.103755   -0.656134   -0.122945    0.105868  -0.0546231   -0.425238   0.0322572   -0.723796   0.0451995   -0.212391   -0.338927 0.000321304   -0.445462    0.137747   -0.410582      0.3803   -0.201998     0.15948  0.00258878    0.169028    0.304278
  -0.119344   -0.267521  -0.0533214    0.128276  -0.0349935   0.0583588   -0.163749   -0.238894  -0.0861001    -0.36975   -0.316628   -0.430811   -0.306613   -0.412159  0.00362008     0.18226   -0.334885   -0.238698    0.234939   0.0901722   -0.574698    0.186708   -0.147026   -0.167005   -0.144827   -0.294195    -0.24827  -0.0101066   -0.297016   0.0780463   -0.324956  -0.0396777   -0.138339    0.143837   -0.500435    0.122883  -0.0537577   0.0146723    -0.56574    0.197786   0.0786007   -0.406145
  -0.287823  -0.0251021    0.163053   -0.237394   -0.550838  -0.0660025    0.120493   -0.132317   -0.120863   -0.118935   -0.168656   0.0510118 -0.00681434   -0.138063   0.0702003   -0.042606   -0.129935   -0.555367    0.135005   0.0766423    -0.22282   -0.137456   -0.401943   -0.193471   -0.563702  -0.0288143   -0.617167   0.0433822   -0.416803    -0.42041   -0.419389  -0.0747777    0.116049    0.109907   -0.104389   0.0314798    0.102062   -0.184803  -0.0876033   0.0245282    0.083648   -0.178973
-0.00532767   -0.198467    0.145803  -0.0109027   -0.054751   0.0825713    0.207748   -0.180943   0.0286965    -0.18099   -0.124986   -0.329902   -0.235668   -0.293554  -0.0710651   0.0762165   -0.191641    -0.35772    0.276523  -0.0544227   -0.431962    0.063178   0.0171514   -0.225564   -0.267062   -0.275534    -0.33737  -0.0552052   -0.527463  -0.0544601   -0.416355  -0.0821407  -0.0741639    0.121443   -0.403309   0.0519349   -0.286361   -0.137203   -0.422368   0.0268229    0.160195   -0.411786
  -0.593154 -0.00319827     -0.2757   0.0333885   -0.567548   -0.334573   -0.347363   0.0906108   -0.245856   -0.415915   -0.302587   -0.366266   0.0246941   -0.348418   0.0422824   0.0308583   -0.125443    0.232718   -0.646775   0.0683933  -0.0336615    0.083723   -0.459206   -0.361124   -0.156893     0.05281  -0.0309406  -0.0821713   -0.176612   -0.178044    0.289481  0.00775618   -0.339576   -0.571601    0.048857  -0.0634813  -0.0180638    -0.33929   0.0658464   -0.466637    0.162058   0.0620605
  -0.722137    0.181369   -0.100195    0.127214  -0.0785702 -0.00339941   -0.793915  0.00217108   -0.591894    0.227575   -0.498531   -0.123159   -0.193312   -0.421832   -0.119476  -0.0736224   -0.104855 -0.00602326   -0.941276   -0.561001   -0.592482    -1.09893   -0.558213    0.119842    0.393237    0.191048   -0.520799   0.0225635  0.00425694    0.219066   -0.544702  0.00328911  -0.0646162   -0.228738    0.165471    -1.01005    0.382423    0.117263   0.0369233 -0.00143342   -0.458548    0.287213
  -0.704099    0.161324    0.198104     0.12025    0.142594  -0.0112191   -0.555835  -0.0357142   -0.567438    0.287686   -0.292846  -0.0887681  -0.0818961   -0.447856   -0.425814     0.02386   0.0903841   0.0124697   -0.215675   -0.969743   -0.607665   -0.989754   -0.440751   0.0537097    0.448778   0.0972478    -0.71108   -0.128335    -0.66297    0.128474   -0.700917   0.0591512   -0.102746    0.278725    0.283905   -0.868944   -0.234203    0.107716  -0.0951124 -0.00212475   -0.214381   -0.404375
   0.165531   -0.844233   -0.281604   -0.524533   -0.285247   0.0130633   -0.740852    0.269494    0.111177   -0.810309  0.00457019   -0.382859   -0.873723    0.453815    0.190152   -0.288803   -0.375282    0.169873    0.413048   -0.134477   -0.443721   -0.269378    0.620182   -0.428591     0.26028   -0.111746    0.145907   -0.108897    0.224714   -0.160995    0.147084  -0.0756241   -0.156706    0.481834   -0.987637   -0.311646   -0.893229   -0.474764    0.139298   -0.720689   -0.154953    0.208034
   0.222288    -0.38242   -0.489292   -0.553742    0.286302   0.0118473  -0.0316454   -0.807384   -0.429724    0.190965  -0.0346905    0.542891  -0.0810265   0.0429146   -0.582431   -0.360272   -0.337436   -0.718793   0.0997694   -0.163014      0.2814    0.174549    -0.14194    0.115982    0.214111   0.0207009    0.296595   -0.641882    0.237317  -0.0639519    -0.34538   0.0128218   0.0862801   -0.781428   -0.678357  -0.0962829    0.128891 -0.00834715   -0.355422    0.151062   -0.926834   -0.239885
    0.61428   -0.260383    0.763378   -0.656493    0.301704    0.200783    0.428909  -0.0604528    0.146628    0.382818   -0.122617    0.367093   -0.271445    0.566938  -0.0761466   -0.226279   -0.162873   -0.218496    0.422794   -0.743421    0.328301   -0.434907    0.415366   -0.764246   -0.725593   -0.141288   -0.915219    -1.30985   -0.794912    -1.18679   -0.341851    0.172214   -0.206789    0.164089   -0.339464   -0.067281    -0.88846   -0.449349   -0.351039   0.0234375    0.275477   -0.922712
   0.104687    -0.34702  -0.0357842   -0.684052    0.523284   0.0955496   -0.993065  0.00254532   -0.133133   -0.536276    -0.26311    0.275685   -0.452393    0.429925  -0.0794478    0.152003   -0.499739   0.0452226   0.0616173  -0.0670965   -0.409702  -0.0772902    0.167711   -0.299749    0.318227    0.071529    0.109219   -0.987707    0.263745  -0.0491037    0.285002     0.42997  -0.0634958   -0.428252    -0.92182  -0.0784565   -0.773313   -0.488743  -0.0292533   -0.278045   -0.941653    0.211904
  -0.329013   -0.527407   -0.289759    0.137262   -0.527522   -0.609737  -0.0882068   -0.620651   -0.321852   -0.409493   -0.326287   -0.323184   -0.312557   -0.290538   -0.565462   0.0187249  -0.0309575    0.192579   0.0161019   -0.107724    0.180586   0.0485133    0.480929    0.218994    0.460136  -0.0185085    0.252816    0.103691   -0.343701   0.0268421    0.128604   -0.604876   -0.708416      0.2734    0.191977  -0.0105559   -0.229603    0.180844    0.027843   -0.648308   -0.192563   -0.507881
