no weights
    0.165012    -0.401248    -0.073772    0.0419194     0.286166      0.25102    -0.363848     0.127985     0.205336     0.243659     0.667638    -0.321743    -0.259241     0.499376     0.285379     0.407135     0.409845    -0.157065    -0.178163   -0.0106238     -0.14043   -0.0774162     0.471895    -0.455796   -0.0833877     0.323308      0.49732     0.736027     0.574891    -0.294561    0.0312381     0.106977     0.245191      0.29226     0.178693  -0.00776974     -0.29246     0.596825     0.238808     0.194318     0.683688   -0.0828146    0.0922494    -0.456352    -0.276887    -0.140221    -0.235977   -0.0999994
   -0.207387    -0.267582    -0.162063   -0.0770058    0.0531903     0.337985    -0.222986    0.0308233   -0.0373547    0.0961743     0.164769      0.20248   -0.0367117    0.0834851    0.0274746     0.251891    -0.417463     0.220197   -0.0418698    0.0883412    0.0742328    -0.489926     0.541665     0.112773   -0.0600028   -0.0628818    -0.732227   -0.0239877    0.0992715      0.54983     0.129215    -0.772784    0.0291872    -0.217386     0.198719     0.491952    -0.270008     0.140079    -0.204572      0.12057     0.251913     0.335995   -0.0386428    -0.204618     0.216445     0.175569     0.225353     0.107518
    0.288864     -0.18193    0.0229736    -0.197202    -0.251723    -0.196743    -0.254163     0.248917     0.187184     0.274885    -0.390245     0.359351     0.160432   0.00114482     0.367608     0.446136    -0.491221      0.79915    -0.139496     0.186866    -0.224127   -0.0902324    -0.320251      0.61379    -0.177853     0.125289     0.415454     0.318582      -0.4009     0.356738    -0.127069    -0.184782      0.51984       0.4885    -0.237714     0.066212    -0.531938     0.261173    0.0908163     0.366279    -0.150599    0.0997286     0.296614     0.314715    0.0301178    -0.181682    -0.321101     0.656394
   0.0944685    0.0654147     0.316738     0.205467     0.163096     0.401531    -0.218994     0.195125     0.135157   -0.0107127    -0.599986     0.653719    -0.151124    -0.148824    -0.111363    -0.216689   -0.0950171     0.201465     0.131576   -0.0678002      0.39803     0.088448    -0.185121     0.368946   -0.0497874   -0.0324158     0.047117   -0.0476883     0.156114    -0.187552    -0.200892   -0.0585968    -0.407989    -0.202932    0.0560417    -0.287641   -0.0195686    -0.194996    -0.650727    -0.320111    -0.488167     0.123207     0.106802     0.466707     0.269639     0.320259     0.211319    -0.197484
    0.524056    -0.709996      -0.5407    -0.468996  -0.00772148      0.43796    -0.266406     0.118533     0.206383     0.057042     0.291459    -0.119378     0.121496     0.240328     0.226252    0.0427839    0.0700985    -0.038173     0.274181     0.162575    -0.107898    -0.697645     0.432484   -0.0927362       0.1889     0.307967   0.00628836     0.360924      0.63973    -0.253974      0.26048    -0.724236     0.672654    -0.357106     0.383113    -0.104928    -0.242393     0.106564    -0.241949    -0.450243     0.202174   -0.0689684     0.494005  0.000843733      0.20507     0.245775    0.0132032     0.360908
    0.120497    -0.313967    -0.522108    -0.346429     0.099753    -0.265563    0.0818931    -0.146478   -0.0158247   -0.0474191      0.14307     0.303344     0.439962    0.0580343   -0.0249068    -0.206957    0.0363623     0.516191     0.105983     0.380033    -0.252073    -0.536837      0.13073     0.325979     0.270807     0.270082    -0.267596     0.325642     0.298285   -0.0237366     0.284835     -0.23039     0.251936     0.178669     0.367583    0.0942152     -0.17529   -0.0186813    -0.109369    -0.262915     0.216439    0.0399625       0.3241    -0.224062   -0.0334764    -0.213075   -0.0140819     0.114348
   -0.930423   -0.0286408       0.3292     0.284433   -0.0274132    -0.441301    -0.328503     0.222619     0.264823     0.353471     0.105146      -0.3138    -0.372642     0.127167     0.218844   -0.0138842   0.00824837   -0.0643391    0.0550319    -0.437437    0.0364166    -0.557422    0.0665893    -0.101001    0.0556914    -0.216623     0.325809     0.161836     0.525351    -0.391397    0.0012584     0.169516     0.175552     0.671901     0.599914      -0.2146     0.235605     0.268605     -0.10774     0.332846      0.90637    -0.241122     0.278104    -0.300339   -0.0479556     0.287005     0.389941     0.381831
   0.0173955    -0.134123     -0.33973    -0.122114    0.0137609     0.221993      0.11804    -0.393948    -0.261022   -0.0725042     0.103235   -0.0680209     0.270247     0.364945    -0.433069     0.242492     -0.24337     0.230751    -0.211051     0.643173     0.310935     0.452748     0.559521     0.134712    -0.216714    -0.040391    -0.835212     0.495353     -0.21503     0.507773    -0.153471    -0.105495    -0.234219     0.356281    0.0964754     0.343716     -0.28101    -0.121178    -0.256709     0.247633    -0.123566     0.409798    0.0950966    -0.556262    0.0132091    -0.386559     0.107372   -0.0587463
    0.154136    -0.020397   -0.0828868    0.0712669     0.107242     0.351522   -0.0805013    0.0163185    -0.180599     0.254176     0.238055    0.0888461   -0.0957543     0.133393     0.086235     0.170476     0.323702     0.180348    -0.252155     0.459582     0.303703     0.508474     0.565355    0.0564321    -0.197957    0.0434715    -0.093163     0.235204    0.0623672     0.173552    -0.123038     0.442852   -0.0509343      0.30157     0.222557     0.177358    -0.311304     0.301913    -0.277251    0.0872517     0.269268      0.19383     0.280891    -0.754018    -0.731218    -0.919134    -0.459169    -0.034506
     -0.2541    -0.261632    -0.422081    -0.601043    -0.729332   -0.0240718   -0.0451121     0.327499     0.257997    0.0750138    -0.163347    -0.461717     0.158881   -0.0558861     0.434819    -0.105211    -0.385501    0.0625567     0.337123    0.0553914     0.116811    -0.469754      0.13113     -0.15245     0.548228    -0.274314     0.170478    -0.395216    -0.177316    0.0442829     0.473905   -0.0717773      0.62371    0.0195353    -0.152533     0.310938     0.264037   -0.0152103     0.121235    -0.291891     0.105515     0.243039     0.354285     0.349839     -0.12727     0.233745      0.22165     0.604403
    -0.19991    -0.169873    -0.161476   -0.0738435   -0.0971252    -0.103058     0.137556  -0.00869197    0.0482499     0.211721     0.354866    -0.748027    0.0138648     0.148511     0.210477     0.193139    0.0353181    -0.382285     0.196332      0.16738     0.143442    0.0647179      0.29366    -0.504599     0.257468   -0.0505392   -0.0878612     0.104394    0.0438575    -0.281831     0.262683     0.141391    0.0589127     0.454309    0.0658094   -0.0714646     0.329624   -0.0928809     0.207015     0.130609     0.337133   -0.0882492     0.387467    -0.299274    0.0726581      0.19213     0.231383      0.35538
  0.00573369    -0.216892   0.00366881     -0.35853     -0.65256    -0.432375     0.271583     0.266728     0.152308     0.074858     0.281876    -0.477413     0.157417    -0.240581     0.309224      0.31169    -0.126676    0.0920615    -0.024202    -0.253237    -0.317726    -0.259229    -0.235988   -0.0957402   -0.0406194    -0.264924      0.36855    -0.221769    -0.446848     0.108054    0.0658188    -0.458484       0.7761   -0.0925185    -0.209685    -0.203395    0.0450764       0.4393     0.900338     0.633647     0.450516    -0.292332    -0.115338     0.354392     0.191703     0.456771    -0.105669     0.372809
   -0.377702    0.0110248    0.0710806    0.0419589    -0.213345    -0.125571     0.134245    0.0422195    -0.154599     0.153381     0.166139    -0.206628     0.109283  -0.00290912    0.0689427     0.157146    -0.170263    -0.183203    0.0608869    0.0684788     0.230153    -0.100649      0.40044    -0.195521     0.202669    -0.466614    -0.490413    -0.368834   -0.0227077     0.128165      0.16479    -0.414375     0.237516    -0.150147     0.180094     0.131321     0.306994     0.118185   0.00474543     0.192423     0.438663    0.0352949     0.174755    -0.295762   0.00568021     0.255947     0.294716     0.223393
   -0.290854   -0.0998263     0.144688   -0.0510535   0.00278931   -0.0470772    -0.154896   0.00623468     0.126388   0.00374131     0.440623     0.136721    -0.145471    -0.187698      0.14963   -0.0752169     0.574665     0.176706    -0.660862     0.572914    -0.112797     0.308479     0.216405    0.0725678    -0.374625    0.0974852     0.424395    0.0879428    0.0148338   -0.0809507    -0.390844     0.426885     0.634992     0.347864     0.314156   -0.0646735    -0.771106     0.634527     0.535924       0.2833     0.479402    -0.234622    -0.558814   -0.0852958   0.00854248     -0.18961    -0.644694    -0.151614
  -0.0204743     0.317232     -0.10043    0.0608191    0.0546651    -0.160466     0.087368    -0.131209    -0.195849     0.228702   -0.0742806     0.319698    0.0761294    -0.061627   -0.0971309    0.0676309     0.143149     0.541025    -0.178992      0.59347    0.0879202     0.546417   0.00025467     0.541643    -0.148316     0.037198    -0.010368     0.138631    -0.158016     0.435493    -0.077208     0.530878    0.0261831     0.434031   -0.0920731     0.596093    -0.315595     0.151877   -0.0249805     0.293028   -0.0549163     0.376672    -0.458813    -0.390675    -0.601705    -0.869048    -0.168056    -0.500072
    0.287001     0.432285     0.294829   0.00514433    -0.320211    -0.481688     0.407227     0.111391   -0.0454364   -0.0916738    -0.645168      0.33494     0.356569    -0.523127    -0.256185    -0.335132    -0.229996     0.391534   0.00757362     0.373158     0.319744     0.472519    -0.450037     0.303481    -0.126564      0.02844     0.209566   -0.0792252    -0.486324    -0.150009     -0.17574    -0.208656      0.21389    -0.326221    -0.498847    -0.524069    0.0186533    0.0261171     0.188211    0.0415772     -0.38118    -0.324179     0.233955      0.34912     0.191029    0.0144529   -0.0743958     0.195587
   -0.419497    -0.295071   -0.0882316    0.0414848   -0.0169069   -0.0784197    -0.305704     0.114711    0.0242369      0.41802   -0.0312829     0.367164    -0.246771   -0.0243554    0.0599173    -0.102032     0.256707     0.211987   -0.0382039    -0.125493   -0.0509998    -0.137353    -0.122976     0.233694   0.00263852    -0.160511   -0.0401989    0.0541978     0.179621     0.023126   -0.0961265     0.214662   -0.0153392     0.307494     0.304252     0.145197   -0.0728294     0.108293    -0.338718    0.0251282     0.277537     0.164355     0.075806     0.157898     0.337007     0.318802     0.602029     0.265505
    0.256351    -0.333106   -0.0725645    -0.221399    0.0326612     0.378419    -0.251529     0.254331     0.199082      0.16667    -0.440179     0.419481     0.060556    -0.112677   -0.0719462   -0.0937045    0.0271026     0.174817    -0.282711     0.451535     0.460816      0.49402   -0.0453241     0.221488    -0.476825     0.151248    0.0513078     0.324436    -0.134484   -0.0277057    -0.595785     0.007184   -0.0921017   0.00774009    -0.155367    -0.150079    -0.405445    -0.114926    -0.294747    -0.240509    -0.584461     0.183663     0.116352     0.462955     0.795854     0.438084     0.246844    0.0449956
    0.586158    0.0372409    -0.129708   -0.0814139    -0.191405    -0.107197     0.318358    -0.269127    -0.384883    -0.082419     0.574057   -0.0661284     0.305164    0.0335785    -0.128365        0.237      0.41616   -0.0363472    0.0675267   0.00540306    -0.485635    0.0240234     0.153892    -0.094304    0.0751312      0.10237     0.146802     0.174481    0.0847128    -0.212095     0.159757     0.346404    -0.123783     0.360886  -0.00273874    -0.298266     0.200177     0.417688     0.154361      0.19074     0.503949    -0.424672      1.03076    -0.596967    -0.392398    -0.399171    -0.262512     0.970791
   -0.307614     0.803963     0.903553     0.617723     0.557952    -0.354383    0.0896371     0.172478    0.0106792     0.139275   -0.0305499     0.156021    -0.104427    -0.316046    0.0779336    0.0535377    0.0592694     0.104612     -0.16146   -0.0877267     0.134605     0.261185    -0.155624     0.270037    -0.120085 -0.000449074   0.00901222    -0.261652    -0.124003     0.147685    -0.130289     0.130276      0.13065     -0.10354     0.102256    -0.121927    -0.222914    0.0408009     0.339224     0.284517  -0.00511048     -0.17071    -0.614359    0.0710058   -0.0218355    -0.107892    -0.267742    -0.788573
    0.127167     0.174852      0.17555   -0.0766457    -0.285989     0.697959    -0.219694     0.392298     0.151081   -0.0654584     0.157741    0.0581393   -0.0552223    -0.205973     0.428137    -0.081492     0.319019    -0.136813    -0.264405     0.449827     0.704668     0.475301     0.985191    -0.432858     -0.32255    -0.484894     0.420478    -0.848663    -0.173187     0.130261    -0.326998     0.264138       0.2919    -0.307278     0.284813   -0.0385766    -0.116673     0.475966     0.160632    -0.209507     0.270398    0.0827192     0.112857     0.220203    -0.395853   -0.0777897    -0.594603     0.197308
  -0.0589229     0.542202     0.669765     0.517824     0.514721     -0.61429     0.223244    0.0216978   -0.0552869    -0.242559   -0.0706601    -0.019108     0.117008    0.0154379    -0.347495    -0.253473     0.267272    -0.253304    0.0302913    -0.210263     0.346481     0.239537   -0.0875589      -0.2251    -0.181092   -0.0359278     0.277799     0.235076     0.122743    -0.530478    -0.387045    -0.287289    -0.096726    -0.339854     0.161061    -0.871948      0.25331    0.0740554    0.0292128   -0.0636347     0.051298    -0.440062     0.172158     0.207023    0.0696412     0.250408    0.0212266    -0.385257
    0.340538    -0.208312    -0.211357    -0.118455   -0.0122992     -0.37071      -0.2026   -0.0285219   -0.0195944     0.451961    0.0159397    -0.394255    -0.136291   -0.0416574    0.0203836     0.119849      0.29559    -0.253885    -0.184474    0.0980971    -0.426262     0.150023    -0.430495    -0.387845   -0.0511653     0.192473      0.38023     0.611002    0.0726378    -0.737525   -0.0907804     0.594331     0.104476     0.763552      -0.1428    -0.488237   -0.0310251   -0.0114642   -0.0575104     0.157633     0.165472    -0.465772     0.458117     0.150759     0.225144     0.226384     0.625578     0.427681
     0.36862    -0.163684    0.0143697      0.04169    -0.217297     0.446114    0.0317818      0.14894      0.11069    -0.174322     0.256207    0.0791466    -0.159124      0.19639    0.0892508     0.197666     0.341105    -0.257085     0.286422    -0.774592    -0.356945      -0.2545     -0.31663     0.105291  -0.00983486  -0.00953335     0.298945    -0.227139     0.053941    -0.047672   -0.0200802   -0.0475427    -0.195449    -0.477714    0.0239557    -0.308666     0.274356     0.213437     0.188229    0.0732593    0.0229549   -0.0779604    -0.114998     0.382426     0.383968     0.465423    0.0326491    0.0850457
    0.389419    -0.458965     -0.22444    -0.320976    0.0109941     -0.11704    0.0251694    0.0145056      0.18508   -0.0719434     0.091621  -0.00944437    0.0686431     0.258568     0.178909      0.22965      0.11892    -0.242985    0.0505684    -0.352893    -0.566702    -0.261861     -0.68025    0.0575067    -0.125181     0.392701     0.196013     0.286872     0.059684   -0.0705627    -0.135901    0.0133993     0.249985   0.00381327    0.0183426    -0.144976    0.0377319    -0.569147     0.168005    -0.196455    -0.597936    0.0634529   -0.0249274     0.674591      1.03038     0.862553     0.379265     0.174925
    0.117445   -0.0300953    -0.199511    -0.385224    -0.525009     0.108043     0.218321   -0.0269725    0.0584078    -0.370413   -0.0138782     0.350839     0.160923   -0.0282681   -0.0428709     -0.12652     0.209578     0.328962    -0.230847      0.26182  -0.00923614     0.325994    -0.113714     0.288904    -0.249572   -0.0260612     0.469844    -0.292735    -0.452107     0.504528    -0.372267     0.320408     0.516629    -0.172338    -0.158692     0.297285    0.0822109     0.126107     0.597102    0.0197342   -0.0891102     0.386701    -0.216146      0.37295   -0.0540506    0.0331449    -0.441878     0.187317
    0.243247    0.0264737    0.0404539     0.118198     0.229025    0.0790249      0.30915    0.0901378     0.104576    -0.194387     0.516572    -0.560793    0.0450903     0.314516     0.225327    -0.125175     0.637852     -1.12857     0.231685    -0.155704   0.00786209     0.129285  -0.00246054    -0.816008   -0.0550368     0.163377     0.119476    -0.164785      0.28066     -0.58363    -0.228321     0.302065    -0.135712     -0.44836     0.105196     -0.52257     0.522426    -0.155316    0.0249076    -0.488507    -0.121712   -0.0757496   -0.0683276     0.386947     0.376084     0.352355     0.188549    -0.177547
    0.467731     0.344709    0.0652331     0.338096     0.196569     0.240183     0.138378     -0.14902    -0.272734     0.206394    0.0129917   -0.0988057    -0.172005     0.141886   -0.0631743     0.364943   -0.0059204    -0.436667     0.353592    -0.466398    -0.260007     0.178373    -0.306861    -0.104999     0.293412   0.00254549     -0.48088   -0.0395359    -0.164246    0.0313873     0.386275     0.529556     -1.11829     0.293537    -0.348859     0.234598     0.446971   -0.0581054    -0.265375     0.162412    -0.250005     0.123006     0.080981    -0.235369    -0.258813    -0.164655     0.576749   -0.0589443
     0.67289    -0.162985    -0.293623    -0.428583    -0.149002     0.831437     0.317815     0.199005     0.148525    -0.225762     0.615266    -0.143165   -0.0379637     0.229612     0.293768    -0.038217      0.52135    -0.411244  -0.00991512     0.260144     0.606713     0.441108     0.595541    -0.165317   -0.0262303     0.151882    0.0501351    -0.298911    0.0655252     0.309299   0.00609065     0.181846   -0.0309604    -0.584491     0.152414     0.281297   -0.0924348     0.128723     0.522742   -0.0792296    0.0165249     0.216875    -0.649102   0.00993151    -0.259687    -0.411152    -0.547096    -0.772067
    0.395652    -0.172135    -0.296397    -0.264047     0.215207    0.0251877       0.1039      0.11545      0.08401     0.294946  -0.00923969    -0.121416    0.0401547     0.108282     0.337412     0.084477    0.0246444    -0.239068     0.347888    -0.158842    -0.156332    -0.219155    -0.413422      0.15115     0.405727     0.319777    -0.187952    0.0112365     0.240025   -0.0960405     0.377271    0.0822659     0.133001   -0.0353419     0.073038     0.152548     0.164185    -0.912574     -0.29128    -0.405247    -0.653941     0.263227      0.17156     0.343184      0.43137     0.318761     0.615325    0.0766025
   -0.267767     0.235443     0.461401     0.398345     0.359468    0.0931568   -0.0535676    0.0274652      0.21007   -0.0371463    -0.218863    -0.258948   -0.0522098    -0.055846   -0.0507934   0.00517614    0.0957979    -0.392386    -0.297552     0.455321     0.391414     0.724933    0.0228326    -0.410096    -0.293916     0.159234     0.173981     0.143382    -0.238554    -0.243548    -0.383886      0.15146     0.250922   -0.0787409    -0.210982    -0.315264    -0.217317  -0.00257811     0.137205    0.0718294    -0.417791    -0.115641    -0.397822     0.373445     0.547901     0.336034    0.0230415    -0.353063
    0.171551    -0.113911    -0.389894    -0.600944    -0.785163    -0.479826     0.642765     0.215019    0.0692518    -0.277547    0.0942727   -0.0734355     0.561311     0.100116  0.000927853    -0.192471   -0.0948545     0.289573   -0.0291482     0.398116     0.555242     0.302524    0.0911235    0.0225153   -0.0563146    0.0971355     0.287664     0.101607    -0.306414     0.204413      -0.1498    -0.381549     0.255995    -0.534123    -0.365891   -0.0962445     0.305809     0.111545     0.526071     0.134043    0.0838778    0.0764998     0.223313   -0.0286714    -0.133435    -0.244919    -0.240835    0.0905525
   -0.564727   -0.0936954    -0.268453    -0.403633    -0.384415    -0.885113     0.605408     0.171562     0.118896    0.0108455     0.261045    -0.269628     0.380795    0.0852838     0.231146    -0.101005     0.105661     0.277308     0.264591    -0.154229   -0.0961087    -0.309381    -0.343018    0.0682417     0.465657    0.0347761    0.0206304  -0.00068254   -0.0372954  -0.00110578     0.351426     0.119177     0.318664    0.0838737      0.11689  -0.00941105     0.328541    0.0201916      0.43603     0.245442     0.395882   -0.0158091    -0.138947    -0.127994  -0.00219072   0.00796706     0.147456     0.112915
    0.561916       0.1036    -0.128958    0.0666859    -0.391269    0.0661108    0.0849193    -0.391617    -0.337818    -0.172057   -0.0998505  -0.00436468     0.069526     0.216979    -0.488054     0.329367    0.0535214     0.203274      0.20533    -0.220802     -0.44087     0.214172    -0.400387    0.0748874   -0.0867005   -0.0338786  0.000170255     0.485761    -0.374823   -0.0845951   -0.0169213     0.690627    -0.838388     0.568185    -0.315533    -0.252942     0.374842     0.309575    -0.199335     0.267597   -0.0266472   -0.0873079       1.0436    -0.565595    -0.414387    -0.424418    0.0707583     0.829714
    -0.16212    -0.149571     0.306048     0.177929    -0.147389     0.945473     -0.75754     0.184125     0.299734     0.113172   -0.0919032     0.376221    -0.657265     0.191741     0.431859      0.61819    -0.372873    0.0325839    -0.128616    -0.572769    -0.181514    -0.329733     0.151184     0.142683    -0.453775    -0.327754     0.141871    -0.223332    -0.140923     0.680906    -0.289918   -0.0350818     0.103086    0.0919868    0.0871782     0.768082    -0.189834     0.150902    -0.312101   0.00728024    -0.280361     0.854032    0.0105469      0.23663     0.200144     0.423468    0.0649485     0.342414
   -0.125994     0.509852      0.74929     0.562835      0.35167    -0.011768  -0.00763531      0.21379     0.150689   -0.0683078   -0.0344671    -0.178951   -0.0589744    0.0785841   -0.0104897     0.235042  -0.00759774     -0.19627   -0.0709384    -0.125245     0.354705     0.294662     0.185446    -0.346977    -0.284141     0.106811     0.454276     0.186389   -0.0158557     -0.24026    -0.169076    -0.339077    0.0744069    -0.126567    -0.198139    -0.442594   -0.0969401     0.369128     0.331369     0.331137     0.200365    -0.384441    0.0036293  -0.00673851   -0.0791169   -0.0272582    -0.309058    -0.118587
   -0.545664    0.0590979     0.325712     0.279949     0.134913     0.101626     -0.25099      0.42943     0.238305     0.200272    0.0546847     0.553706    -0.475635   -0.0726202     0.225063   -0.0780891     0.162811     0.339626   -0.0588975    -0.680971    0.0774074    -0.368229   -0.0659278     0.400979     0.123449   -0.0897468      0.32206    -0.439013     0.481245     0.323624      0.21126    -0.161895   -0.0783786    -0.396611     0.395118     0.292187     -0.18891     0.302762     0.306727     0.251318     0.241864     0.153939     -0.97695     0.371836    -0.108066      0.25175    -0.127426      -0.9776
     0.87152     0.129231    -0.274968   -0.0869842    -0.229061     0.853177    -0.193887    -0.302314    0.0654353    -0.517353    -0.139298   -0.0530871      -0.1202     0.365423    -0.374901   -0.0273772      0.10569     -0.11364     0.356845    -0.255236    -0.225494   -0.0536228   -0.0743791    -0.107305     0.141112    0.0128346      0.40146   -0.0886805    -0.123279     0.127798     0.269944       0.1539     -0.21181     -0.48692    -0.224863     0.169626     0.184563     0.213752    -0.100153    -0.356343    -0.292722     0.263291     0.258662     0.382249    -0.492191    -0.185185    -0.182324    0.0790906
   -0.494508    -0.162889     0.088496    0.0554418    0.0574811    -0.258836    -0.066259     0.115605    0.0706241     0.307288     0.040922     0.211942    -0.125382    -0.148781     0.244416     0.109903     0.118106     0.111531     -0.29783     0.055012    -0.379277    -0.138387    -0.379456     0.185197    -0.179595   -0.0877536    -0.277433   -0.0834742    -0.203155    0.0817621     -0.26799     0.341336     0.280174     0.511302       0.1909   0.00897497    -0.217684   -0.0460864    0.0877618     0.175642    -0.119962    0.0164007    -0.423448     0.363398     0.909429     0.544271      0.41992     0.170848
    0.434446    0.0557908    -0.340491    -0.222901   -0.0795298     0.147492     0.180894    0.0214465   -0.0117288    -0.191534   -0.0434479    -0.212249      0.47921     0.144491   -0.0875809     0.018483     -0.40943     0.270084     0.610151    0.0308519     0.131574    -0.554801     0.308057     0.188856     0.508603    0.0535786    -0.194715   0.00701516    0.0690364     0.157954     0.643273    -0.651643    0.0953975    -0.405235    0.0224076   -0.0280779    0.0853112    0.0800719   -0.0676679    -0.113744    0.0383862   -0.0880386     0.484123   -0.0134464    -0.446271    -0.408128    -0.270141     0.208181
    -0.71385   -0.0790846     0.213666     0.223777      0.14682    -0.281972    -0.274902    -0.117826   -0.0720993     0.232194    -0.333458     0.845912    -0.122884    -0.119382    -0.156203    -0.289112    0.0252914     0.745461    -0.333924     0.484489     0.317092     0.247061     0.203425     0.564347   -0.0639617   -0.0173045   -0.0891467     0.385436     0.320831    0.0865457    -0.304559     0.424964    -0.446795     0.807064     0.231497    0.0733792    -0.282042     0.228493    -0.494044  -0.00196884     0.278257     0.151932     0.229196    -0.408347     -0.11981    -0.186943    0.0485913     0.103695
   -0.458624    -0.160951   -0.0949143    -0.111503     0.175943     -0.63524     0.176655     0.367179     0.186345     0.671692     0.144887     -0.31373  -0.00856069    -0.242918     0.485224     0.122105    0.0431058    -0.146318    -0.101468   -0.0562659  -0.00515563   -0.0232072    -0.516782    0.0652782     0.147894     0.219038    -0.471787   -0.0247098   -0.0208539    0.0336192    0.0966731   0.00811885    0.0795906     0.218284    0.0458692     0.268404     -0.15066    -0.426515     0.251003     0.346813   -0.0799007    0.0990516    -0.970289     0.206664     0.593631     0.225109      0.74843    -0.762849
   -0.646095    -0.636342    -0.227825   -0.0022154    -0.842316    -0.375178    -0.377069    -0.542543    -0.380221    -0.330699    -0.479148    -0.354667    -0.409856    -0.324683     0.425157    0.0243552     0.127069   -0.0476663    -0.499555     0.167677    -0.476208   -0.0714249    -0.412656     0.127795     0.192027     0.311718    -0.111156   0.00115553    -0.357122     0.136991     0.012825    -0.246208     0.124891    -0.114437    -0.068861    -0.324897      0.36035    0.0771605     0.122296    -0.570146      0.16092     0.201713
  -0.0461214    -0.637745     0.552166    -0.148091   -0.0730294    -0.772825     0.135206     -1.21886     -0.90744     0.400077    -0.352008     0.916846    -0.496775     0.352585    -0.857473    0.0833387    -0.399751      0.23357     -1.11953     0.133459     0.356937    -0.130787    -0.133178    -0.107992     0.425516     0.130414    -0.142628     -1.43051  -0.00597722    -0.230012     0.335502     0.134345   -0.0638177     -1.33934     0.252482      0.21999     0.270731    -0.710171     0.106294    -0.684969    -0.629291    0.0688298
    0.247912     -1.15494    -0.721638    -0.823696     -1.28248    -0.993738      0.54883    -0.635481   -0.0480241     -0.52892    0.0504928     0.610923    -0.161615     0.543995  -0.00193394     -0.20488    -0.397175    -0.931119     0.476456     0.194255     0.178988     0.260623     0.207751   -0.0417718    -0.926089    0.0850561     0.230846    -0.180677     0.114519      -1.2461   -0.0237621     0.278529     0.313402     0.233074    -0.775348     0.184464   -0.0552164     -0.45213    -0.314995    -0.993159    -0.396041    -0.199804
    0.625304     0.378861    -0.143316    -0.747694    -0.303879    -0.545153    -0.109281    0.0371869     0.181267    -0.654121    -0.219906     0.181935   -0.0698879     0.138556      0.10411    -0.943432     -0.46828    -0.792652     0.204009     0.249106     0.146803    -0.523238    -0.524918   -0.0861057    -0.887295    -0.339868    -0.746317      0.34745     0.336006    -0.765601    -0.333242    -0.676126    -0.751029   -0.0931827      0.75701     0.263764     0.283993     0.244115     -0.40558    0.0284398    -0.605154    -0.304642
    0.317757    -0.112088    -0.390267    -0.741007     0.263904       0.2427     0.414735    -0.157957     0.209607    0.0664774     0.173984    -0.391152   -0.0591575     0.773642     0.423054     -1.14393     0.233476      -0.6461   -0.0723199    -0.234454   -0.0408305    -0.917017     0.573541    -0.912924    -0.469724    -0.701272    -0.265235    -0.417095   -0.0991137     0.211222    -0.453159     -1.00082  -0.00748378    -0.861596    -0.404451    -0.713649    -0.112271    -0.852441     0.284738    -0.483277     0.281162     0.552426
   -0.523448    0.0310785    -0.467101   -0.0058733    -0.321071     -0.52667     -0.65734     0.230618    -0.168928    -0.345224    -0.192119    -0.454995   -0.0905834    -0.568889   -0.0129796    -0.069283      -0.3714     0.247761    -0.770469  -0.00767881     0.181265   -0.0613923    -0.471169    -0.196826   -0.0139703    0.0744083     0.280991    0.0108413     0.350897    0.0521643     0.248303     -0.10212    -0.680082    -0.432544     0.218107   -0.0668708    -0.415713     0.165019    -0.253094    -0.195934     -0.38253    -0.111219
    0.452891   -0.0219618    -0.346849    0.0569823     0.551308    -0.113645     0.313184    -0.544889    -0.590004    0.0843628   0.00141115    -0.616569    -0.534337    -0.669451    -0.645869     -1.03884    0.0737723    0.0377424    -0.989978    -0.615299    -0.825292     -0.38991    0.0571402    0.0627323     0.463177    -0.536078     0.352449   -0.0940403    -0.267752     0.255531    0.0876189    -0.758986    -0.326171    -0.617461      0.46914    -0.233322     0.343198     0.277481     -0.17568    -0.117899     -0.37479     0.197226
    0.171896    -0.965089   -0.0363245     0.395356    -0.735716    -0.830597    -0.741053    -0.758521      0.28242    -0.931024      -1.1604    -0.621335     -1.13191     0.619949     0.302312   -0.0718514    -0.376273     0.187256    -0.278203     0.277645     0.483096     0.112721    0.0602442   -0.0484892    -0.634894   -0.0128478    0.0197337    0.0452942     0.295797     -0.89218     0.246358    -0.846621     -1.17856    -0.124499     0.149584     0.168775     0.291724     0.626059    -0.488339    -0.703465    -0.116594    -0.722968
 -0.00632492    0.0510298    -0.133839    -0.526739    -0.731502   -0.0856195    -0.240782      0.18389      0.27768    -0.367072    -0.253028    -0.145303      0.12359     0.299497     0.231575    0.0691688    -0.480616    -0.643409   -0.0849105     0.182968     0.302803    -0.175829     -0.70292    -0.940709     -1.06942   0.00975107     -1.03639    -0.320882     0.273561     -1.07003   -0.0515649     0.358828     0.127369    -0.450869    -0.695219     0.168464     0.216787    -0.457353     -0.59678    0.0580787     0.290486    -0.246284
   -0.765077   -0.0625444     0.410543     0.302604    -0.544711    -0.203598    -0.396971     0.344083    0.0804939     -1.03526    -0.815429    -0.368038    -0.404084     0.296116     0.265717     0.197622    -0.239194     0.483589    -0.795664     0.328587     0.126282    0.0848589    -0.593886    -0.503358    -0.609438     0.032269    -0.923005    -0.891224    -0.156064    -0.716793     0.318138   -0.0248691    -0.502468    -0.707723    -0.292722    0.0492745      0.21905    -0.777633     0.209563    -0.321426     0.308099   -0.0419371
    -0.61915    -0.146626     0.135307    -0.136931    -0.540222     0.139416     0.368284    0.0434668     0.257658     0.186205    -0.129776    -0.578437   -0.0186344    -0.358551     0.320123    -0.260422     0.060744    -0.697348     0.102752     0.103212    -0.277861    -0.471766    -0.486425    -0.636155    -0.416324    0.0795459     -0.74967   -0.0920669    -0.839351     0.173836    -0.587341    -0.523173      0.14487      0.22163      0.33253    -0.513562    -0.185448    -0.160393    0.0447912     0.011685     0.226859     -0.39775
   -0.511363     0.106372    -0.246924   0.00225223    -0.378028   -0.0469385    -0.340923      0.13495    -0.255064    0.0952028   -0.0583876    -0.443144    0.0313231    -0.584231   -0.0806603    0.0156523   -0.0510072     0.113135    -0.574844    -0.026019   -0.0879799    0.0242054    -0.511008    -0.528634    -0.364925    -0.113892    -0.381914    -0.107815     -0.45638   -0.0253897    0.0490911      0.10032   -0.0799206    -0.355769   -0.0778788    -0.106353   -0.0905373    -0.203788    -0.154612    0.0953971      0.21066    -0.119169
   -0.850011    -0.412451    -0.848974    0.0525401    -0.567719    -0.447779     0.149209    -0.869528     -1.03843     -0.14169       0.0174    0.0198894     0.128053    -0.711069    -0.885567      0.23936    -0.255401    -0.434071    -0.617368      0.47423    -0.843918     0.611077   -0.0872109    0.0400559     0.248825    -0.821196     0.676881      0.28465    -0.842072     0.231211     0.366388     -0.64165      0.28035    -0.555262    -0.873672     0.156619   -0.0189116    -0.448104     0.205664   -0.0941752    -0.768781     0.443773
   -0.681475     0.135919    0.0825226    0.0715324    -0.451843    0.0623401    -0.557474     -0.16562    -0.593573    -0.113599     -0.48925    -0.373495    -0.124562    -0.546496    -0.195565     0.129119    -0.105387   -0.0989673    -0.445658     0.245087    -0.773132    0.0702983    -0.474952    -0.060044     0.190369    -0.188853     -0.38735     0.100251     -0.75147    0.0984872    -0.510483    -0.294455    -0.252437    0.0832483     0.143018    -0.436717    0.0983139     0.157106    -0.147214     0.204976     -0.06187   -0.0864081
    -0.57501    -0.187895      -0.4044     0.130711    0.0600895    -0.349152    -0.336072   -0.0735876    -0.434695     0.131023     0.168227    -0.333588    0.0981301     -0.51033    -0.753896     0.204721    -0.303088      0.25087    -0.014877    -0.276502     0.174579     0.138341   -0.0588323    -0.146486   -0.0779132    -0.422029     0.232791   -0.0566991    -0.236464    0.0536624     0.250592    -0.213837    -0.501493   -0.0555683     -0.41099     0.135909    -0.857432   -0.0138951    -0.273413     0.134502    -0.293092    -0.539878
   -0.351974    -0.506614    -0.797385    0.0812051    -0.337197    -0.293746    -0.565088     0.189266     0.392249    -0.323598    0.0982655    -0.747328    0.0247544    -0.669788  -0.00117325     0.204971    -0.858052    -0.377153    0.0953045     0.207479     0.387807     0.342783    -0.506107    -0.500137      -1.0961    -0.460256     0.172283     0.246356     0.319817    -0.253545     0.218343   -0.0470205    -0.626728      0.17155    -0.829727      0.26779    -0.874382     0.256814    -0.923828     0.386706    -0.266165     -0.78573
    -0.63406     0.145317    -0.889674   -0.0544244    -0.538997    -0.662394    -0.303243    0.0796486    -0.427897     0.216427     0.069642    -0.444126     0.126199    -0.713963    -0.407656    -0.351753     -0.18774    -0.169655    -0.797809     0.124397   -0.0132439    -0.123911    -0.764902   -0.0733634    -0.299185    -0.300656     0.214765     0.171641     0.267858     0.133241     0.213202    -0.349976    -0.220755    -0.645047     0.334422    0.0220746     0.248582    0.0876857    -0.301737    0.0680163    -0.349467     0.107469
   -0.780653    0.0742712     0.168007    0.0673146   -0.0999858     0.011465    -0.911959      0.32377     0.539344     0.182767    -0.342517    -0.737028   -0.0962779    -0.439888     0.518006     0.267129    -0.353987    0.0724593     0.093887    -0.882538     0.255458      -1.0542    -0.730022    -0.586667     -1.00447     0.302531     -1.23724     -0.20508     0.265074    -0.165318    -0.682762     0.303168    -0.394029     0.174781    -0.169748    -0.867087    -0.617452      0.17394     -0.89201     0.104393     0.449608    -0.935554
    0.293843    -0.246843     0.324036    -0.176113    -0.569862        -0.71     0.422336     0.117699    -0.276693    -0.974406  -0.00468283    0.0621849     -0.17442    -0.117723    -0.161754    -0.404439     0.120186     0.273439     -0.43945      0.11158     -1.12674   -0.0456831     0.939103    -0.437102     0.248203    -0.880847    -0.556025     0.103721     -1.26721    -0.171231     0.321096    -0.909665    -0.538948   0.00113022      0.19607     0.168547    -0.246476     -1.28553     0.399703     -1.16136     0.287887     0.660014
    0.539067     0.376126    -0.997521     0.133173     0.513454    -0.156888     0.566615    -0.493122   -0.0806169     -1.05992    -0.390291     -0.52795   -0.0186968     0.530554    -0.918022     -1.07773     0.226554    -0.115733    -0.141106    -0.039805     0.355443     0.229562    -0.471201     0.247924    -0.364678    -0.773379     0.305919    -0.656281   -0.0908425    -0.839659     -0.11607     -1.10463    -0.782649    -0.792466     0.355907    0.0308536     0.477736    -0.616362     0.100967    -0.728698     0.408964     -0.57735
    0.190966      0.11981   0.00503179    -0.923967     0.232696    -0.212576     -0.62359    0.0253835     0.136492        0.308     0.153713   -0.0140734   -0.0676195    -0.571698    -0.398752     -1.05241    -0.671626     -1.00179     0.473815     -1.00781    0.0342194     -1.22635    -0.689869     0.100852    0.0368201   -0.0787874   -0.0579902      0.16553     0.312706     0.138896    -0.754767    0.0423344   -0.0424807     0.267667     0.593561    -0.530488    -0.788481     0.194528    -0.606681     0.127291     -1.14604    -0.735142
   -0.745087    -0.391046    -0.062638    -0.362413     0.287779    -0.101447    -0.287253    -0.682586     -1.16371     0.520941     0.136844     0.553444    -0.150414    -0.658722     -1.12605     0.341272    -0.270186      -0.2987      0.28839     -1.14062    -0.758518    -0.298212      0.68347    0.0548718     0.669188    -0.432613     0.438784   -0.0435296    -0.891558     0.256311    -0.457835    0.0625699     0.150837     0.295571    -0.867744    -0.737857     -1.28271   -0.0840274    -0.143666     0.136504     -1.03642    -0.084252
    0.214338   -0.0824188    -0.681214    -0.268507     0.229954    -0.057391     0.476988    -0.662434     0.186744     0.264056    0.0193591    -0.206015    0.0803964    -0.838312     -0.50478      -0.6232    0.0675275    -0.455071    0.0238747    -0.443218     0.342109   -0.0846802    -0.111998    -0.158041    -0.541958     -1.04851     0.223793     0.105135     0.137583     0.164452    -0.849475    -0.127207    0.0857694     -0.62973    -0.691055    -0.307873   -0.0680867    -0.706794    -0.589979       0.2756    -0.501003     0.342421
    0.526008    -0.153998     -1.08969      -0.5206     0.299396     0.207247     0.371386     0.479126     0.145172    -0.374905    0.0809575    -0.824913   -0.0326453    -0.670344    -0.400397    -0.859842    -0.196099    -0.608834     0.312129    -0.894349    -0.676975     0.419981   0.00942289    -0.264647    -0.321194    -0.864186     0.307873    0.0590549      0.07833   -0.0948724    -0.697711   -0.0170406    0.0812546      0.36037     -1.07425    -0.306769    -0.844602    0.0524849    -0.848512     0.223261    -0.295152    -0.670063
   -0.773188     0.372061    -0.096739    0.0838601    -0.798706   -0.0341193    -0.312333    -0.198941     -0.90902   -0.0841651    -0.644669    -0.318759   -0.0137462    -0.593237   -0.0554197   -0.0268853    0.0654207    -0.245139     -1.01406     0.498004     -1.03159    -0.138261    -0.811078     -0.15391     0.128243    -0.109123    -0.662599    0.0183843    -0.972466    0.0598245    -0.316774    -0.502696     0.111006    -0.716963      0.23178    -0.522716     0.553035    -0.376281     0.266921    0.0534661     0.269578     0.492372
   -0.177009    -0.453379   -0.0132895     0.295498    0.0180248     0.166822    -0.330271      -0.4423    -0.187138    -0.639344    -0.623129    -0.603333    -0.608678    -0.534318    0.0443416     0.291195    -0.549206    -0.292904     0.312991     0.251734    -0.878086      0.34482    -0.282159    -0.102496   -0.0619194    -0.409776    -0.286885   -0.0149113    -0.429079     0.195069    -0.430332    0.0126053    -0.179793     0.215514    -0.712563     0.214467     0.120689     0.141705    -0.802843     0.286396    0.0996496    -0.515777
   -0.446318    0.0335956      0.29533    -0.525811    -0.848092   -0.0754868     0.331197     -0.24027    -0.269941    -0.130499     -0.21977     0.428751    0.0701678    -0.171296     0.128213   -0.0418043    -0.125403    -0.870048     0.247016     0.169028    -0.527478      -0.2778    -0.590376    -0.192169    -0.822057  -0.00193794    -0.850006     0.141233     -0.74182    -0.822127    -0.727194   -0.0659826     0.323922     0.285865    -0.182271     0.118259     0.317011    -0.369679   -0.0136159    0.0672395     0.123506    -0.135722
    0.172271    -0.411692     0.340191    0.0119439    0.0040922     0.144256     0.500305    -0.379025    0.0464104    -0.305783   -0.0801483    -0.442434    -0.408055    -0.405275    -0.121561     0.126829    -0.166274    -0.535558     0.342083    -0.129456    -0.725912     0.161389     0.319976    -0.302475    -0.332149    -0.486381    -0.569133   -0.0495431     -0.86853    -0.074468    -0.628623    -0.222953    -0.047534     0.250456    -0.616267     0.133453    -0.546891     -0.19188    -0.585708    0.0313613     0.315308    -0.614396
   -0.702395    0.0549468    -0.533871    0.0145107     -0.69809    -0.528808    -0.456842     0.192142    -0.385884    -0.538094    -0.339239    -0.472953     0.111502    -0.536375    0.0708282    0.0300877   -0.0752748     0.343742    -0.852215    0.0603881    0.0762704     0.113762    -0.542032    -0.561813    -0.128072     0.132195      0.16222    -0.101868    -0.171459    -0.177422     0.408713     0.068964    -0.491046    -0.783913     0.186441   -0.0748878   -0.0733752     -0.60648      0.18346    -0.865524     0.299616     0.209999
   -0.753288     0.194491    -0.138862     0.106029    -0.013886    0.0110967    -0.927077    0.0279153    -0.646861     0.270922    -0.631565    -0.105312    -0.289465    -0.424393   -0.0554429    -0.169504    -0.140574    0.0288962     -1.22539    -0.710854    -0.648037     -1.32799    -0.641181     0.168303     0.424329     0.255539    -0.572163   -0.0253869     0.283654     0.200874    -0.640431    0.0482385   -0.0770372    -0.429825     0.163262     -1.16673     0.591248     0.165076    0.0493463  -0.00729618     -0.62913     0.481504
   -0.776971     0.175811     0.303844     0.130422     0.230519   -0.0127935    -0.602705   -0.0555787    -0.703725     0.291389    -0.323572   -0.0528056    -0.113142    -0.471447    -0.649036    0.0291011     0.160055    0.0672142   -0.0440431     -1.17564    -0.701435     -1.14259    -0.459735    0.0877581     0.519613     0.120508    -0.872942    -0.192879    -0.948273    0.0865391    -0.807891    0.0552528    -0.150894     0.465198     0.382649    -0.964035    -0.458017    0.0942613   -0.0823101    -0.042633    -0.207366    -0.676524
    0.159772    -0.963276    -0.328796    -0.569534     -0.49743    0.0109575    -0.788663     0.342554     0.173283    -0.885056    0.0499269    -0.594039     -1.02035     0.460188     0.271465     -0.40157    -0.362911     0.193874      0.44171    -0.194972    -0.549764    -0.377847     0.684991    -0.526236     0.272347    -0.159429     0.132619     0.093291     0.212519     -0.16415     0.118195    -0.160072     -0.18281      0.73312     -1.05247    -0.433889    -0.994682    -0.534704     0.197474    -0.882957    0.0249847     0.241871
    0.257981    -0.515934    -0.608591    -0.722075     0.324846     0.060071   -0.0698639     -1.01486    -0.637684     0.212983   -0.0611088     0.708748    -0.124184     0.150698    -0.698733    -0.464025    -0.462163    -0.892322     0.135847    -0.177308     0.319543     0.189972     -0.20837     0.176905     0.317193     0.123065     0.289286    -0.910713     0.280804   -0.0992524    -0.438135   0.00895664     0.100368     -1.00015    -0.826089    -0.113799      0.23813    0.0747962     -0.43966      0.20253     -1.10918    -0.349104
    0.628962    -0.287801     0.769144    -0.706376     0.324393     0.182532     0.433829   -0.0730149     0.125205     0.401959    -0.129203     0.398604    -0.308409     0.598525    -0.116021    -0.249346    -0.173642    -0.198882     0.395882    -0.827358     0.337922     -0.47483     0.450289    -0.805323     -0.74819    -0.145411    -0.953228     -1.41407    -0.861507     -1.26118    -0.350771     0.176155    -0.237991     0.157649    -0.355682   -0.0867024    -0.963849     -0.48988    -0.364566  -0.00812694     0.255606    -0.969258
    0.092786    -0.306499 -0.000230145    -0.751816     0.715643     0.125319     -1.14565    0.0230502    -0.172119    -0.604927    -0.349455     0.413682    -0.459505     0.450961    -0.113064     0.250148    -0.615739    0.0767452    0.0216613   -0.0662332     -0.44652   -0.0518881     0.118456    -0.324041     0.337617     0.113939    0.0951668     -1.26675     0.282056   -0.0602867     0.337221     0.524923    -0.082356    -0.686786    -0.976107   -0.0409335     -0.86062    -0.533938    -0.081147    -0.216345     -1.17537     0.219449
   -0.495098    -0.695703    -0.349411     0.125583    -0.599762    -0.744491   -0.0603722    -0.796355    -0.527173    -0.515363    -0.359866    -0.393111     -0.42244    -0.500703    -0.880821    0.0290899    0.0509336     0.252406     0.121124    -0.233306     0.232037    0.0124353      0.65808     0.279803     0.649938 -0.000542988     0.286922    0.0702895    -0.601974     0.149623    0.0994977    -0.731505    -0.888421     0.421512     0.276255   -0.0691052    -0.488112     0.206362     0.102635    -0.864818    -0.241792    -0.719273
