no weights
   0.0746116   -0.0281644    0.0569261    0.0324928     0.119339    0.0661822   -0.0612687    0.0962087    0.0256877    0.0959778    0.0957566  -0.00832424   -0.0335554    0.0660577    0.0757131    0.0568724     0.110264    0.0433443   -0.0667903    0.0692534 -0.000741596    0.0548824     0.135507   -0.0742312   -0.0389635    0.0863328     0.122984     0.149517    0.0977898   -0.0551483   0.00888968     0.110728     0.107072    0.0785563    0.0450013   -0.0331813   -0.0168266     0.186856    0.0772025     0.082954     0.158588   -0.0539893    0.0969883   -0.0890508    -0.022677    0.0235713   -0.0571965    0.0483758
   0.0286553    0.0759532    0.0553722    0.0448697     0.105512    0.0964109    0.0762331    0.0781198    0.0321777    0.0480166    0.0623583    0.0912066    0.0627301    0.0116491    0.0211016    0.0729877   -0.0199697     0.126688     0.109332    0.0787929    0.0480923  -0.00633831     0.123478     0.100752    0.0582215    0.0712535 -0.000204888    0.0629859    0.0246434     0.148895     0.122636   -0.0250632    0.0199318   0.00435775    0.0408115    0.0974374    0.0655549    0.0406777    0.0222276    0.0784773     0.084319     0.128147    0.0586235    0.0642861    0.0891812     0.120073     0.136357    0.0926701
   0.0520365    0.0249308      0.06896    0.0315481    0.0569326  -0.00893459   -0.0043544     0.100102    0.0531617     0.108397    0.0196253    0.0242778     0.109883    0.0571196     0.124232     0.107785   -0.0322646     0.141601    0.0216876     0.130075    0.0114156    0.0131492    0.0220609    0.0794867    0.0258289    0.0904834     0.146559     0.076093   -0.0401553    0.0633626    0.0424037    0.0332068     0.117101     0.158878   -0.0164785  -0.00380758  -0.00447848     0.124866     0.066128    0.0717094    0.0948419    0.0750462    0.0454605     0.120058    0.0463746    0.0527539   0.00605587    0.0984674
   0.0718259      0.08089     0.164362    0.0902436     0.133114    0.0961841    0.0485902    0.0762791     0.076116   0.00630656    0.0094208     0.150907    0.0179112   0.00992632    0.0289661    0.0818194    0.0334873    0.0837513    0.0736677    0.0584951     0.117719    0.0559588    0.0223066    0.0914492    0.0611195     0.016588    0.0632962    0.0715208    0.0604397    0.0126037    0.0415998    0.0258608   -0.0126157    0.0293803   0.00904703    0.0602149     0.077959    0.0409898 -0.000686561    0.0712358    0.0309635    0.0892953     0.049909     0.147038    0.0578113     0.130109     0.112091     0.025804
    0.136816   0.00955574  -0.00201335  -0.00610174     0.126331    0.0475668    0.0388566    0.0763747    0.0767066    0.0998538    0.0724556   -0.0189415     0.102225    0.0691191    0.0973792    0.0551855    0.0821412    0.0170451     0.103197     0.127282    0.0181403   -0.0561108    0.0891751    0.0244639      0.07231      0.10082    0.0293489     0.127451    0.0995798    0.0349137     0.108515  -0.00603024     0.156198    0.0389453    0.0931522    0.0239547    -0.022818     0.101705    0.0213758    -0.011212    0.0561278   -0.0036467     0.105808    0.0140529    0.0495527    0.0618355    0.0543732     0.114227
   0.0852446    0.0746525   0.00665365    0.0375809     0.119347   0.00592694    0.0634869  -0.00097241    0.0799385     0.044987    0.0856908    0.0600337     0.171111    0.0112866    0.0887274  -0.00130715    0.0844492    0.0951985    0.0392492     0.138257  -0.00258501   -0.0190623    0.0868202    0.0750447    0.0753596     0.086485    0.0420831     0.134264    0.0340516   0.00306042     0.143793   0.00660616     0.126097     0.094069    0.0989389    0.0934661    0.0508986    0.0496165    0.0802166  -0.00594161      0.10905    0.0763167     0.134659   0.00824337    0.0416611     0.022698     0.131459    0.0503616
  -0.0322249    0.0884435     0.144376    0.0701847    0.0350063    0.0326224   -0.0167665    0.0551408    0.0917836    0.0993436    0.0452631  -0.00577774 -4.24515e-05    0.0135598    0.0838274    0.0212654    0.0329157 -0.000490813    0.0506357    0.0186555     0.102655    0.0113194    0.0939732    0.0538814  -0.00656405    0.0145183     0.147664    0.0704891     0.129563  0.000618981   0.00175217     0.097819    0.0639978     0.151019     0.146497    0.0156879    0.0482751     0.119607  -0.00169218    0.0772285     0.197284    0.0159627     0.108731   -0.0142799    0.0264901    0.0829676     0.105485    0.0756375
   0.0698699    0.0902577  -0.00764538    0.0665561     0.102437       0.0699     0.109682    0.0462228   0.00451493    0.0210535    0.0705246    0.0281797     0.157513     0.102377   -0.0268848    0.0656075     0.059073     0.109526    0.0464036      0.13806    0.0477879     0.159034     0.136892     0.102237    0.0375281    0.0483167  -0.00978481    0.0967354    0.0626541     0.102656    0.0590144    0.0383095    0.0488064     0.110844    0.0649418    0.0652244    0.0641403   0.00625884     0.051517    0.0999011   0.00965071     0.140664    0.0774714   -0.0193264    0.0961746    0.0415208    0.0597503    0.0792264
   0.0862625    0.0100487    0.0505003    0.0959324     0.104108     0.122543    0.0707758    0.0786623   0.00421931      0.11212    0.0653385    0.0253172    0.0193337    0.0543609    0.0536156    0.0564238     0.148223    0.0483114   -0.0205981     0.104169    0.0713003     0.115823     0.125027    0.0420662    0.0135917    0.0851798    0.0670882     0.139545    0.0619113    0.0281663    0.0676182     0.136369     0.124409    0.0853678    0.0496013     0.075971    0.0622474     0.124815     0.019325    0.0567331     0.154044     0.067667    0.0682294   0.00193221   -0.0221985   -0.0347203  0.000177739    0.0857731
   0.0262233     0.045291    0.0221352   -0.0299619   -0.0636032    0.0108666    0.0770975     0.098861    0.0756203    0.0633314    0.0629246   -0.0300877     0.149041    0.0366133    0.0844015    0.0674641   -0.0334227    0.0349337     0.133045    0.0916108    0.0429764     -0.03529    0.0792315    0.0589747     0.170878   -0.0120576    0.0576004    0.0247025   0.00825908      0.05353     0.149693    0.0512657     0.140328    0.0238586   -0.0164588    0.0870714     0.113626    0.0795334    0.0547988   -0.0269689    0.0338946    0.0967772     0.139203     0.127482    0.0439604    0.0833031     0.132201     0.164515
   0.0349977    0.0537268    0.0232462    0.0766712     0.117957    0.0512593    0.0724146   0.00936159    0.0456843     0.102123     0.101466   -0.0153309    0.0527619     0.040868     0.110124    0.0865036    0.0923091    0.0534225     0.116187    0.0989115    0.0922469    0.0898367    0.0974928    0.0098376     0.114274    0.0396968     0.111419    0.0796754    0.0611632   0.00479818     0.135422    0.0727827    0.0938642     0.146537    0.0816339    0.0366731     0.126487    0.0209777     0.122117    0.0736238    0.0852829    0.0426697     0.131645    0.0289658    0.0980455     0.111306    0.0528537    0.0828326
   0.0434787  -0.00647787    0.0936142   0.00141846    0.0132705  -0.00869905    0.0533635    0.0727412      0.12318    0.0216577    0.0927727  -0.00604866    0.0200912  -0.00501464    0.0996389    0.0600066    0.0597397    0.0784223     0.010886    0.0309676    0.0636074    0.0508385   0.00233914    0.0115869    0.0314295  0.000666506     0.145655    0.0312045   -0.0376303    0.0884975    0.0515208    0.0272368     0.169626     0.102319    0.0397402   -0.0244442   -0.0159572     0.102424     0.180518     0.113384    0.0959156     0.034097    0.0298634     0.129054    0.0647039     0.145371     0.015821    0.0272961
   0.0249784      0.10188    0.0693251     0.108298    0.0513391    0.0130382    0.0502134    0.0702381    0.0120584    0.0593721    0.0331383    0.0532012     0.122077    0.0756024    0.0576369    0.0963176    0.0206756  0.000474313    0.0741477    0.0764856    0.0956027    0.0812512    0.0596766    0.0570609     0.122463   -0.0145627    0.0199986  -0.00352977    0.0868199    0.0722484    0.0842811    0.0233675     0.109377     0.053883    0.0753892    0.0805837     0.124661    0.0647063    0.0284159    0.0468569     0.111376    0.0840598      0.09068    0.0151798     0.109073    0.0976563      0.11764    0.0835087
 -0.00996291    0.0223748     0.083603    0.0418315    0.0166724    0.0979994   0.00598043    0.0443166     0.079692    0.0315706     0.143299    0.0532873  -0.00631617   -0.0286258    0.0911196    0.0133124     0.212385    0.0117287    -0.124118     0.160308   -0.0108983     0.112007    0.0290977    0.0596341   -0.0402323    0.0822735     0.147904    0.0568008  -0.00815046   -0.0376315   -0.0345106     0.154583     0.129496      0.12055      0.07801   0.00239742   -0.0950514     0.177925     0.105823     0.104162     0.153298   -0.0178813   -0.0423494   -0.0550431    0.0625802   0.00622793   -0.0743325    0.0649306
   0.0869757     0.116835    0.0344732     0.106763     0.061867    0.0283362    0.0753023    0.0569483   0.00293953    0.0850504    0.0615387    0.0724596     0.102211    0.0411378    0.0259082    0.0778057     0.126275    0.0841242    0.0694613     0.134315    0.0744849     0.130698    0.0532588     0.105563  -0.00143297    0.0429787     0.100629    0.0516081    0.0831827    0.0234105    0.0419618     0.102897     0.108742     0.139229    0.0233999     0.133552    0.0210634    0.0822851    0.0584655     0.111076    0.0532414     0.103008   0.00749285    0.0280828    0.0595159   -0.0325137    0.0699347    0.0229314
    0.109195      0.13599     0.126364     0.104334     0.013709   -0.0315802     0.129899    0.0243921    0.0665073    0.0551099    0.0232201    0.0935134    0.0710236   -0.0107392     0.014482    0.0352827   -0.0218102     0.070086     0.105078     0.102141     0.100288    0.0750178    0.0369473    0.0682212    0.0470272    0.0887736    0.0723378    0.0548309    0.0388231    0.0553417     0.101904   0.00865747     0.105698  -0.00115241   -0.0363062    0.0266958    0.0351619     0.065852     0.115048    0.0537713   -0.0265945    0.0521793    0.0711224    0.0943422     0.151902    0.0957547    0.0737773    0.0763416
   0.0155951    0.0070813    0.0639625     0.136022    0.0779755    0.0591024    0.0177957    0.0264371    0.0388218     0.143695    0.0802548    0.0976199    0.0220316    0.0773317    0.0391289    0.0291577    0.0935153    0.0435734    0.0981959     0.087118     0.075209    0.0673083    0.0526837    0.0651035    0.0768422    0.0337954    0.0746852     0.104865    0.0471042    0.0621148    0.0474313    0.0577289    0.0630982    0.0711126    0.0443354    0.0962058    0.0406488    0.0782098    0.0577047    0.0834095     0.139359    0.0509862    0.0311983      0.10061     0.113356    0.0952487     0.131238    0.0970024
   0.0513487    0.0818583     0.108449    0.0304867     0.129423    0.0840781    0.0697871     0.105414    0.0861064     0.117458    0.0107853    0.0499683     0.103534    0.0458567    0.0349477    0.0681222    0.0471057    0.0190258   -0.0172447    0.0868318     0.125291    0.0889331    0.0524637     0.062811   0.00184567    0.0596932    0.0705698    0.0900422    0.0350102    0.0520203   -0.0249136    0.0840546    0.0514327    0.0414835   -0.0140655    0.0831363   -0.0193842    0.0805253    0.0760161    0.0673483   0.00852701    0.0492214    0.0380341    0.0927636     0.182453     0.155366    0.0490267    0.0352307
    0.131282    0.0327607    0.0306621    0.0292686  -0.00958901  -0.00112943    0.0911972   -0.0395519   -0.0576743   0.00939286     0.164216    0.0399089     0.120335    0.0132827   0.00384662    0.0993963      0.12587   0.00407234    0.0171072    0.0554259   -0.0715846    0.0486632    0.0658545    0.0190012   0.00176252     0.103151     0.099678      0.07706    0.0803964   0.00205251    0.0361115    0.0778997    0.0369986     0.150559    0.0155548    0.0013429   -0.0054197     0.115931    0.0456974    0.0760869     0.122752   -0.0562752     0.164867   -0.0775627    0.0165954    -0.035022    0.0120772     0.152259
   0.0129589     0.177776     0.199695     0.135784     0.121736    0.0236139    0.0158141    0.0651477    0.0917449    0.0605044    0.0285306    0.0387259  -0.00501709    0.0350276    0.0642034     0.082675    0.0560219    0.0785682  -0.00207264    0.0293073    0.0923992     0.142078    0.0483765      0.10265    0.0216589    0.0965299    0.0898842    0.0310803    0.0231963    0.0810982   -0.0202212     0.107724    0.0628175    0.0042139    0.0884832   -0.0101674   -0.0305935     0.040033     0.114663     0.117532    0.0863374   0.00225845   -0.0387981     0.114997     0.118994    0.0244704     0.012828   -0.0581802
   0.0874375     0.084549     0.096315    0.0508001    0.0244116     0.129628   -0.0330331    0.0949266     0.107203    0.0173615    0.0753679    0.0489319    0.0538176    0.0236018    0.0497911     0.054762     0.132559    0.0704366   0.00683157    0.0442426      0.12428    0.0997275     0.125699   -0.0396675   -0.0162453   -0.0287778     0.114118   -0.0231137   0.00450368  -0.00596165   -0.0124721     0.093837    0.0664716    0.0363687     0.119378   -0.0230142   0.00810071     0.159709    0.0983366  -0.00498484     0.137445    0.0183302    0.0114436    0.0425298   -0.0253932    0.0543275   -0.0172429    0.0835813
   0.0552522     0.134249     0.170651     0.127681     0.172355  0.000937594    0.0396835    0.0479397    0.0338622 -0.000822811    0.0749136    0.0239679    0.0128887    0.0179303    0.0230765    0.0160571    0.0913816   -0.0159341  -0.00350478 -0.000571895     0.101526     0.125425    0.0507724  -0.00494402     0.030725    0.0355856     0.149701    0.0948563    0.0351757  -0.00421445   -0.0232089    0.0149819    0.0513729    0.0660278     0.105505   -0.0251583     0.113146     0.107586     0.113714    0.0506346    0.0691524   0.00451551    0.0516157    0.0955182    0.0425632     0.112489    0.0674316   0.00994577
    0.116021   0.00957333   0.00870621    0.0282405    0.0579324   0.00719396   -0.0127612    0.0350705  -0.00777183     0.137608    0.0926259    0.0173348   0.00833027   -0.0203458    0.0235924     0.075506    0.0861854    0.0046009   -0.0569283     0.074777   -0.0477338    0.0500286  -0.00362519    -0.070825   -0.0213277    0.0631317    0.0714714     0.142934    0.0397055    -0.054387  -0.00108597      0.14196    0.0710624     0.165234  -0.00194305   -0.0335042   -0.0289304    0.0485758    0.0798652     0.103719    0.0831857   -0.0197035     0.089458    0.0421578    0.0278969    0.0825828    0.0738042    0.0168774
    0.106053    0.0119103    0.0735508     0.129888    0.0772626     0.120863    0.0690054    0.0880724    0.0765167     0.017666    0.0480568     0.126907    0.0482089     0.103274    0.0956461     0.114291     0.113091  -0.00663328     0.109997  -0.00603116    0.0311562    0.0643725    0.0314204    0.0777904    0.0919301    0.0659022    0.0991537    0.0121551    0.0220296    0.0712923    0.0454113    0.0838235    0.0496011    0.0194222    0.0527463  -0.00259676    0.0933244     0.115473     0.113768    0.0738716    0.0735758    0.0215501    0.0315107    0.0902083     0.153694     0.139388    0.0897941    0.0875103
   0.0883618    -0.023949     0.013195  -0.00698252    0.0474889  -0.00663359    0.0621436    0.0391634    0.0482321     0.011986    0.0323513    0.0351473     0.053563    0.0940392    0.0856104     0.071988    0.0499349   -0.0153865    0.0747126   -0.0137618  -0.00393555    0.0418696   -0.0645297    0.0861236    0.0095437     0.121046    0.0919639    0.0532655    0.0627852    0.0885565    0.0709322    0.0212713    0.0709793    0.0487574    0.0842293    0.0233989    0.0568177   -0.0696013    0.0785654    0.0370317   -0.0753886    0.0330299     0.064385     0.145213     0.214954      0.16093    0.0731721    0.0259863
    0.033952    0.0509451    0.0718194    0.0481251    0.0247706     0.101954    0.0823225    0.0190687    0.0458609   -0.0103988    0.0287387    0.0700451    0.0843866    0.0797284    0.0329676    0.0428268    0.0732789    0.0585394  0.000578366      0.10188    0.0655326    0.0832541    0.0317031    0.0703673    0.0710418    0.0934545     0.102252     0.013825   -0.0250165     0.114706  -0.00100377    0.0995245     0.143321    0.0344352  0.000441611    0.0770967    0.0977663    0.0625875     0.168874     0.071298    0.0643475    0.0752743    0.0447396    0.0863378    0.0836503      0.11007    0.0508777     0.040637
    0.102527    0.0267362    0.0919045     0.117767     0.148248     0.048188      0.07398    0.0719737    0.0711348   0.00268588     0.125749   0.00535512    0.0490414    0.0451541    0.0847037    0.0529516     0.128561   -0.0629466    0.0905824    0.0679118   0.00664093    0.0659256    0.0215543    -0.045311   0.00863049    0.0983006    0.0765709    0.0390329     0.120211 -0.000818872    0.0107031     0.119357    0.0382044   -0.0111071    0.0452241   -0.0333013     0.116095    0.0267098     0.105094  -0.00380947    0.0953436    0.0641028    0.0355983     0.140689     0.145033    0.0907083    0.0524065    0.0544352
    0.137939     0.109712    0.0929363     0.159097     0.113206    0.0651599     0.110935    0.0091462   -0.0173212    0.0485517    0.0198302    0.0855195    0.0336266    0.0372766    0.0540407     0.107369    0.0265884  -0.00749335     0.162555   -0.0295286  -0.00176341     0.117165    0.0775069    0.0645036     0.157638    0.0528395   -0.0230546    0.0396008    0.0243874     0.051259     0.148593    0.0310406   -0.0768057    0.0167233    0.0267498     0.109273     0.153488    0.0357676    0.0251196     0.110942   -0.0175489    0.0876052    0.0440508    0.0721449    0.0456797    0.0934067      0.17438    0.0593167
    0.177081    0.0262392    0.0493052   0.00518677    0.0972326     0.116541      0.13799    0.0970707    0.0813479    0.0082422     0.107622     0.055524    0.0102449    0.0740979    0.0675778    0.0323751     0.157488   -0.0354698    0.0622989    0.0871836     0.105816     0.101735    0.0990415     0.047522    0.0526961     0.109008     0.103099     0.043937    0.0368313    0.0585256    0.0256795     0.111463     0.046027    0.0491768     0.104232    0.0601016    0.0484502    0.0949261     0.187661    0.0842962     0.067903    0.0138161  -0.00544735     0.084862    0.0548393    0.0200436   -0.0372603   0.00493835
    0.112207    0.0613064    0.0169868    0.0466197    0.0978274    0.0539487      0.15283    0.0643397     0.052198    0.0902488    0.0465893    0.0272484     0.104774    0.0738882     0.092095    0.0621017   0.00418029    0.0301682     0.141574   0.00404661    0.0173437   -0.0388318   -0.0409471     0.109837     0.166796     0.118172    0.0300808    0.0209402     0.119383    0.0456546      0.18045  -0.00139028  0.000572696    0.0471011   0.00927247     0.103846    0.0571521    -0.114244    0.0369207    0.0265302   -0.0569847     0.123349    0.0644008     0.147868     0.150446      0.13824     0.158025    0.0962455
 0.000131421    0.0343933     0.137513     0.124228     0.131479     0.047556    0.0330691     0.026944    0.0889514    0.0124941   0.00551013    0.0158881    0.0279431     0.010574    0.0449791    0.0818291    0.0827726   -0.0060663   -0.0166285     0.103689     0.106525     0.128801    0.0421866  -0.00585115    0.0147975     0.108382    0.0885105    0.0615095    0.0306179    0.0476302  -0.00100179     0.112183     0.138741    0.0384041   -0.0199896    0.0108523   0.00505229     0.092138    0.0993601     0.111713   -0.0223513    0.0403774   -0.0305565    0.0869156     0.157037     0.130134   0.00196585    0.0014601
   0.0836405    0.0670393   0.00935569  -0.00459006    0.0203818   -0.0412779     0.100914     0.105857    0.0556524    0.0360311     0.117634     0.049876     0.148269    0.0895668    0.0360199    0.0355786    0.0311835    0.0723566    0.0290362     0.124629     0.104665     0.096409    0.0445259    0.0488977    0.0642792      0.11697     0.112226     0.104868 -0.000644815    0.0810519    0.0668787     0.019343     0.132872  -0.00747356   -0.0266501     0.055362     0.107036    0.0918568     0.108237    0.0420694    0.0238779    0.0731996    0.0558989    0.0238462    0.0844461    0.0268617    0.0699144    0.0770199
   0.0116957    0.0824177    0.0118208  -0.00876404    0.0931297   -0.0464482     0.131071    0.0935093     0.117226    0.0217496    0.0632543   0.00798238     0.136824    0.0615595    0.0689943    0.0793589    0.0672237    0.0813685     0.117802    0.0333878    0.0717165    0.0418401    0.0125882    0.0355935    0.0912848    0.0806659    0.0538108     0.073353    0.0165716    0.0498278     0.123131    0.0824656     0.122261    0.0300655    0.0946423    0.0180077     0.101564    0.0642125    0.0676082    0.0966648     0.094924    0.0780117    0.0217618    0.0469497    0.0886851    0.0865041     0.106295    0.0933698
     0.10014    0.0260214   -0.0120997    0.0696126    0.0228201    0.0656565     0.059508  -0.00673363   -0.0170131    0.0239521    0.0457588    0.0430844    0.0874662   0.00323843   -0.0156063     0.125512    0.0843833    0.0801905     0.110624    0.0739221   -0.0394121    0.0846449   0.00126665   0.00391161    0.0297204    0.0960127   0.00217474     0.141874   0.00665281    0.0344782    0.0795696     0.115854    -0.027356     0.063899    0.0548646    0.0328274     0.126684     0.143534    0.0714719    0.0787457    0.0294131    0.0616743     0.121025    -0.044048   0.00695973  0.000458032    0.0935637     0.164192
   0.0114324    0.0552706     0.168431    0.0876362    0.0790883     0.140828    0.0214698     0.058842     0.113534    0.0408672    0.0122928     0.124485   -0.0573539    0.0166204     0.116333     0.131968   -0.0209697    0.0479194    0.0690664   -0.0316199    0.0435711    0.0171106    0.0660582    0.0223577   -0.0146023   -0.0530854    0.0973735    0.0314488    0.0173432    0.0918698    0.0119705    0.0213829    0.0356847    0.0394091    0.0953708     0.139127      0.05771    0.0793922    0.0437111     0.102299   0.00941708     0.127734    0.0636862    0.0687479    0.0841683      0.11666     0.104632     0.102361
  0.00846612    0.0985296     0.187219      0.11876     0.137922    0.0693799    0.0553521     0.120307     0.100897     0.030859    0.0556091    0.0517034  -0.00743669    0.0715613    0.0405105     0.113456     0.114394    0.0115267    0.0255683  -0.00471447      0.11435    0.0934714    0.0656209   -0.0193381   -0.0422854     0.102676     0.159212    0.0533721    0.0400652  -8.1779e-05     0.044817    0.0194031      0.08688     0.101835     0.019577     0.004968   -0.0068797      0.10251     0.134275      0.11533    0.0932898  0.000390821    0.0392018    0.0542966    0.0656199    0.0278988   0.00951208    0.0682934
  -0.0330692    0.0591941     0.175507     0.156159    0.0572791    0.0731684    0.0126192     0.125662    0.0681319    0.0513203    0.0407766     0.136114   -0.0534845    0.0985161    0.0444419    0.0232159    0.0785621     0.103456  -0.00347465   -0.0369341     0.111718    0.0645239    0.0584682    0.0688786     0.041954    0.0348174     0.103896   0.00342125     0.106188      0.10715    0.0892089   0.00827089   -0.0149843    0.0202659     0.115195    0.0722815   0.00733872    0.0825477     0.121463    0.0755325    0.0366189    0.0619288    -0.010178     0.154357    0.0928487     0.140011    0.0436102   -0.0520466
    0.180831    0.0656331    0.0818715    0.0953781    0.0236953     0.172884    0.0678872    0.0118584     0.100251    0.0312332    0.0317059    0.0370229    0.0586907     0.106699    0.0279978    0.0244505    0.0880493    0.0688378      0.10491    0.0828121    0.0262937    0.0694544    0.0320207    0.0133199     0.127122    0.0452619      0.10245   0.00857611   0.00648758      0.11264     0.118563    0.0286087  0.000707721  0.000535488    0.0837564    0.0826877    0.0788951     0.125514    0.0480331     0.042016     0.006879    0.0859914    0.0840503     0.154039   0.00952872    0.0261505    0.0903053      0.07536
   0.0170409    0.0345583    0.0615295     0.135573     0.111101    0.0222072    0.0746331    0.0768741    0.0673683     0.112879    0.0373614    0.0805297   0.00617712    0.0566162     0.110801     0.109084     0.076401    0.0674788    0.0162979     0.076167    0.0299063    0.0701689     0.023458   0.00725709     0.066487    0.0293785  -0.00240719    0.0736677  -0.00514221    0.0595142    0.0306338    0.0868143     0.129851      0.10049    0.0104725    0.0185862   0.00780841    0.0968565     0.130304     0.109668     0.037289    0.0392196   -0.0254208    0.0919035     0.215481     0.109476    0.0743376     0.084134
    0.104456    0.0676742   0.00963133     0.028657    0.0585932    0.0294203    0.0916129    0.0697017    0.0582918    0.0534819    0.0705892   0.00952897     0.160064    0.0824854    0.0370386    0.0712466    0.0196958     0.050188     0.193646     0.087986     0.118856   -0.0376212     0.122831     0.117752     0.159464    0.0519885    0.0590442     0.078032    0.0951307    0.0888144     0.181316   -0.0329125   0.00320714   -0.0166475    0.0325405    0.0416571     0.107282    0.0488954   0.00581121   0.00296918    0.0190933    0.0424893     0.147844    0.0784844   -0.0231212 -0.000577564    0.0522304     0.101178
  -0.0525367    0.0318716     0.150297      0.13177    0.0906728    0.0482315   0.00538209  -0.00809336    0.0363506    0.0946352    0.0228205     0.133638    0.0206832    0.0192974    0.0920652    0.0176624    0.0104942    0.0954444    -0.015834     0.141061    0.0836191    0.0935303     0.101558    0.0718542    0.0729385    0.0494525    0.0353544     0.128716     0.108385    0.0504693    0.0148472    0.0535381   0.00638915     0.125084     0.018542    0.0229679    0.0606466     0.142645    -0.015641    0.0527198     0.133228     0.036315    0.0851872    0.0443828    0.0735501    0.0646301    0.0844902    0.0588302
   0.0275964    0.0561745     0.108513    0.0881138     0.128228   -0.0142601    0.0627531    0.0498768     0.102112     0.115555    0.0666419    0.0336644    0.0858986  -0.00593026     0.102722     0.110051    0.0887179    0.0231674    0.0257586    0.0222292    0.0659962     0.103689   -0.0418446    0.0569127    0.0864142     0.118441   -0.0117717     0.107539    0.0220928    0.0234776    0.0492794    0.0116896    0.0770616     0.095654    0.0202273     0.103641   0.00775851   -0.0390196      0.12186     0.130458    0.0658271    0.0985712   -0.0453937     0.109174     0.153414    0.0793716     0.144911   0.00067154
   -0.159781    -0.102172    -0.142173    -0.110888    -0.167648    -0.115775    -0.132037    -0.161363     -0.11936    -0.141665    -0.146937    -0.147027    -0.144928    -0.100578   -0.0817341   -0.0824555   -0.0911855   -0.0977229    -0.125093    -0.134456     -0.11881     -0.12978    -0.174717   -0.0803597   -0.0812291    -0.110563    -0.115364    -0.152956    -0.184309   -0.0723778    -0.128543    -0.112159    -0.163334    -0.166641   -0.0985281    -0.131703   -0.0657048   -0.0896285    -0.115845    -0.122121    -0.101022     -0.11087
  -0.0927009    -0.187478   -0.0156428   -0.0806206    -0.111756    -0.208194    -0.072716     -0.28799     -0.20976   -0.0517699     -0.14053     0.118406    -0.150785    -0.039661    -0.207973   -0.0526635    -0.136767   -0.0148338    -0.273285  -0.00925737   -0.0099583   -0.0754007    -0.126559   -0.0762086     0.015408   -0.0419442   -0.0973489    -0.305034    -0.051804    -0.134663    0.0243584   -0.0577897   -0.0896976    -0.305402   -0.0247597  -0.00501816    0.0219038    -0.190729   -0.0535061     -0.20137    -0.161346   -0.0689907
  -0.0316381    -0.217915    -0.168076    -0.170424    -0.248051    -0.212487   -0.0247576    -0.147359   -0.0705065    -0.145583    -0.117308   -0.0375981    -0.108196    0.0673495   -0.0617891    -0.122843    -0.116011    -0.174085   0.00123137   -0.0384158   -0.0493615   -0.0235005   -0.0610498   -0.0803444    -0.193263   -0.0673491   -0.0532707    -0.139004   -0.0474814    -0.287107    -0.104368   -0.0666656   -0.0783771   -0.0188337    -0.140757    -0.045453   -0.0989487    -0.148122    -0.119793    -0.232687   -0.0999472    -0.127552
  -0.0194485     -0.10102    -0.121143    -0.175823   -0.0919775    -0.129791    -0.116593    -0.158282   -0.0933622    -0.176493    -0.145947   -0.0517723    -0.141744   -0.0479181    -0.118059    -0.110187     -0.11569    -0.136735   -0.0706538   -0.0469951    -0.105865    -0.159454   -0.0721714   -0.0926912    -0.171178    -0.122776     -0.17254   -0.0772523   -0.0469494    -0.201518    -0.107801    -0.123584    -0.172826    -0.131807   -0.0274633   -0.0745831   -0.0608589    -0.062877    -0.117882    -0.108472     -0.17315    -0.130064
  -0.0479441    -0.115716    -0.114638    -0.151881   -0.0369556   -0.0312105   -0.0270163    -0.129335   -0.0711657   -0.0828596   -0.0424034    -0.138945    -0.106827    0.0202938   -0.0366115    -0.205534   -0.0361544     -0.16796   -0.0685274    -0.135282    -0.093278    -0.192771    0.0081534    -0.185607    -0.121877    -0.152726    -0.134232    -0.159474    -0.138511   -0.0788775     -0.12149    -0.170954   -0.0936086    -0.161431    -0.163114     -0.18686    -0.166173    -0.188673   -0.0816467    -0.172071   -0.0681503   -0.0562641
   -0.131993    -0.100285    -0.140727   -0.0911755    -0.113113    -0.141195    -0.124478    -0.101088    -0.161842    -0.098247    -0.120953    -0.171166    -0.103632    -0.136345   -0.0719813    -0.117056    -0.130014    -0.129039    -0.181426    -0.102829    -0.107298   -0.0704512    -0.100925    -0.178601   -0.0913775    -0.118337   -0.0632824     -0.10192    -0.148224   -0.0976569    -0.130913    -0.153309    -0.147545    -0.112763   -0.0849628    -0.112444    -0.138085   -0.0805362    -0.175146    -0.118753   -0.0939594      -0.1006
  -0.0924658    -0.119526    -0.124671    -0.090917    -0.124317    -0.105871   -0.0772533   -0.0998495    -0.166567   -0.0994881    -0.125135    -0.177628    -0.151832    -0.205572    -0.106783    -0.145824    -0.126478     -0.10123    -0.218083    -0.144399    -0.148582    -0.133978   -0.0974349    -0.131875   -0.0358308    -0.123142    -0.074968    -0.133508    -0.152355   -0.0251425   -0.0859121    -0.114809    -0.108965    -0.138221   -0.0937948    -0.148737   -0.0393862   -0.0480828    -0.157998   -0.0707679       -0.126   -0.0583597
 -0.00858662    -0.217811   -0.0707247   -0.0363233    -0.139724    -0.198857    -0.125046    -0.210539    -0.047372    -0.247343    -0.217173    -0.117874    -0.195539    0.0359575   -0.0911181    -0.124563   -0.0925952   -0.0703565   -0.0686264    0.0096305    0.0511469   -0.0144726    -0.028974   -0.0987774    -0.143613    -0.122885   -0.0462729    -0.101376   -0.0871519    -0.219219    -0.029384    -0.187497    -0.223041    -0.094692   -0.0652603  -0.00333527   -0.0311574  -0.00193097    -0.146036    -0.215013    -0.130567    -0.181852
   -0.134728    -0.110493    -0.107839   -0.0831322    -0.169806    -0.149067   -0.0835134    -0.133663   -0.0990237   -0.0798718     -0.16172   -0.0621081   -0.0888451    -0.107847   -0.0740888   -0.0707432    -0.149389    -0.126835    -0.117143    -0.096098   -0.0927977    -0.126313   -0.0928584    -0.160422     -0.22269    -0.129792    -0.183171    -0.156077    -0.137601    -0.206594    -0.106626   -0.0856741   -0.0770047   -0.0885998    -0.168303   -0.0599856   -0.0433527    -0.153623    -0.124043    -0.162031   -0.0625179   -0.0617021
   -0.169343    -0.121268   -0.0611484   -0.0575991    -0.184203     -0.13445    -0.121986   -0.0400011    -0.151408    -0.206958    -0.187831    -0.116089    -0.145627    -0.140927   -0.0718267   -0.0759866    -0.149109    -0.109529    -0.168447    0.0204052   -0.0670331    -0.137822     -0.16279   -0.0967562   -0.0879852   -0.0851074    -0.142671    -0.168047    -0.106512    -0.120854    -0.091002   -0.0865348    -0.114637    -0.156863    -0.112493    -0.141728   -0.0208242    -0.169697    -0.095061   -0.0862173   -0.0670655   -0.0800315
   -0.109592    -0.115391    -0.144668    -0.161304   -0.0957626    -0.109049   -0.0446465    -0.106216   -0.0703214    -0.120716     -0.11314     -0.12481   -0.0749183   -0.0922171   -0.0817891    -0.151729     -0.10208    -0.170576    -0.132603    -0.146517   -0.0945463    -0.144971    -0.147959    -0.165649   -0.0690619   -0.0676167    -0.179724    -0.151257    -0.170573    -0.106404    -0.143479    -0.154873   -0.0807556   -0.0631808   -0.0425609    -0.155477    -0.166711    -0.112641     -0.10379    -0.100081    -0.145425    -0.118265
   -0.108349   -0.0737271    -0.132784    -0.139194    -0.114998    -0.123984    -0.174977    -0.104648    -0.141239    -0.139164    -0.170671    -0.141988    -0.138148    -0.151048    -0.157738    -0.129893     -0.12213   -0.0998756    -0.127478    -0.136959    -0.116365   -0.0836751    -0.179916    -0.156245   -0.0785455    -0.103929    -0.148387    -0.137118    -0.162349    -0.152045    -0.131724   -0.0780626   -0.0825893    -0.116648   -0.0859671   -0.0905227   -0.0656955     -0.10069    -0.123597    -0.084593    -0.116266   -0.0867053
   -0.215858    -0.120871    -0.134366   -0.0596508   -0.0988808    -0.097099    -0.127127    -0.162903    -0.200648   -0.0837461     -0.10001    -0.124507   -0.0337655     -0.22245    -0.116463   -0.0469412    -0.100317   -0.0695843    -0.156436   -0.0703275    -0.180426   -0.0613481   -0.0961025    -0.122743   -0.0807025    -0.158607    -0.047561   -0.0100068    -0.184696    -0.027595   -0.0612536    -0.136653     -0.04251    -0.129688    -0.162452       -0.157    -0.128858    -0.132734   -0.0508103    -0.107214    -0.156434   -0.0743937
   -0.199548   -0.0465643   -0.0832518    -0.118942    -0.131625    -0.104243    -0.145941    -0.105107    -0.133456    -0.130667    -0.154419   -0.0848763     -0.14777    -0.142073    -0.108018    -0.089544    -0.104363    -0.141308    -0.166901   -0.0724042    -0.170256    -0.102958    -0.105461    -0.157277   -0.0915731    -0.128891    -0.122494   -0.0458675    -0.177438   -0.0862444    -0.129819    -0.145345    -0.127012    -0.130742   -0.0683239    -0.166023    -0.122045   -0.0836392    -0.127827   -0.0630944    -0.105083   -0.0931429
     -0.1434    -0.111193    -0.152579   -0.0782595   -0.0930842    -0.140914    -0.102319     -0.10357    -0.145507    -0.107884   -0.0976616    -0.103676   -0.0742384    -0.121799    -0.189391   -0.0874916    -0.151562    -0.107078    -0.127815    -0.123367    -0.121839    -0.116269    -0.162555     -0.14017    -0.110831    -0.158636    -0.075806    -0.140368   -0.0957547    -0.108783    -0.129963    -0.179848    -0.152815    -0.170244   -0.0862406   -0.0901587    -0.179984    -0.127799   -0.0851545   -0.0942644    -0.090761    -0.103409
   -0.117487    -0.141655      -0.1573   -0.0554237   -0.0987582    -0.119542   -0.0997507   -0.0602629   -0.0646052   -0.0930487   -0.0963153    -0.191465    -0.060142    -0.137631    -0.127511    -0.092062    -0.161264    -0.157996    -0.142124   -0.0835581   -0.0610357   -0.0761101    -0.096256    -0.127697    -0.205036    -0.128734    -0.119408   -0.0347258    -0.125249    -0.127065   -0.0588481    -0.114149    -0.161152   -0.0614688    -0.166944    -0.135314    -0.160145   -0.0722457    -0.163695  -0.00468346     -0.11692    -0.183441
   -0.157657     -0.12661    -0.185283    -0.129687    -0.136947     -0.17733    -0.109181   -0.0578956    -0.153574   -0.0628034    -0.151552    -0.120539     -0.13418     -0.20189    -0.123732    -0.104548    -0.103825    -0.129179    -0.115142   -0.0701945     -0.10985    -0.138381     -0.16186    -0.155691    -0.110167    -0.122265    -0.083813   -0.0789908   -0.0835021    -0.107286   -0.0604492   -0.0712647    -0.130778    -0.147291   -0.0642634   -0.0816405    -0.103499    -0.120653    -0.146247    -0.139916   -0.0737413     -0.11282
   -0.123831   -0.0805874   -0.0940969    -0.123147    -0.128877    -0.133227     -0.18248   -0.0101361   -0.0418708   -0.0565676    -0.132874     -0.17586   -0.0522047    -0.130999   -0.0494816   -0.0971592    -0.134788   -0.0837115   -0.0849682    -0.169305    -0.123345    -0.205639     -0.16943   -0.0960848    -0.134172   -0.0526677    -0.210281    -0.113505   -0.0997195    -0.104831    -0.164484   -0.0499814    -0.157616   -0.0570878   -0.0639106    -0.195065    -0.112425    -0.051943    -0.172884   -0.0635147   -0.0846468    -0.181341
   -0.043138    -0.145655   -0.0484703    -0.106722     -0.17032    -0.200375   -0.0342884    -0.100721   -0.0827975    -0.232616    -0.117395   -0.0978847   -0.0887202    -0.110063    -0.115453    -0.144197    -0.038501   -0.0214783    -0.123851   -0.0571019    -0.203516   -0.0947312    0.0688843    -0.107217   -0.0694785    -0.163914    -0.174084   -0.0572899    -0.246432    -0.149445   -0.0291416    -0.202152     -0.17499   -0.0488957   -0.0120256   -0.0418349   -0.0992952    -0.237793  -0.00167831    -0.269919   -0.0567724    0.0420935
   0.0393097     -0.06808    -0.211493   -0.0920794   -0.0489398    -0.149388  -0.00392569    -0.169371   -0.0920946    -0.251487    -0.152952    -0.137529     -0.11624    0.0449831    -0.188375    -0.196966   -0.0394006    -0.117882   -0.0593867    -0.116722   -0.0126971   -0.0426419    -0.109163   -0.0317044    -0.121476    -0.148639   -0.0141021    -0.184672   -0.0877508    -0.218847    -0.111656    -0.227191    -0.173923     -0.10966   -0.0209295   -0.0994708   0.00429857    -0.150502   -0.0613647    -0.204035   0.00850823    -0.174629
  -0.0814945    -0.049376   -0.0765939    -0.129166   -0.0975354    -0.141935    -0.147859     -0.11556    -0.110889    -0.057279    -0.095033    -0.117061   -0.0973192    -0.195192    -0.155412    -0.184176    -0.167756    -0.156368    -0.022301    -0.223442   -0.0743306      -0.1742    -0.167705    -0.095825   -0.0559741    -0.125342   -0.0732704   -0.0363454   -0.0561919   -0.0476677    -0.195587   -0.0953211   -0.0934373   -0.0201589   -0.0465405    -0.118381    -0.160046    -0.087292    -0.148323   -0.0134795    -0.161231    -0.180081
   -0.198668    -0.116762   -0.0991275     -0.13531   -0.0544798   -0.0744209     -0.13086    -0.163452    -0.227481    0.0587118   -0.0895576   -0.0626997   -0.0956131    -0.249112     -0.21124  -0.00952318   -0.0722877    -0.165927    -0.022904    -0.252698    -0.155164     -0.16672   -0.0219952   -0.0201569    0.0437619    -0.118618   -0.0527252   -0.0467208    -0.175255    0.0378998    -0.176457   -0.0934065   -0.0538658   0.00731398    -0.151731      -0.1955    -0.217093   -0.0624541    -0.138529  -0.00688749    -0.191206    -0.123199
  -0.0416987    -0.152689    -0.143881    -0.167886   -0.0322987     -0.10489   -0.0372912    -0.138163   -0.0307059    -0.132473     -0.12745   -0.0993524    -0.105085    -0.164538     -0.10241    -0.139839   -0.0731778    -0.103202   -0.0824484    -0.148211    -0.098321    -0.117276   -0.0728982    -0.155859    -0.155333    -0.212129    -0.084942    -0.123614    -0.117044    -0.109901    -0.206875   -0.0933893    -0.087641   -0.0657467    -0.169395    -0.122149    -0.104534    -0.143025    -0.176357  -0.00853616    -0.149173    -0.113498
  -0.0301294    -0.154141    -0.207143    -0.124313   -0.0693374   -0.0365556   -0.0448667   -0.0764295   -0.0994917   -0.0637665   -0.0792309    -0.145994   -0.0692381    -0.169419     -0.15542    -0.172737    -0.148865      -0.1319   -0.0625811     -0.16235    -0.105621   -0.0558564    -0.144931    -0.120055     -0.13336    -0.150463   -0.0904157   -0.0765178   -0.0676755     -0.11459     -0.16827   -0.0701423   -0.0617534    -0.128339    -0.186054    -0.132084    -0.130425   -0.0903654    -0.202489  -0.00880306    -0.153247    -0.172593
   -0.235801   -0.0260975   -0.0818381   -0.0816337    -0.109561   -0.0833387    -0.161741   -0.0743732    -0.204144   -0.0752341    -0.158319     -0.10154    -0.130251    -0.170295    -0.131893   -0.0829925    -0.093666   -0.0979361    -0.182216   -0.0618826     -0.19948    -0.133802    -0.190569    -0.150374   -0.0465552   -0.0673535    -0.115093   -0.0674908    -0.172653    -0.115311    -0.151141   -0.0874353   -0.0951689   -0.0919766    -0.124258    -0.176972   -0.0471342    -0.150981   -0.0908185   -0.0718509   -0.0731106   -0.0670994
  -0.0937087    -0.127475    -0.133993   -0.0558201    -0.045771   -0.0928369    -0.140353    -0.153412    -0.139877    -0.147865       -0.156    -0.174602    -0.136404    -0.160932   -0.0995662    -0.033487    -0.158259    -0.113985   -0.0248356     -0.12004     -0.19479   -0.0684114   -0.0828546    -0.148717   -0.0880506    -0.179197     -0.15919   -0.0989196   -0.0991027   -0.0345335    -0.161216    -0.104306    -0.122785   -0.0734873    -0.168543   -0.0596992     -0.11126    -0.115553    -0.197384   -0.0218018   -0.0489822    -0.169861
   -0.116962    -0.115697   -0.0458669    -0.128388    -0.172932   -0.0995868    -0.110157    -0.167048    -0.180674    -0.137739    -0.145534    -0.113835   -0.0947414   -0.0902976    -0.121382   -0.0957112    -0.160397    -0.170438   -0.0782173    -0.103123   -0.0800717   -0.0837247    -0.139046    -0.121212    -0.115753    -0.115685     -0.15045    -0.072871    -0.133994    -0.114189    -0.126612    -0.118865   -0.0753485    -0.118281    -0.156236   -0.0873912    -0.103203     -0.13347    -0.125418   -0.0887958    -0.116273    -0.148666
   -0.143028   -0.0950866   -0.0826377   -0.0958216    -0.102532   -0.0641849   -0.0615907    -0.140045   -0.0844402    -0.110644    -0.131911    -0.164154    -0.166083    -0.134479     -0.14903   -0.0760958    -0.167108    -0.171106    -0.046848   -0.0838471    -0.164211    -0.113946    -0.145064    -0.142938    -0.101278    -0.133706    -0.123771    -0.104347    -0.154858    -0.059098    -0.150836   -0.0796917    -0.106847    -0.135647     -0.12713    -0.119618    -0.112064    -0.177459    -0.164088      -0.1289   -0.0721595    -0.129757
   -0.210883     -0.10479    -0.108186   -0.0594704    -0.202563    -0.130388     -0.14536   -0.0913411    -0.164221    -0.151858     -0.15433     -0.15843   -0.0528693   -0.0999392   -0.0807387   -0.0444464    -0.131273   -0.0406952    -0.164217    -0.109662   -0.0956674   -0.0499665     -0.16775    -0.176022   -0.0873253   -0.0768854   -0.0672318   -0.0758883    -0.156833    -0.149145   -0.0616414   -0.0510426     -0.14754    -0.171592     -0.11712    -0.144852    -0.119241    -0.104023    -0.100452    -0.155551   -0.0617434    -0.126847
   -0.258863   -0.0282592   -0.0995395   -0.0665982   -0.0901477   -0.0936042    -0.192362   -0.0630728    -0.129604   -0.0314676    -0.133344   -0.0772331    -0.106968    -0.157927    -0.115421   -0.0805287    -0.125316    -0.118538    -0.205586    -0.145865    -0.144086    -0.235342    -0.168457    -0.059178   -0.0785942   -0.0473969     -0.19314   -0.0645437    -0.144838   -0.0124289    -0.141567   -0.0745296   -0.0764227   -0.0573083   -0.0616954    -0.233342   -0.0802117   -0.0795059   -0.0782844    -0.129457    -0.123166   -0.0699804
   -0.181431   -0.0429368    -0.148653   -0.0794273    -0.131441    -0.157282    -0.145738    -0.132326    -0.131216   -0.0234194    -0.184993   -0.0889726    -0.103388    -0.130941    -0.120266    -0.121053   -0.0651109   -0.0998172   -0.0776706    -0.156626    -0.170699    -0.187074    -0.111774    -0.104981   -0.0275529    -0.102726    -0.166147    -0.137132     -0.14652   -0.0213596    -0.131704   -0.0720826    -0.118384   -0.0439767   -0.0981072    -0.206454    -0.102619   -0.0457002   -0.0817834    -0.135371    -0.136067    -0.100129
   -0.049771    -0.234302    -0.142248    -0.154854   -0.0966331   -0.0705326    -0.191159   -0.0449231    -0.092872     -0.17317   -0.0856661   -0.0849259    -0.230242    0.0254114   -0.0818259    -0.106238    -0.178582   -0.0357557    0.0099785    -0.121779   -0.0917783    -0.139559    0.0381951    -0.173035   -0.0190493   -0.0669899   -0.0409106    -0.213158  -0.00361845    -0.175704   -0.0498488   -0.0710399   -0.0842803   -0.0161208    -0.259949    -0.146979    -0.224397    -0.162763   -0.0481788    -0.170048    -0.112212   -0.0677045
  -0.0687421    -0.157967   -0.0934663    -0.161604   -0.0727531    -0.147967    -0.116467    -0.172251    -0.129056   -0.0736862    -0.137841   -0.0496037   -0.0904507    -0.113431    -0.141176    -0.152757    -0.175758    -0.203215   -0.0603479    -0.102492   -0.0541111   -0.0638827   -0.0758408    -0.107447   -0.0665201    -0.085732   -0.0391825    -0.151306    -0.119587     -0.13517    -0.117181   -0.0980762     -0.11797    -0.154718    -0.155339    -0.115079   -0.0816359    -0.103379    -0.159208   -0.0790966    -0.208721    -0.126484
    0.108844    -0.149856    0.0948341    -0.211107     0.017301     0.013695    0.0200399   -0.0684843  -0.00404363   -0.0171379   -0.0931043    -0.033828    -0.128871    0.0553827   -0.0589615    -0.135204   -0.0919463    -0.124833    0.0734223    -0.195312 -0.000143699    -0.153671    0.0219558    -0.218429    -0.214404    -0.126296    -0.214521    -0.313714    -0.212915    -0.318709    -0.136931   -0.0372336    -0.111263  -0.00899326    -0.162735    -0.102551    -0.248616    -0.162478    -0.136038   -0.0896991  -0.00112519    -0.224007
  -0.0600725    -0.140142   -0.0816099    -0.217541 -5.54118e-05   -0.0861554    -0.245273   -0.0825976   -0.0923067    -0.208915    -0.129647   -0.0676596     -0.15811    0.0408029   -0.0476781   -0.0755964    -0.138513   -0.0993362   -0.0454479    -0.087615    -0.174418   -0.0959373   -0.0262962    -0.146693   -0.0358453   -0.0859909   -0.0528594    -0.198934   -0.0128134   -0.0944313    -0.029244    0.0169607    -0.116098    -0.105213    -0.252288    -0.109452    -0.222996    -0.167699   -0.0834067    -0.179857    -0.216095    -0.027311
  -0.0834707    -0.138763    -0.170591    -0.126043    -0.186357    -0.162634    -0.064245    -0.134021   -0.0917715    -0.129679    -0.140338    -0.138848    -0.131519   -0.0883974     -0.12922    -0.159889    -0.164249   -0.0871676    -0.068688    -0.113011   -0.0459711    -0.100814   -0.0321175   -0.0741379   -0.0506919    -0.122819   -0.0935225   -0.0687873   -0.0805887    -0.141278   -0.0591277    -0.172335    -0.188511   -0.0603063    -0.100516     -0.10709    -0.148864    -0.123415   -0.0957325      -0.1826    -0.127825    -0.142661
