no weights
   0.0251907    -0.092073     0.028736   0.00589284     0.109482    0.0582923    -0.203139     0.102091    0.0284876     0.112507     0.163836    -0.080736    -0.107146    0.0788809     0.085206    0.0753132      0.18435    0.0187675    -0.194684     0.113099   -0.0360818    0.0487602     0.212802    -0.170298    -0.169805    0.0944174     0.224181     0.253194     0.137172    -0.165083    -0.116176     0.139283     0.191174     0.164238    0.0735892    -0.128438    -0.149369      0.31371    0.0954498    0.0880711     0.278552    -0.147649     0.120358    -0.221848    -0.130427   -0.0809495     -0.17436     0.064982
  0.00249222    0.0617874  -0.00113837    0.0435948    0.0970761     0.122741    0.0679306    0.0243411   -0.0193934    0.0487988    0.0228421     0.126337    0.0639855    0.0201016   -0.0195649    0.0852655    -0.104214     0.152738     0.166396    0.0407515    0.0148764   -0.0905291     0.158173     0.142929      0.12144    0.0356898    -0.128054  0.000121405    0.0500022     0.213888     0.193534    -0.112899   -0.0561809   -0.0429683     0.064809     0.165356    0.0974275   -0.0181793   -0.0903382    0.0608697    0.0666626     0.177377     0.070569    0.0238979    0.0504273     0.120956     0.177766      0.10118
  -0.0192318   -0.0325068    0.0180796   -0.0592601   -0.0610795   -0.0845517    -0.104704     0.131691    0.0892354     0.102682    -0.105358   -0.0233663     0.112326    0.0391992     0.149644     0.117601    -0.165442     0.217188   -0.0342731     0.165729   0.00717403   -0.0515615   0.00400459    0.0821883   -0.0378025    0.0666148     0.219732     0.117588     -0.11859      0.05404    -0.024071     -0.03163     0.215176     0.220248   -0.0891282   -0.0288752   -0.0959582     0.130248    0.0554207    0.0586616    0.0672649    0.0583016    0.0738245     0.126573  0.000762192    0.0234058   -0.0543841     0.163557
   0.0661467     0.133688     0.229424     0.154184     0.163963     0.141789    0.0361043    0.0778314    0.0826263   0.00548016   -0.0560747     0.217584   -0.0593977   0.00960378    0.0252397    0.0784767  -0.00435585    0.0394868     0.110543   -0.0416595     0.147676    0.0463555   -0.0347585     0.123171    0.0991425   -0.0161017   0.00456401   -0.0381539    0.0756579    0.0386188    0.0772069    0.0145531    -0.122415   -0.0595443    0.0169813    0.0813657     0.104782   -0.0271064   -0.0547668    0.0683706   -0.0553567     0.107904   -0.0153693     0.204104    0.0591599     0.170627     0.140705   -0.0508849
    0.157908   -0.0992627    -0.132324    -0.123908     0.101226    0.0293048  -0.00547191    0.0689146    0.0642648    0.0905834     0.071436   -0.0746285     0.162161    0.0746535    0.0985611    0.0393632    0.0436671    0.0386827      0.11953     0.178657   -0.0121809    -0.171531     0.146823    0.0018396    0.0892855     0.126588   -0.0122273     0.184814     0.135888  -0.00686236     0.128359   -0.0874091     0.224831    0.0699946     0.115883  -0.00268177   -0.0788575    0.0780993    -0.030006    -0.102043    0.0740483   -0.0306158     0.175244   -0.0432234    0.0224012    0.0270963    0.0320613      0.16521
    0.088789    0.0357462    -0.133222   -0.0303798     0.113676   -0.0361111     0.079826   -0.0683283    0.0141219    0.0311129    0.0718557    0.0370661     0.265042    0.0170291    0.0262913   -0.0261179    0.0409469     0.157429    0.0754513     0.209826   -0.0620107   -0.0907515     0.138979    0.0915639     0.118941     0.108994   -0.0373335      0.18372    0.0497224    0.0121104     0.189116   -0.0406657     0.118225     0.137194     0.108969     0.112089    0.0552309    0.0236009   -0.0035329   -0.0566177     0.134391    0.0826303     0.199772    -0.069319    -0.021342   -0.0553601     0.146138     0.102764
    -0.18981    0.0856822     0.188827     0.105228   -0.0134648  -0.00985394     -0.16044    0.0758908     0.110206     0.128104  -0.00297614   -0.0562482    -0.102546    0.0149237     0.101381    0.0231916   -0.0111109  -0.00249859  -0.00762213   -0.0279392     0.113491   -0.0768115     0.160565  -0.00211749   -0.0562921   -0.0705916     0.229476    0.0629386     0.176601   -0.0734761   -0.0496943       0.0803     0.093811     0.201672     0.192188   -0.0447566   0.00505684     0.196527   -0.0640025     0.104863     0.312059   -0.0524666      0.14192   -0.0705218     -0.07529    0.0740505     0.085619     0.100958
   0.0864817    0.0908775    -0.128575    0.0658201     0.137454    0.0698922     0.164377   -0.0703424    -0.107706    0.0269406    0.0764949    0.0292448      0.23726     0.111946    -0.142329    0.0741732    0.0372745     0.159296    0.0765483     0.213016   -0.0230748     0.195167     0.185915     0.133547      0.06603    0.0756255    -0.143941     0.149917     0.056648     0.151756    0.0879743    0.0183728   -0.0422657     0.148616    0.0661146     0.109051    0.0925154   -0.0283121   -0.0502659     0.107325   0.00750273     0.183056     0.109699    -0.139632    0.0249419    -0.063318    0.0875458    0.0979751
   0.0906507    0.0180898   -0.0115005     0.108116     0.128132     0.153724    0.0305644   0.00938143   -0.0744362     0.126262    0.0989247    0.0368869    0.0110095    0.0568534  -0.00934206    0.0653595     0.197078    0.0791734   -0.0717431     0.166936    0.0190562      0.16619     0.200638    0.0319508   -0.0316892    0.0896337    0.0567171     0.187783     0.078265    0.0202251    0.0254034     0.174062    0.0981459     0.137354    0.0693804    0.0710426    0.0189526     0.189905   -0.0427777    0.0674735     0.220406    0.0565148     0.102206    -0.144604    -0.172775     -0.18798     -0.06733     0.100839
  -0.0272115   -0.0239654    -0.103709    -0.181659    -0.247162   -0.0532877    0.0603542     0.125669     0.104697    0.0287101   -0.0504534    -0.117973     0.198624    0.0479318     0.120961    0.0297766    -0.197727    0.0938918     0.207289    0.0832179    0.0789118    -0.199372    0.0993083    0.0659729     0.251849   -0.0746084    0.0688305   -0.0236605   -0.0256286    0.0690927     0.225745   -0.0411187     0.191264    0.0106543   -0.0599369     0.118773     0.168807     0.011375   0.00577515   -0.0941031    0.0306195     0.124715     0.237687     0.150671   -0.0316225    0.0845898     0.155299     0.260664
   0.0226999    0.0308346   -0.0257389    0.0495171     0.109586    0.0157123    0.0903009  -0.00954952    0.0274876     0.113808     0.116876   -0.0731395    0.0763242    0.0508881     0.104055    0.0933051    0.0716613    0.0417606     0.137706     0.119697    0.0804976    0.0668644     0.118309  -0.00670274     0.142111    0.0454886     0.069401    0.0969134     0.070885  -0.00704578     0.164051    0.0580566    0.0893445     0.172551    0.0873979     0.039094     0.148928   -0.0139837     0.108107    0.0730318      0.10048    0.0349368     0.157549   -0.0230605     0.075719     0.090724     0.072751     0.101753
  -0.0279585   -0.0781593    0.0672478    -0.104222    -0.120467    -0.099266   -0.0205891     0.141276     0.183177   0.00501841    0.0628978   -0.0977604   -0.0299159   -0.0304383     0.151347    0.0525209   0.00610203    0.0707665   -0.0706013   0.00463197      0.07181   -0.0235103   -0.0529451   -0.0291216   -0.0521005   -0.0249573     0.212871     0.024776   -0.0971647    0.0414789   -0.0276737   -0.0052767     0.267674     0.108928  -0.00128614   -0.0876381     -0.10175     0.115559     0.268158     0.120135     0.104556   -0.0248303    0.0036552     0.144385    0.0672258     0.157373   -0.0473607    0.0345285
  -0.0124839     0.114251    0.0563284     0.126072    0.0353871    0.0100798    0.0650331    0.0404833   -0.0212589    0.0721584   0.00542729    0.0490781     0.119692    0.0823804    0.0355081     0.106512   -0.0378267 -0.000297875     0.127525    0.0422587    0.0989206    0.0391123     0.092651    0.0690046     0.182303   -0.0661174   -0.0519913   -0.0609698     0.102616     0.100732     0.145537   -0.0297083    0.0579655    0.0182314    0.0963795     0.112129     0.186357    0.0283161   -0.0405184    0.0615177     0.120075     0.102831     0.110648   -0.0133073    0.0617536      0.10444      0.16315     0.092799
  -0.0900935   -0.0153784    0.0882064   0.00521918    -0.021262    0.0642736    -0.131318     0.063291     0.097356    0.0188401     0.193267    0.0276819    -0.100791   -0.0748295    0.0985119   -0.0166088     0.305797   0.00777336    -0.326906     0.242636   -0.0517119     0.147641    0.0329961  -0.00364035    -0.235757     0.100891     0.261787     0.116754   -0.0311729    -0.128824    -0.229589     0.230519      0.25419      0.19949    0.0737492   -0.0852672    -0.279535     0.314122     0.193991      0.10623     0.236338    -0.109821    -0.106229     -0.14143     0.010729   -0.0868713    -0.232504    0.0478587
   0.0816112     0.162996   -0.0137853     0.133468     0.102587    0.0235194    0.0902166   -0.0136685   -0.0669646    0.0945053    0.0681598    0.0892495     0.121949    0.0328696   -0.0426552    0.0718268     0.147941     0.124219    0.0473583     0.198317    0.0248656     0.191329    0.0727799     0.128523   -0.0159179    0.0651477     0.066571    0.0826509    0.0734416    0.0517042    0.0291264     0.139413    0.0740574     0.170499    0.0173482     0.167546    0.0140668    0.0968378    0.0185516      0.13107    0.0677638     0.122079  -0.00864876    -0.056156   -0.0353806    -0.150131    0.0521199   0.00494283
    0.122571     0.167976     0.135769    0.0943594   -0.0143741    -0.074434     0.169781    0.0385351    0.0804769     0.026104   -0.0476989    0.0869493    0.0876318   -0.0361146  -0.00274367    0.0141233   -0.0876789    0.0680228      0.12893    0.0825941     0.127098    0.0803473   -0.0421242    0.0909368    0.0573349      0.10171    0.0532544    0.0211439   -0.0136922    0.0665279     0.114698   -0.0234525     0.081737   -0.0534515   -0.0925562    0.0139495    0.0568683   0.00366734     0.139511    0.0519632    -0.108185    0.0475202    0.0517224     0.144188     0.176927     0.109112    0.0739041    0.0590499
  -0.0177073   0.00979824    0.0691639     0.167034    0.0935663    0.0658368   -0.0113723    0.0056719    0.0147307     0.171683    0.0628572     0.114539  -0.00452569    0.0667354    0.0188786    0.0358723    0.0852923    0.0459683      0.10423    0.0605443    0.0476632     0.046031    0.0621788    0.0684936    0.0913434   0.00248852    0.0415532    0.0840713    0.0672678    0.0642504    0.0636663    0.0487534    0.0365405     0.075602    0.0680822     0.110071    0.0416728    0.0880189  -0.00130751    0.0931825     0.156534     0.054414    0.0292851    0.0952131      0.10779     0.117503     0.178835    0.0960458
   0.0342013    0.0725895     0.140879    0.0334055     0.152836    0.0772467    0.0331573     0.137439     0.118318     0.125136     -0.03181    0.0578255    0.0640582    0.0320664     0.046633     0.070463    0.0279585  -0.00811218   -0.0530944    0.0789127     0.162956     0.118279 -0.000271913    0.0595163   -0.0431159     0.076226    0.0561955    0.0928234    0.0112704    0.0437858   -0.0717099    0.0738396    0.0404332    0.0289803   -0.0393551    0.0661152   -0.0701143    0.0301187    0.0896586     0.057268   -0.0694525    0.0453127   -0.0176097     0.123888     0.241905     0.189724    0.0527848   -0.0178961
    0.175628    0.0103304    -0.102873  -0.00923046     -0.03488   -0.0234202     0.097042    -0.146788    -0.178194 -0.000910301     0.239273  -0.00307704      0.16789    0.0158659   -0.0922068     0.105553     0.194033    0.0152891   -0.0205884     0.115799    -0.205785    0.0661013     0.124972   -0.0284119   -0.0338537     0.127965    0.0826802     0.156903    0.0887993   -0.0574303   0.00359797     0.121738    0.0010444     0.222184    0.0178971   -0.0647869   -0.0254971     0.210557  -0.00785756    0.0821065     0.221144    -0.123983     0.266428    -0.251285    -0.139691    -0.208393   -0.0610709     0.257143
  -0.0526336     0.278704     0.341988     0.241513     0.209552   0.00161999   -0.0303431    0.0969063     0.123266     0.067173    0.0165204    0.0596493    -0.146607  0.000349693    0.0697953    0.0742164    0.0844055  -0.00342845   -0.0782171   -0.0414764     0.131826     0.203593   -0.0467462     0.100128   -0.0546433     0.103757    0.0852128   -0.0409864    0.0192687    0.0624661    -0.089177      0.14001    0.0225366   -0.0630657    0.0889813   -0.0410226   -0.0926131    0.0035406       0.1797     0.162235    0.0264165   -0.0407655    -0.209005     0.133688     0.122097    0.0194396   -0.0364975    -0.230386
   0.0253799    0.0877673     0.114004    0.0259629   -0.0437294     0.156281    -0.147416     0.132477      0.13814   -0.0225059    0.0661541    0.0376249   -0.0226398    0.0212205    0.0889179    0.0204625     0.155694     0.052789   -0.0880378    0.0601739     0.171025    0.0790137     0.201508    -0.103507    -0.115303   -0.0865259     0.223186   -0.0741527  9.05261e-06     -0.04851    -0.112707     0.127026     0.124058    0.0313147     0.140785   -0.0775316   -0.0742517     0.260864      0.11131   -0.0309147     0.203253   -0.0341439    0.0136018    0.0273458    -0.135571   -0.0178785    -0.149349    0.0984119
  0.00256441      0.21202     0.272062     0.219377     0.248701   -0.0441054   0.00750557    0.0589519     0.042989   -0.0072824    0.0792003   0.00995514   -0.0773397    0.0091539   0.00616205  -0.00108963     0.136355    -0.110546   -0.0501875   -0.0582307     0.123481     0.160425   0.00520503   -0.0597963   -0.0310445    0.0385649     0.164633    0.0655534    0.0594176   -0.0739818    -0.088434     0.030941    0.0145984    0.0132429     0.120551    -0.105387    0.0886556     0.108399     0.138795    0.0681363    0.0591268   -0.0655814   -0.0256357    0.0892237    0.0211244     0.103413    0.0307255   -0.0924052
    0.105699   -0.0538052   -0.0491535   -0.0110328    0.0553354   -0.0641216    -0.109757    0.0168541   -0.0269685     0.182655     0.104451   -0.0883188   -0.0342635   -0.0486821  -0.00423231    0.0909517      0.13127   -0.0428266    -0.170686      0.12444    -0.137046     0.077235   -0.0373986    -0.166352      -0.1283    0.0959375     0.121163     0.258718    0.0253711    -0.191237    -0.108594     0.187046     0.127047      0.27629   -0.0275692     -0.15008    -0.144485     0.103055     0.093467     0.121736     0.120179    -0.137267    0.0958492   -0.0302532    0.0037026    0.0319727    0.0533573    0.0364933
    0.137018    0.0289046     0.114909     0.162854    0.0821696       0.1627    0.0901136    0.0957791    0.0853154    0.0114086    0.0587595     0.158349    -0.025289     0.108344     0.101348     0.123179     0.125722   -0.0831324      0.14451    -0.118491    0.0381188    0.0614114   -0.0355978    0.0900792     0.122166    0.0481137    0.0426519   -0.0915018    0.0369005    0.0827448     0.080805    0.0827457   -0.0389209    -0.083264     0.068445  0.000576893     0.135214     0.062326     0.120454    0.0907799    0.0151563    0.0237163   -0.0257431     0.132009     0.184228     0.189184     0.107044    0.0336442
    0.125724   -0.0969966   -0.0173402   -0.0799064    0.0460295   -0.0488709    0.0870958    0.0812615    0.0992937     0.014055    0.0179755   0.00967357    0.0197713    0.0999707     0.132686    0.0752341    0.0237163    -0.107529     0.109537    -0.101068  -0.00026968   0.00311491    -0.212539    0.0983867    0.0328586     0.169552   0.00626059    0.0108658    0.0558988    0.0812314     0.085291   -0.0056538    0.0493981   -0.0124976    0.0727961    0.0193022    0.0615763    -0.252461     0.114139   -0.0108427    -0.238361    0.0493999  -0.00572553     0.230874     0.353871     0.263323     0.127052    -0.024696
   0.0338656    0.0606974    0.0673711    0.0231269   -0.0159598    0.0983825     0.104637    0.0290136    0.0659273    -0.046826    0.0124588    0.0813041    0.0822327    0.0712611    0.0339781    0.0220469    0.0550419    0.0696318  -0.00448987     0.105811    0.0845029    0.0956926  -0.00596605    0.0962272    0.0588095     0.100643     0.109519   -0.0207318   -0.0647155      0.14936   -0.0125615     0.108303      0.15307    0.0046429   -0.0270792     0.101367     0.105074    0.0363205     0.215372    0.0660214    0.0240046     0.103749     0.012735     0.114661    0.0912431      0.10582    0.0148022    0.0309233
    0.131217    0.0555111     0.122431     0.150807     0.214439    0.0443901     0.105025    0.0768652    0.0759964  -0.00921517     0.198293   -0.0253622   -0.0286286    0.0581416    0.0961721    0.0364914     0.216345    -0.227849    0.0897182    -0.017483  0.000183481    0.0893935   -0.0589903    -0.106462  0.000297991     0.130407    0.0153269    -0.039639     0.155455   -0.0565243  -0.00267448     0.158284   -0.0406804    -0.112442     0.070457   -0.0807186     0.132412    -0.041457       0.1412   -0.0242662     0.031398     0.026569   -0.0641485     0.167956     0.183366     0.109396    0.0552961   -0.0513165
     0.20617       0.2019    0.0760877     0.264106     0.202381     0.120994     0.185371    -0.107796    -0.135952    0.0787276    0.0265834     0.134863   -0.0361743    0.0557888   -0.0455328     0.147737    0.0334047    -0.114566     0.257091    -0.170495    -0.086209      0.15568  -0.00189296    0.0929334     0.260524     0.030488    -0.242384   -0.0955846    0.0479133     0.105013     0.262368    0.0489566    -0.339794    -0.101682    0.0421899     0.171031     0.265767   -0.0751633   -0.0996837     0.155297    -0.114939     0.123108    -0.028128    0.0276012   -0.0369445    0.0463582     0.269388   -0.0339678
    0.234813    0.0414286    0.0446394   -0.0181082     0.113971     0.152318     0.167306      0.11618    0.0965792   -0.0297673     0.197209    0.0503931   -0.0564242    0.0901224    0.0988966    0.0104533      0.23658    -0.136737    0.0363622    0.0543751     0.144237     0.135195    0.0647003    0.0298492    0.0286013     0.151698    0.0627859   -0.0312916     0.055818    0.0572829    0.0100438     0.152801   0.00189804   -0.0540719     0.121806    0.0559887    0.0365875    0.0465409     0.270569    0.0685765    0.0251388  -0.00205438   -0.0850841    0.0566601    0.0212971   -0.0542724    -0.125155   -0.0822152
    0.168955    0.0254144   -0.0556746   -0.0103851     0.127185    0.0342975     0.211532    0.0573204    0.0467569     0.110441    0.0176966    0.0135337    0.0774379    0.0906852     0.111276    0.0675089   -0.0579937   -0.0640282     0.243596   -0.0942538    0.0242865   -0.0960483    -0.154317     0.152118     0.283299     0.146473    -0.167009    -0.083261     0.142894    0.0809691      0.29561   -0.0604551     -0.10655   -0.0621712    0.0197322     0.158621     0.114098     -0.35384  -0.00824429   -0.0183923    -0.228108     0.158685  0.000520108     0.172759     0.187094      0.16609     0.242621     0.018422
  -0.0579427    0.0621233      0.21815     0.163984     0.174995    0.0221919   -0.0332939    0.0587051     0.135339    0.0108729   -0.0210365   -0.0125289   -0.0760009   -0.0188105    0.0518284    0.0739874    0.0956697   -0.0919603     -0.11269    0.0905374     0.134155     0.192978   -0.0434512    -0.052834   -0.0838709     0.132985     0.104305    0.0494362  -0.00382075  -0.00532278   -0.0998441     0.134531     0.154421    0.0173503   -0.0504626   -0.0444975   -0.0857646    0.0612395     0.169118     0.125509   -0.0962678   -0.0119897    -0.158265     0.114767     0.207749     0.150717   -0.0423292    -0.105165
   0.0873482    0.0366469   -0.0843496    -0.111194    -0.071891    -0.113547     0.158833     0.119378    0.0676576  -0.00761003    0.0988474  -0.00913711     0.227926    0.0935339    0.0379732    0.0040287   -0.0265319     0.118377    0.0433052      0.18023     0.138373    0.0756377    0.0374177    0.0635026     0.069695     0.146711       0.1222     0.132955   -0.0496685     0.103644    0.0711245    -0.024181     0.180681   -0.0200225   -0.0773963    0.0615146     0.127573    0.0468972     0.156059    0.0202065   0.00819441    0.0907835    0.0925802   0.00707134    0.0527069   -0.0338351    0.0306209     0.109294
  -0.0131713      0.06079   -0.0441188   -0.0658214    0.0484258    -0.120682     0.189009    0.0990827     0.121402    0.0127468     0.067679   -0.0457646     0.179787    0.0708483    0.0815534    0.0616462    0.0246677    0.0895623     0.160643    0.0321172    0.0795881   -0.0138733   -0.0057927     0.045111     0.143779    0.0898745    0.0133026     0.063426    0.0147309    0.0590615      0.17175    0.0533013     0.126484    0.0234183    0.0936056    0.0311456     0.145851   0.00310216    0.0882508    0.0936025    0.0939695    0.0824555    0.0318321       0.0334    0.0850276    0.0777127     0.126187     0.099193
    0.170289    0.0420455    -0.119731    0.0884602    0.0218383    0.0896673     0.126835    -0.132282     -0.14662    0.0266881    0.0622284    0.0532441     0.172799   0.00818722     -0.14374     0.146281    0.0988718     0.131517     0.152652     0.112084    -0.170134     0.132676    0.0197253    0.0170421    0.0607149     0.110157   -0.0686713     0.201163   -0.0165346    0.0489878     0.109705     0.146905    -0.134201     0.118095    0.0300484    0.0378562     0.187757      0.19214   -0.0268116     0.106314    0.0600823    0.0770782     0.213089    -0.154986   -0.0837117    -0.103256     0.116735     0.250726
  -0.0582196    0.0794132     0.264066     0.153986     0.037602     0.223485   -0.0777641    0.0865017     0.148067    0.0528891   -0.0746095     0.187282    -0.190935    0.0210948     0.151771     0.175472    -0.115287    0.0321186    0.0809323    -0.167716    0.0756626   -0.0407051    0.0575354    0.0511279   -0.0115842    -0.150108    0.0889949    -0.100081    0.0171203     0.152302    0.0258377   -0.0219143   -0.0248362   -0.0312326     0.101549     0.196574    0.0624683    0.0633377   -0.0254932     0.122623   -0.0362433     0.180537    0.0240519     0.123259    0.0703465     0.198102     0.117865    0.0789377
  -0.0645616     0.147268     0.286291     0.179294      0.16343    0.0380056   -0.0331217      0.15814     0.136807    0.0315308    0.0446085    0.0130312    -0.110963    0.0665861    0.0638383     0.127954      0.12281   -0.0512189   -0.0621852   -0.0385094     0.151278     0.125677    0.0529155   -0.0856733    -0.140278    0.0983396     0.234007    0.0554508    0.0376385   -0.0612106   -0.0488134    0.0277508     0.106757    0.0918614   0.00646567   -0.0679072   -0.0853145     0.141848     0.183166     0.148831     0.102921   -0.0726413    -0.016404    0.0248415    0.0149335  -0.00665354   -0.0776146   0.00797295
   -0.108682     0.120465     0.303985     0.246733    0.0813598     0.119425    -0.053033     0.173816      0.11853    0.0564917   0.00180906     0.219816    -0.231289    0.0948131    0.0817855    0.0223819    0.0606848    0.0414886   -0.0094514    -0.205238     0.174035    0.0304736  -0.00640208     0.105125    0.0423563   -0.0235816    0.0835958    -0.160775     0.151887     0.143872    0.0974058  -0.00647339    -0.109296    -0.115626     0.154192     0.106774   0.00455777    0.0357324     0.121633     0.107213   -0.0130121    0.0792189     -0.15627     0.215288    0.0803784     0.198437    0.0339292    -0.203275
    0.245951     0.120144    0.0357869     0.111666    0.0187587     0.242348    0.0927115   -0.0445283    0.0501484   -0.0107312   0.00291635     0.085322    0.0452563     0.121123   -0.0301949    0.0025928    0.0789676    0.0475847     0.169592    0.0220239  -0.00637176    0.0519622    0.0139273    0.0342305     0.183136    0.0239104    0.0408509   -0.0889617   0.00696935     0.154528     0.183774    0.0369838    -0.114719    -0.097268    0.0767288      0.12617     0.143097     0.105633   -0.0277905   0.00996667   -0.0400758     0.124326    0.0880415     0.169745   -0.0805884   -0.0289452    0.0934176      0.06559
  -0.0333419    0.0236895    0.0969642     0.148655     0.132073  -0.00273097    0.0479177    0.0905503    0.0838101      0.13163    0.0338883    0.0742697   -0.0473614    0.0317141     0.120967     0.120067    0.0708036    0.0301527   -0.0303515    0.0549765     0.016607    0.0774415   -0.0389212   0.00119469    0.0286499    0.0348725   -0.0464139    0.0527406   -0.0256085    0.0533033  -0.00622431    0.0908437     0.128293     0.106382   0.00743989    0.0124779   -0.0407904    0.0565502     0.162381     0.128305  -0.00748383    0.0247753    -0.109969     0.108924      0.29307     0.163969    0.0909298    0.0324621
    0.117463    0.0565441    -0.131448   -0.0443471  0.000570661   0.00978892     0.119644     0.013775   0.00145278     0.012742   0.00677839   -0.0147293     0.237789     0.104004   -0.0141151     0.044054   -0.0926033    0.0988685      0.29139    0.0904131     0.098617    -0.156745      0.17325     0.149156     0.252226    0.0293176   -0.0379663     0.033354     0.100317     0.132841     0.281851     -0.12111    -0.058607   -0.0617311    0.0341855    0.0796779     0.168251   -0.0177666    -0.110559   -0.0558861   0.00279805    0.0719262     0.235194    0.0366856    -0.140528   -0.0841263    0.0597467     0.155951
   -0.157671    0.0594828     0.165204     0.193513    0.0951654    0.0536129   -0.0685588   -0.0573034  -0.00889793     0.107392   -0.0378741     0.180114  -0.00670224    0.0019779    0.0339431    0.0111392   -0.0353116     0.164403    -0.052817     0.168394    0.0609188    0.0831853     0.166692    0.0924377    0.0402241    0.0124522    0.0281678     0.141905     0.127237     0.060708   -0.0236338     0.040625   -0.0385353     0.178577    0.0321067     0.032463    0.0269884     0.196562    -0.121543    0.0660633     0.183864     0.042955    0.0954765   -0.0283946   0.00168627    0.0264978    0.0747961    0.0669386
  0.00911407    0.0531985      0.12916    0.0989216     0.189419   -0.0722432    0.0904044    0.0668161     0.121401     0.157045     0.078692    0.0050578    0.0164944   -0.0202979     0.118876     0.124086    0.0875637   -0.0642832    0.0189807   -0.0361217     0.075273     0.130803    -0.162893    0.0630019    0.0972504     0.155861    -0.123288    0.0639608    0.0211648    0.0290855    0.0621232   0.00948688    0.0275572    0.0504898    0.0216361     0.122831  -0.00455719    -0.178898     0.175788     0.164816   -0.0343227    0.0957604    -0.181172     0.129528     0.239908     0.129759     0.206283    -0.126424
   -0.229218   -0.0988427    -0.155156    -0.100277    -0.211019    -0.127777    -0.153291    -0.163949    -0.139084    -0.146036    -0.158251    -0.160013    -0.145919     -0.13359   -0.0763999   -0.0786353   -0.0901419   -0.0960057    -0.168075    -0.116384    -0.145561    -0.130001     -0.21568   -0.0774023   -0.0687466    -0.104464    -0.117482    -0.140895    -0.197015   -0.0585687    -0.122449    -0.118778    -0.161998    -0.174434   -0.0891716    -0.143897   -0.0453608   -0.0865936    -0.112953    -0.129986    -0.103603    -0.100626
   0.0292935    -0.327295     0.196479   -0.0571178   -0.0945406    -0.380394    0.0618014    -0.627727     -0.39932    0.0829612    -0.170703     0.481456    -0.225496      0.19463    -0.385877    0.0301104    -0.177335     0.136359    -0.567606     0.163357     0.180896    0.0165917   -0.0484147   -0.0217029     0.232461    0.0473017   -0.0276866    -0.673904    0.0185096    -0.137153     0.247969   0.00769962   -0.0547587    -0.718407     0.118567     0.191439     0.207938    -0.334356    0.0740539     -0.37326    -0.260969    0.0319205
    0.115719     -0.34643    -0.207471    -0.208787    -0.413352    -0.317005    0.0664542    -0.205083  -0.00373662    -0.265803    -0.120944    0.0438397    -0.137349     0.290149   -0.0141139    -0.140817    -0.123689    -0.207099     0.116006    0.0838356    0.0686675    0.0882365    0.0344629    -0.052818     -0.31171   -0.0274029    0.0120596    -0.140104    0.0356398    -0.488593   -0.0333116   -0.0653483   -0.0829074    0.0198025    -0.156497    0.0750411   -0.0413118    -0.160351    -0.109781    -0.376415   -0.0984796    -0.137183
    0.057424   -0.0930173    -0.134107    -0.190796    -0.111192    -0.159825    -0.101588    -0.174106   -0.0648097    -0.238632    -0.168818   -0.0435874     -0.15707    0.0135692    -0.116818    -0.143607    -0.127154    -0.155375    -0.040827  -0.00619447   -0.0629301    -0.151502   -0.0597456   -0.0968278    -0.256589    -0.137645    -0.189587   -0.0601945   -0.0228036    -0.267462    -0.102199    -0.164924    -0.217588     -0.13402   0.00763505   -0.0283464   -0.0299863   -0.0575216    -0.122897    -0.133137     -0.18166      -0.1433
    0.075562    -0.132741    -0.120653    -0.216914    0.0313497    0.0180577    0.0535613    -0.139474  -0.00728313   -0.0724523   -0.0064219    -0.136009   -0.0984951     0.137327   -0.0102515    -0.309886   -0.0101665    -0.208113   -0.0222154    -0.154758   -0.0641826    -0.224186    0.0984791    -0.233416    -0.168114    -0.198131    -0.136337    -0.201447    -0.126174   -0.0884387    -0.146764    -0.210876   -0.0881715    -0.192854    -0.200448    -0.202988    -0.188834    -0.236788   -0.0713974    -0.185904    -0.043219   -0.0375415
   -0.195373   -0.0916447     -0.16598   -0.0788829     -0.14137     -0.16341    -0.150681   -0.0929302    -0.178048    -0.108341    -0.134993    -0.198065    -0.101502    -0.188489   -0.0714888    -0.110142    -0.135054    -0.112625    -0.243348   -0.0899211    -0.114852   -0.0658708    -0.144851    -0.183039   -0.0913521    -0.113885   -0.0564323   -0.0886783    -0.147792   -0.0898296    -0.112319    -0.160294     -0.16414    -0.132962   -0.0697483       -0.121    -0.132025   -0.0739388    -0.177572    -0.124842    -0.100157   -0.0948244
   -0.110392    -0.118102    -0.143003   -0.0820105    -0.119489    -0.120551   -0.0766927    -0.128341    -0.196756   -0.0969569    -0.129987    -0.200458    -0.165951    -0.263431    -0.139534    -0.165047    -0.119356    -0.103355    -0.297401    -0.159276    -0.201005    -0.142788     -0.11235    -0.126766   0.00297879    -0.137217   -0.0573373    -0.125231    -0.171214    0.0113663   -0.0740441    -0.137627    -0.114832     -0.16668   -0.0755141    -0.153304   -0.0139786    -0.042517    -0.161744   -0.0721406    -0.138657   -0.0436142
    0.112449    -0.326406   -0.0872399    0.0411786    -0.244557     -0.32005    -0.108285    -0.295801    0.0267591    -0.440421    -0.306344     -0.12867    -0.280549     0.226842   -0.0441473    -0.137254   -0.0939876   -0.0275757   -0.0449679     0.150266     0.205765    0.0958539     0.061591   -0.0423486    -0.205133    -0.107689    0.0224308    -0.060858  -0.00582705    -0.349566    0.0772852    -0.287445    -0.354866   -0.0931294  -0.00121825     0.112598    0.0714266    0.0840991     -0.13754    -0.350606    -0.104817    -0.227799
    -0.12372    -0.107013    -0.105733   -0.0901043    -0.202315    -0.153976    -0.089058    -0.126312   -0.0848636    -0.107811     -0.17665    -0.064167   -0.0891712   -0.0764311   -0.0610092   -0.0702111    -0.156349    -0.132555    -0.120711   -0.0679102   -0.0746025     -0.12694    -0.125543    -0.184601    -0.308612    -0.127031    -0.230681    -0.161135     -0.13562    -0.261538   -0.0993485    -0.082281   -0.0864192   -0.0985293     -0.17732    -0.043136   -0.0262326    -0.161552    -0.126251    -0.167196   -0.0421592   -0.0692266
   -0.203115    -0.116328   -0.0541447   -0.0462199     -0.23508    -0.158872    -0.131332   -0.0185345    -0.156937    -0.278104    -0.220939    -0.123444    -0.154691      -0.1073   -0.0545409   -0.0645102    -0.158591   -0.0892301    -0.209505    0.0847437   -0.0554367    -0.124895    -0.206455    -0.117926    -0.113121   -0.0836566     -0.17694    -0.185887     -0.10746    -0.161112   -0.0587214   -0.0954018    -0.133557    -0.201076    -0.110637    -0.124011    0.0130166    -0.191873   -0.0838049    -0.108788   -0.0392038   -0.0758141
   -0.154565     -0.10575    -0.137393    -0.165075    -0.104208   -0.0966748   -0.0392792    -0.095936   -0.0654456    -0.103494    -0.116856    -0.149084   -0.0669671    -0.122376   -0.0722524    -0.155496    -0.110263    -0.199031    -0.129041    -0.157721    -0.117134    -0.169106    -0.193299    -0.182132   -0.0869732   -0.0692198     -0.22074     -0.14412    -0.200598   -0.0975358    -0.178335    -0.162009   -0.0741668    -0.049432   -0.0311235    -0.178124    -0.174645    -0.113072    -0.116596   -0.0852135    -0.140733    -0.134342
   -0.177371   -0.0589441    -0.142332    -0.126609    -0.136842    -0.124252    -0.193707   -0.0957874    -0.160884    -0.126402    -0.173747    -0.163627    -0.128932    -0.218753     -0.15816    -0.118478    -0.121441   -0.0950989    -0.178662    -0.133833    -0.141282   -0.0880371    -0.232642    -0.164598   -0.0818951    -0.101408     -0.16157    -0.125245     -0.18541     -0.13979    -0.130862   -0.0750294   -0.0828204    -0.126247   -0.0742007    -0.107399   -0.0520453   -0.0974478    -0.124189   -0.0733875    -0.104464   -0.0831075
    -0.32598    -0.111202    -0.176648   -0.0287099    -0.130609    -0.116722    -0.145153    -0.199299    -0.303993   -0.0615362    -0.102214    -0.142416   -0.0130843    -0.333596    -0.166788   -0.0163682     -0.10421   -0.0696806    -0.239726   -0.0428812    -0.254672   -0.0222952    -0.130526    -0.105054   -0.0380371    -0.180888  -0.00710034    0.0470925     -0.24065    0.0385701   -0.0393084    -0.170545   -0.0202027    -0.166042    -0.161683    -0.164341    -0.105118    -0.133141   -0.0313462   -0.0955743    -0.180443   -0.0329433
   -0.308369   -0.0166146    -0.088554   -0.0904915    -0.148862    -0.093033    -0.184389   -0.0962542    -0.177872    -0.105801    -0.164859    -0.109139     -0.13264    -0.246177    -0.109578   -0.0651115    -0.100326     -0.13773    -0.218825   -0.0695194    -0.235963    -0.114135    -0.169777    -0.147349   -0.0604192    -0.122219    -0.131662   -0.0128953    -0.208832    -0.043637    -0.152612    -0.145066    -0.119599    -0.128874   -0.0405253    -0.207158    -0.095827   -0.0637409    -0.126341    -0.037084    -0.105409   -0.0761847
   -0.183074    -0.110989    -0.173694   -0.0736653   -0.0958754    -0.150063     -0.11566    -0.104487    -0.161277   -0.0975155    -0.098366    -0.129511   -0.0714692    -0.176985    -0.206238   -0.0809884    -0.159185    -0.106882    -0.147287    -0.135401    -0.129734    -0.114556    -0.186127    -0.143408    -0.115855    -0.168132   -0.0730761    -0.130162    -0.107218   -0.0988742    -0.131211    -0.187995    -0.161695    -0.173419   -0.0914786   -0.0990521    -0.196604    -0.123058   -0.0943163   -0.0836422   -0.0966872    -0.114799
   -0.126619     -0.14651    -0.198448   -0.0488562   -0.0994028    -0.121062    -0.117604   -0.0426543   -0.0479985   -0.0929341    -0.087836    -0.251007   -0.0508286    -0.188482    -0.127808   -0.0829439    -0.190134    -0.173344    -0.137449   -0.0857482   -0.0485146   -0.0638488    -0.133498    -0.144422     -0.26405    -0.145729    -0.122284  -0.00482948     -0.11435    -0.129071   -0.0665315    -0.118179    -0.180328   -0.0519721    -0.195085    -0.131891    -0.192694   -0.0516378    -0.209142    0.0346934    -0.120077    -0.221228
    -0.24828    -0.105298    -0.224838    -0.109392    -0.173401    -0.197917    -0.129748   -0.0497878     -0.18135   -0.0500344    -0.154159    -0.148906    -0.118188    -0.288753     -0.13188   -0.0947479    -0.101036    -0.115951    -0.202604   -0.0534321    -0.134369    -0.131186    -0.236113    -0.150974    -0.103035    -0.117037   -0.0791236   -0.0489556     -0.09289   -0.0786316   -0.0438204   -0.0817132    -0.130502    -0.172637   -0.0366905   -0.0890199   -0.0741798    -0.107224    -0.143837    -0.129041   -0.0758961    -0.093993
   -0.189476    -0.024034   -0.0755716    -0.110849    -0.101654   -0.0929416    -0.243041    0.0574299   0.00910466    0.0201887    -0.119059    -0.226707   -0.0227017     -0.19745   -0.0117054   -0.0741493    -0.137707    -0.103208   -0.0510714    -0.266212    -0.116724    -0.314021    -0.268205     -0.10802    -0.169193   -0.0217803    -0.299221   -0.0804073   -0.0812605   -0.0698626    -0.249313   0.00669301    -0.147953   0.00522914   -0.0549466    -0.280795    -0.157855   0.00126567    -0.232571    0.0201999   -0.0669348     -0.24716
   0.0512372    -0.174852  -0.00701505    -0.088236    -0.222961    -0.281248    0.0384553    -0.106103   -0.0946218    -0.373618    -0.113681   -0.0652181    -0.102796   -0.0399624    -0.119406    -0.165049   0.00032225    0.0465264    -0.142785    0.0256685    -0.273034   -0.0413306     0.243224    -0.116239   -0.0232628    -0.226872     -0.18711   -0.0256341    -0.347474     -0.16323    0.0764444    -0.297737    -0.222882   -0.0552652    0.0471795    0.0351773    -0.071573    -0.364242    0.0962864     -0.43974   0.00566271     0.153688
    0.220236   -0.0570634    -0.305519   -0.0676003   -0.0235007    -0.183795      0.11522     -0.21553   -0.0408792    -0.427337    -0.175943    -0.147389    -0.119571     0.229693    -0.223203    -0.296559   0.00744661    -0.104667   -0.0183312   -0.0497931     0.109526    0.0310151   -0.0628961    0.0192484    -0.174353    -0.195428    0.0580177    -0.213807   -0.0501884    -0.333234    -0.062687    -0.370391    -0.254999    -0.165443    0.0536458   -0.0222925      0.12663    -0.186657   -0.0274251    -0.312934    0.0906818    -0.204962
  -0.0867644  -0.00168164   -0.0692342    -0.167722   -0.0300088    -0.110632    -0.193028   -0.0701033   -0.0744211    0.0437066   -0.0639326    -0.145214   -0.0646352    -0.285435    -0.166022      -0.2172    -0.188529    -0.216896    0.0582775    -0.367975   -0.0793303    -0.291973    -0.229646   -0.0814212   -0.0449129    -0.122156   -0.0898391    0.0162654   -0.0261883    0.0192434    -0.311498   -0.0539772   -0.0697186    0.0439954   -0.0122396     -0.18429    -0.234341   -0.0293365    -0.201699    0.0801296    -0.221112    -0.237582
    -0.31339   -0.0923663   -0.0989471    -0.138889    0.0139743   -0.0477866    -0.182529    -0.187176    -0.353501        0.207   -0.0577385   -0.0319368   -0.0608567    -0.408197    -0.317017    0.0473062   -0.0809763    -0.191646    0.0136127    -0.420345    -0.248658    -0.223319    0.0103309    0.0197098     0.172786    -0.135515   -0.0136925    0.0171932     -0.23764     0.167485    -0.252182   -0.0605893   0.00724932    0.0636647    -0.189944    -0.310534    -0.329843   -0.0206944    -0.146974    0.0841563    -0.288903    -0.129443
 0.000601109    -0.153016    -0.184516    -0.190377    0.0150736   -0.0824476  -0.00379939    -0.146142    -0.011252    -0.106245    -0.108134    -0.119481   -0.0919082    -0.204087     -0.11599     -0.17974   -0.0775864    -0.138917   -0.0565802    -0.194749   -0.0870365    -0.124355   -0.0664867    -0.162023    -0.167327    -0.263001   -0.0675861    -0.115709   -0.0979074   -0.0843377    -0.278637    -0.094045   -0.0685918   -0.0718603    -0.208679    -0.140364    -0.126562    -0.150549     -0.21265    0.0335227     -0.17217    -0.121869
   0.0339876    -0.151912    -0.273989    -0.150419  -0.00492325   0.00606972   -0.0106023   -0.0550966   -0.0632853   -0.0430895   -0.0505378    -0.188495   -0.0533216    -0.221443    -0.163534    -0.219467    -0.147216    -0.182561   0.00301389    -0.231496     -0.10373    -0.048648    -0.129712    -0.129057    -0.144333    -0.197601   -0.0669288   -0.0605984   -0.0402118   -0.0922468    -0.249987   -0.0576894   -0.0329608    -0.102265    -0.257057    -0.152871    -0.174591   -0.0850002    -0.261117    0.0517874    -0.170375    -0.196334
   -0.380122    0.0163275   -0.0892136   -0.0418143    -0.158679   -0.0803961    -0.204004   -0.0668038    -0.273516   -0.0524601    -0.178029    -0.127838    -0.109326    -0.281551     -0.13101   -0.0544777   -0.0810281   -0.0895753    -0.287326   -0.0321474    -0.284724    -0.142622    -0.288398    -0.137693   -0.0119589   -0.0553581     -0.12884    -0.024558     -0.22416   -0.0614851    -0.156353    -0.094322   -0.0787885     -0.11153   -0.0824643    -0.217583   0.00703578    -0.136972   -0.0721448   -0.0523283   -0.0618927   -0.0289949
  -0.0984026    -0.130589    -0.135973   -0.0467147   -0.0389809   -0.0780551    -0.146747    -0.156414    -0.140532    -0.160592    -0.165817    -0.222565    -0.149747    -0.207747   -0.0987482   -0.0201433    -0.181151    -0.141948   0.00421126    -0.118846    -0.239067   -0.0635015    -0.100018    -0.162174   -0.0957603    -0.202862    -0.174684   -0.0846898    -0.117193   -0.0153658    -0.194199    -0.101833    -0.127992    -0.057745    -0.198992     -0.06122    -0.119459    -0.114416    -0.243576    0.0109761   -0.0445018    -0.192883
   -0.139465    -0.109376   -0.0348407    -0.136094    -0.198484    -0.100673    -0.107034    -0.168685    -0.183087    -0.140047    -0.156941    -0.119502   -0.0946644   -0.0949224    -0.116505    -0.100484    -0.164768    -0.198324   -0.0657769    -0.102729    -0.095146   -0.0975952     -0.17596    -0.130804    -0.163358    -0.119467    -0.195894   -0.0664511     -0.15196    -0.128369     -0.15521    -0.126927   -0.0745116    -0.106753    -0.154046   -0.0868267    -0.101092    -0.139927    -0.130734   -0.0837439    -0.107898    -0.158268
   -0.128124    -0.100263   -0.0697809    -0.100624    -0.093844   -0.0521778   -0.0450548    -0.142802   -0.0750553    -0.114848    -0.135118    -0.191995    -0.174549    -0.149214    -0.148534   -0.0778701    -0.177784    -0.200741  -0.00646782   -0.0999852    -0.185275    -0.117146    -0.142238    -0.158614    -0.123872     -0.15533    -0.143775    -0.106701    -0.176757   -0.0577079    -0.190396   -0.0835933    -0.110589    -0.119429     -0.15339    -0.117319    -0.137543    -0.185979     -0.19583    -0.111506    -0.061797    -0.153754
   -0.286443   -0.0914842    -0.129226   -0.0392913    -0.261831    -0.153322    -0.166678   -0.0794384    -0.187912    -0.173251    -0.177787    -0.183942   -0.0429942    -0.137603   -0.0757382   -0.0310697    -0.131177   -0.0130643    -0.244772   -0.0800254    -0.109147   -0.0334026    -0.217037     -0.18751   -0.0907446   -0.0652756   -0.0671324   -0.0652077     -0.17295    -0.150605    -0.026867   -0.0509692     -0.16358    -0.213129   -0.0946352    -0.146206   -0.0934099    -0.115658   -0.0890792    -0.181248   -0.0425865    -0.109029
   -0.434934    0.0454094   -0.0980118   -0.0190822   -0.0953338   -0.0729478    -0.309683    -0.035178    -0.204515    0.0485604    -0.156626    -0.086256    -0.086939    -0.294847    -0.121593   -0.0487111    -0.110152    -0.114015    -0.300673    -0.218687    -0.240639    -0.353838    -0.269494   -0.0195884    0.0111665  -0.00714886    -0.230639  -0.00304241    -0.159404    0.0867005    -0.210894    -0.050925   -0.0503042   -0.0390641   -0.0129647    -0.377797    -0.043309   -0.0202094   -0.0761089   -0.0722679    -0.161167   -0.0419571
   -0.322496    0.0221479    -0.129159   -0.0442676    -0.108861    -0.124626    -0.217554    -0.100101    -0.176068    0.0657516     -0.18537   -0.0996571   -0.0752595    -0.259523    -0.132354   -0.0880336   -0.0470503    -0.100168    -0.102525    -0.262149    -0.244666    -0.293469    -0.191243   -0.0732245    0.0439177   -0.0705533    -0.204413   -0.0886963    -0.178877    0.0608479    -0.216673   -0.0426626   -0.0920723   0.00336924   -0.0480163     -0.32418    -0.103157   0.00806594   -0.0880362   -0.0703195    -0.152834    -0.103458
   0.0858107    -0.347587    -0.129735    -0.252401   -0.0518235   -0.0290248    -0.294745    0.0249364    -0.025365     -0.30457   -0.0603635   -0.0567651    -0.333511     0.234043   -0.0178283    -0.115502     -0.21356     0.019003     0.156705   -0.0932289    -0.103828    -0.123534     0.229694    -0.201013    0.0526028   -0.0433521     0.039934    -0.285593     0.105091    -0.192364    0.0413092  -0.00971614   -0.0736607    0.0564429     -0.46856    -0.121306     -0.37101    -0.233703   0.00526585    -0.265559    -0.161014   0.00926159
  -0.0371948    -0.175233     -0.11644    -0.191473    -0.040657    -0.135822    -0.112977    -0.193968    -0.131016   -0.0580039    -0.124319   -0.0223809   -0.0964225     -0.11098    -0.160063    -0.176072    -0.186817    -0.240023   -0.0403996    -0.128608   -0.0342406   -0.0538367    -0.066228    -0.106281   -0.0553522   -0.0944522   -0.0137443    -0.169606   -0.0919864    -0.127366    -0.141041   -0.0980213    -0.102623    -0.178872    -0.201206     -0.12203     -0.09255    -0.107814    -0.184595   -0.0603817    -0.260524     -0.14241
    0.514923    -0.174001     0.456107    -0.426274     0.240576     0.204047     0.283396    0.0003108     0.182814     0.213667   -0.0366088     0.161359    -0.149312      0.41644   0.00780582    -0.189216   -0.0777747    -0.167252     0.385493     -0.41426     0.221807    -0.241009     0.295002    -0.447906    -0.464656    -0.118287    -0.488257     -0.78982     -0.39642    -0.715011    -0.207609       0.1059   -0.0960113     0.128646    -0.258134   -0.0546777    -0.558875    -0.277578    -0.196547  -0.00330393     0.184473     -0.52029
   0.0757308     -0.23259   -0.0672376    -0.327969    0.0885042   -0.0308523    -0.383576   -0.0267318   -0.0361933    -0.306331    -0.118622   -0.0084719    -0.243649     0.242233  -0.00167143   -0.0537925    -0.181074   -0.0493834    0.0733578   -0.0602027    -0.185504   -0.0747489     0.129309    -0.177632    0.0442608   -0.0498243    0.0242711    -0.312967    0.0911507    -0.114834     0.071617     0.115117   -0.0934732   -0.0767025    -0.458354   -0.0761418    -0.369384     -0.24095   -0.0331296    -0.250381     -0.30354    0.0504558
   -0.078355    -0.166788    -0.197747    -0.105041    -0.233244    -0.208567   -0.0560046    -0.167419   -0.0994898     -0.17533    -0.157597    -0.153421    -0.147779   -0.0674794    -0.145317    -0.163241    -0.163362   -0.0736091   -0.0768088   -0.0904139   -0.0219619   -0.0701824 -0.000514223   -0.0553865   -0.0344371    -0.121584    -0.066985   -0.0569252   -0.0864869    -0.152137   -0.0332759    -0.213307    -0.228589   -0.0616912   -0.0730043   -0.0853287    -0.133012    -0.114524   -0.0903649     -0.24099    -0.129249    -0.155521
