no weights
   0.0208952    -0.163783    0.0412352    0.0273863     0.190259    0.0865903    -0.246586     0.117668     0.041305     0.160004     0.348128    -0.149108    -0.141899     0.165229     0.143483     0.136165     0.318936   -0.0472126    -0.213737    0.0991814    -0.047162    0.0282121     0.324064    -0.256087    -0.195713     0.122736      0.27001     0.375084     0.266271    -0.241625    -0.144845     0.161032     0.240944     0.233851     0.173449    -0.166149    -0.185508      0.40353     0.118451    0.0968098      0.42117    -0.176349     0.153397    -0.358629    -0.176504    -0.119034    -0.212347    0.0366543
  -0.0794626    -0.042145   -0.0567497    0.0148311    0.0883015     0.211893   -0.0523658  -0.00578398    -0.045571    0.0362417    -0.014082     0.208742    0.0639146    0.0228266    -0.034598     0.107273    -0.230718     0.232678     0.178323    0.0377553  -0.00495309    -0.285058     0.319198      0.18481     0.140887   -0.0207716    -0.267411    -0.046718     0.127209     0.299216     0.235112    -0.323541   -0.0387983   -0.0866794     0.146472     0.247842      0.04281   -0.0354384    -0.235622  -0.00474586     0.116181     0.227619     0.119081   -0.0403766     0.079782     0.200797     0.188225     0.165845
   0.0198608   -0.0574134    0.0147633    -0.125118    -0.159019    -0.114033    -0.197654     0.183184     0.147173      0.12547    -0.331111   -0.0138058     0.138931  0.000683873     0.190465      0.20103    -0.382935     0.344397   -0.0633237     0.204206    0.0137106   -0.0316452    -0.083428     0.147672   -0.0854151    0.0592652     0.316834     0.172601    -0.288545     0.122443   -0.0581262    -0.111887     0.328502     0.295542    -0.252202    0.0020025    -0.197231    0.0979736    0.0672894    0.0890209   -0.0828974    0.0868958     0.129928        0.217  -0.00528414    0.0220181    -0.106323     0.285699
   0.0359514     0.167719     0.295963     0.207318     0.178753     0.230016     -0.11735    0.0894625    0.0996091   -0.0226315    -0.289651     0.365702    -0.139421   -0.0410491   -0.0291531    0.0344782    -0.119705    0.0893811     0.104445    -0.126495      0.17105   -0.0113976   -0.0944413     0.178274    0.0682766   -0.0758279    0.0160038    -0.117243    0.0612436    0.0406181    0.0389259   -0.0350234    -0.207443   -0.0976696  -0.00891162    0.0534735    0.0214483   -0.0352098    -0.200718  -0.00944052    -0.172016     0.110121   -0.0594289     0.324868    0.0524562     0.233652     0.130592   -0.0942701
    0.249999    -0.334709    -0.304164    -0.317853     0.119888     0.102272    -0.105195    0.0997633    0.0926565    0.0482063     0.168118    -0.102957     0.217835     0.102655     0.159699   0.00707637     0.065579  -0.00310668     0.127897     0.240167   -0.0198436    -0.395744     0.295451   -0.0664191     0.105511      0.18924    -0.113549     0.225324     0.278082   -0.0783508     0.160298    -0.257914     0.372076    0.0279971     0.238766   -0.0440118     -0.20958    0.0485955   -0.0672172    -0.297488     0.118025   -0.0907817     0.275267   -0.0970871     0.101137    0.0652581   -0.0288142     0.243606
    0.137799   -0.0639818    -0.321551    -0.178577     0.124876   -0.0467591     0.077195    -0.104679   -0.0184372   -0.0285755    0.0963876    0.0457781     0.377666    0.0250647   0.00049767   -0.0895957    0.0115025     0.218752     0.103934     0.316776   -0.0879064    -0.241206     0.229093      0.11835     0.165566     0.168096    -0.163301     0.207188     0.104829    0.0409664     0.252689    -0.125048      0.15335     0.139029      0.16191     0.155699    0.0171986   -0.0497942   -0.0534809    -0.190383     0.150193    0.0888058     0.275222    -0.131571   -0.0200726    -0.110833     0.130195     0.163819
   -0.480392    0.0745535        0.309     0.207005   -0.0390134    -0.146753    -0.286381     0.123605     0.148534     0.214665    0.0216971    -0.178626    -0.245041     0.040677     0.150813    0.0375086   -0.0417441   -0.0377301   -0.0266012    -0.150562     0.152558    -0.240574     0.267137   -0.0856318   -0.0584622    -0.193593     0.303107     0.068087     0.331237    -0.198388   -0.0641635    0.0440926     0.120251     0.293409     0.337887    -0.130965    0.0425538     0.262771    -0.122572     0.196037     0.554211    -0.149108     0.205138     -0.18749    -0.144124     0.157816     0.157177     0.100591
    0.071566    0.0400926     -0.25057    0.0220974     0.145343    0.0621387      0.16925    -0.153055    -0.180678    0.0338736    0.0750349   0.00880109       0.2883     0.124872    -0.232394     0.112658   -0.0287778     0.226451    0.0385746     0.321009   -0.0454414     0.247837     0.235574     0.174296    0.0161515     0.122738    -0.281255     0.251638    0.0147642     0.228668    0.0484083   -0.0297465    -0.102271     0.219505    0.0386149     0.165268     0.053694    -0.104924   -0.0990888     0.132129    -0.023771     0.239379      0.12101     -0.30265  -0.00935215    -0.167878    0.0771583     0.102306
    0.116051    0.0447247   -0.0596673     0.126926     0.172151     0.264392   -0.0185289   -0.0437118     -0.13683     0.127245       0.1886    0.0896964    -0.032537    0.0960056    -0.027977    0.0750568     0.304037     0.110667    -0.141339     0.276644    0.0457119     0.291602     0.352062    0.0358608   -0.0974796     0.107718    0.0730856     0.217744     0.116192    0.0593738   -0.0399437     0.261082    0.0647628      0.16583     0.106993      0.12239   -0.0386876     0.266174   -0.0841008    0.0591648     0.287995     0.102893     0.138321    -0.358128    -0.416066    -0.445199    -0.236372    0.0906902
  -0.0437599   -0.0628962    -0.216988    -0.374495    -0.484951   -0.0907285    0.0290331     0.202865     0.184973    -0.039396    -0.144759    -0.225305     0.229817    0.0570312     0.226426   -0.0269792    -0.346157     0.144925     0.263826     0.083858     0.156053    -0.388006     0.141147    0.0512568     0.336712    -0.157241     0.176074    -0.132753   -0.0793187    0.0966583     0.329982   -0.0962337     0.323482   -0.0434222    -0.119381     0.178698     0.248872   -0.0330951    0.0444876    -0.166918      0.06695     0.136504      0.36946     0.242041    -0.117945    0.0923132     0.161354     0.411755
  -0.0571712   -0.0422054    -0.101865   -0.0243587    0.0352274    -0.107699     0.121585  -0.00935717    0.0299558     0.134791      0.18967    -0.254663    0.0906438    0.0712019     0.130047     0.118003    0.0251384   -0.0067892     0.142856     0.152964    0.0798911   0.00883333     0.155921   -0.0704401     0.156214    0.0566406    0.0169511     0.136773    0.0820573   -0.0513497     0.184492    0.0302384     0.109708     0.236216    0.0922166    0.0204245     0.197986   -0.0894878     0.157228      0.10811     0.164801  -0.00273888     0.217164    -0.152155    0.0727472    0.0862264    0.0981841     0.152019
  -0.0995635    -0.117553    0.0305266    -0.212043    -0.349346     -0.29015    0.0214986     0.202818     0.231657   -0.0203599      0.05647     -0.29065   -0.0264106   -0.0799535     0.178471    0.0555476   -0.0828867    0.0676244    -0.112837   -0.0471752    0.0252763    -0.093984     -0.17905    -0.080039    -0.113441   -0.0437041     0.314862    0.0201977    -0.216213   -0.0122493   -0.0773151    -0.057891     0.400012    0.0955545    -0.101142    -0.173629   -0.0790248     0.136229     0.447011     0.215496     0.150416    -0.102254    0.0176292     0.167002    0.0912171     0.197886    -0.079403    0.0971958
    -0.14711    0.0894085    0.0549921     0.132509   -0.0550228   -0.0228622     0.058329    0.0303909   -0.0368961    0.0893772   0.00121768   0.00408764     0.107588    0.0889219    0.0371342     0.124294    -0.137638    0.0273947     0.170879   0.00988487     0.123914   -0.0738992     0.202074    0.0708234     0.235913    -0.165753    -0.103851      -0.1243     0.142737     0.129392     0.205771    -0.157481    0.0719354   -0.0226794     0.146671     0.145532      0.27765    0.0182756   -0.0989122     0.107796      0.22831     0.116149     0.180221   -0.0860493    0.0277093     0.166522     0.221033     0.154414
   -0.162686   -0.0317684     0.109365  -0.00695562   -0.0320312    0.0526319    -0.176358    0.0809267     0.119449   -0.0055474     0.285598    0.0518471     -0.16097    -0.127718     0.125563   -0.0955995     0.443176   0.00576601    -0.454513     0.323108   -0.0972489      0.17871    0.0185157   -0.0223348    -0.346294     0.148989     0.344875     0.117978  -0.00921886    -0.194391     -0.36128     0.336319     0.370442     0.244602     0.105136    -0.120455    -0.399199     0.432779     0.289117    0.0688494     0.304108    -0.145148    -0.202536    -0.187899   0.00604323    -0.144969    -0.378524   0.00177452
   0.0635944     0.263297   -0.0753864     0.140204     0.111918    0.0231778    0.0758962   -0.0765888    -0.128209     0.103508    0.0268756     0.129143    0.0951709   0.00519809    -0.104394    0.0491906     0.159766     0.225546   -0.0378984     0.321523   0.00829358     0.342368    0.0502164     0.210224   -0.0887482     0.102815    0.0896375     0.110721  -0.00673423     0.136285   -0.0407763     0.245429    0.0566699     0.214981    -0.058984     0.265776   -0.0359089     0.093877    0.0154206     0.162384     0.030502     0.197213   -0.0840414    -0.171822    -0.248661    -0.404133    -0.043181     -0.07089
    0.180675     0.284149     0.148029    0.0661669    -0.122288    -0.179228     0.219237    0.0667235     0.106561   -0.0628595    -0.281393    0.0742666     0.156951    -0.154153   -0.0980683   -0.0657949    -0.230974     0.148519     0.114499     0.125796     0.153477     0.171031    -0.246387      0.14024  -0.00807557     0.141852      0.15872    0.0146137    -0.224837    0.0613583    0.0627488   -0.0497329     0.124537    -0.114719     -0.30465   -0.0619985     0.060326   -0.0257677     0.232023    0.0595129    -0.267739   0.00543025    0.0549962     0.289587     0.191206    0.0822626     0.019224    0.0981134
   -0.119798   -0.0312803    0.0777731     0.193273     0.100109    0.0617785    -0.124095  -0.00361283 -0.000945333     0.225546  -0.00133201     0.149269   -0.0726317    0.0263447  -0.00808585    0.0288036    0.0514402    0.0771235     0.079576    0.0165281   0.00526963   -0.0344255    0.0716149    0.0782295    0.0804371   -0.0565836    0.0108809    0.0702071     0.113475    0.0414888    0.0505336   0.00835267    0.0351978     0.114357     0.116234     0.110342  -0.00868898     0.112311    -0.104786    0.0900469     0.200421    0.0432148    0.0233321    0.0954801     0.130338     0.196544     0.259185     0.096261
   0.0442168     0.032447     0.154238    0.0170973     0.211996    0.0956671   -0.0926245     0.171736      0.15052     0.126402    -0.238376     0.137084    0.0562682   -0.0475334   -0.0116018    0.0516896   -0.0704684    0.0428512    -0.128869     0.122015     0.191241     0.173707    -0.115051    0.0936747     -0.16128     0.125556    0.0344154     0.164776   -0.0814816    0.0354071    -0.194166    0.0208406    0.0356686    0.0755191    -0.133825    0.0180648    -0.241223   -0.0385763    0.0427486   -0.0173859    -0.264666     0.045895     -0.08033     0.217962     0.372941     0.258343     0.053709    -0.062795
    0.259858   -0.0157228    -0.219511   -0.0731747    -0.120377   -0.0544171     0.178247    -0.214614     -0.25352   -0.0526944     0.408511    -0.100742     0.207497    0.0660336     -0.11773     0.114588     0.305079   -0.0539754    -0.023474     0.149926    -0.286256    0.0949456     0.187936    -0.113829   -0.0460762     0.168004    0.0957498     0.189684     0.105321    -0.129364  -0.00777826      0.20598   -0.0447673     0.237038      0.02128    -0.142237     0.033397     0.286906    0.0285416     0.088688     0.321035    -0.191731      0.43115      -0.4355     -0.29099    -0.386462    -0.188367     0.417245
   -0.169217     0.491821     0.578789     0.452576     0.374573   -0.0668375   -0.0505215      0.12473     0.144989    0.0756359   -0.0452584     0.105895    -0.220781   -0.0719867     0.040717    0.0497718    0.0850963   0.00837487    -0.136462   -0.0755019     0.150226     0.284921    -0.149583     0.136232    -0.129317     0.128537     0.147109     -0.05735  -0.00611917    0.0578694    -0.162086     0.172461    0.0330441   -0.0683868    0.0622068   -0.0680983    -0.138127    0.0137062     0.245671     0.217792  -0.00757968   -0.0634848    -0.375104     0.176134     0.132313    0.0254144   -0.0796297    -0.423388
 -0.00239555     0.167785     0.160581    0.0197957    -0.133369     0.295084    -0.218674      0.19059     0.184904    -0.147932    0.0912622     0.111236   -0.0762856    0.0426492     0.171793   -0.0859664      0.23032    0.0509706    -0.122914    0.0912635     0.296356    0.0481458     0.387677    -0.151668    -0.166782    -0.174712      0.39818    -0.257189     0.033332   -0.0331539    -0.174294     0.204683     0.171086   -0.0737763     0.204572   -0.0766912   -0.0817051     0.422189      0.11704    -0.140081     0.301927   -0.0183782    0.0608132    0.0585995     -0.33418    -0.139706    -0.382277     0.138031
  -0.0906012     0.385371     0.472336     0.412524     0.417806    -0.185431   0.00951094    0.0773653    0.0534603   -0.0392665    0.0555419   -0.0247415    -0.106353  0.000957366   -0.0665685   -0.0589938     0.197658    -0.194079   -0.0610818    -0.134552       0.1697     0.193072   -0.0465116    -0.146142   -0.0996661     0.048659     0.245876     0.108456     0.105198     -0.20913    -0.173553    0.0208057   0.00422472   -0.0324417     0.151868    -0.280323     0.107453     0.149029     0.159219    0.0790664    0.0958702    -0.181767    -0.051718     0.119107      0.02468     0.133255    0.0259509    -0.217866
    0.151715    -0.117514   -0.0991574   -0.0390743     0.087791    -0.213064    -0.147066   8.7567e-06   -0.0465831     0.308255    0.0745551    -0.254565   -0.0493074   -0.0885794   -0.0231152     0.142703     0.161587    -0.130949    -0.217579     0.151287    -0.248058      0.15955    -0.176126      -0.2719    -0.157044     0.145167     0.149975     0.418235    -0.014776    -0.367694    -0.149329      0.28418     0.162239     0.465499   -0.0890099    -0.276928    -0.201663    0.0773726    0.0992148     0.176383    0.0850013     -0.26808     0.134682   -0.0359917    0.0589451    0.0567735     0.181873     0.078749
    0.157716    0.0299927     0.141995     0.172934    0.0137137     0.216005    0.0803373     0.110362     0.101724   -0.0530275    0.0464164     0.185979   -0.0765125     0.108972     0.085901     0.104626     0.127067    -0.130611     0.165593    -0.253379   0.00237896  -0.00215726    -0.107711    0.0799362     0.102362    0.0212127    0.0666603    -0.179085    0.0309842    0.0600269    0.0613809    0.0574342   -0.0927009    -0.193384    0.0582907   -0.0563011     0.165467    0.0889891     0.122581    0.0695867   -0.0104615   0.00840673   -0.0423128     0.202461     0.219469     0.257934     0.075197    0.0339522
    0.184222    -0.260572    -0.118473     -0.22796    0.0432365    -0.155252     0.035183     0.119953     0.152535    0.0258891   -0.0559175   -0.0851021    0.0298208    0.0825763     0.158186     0.110819   -0.0509903    -0.197731    0.0786363    -0.182139    -0.122085   -0.0960151    -0.458355    0.0535971   -0.0227561     0.271099   -0.0645004    0.0961835   -0.0125172   0.00352685    0.0226783   -0.0686212     0.104518    0.0295801  -0.00387546   -0.0663028   -0.0461581    -0.452832     0.152331   -0.0909595    -0.455934   0.00042039   -0.0646969     0.367572     0.621195     0.444339     0.228325   -0.0219388
   0.0601118     0.130474    0.0119646   -0.0679049    -0.204471     0.108726     0.150657    0.0411833     0.101441    -0.196357    -0.075636     0.114549     0.105171    0.0219794   0.00259057   -0.0695289  -0.00722576     0.163974    -0.048633     0.163377    0.0938168     0.147383    -0.115241     0.169776   -0.0232644     0.132771     0.231119    -0.102429    -0.234446      0.23767   -0.0891822     0.158094     0.203991    -0.079876    -0.181775     0.148078     0.118021     0.043952      0.34506    0.0302484   -0.0729063     0.179031   -0.0255019     0.188801     0.022015   0.00219763    -0.163227    0.0661052
     0.14333    0.0855982     0.131928     0.158955        0.277   -0.0398824     0.137687    0.0916598    0.0895712   -0.0734944     0.327045    -0.163785   -0.0676629     0.101321     0.126202   -0.0314103     0.368651    -0.479965    0.0862477    -0.123725    -0.060525    0.0231689    -0.143498    -0.291725   -0.0326738     0.185245    0.0223868   -0.0868436     0.221547    -0.237932   -0.0589682     0.219251   -0.0646005    -0.211102     0.113848    -0.245739     0.155119   -0.0627638     0.181412    -0.129882    0.0193484   -0.0893906    -0.116325     0.227311      0.24142     0.139848    0.0516404    -0.135854
      0.2596     0.299823    0.0871276     0.359799     0.232811     0.158947     0.193809    -0.192981    -0.221446     0.122855   -0.0306375     0.144376   -0.0852393    0.0767179    -0.116462     0.215809   0.00706275     -0.16058     0.312645    -0.274252    -0.166778       0.2086   -0.0620688    0.0911087     0.315814   -0.0236077    -0.298259    -0.141275      0.01279     0.125805      0.32834     0.126222    -0.535135   -0.0887602   -0.0038756     0.198291     0.347037   -0.0899263    -0.216825     0.219353    -0.166817     0.137685   -0.0242675    0.0223529    -0.147336  -0.00131573     0.361566   -0.0416618
    0.332644    0.0737338   -0.0353744    -0.126572     0.059812     0.269962      0.21267      0.15035     0.129826    -0.180548     0.370874    0.0564496    -0.099979     0.151115     0.173626   -0.0923942     0.392737    -0.227005  -0.00903145    0.0915773     0.238812     0.154295     0.128784   -0.0012905   -0.0259415     0.217181     0.100231    -0.160388    0.0854168    0.0909382   -0.0374485     0.243049   0.00144671    -0.240523     0.149185    0.0876972    0.0257881    0.0558581     0.402621   -0.0469776    0.0268269    0.0276818    -0.152138  -0.00207764    -0.142413    -0.283214    -0.378492    -0.170972
     0.27996   -0.0626818    -0.164821    -0.142724     0.191351   0.00160243     0.199504     0.084813    0.0754864     0.158338   -0.0240523   -0.0463413     0.125491     0.102151     0.185307     0.100357    -0.124291    -0.105594     0.294993   -0.0715652    0.0264014    -0.163458    -0.214232     0.161676     0.367295     0.213005    -0.273617   -0.0515389     0.140922    0.0910273     0.395019    -0.119425     -0.04125   -0.0456148   0.00270188     0.209708    0.0864456    -0.575655   -0.0208268    -0.102763    -0.373394     0.161099    0.0188141     0.233908     0.283617     0.211119     0.355535    0.0373204
   -0.122969     0.168075     0.360172     0.282534     0.287769   -0.0304692   -0.0741097    0.0756392     0.173219   0.00492678    -0.120167   -0.0427162    -0.115086   -0.0788255   0.00788301    0.0627486    0.0748482    -0.142599    -0.197647     0.121948     0.144706     0.329123    -0.169656    -0.101506    -0.199241     0.194578     0.157365     0.103697   -0.0947647   -0.0658006     -0.22425     0.155717      0.19495    0.0427675    -0.141877     -0.12377    -0.177155    0.0408716     0.235305     0.140147    -0.220778   -0.0571864    -0.284437     0.190339     0.307033     0.195709   -0.0715986    -0.214605
    0.135648    0.0615844    -0.214572    -0.288673    -0.313518    -0.231683     0.332341     0.165536     0.112548    -0.153312     0.104869    -0.125052     0.354655    0.0998689    0.0403597   -0.0731787    -0.100558     0.186921    0.0556693     0.260817     0.233528    0.0973365    -0.013982    0.0924945    0.0406097     0.204236     0.217138      0.12585    -0.196171     0.174273    0.0581371   -0.0602206     0.262281    -0.139235    -0.219334    0.0729444     0.241213  -0.00350871      0.35846    0.0313876  -0.00915925     0.128033     0.168308   0.00346103   -0.0209088    -0.172917   -0.0967397     0.184742
  -0.0854764    0.0412231    -0.143503     -0.19609    -0.114235     -0.31283     0.331013     0.133233     0.152954   -0.0313333      0.13919     -0.21992      0.25957    0.0840538     0.126529    0.0162132   -0.0292313     0.106728     0.198771     0.053345    0.0986164    -0.110089   -0.0436411    0.0394878     0.197276     0.113792    0.0203625    0.0562149   -0.0203035     0.061993     0.230233    0.0364229     0.193105    0.0118162    0.0645418    0.0378227     0.266552   -0.0761274     0.234854      0.13411     0.163944    0.0671421    0.0737454   -0.0101448     0.078795    0.0465193     0.138295     0.140222
    0.269209    0.0635172    -0.210338     0.071798   -0.0973613    0.0817575      0.18627    -0.212758    -0.228025   0.00273387    0.0219746   0.00252046     0.208211    0.0153918    -0.257354     0.190947    0.0692746      0.15571      0.15986    0.0985311    -0.276397     0.238845   -0.0844307    0.0121933    0.0187686     0.125934   -0.0501749     0.269303    -0.148947    0.0392618    0.0694975     0.229825    -0.271498     0.175675    -0.108559   -0.0137296     0.251185     0.228594   -0.0423731     0.178528    0.0141996    0.0723306     0.322126    -0.242779    -0.189159    -0.228606     0.086725     0.366161
    -0.15673    0.0652745     0.383747     0.238537   -0.0173772     0.427628    -0.303725     0.115615     0.188329    0.0680449    -0.224739      0.33306    -0.329556    0.0137807     0.203701     0.277657      -0.2773     0.112075    0.0382871    -0.276888     0.051659    -0.120909     0.108841     0.105726   -0.0837769    -0.263621     0.139144    -0.194213    -0.018654     0.270442   -0.0341569    -0.108872   -0.0297637    -0.027997    0.0698893     0.298905   -0.0383749     0.132548    -0.154105     0.112247   -0.0926111     0.298073   -0.0034537      0.17785    0.0665921      0.30947     0.057176     0.121308
   -0.161748     0.298152     0.487563     0.354184      0.25464   -0.0102853   -0.0851214     0.196456     0.171448    0.0209664  0.000489328   -0.0273531    -0.162696    0.0654277    0.0595129     0.155622     0.102396    -0.081689    -0.104366   -0.0865849       0.1962     0.188031    0.0465071    -0.157307    -0.231452     0.101812     0.366647    0.0999071    0.0215116    -0.113695    -0.139495    0.0101822     0.137694    0.0908911   -0.0316172    -0.155679    -0.116271     0.219997     0.228315     0.203436     0.122825    -0.128144   -0.0347938    0.0193616   -0.0283859   -0.0160201    -0.159852   -0.0537851
   -0.283255       0.2064     0.456456     0.368986    0.0953507     0.191295    -0.197594     0.226525     0.164236    0.0494319   -0.0878056     0.387485    -0.408288    0.0453506    0.0860518   -0.0318681    0.0336146     0.121821   -0.0569058    -0.365546     0.193605   -0.0789689   -0.0373733     0.199629  -0.00565001    -0.109797     0.165235    -0.302397     0.224566      0.19592    0.0509054   -0.0368348     -0.13639    -0.203709     0.214297     0.152702   -0.0471556     0.103618     0.085807     0.117633    0.0395477     0.121634    -0.332111      0.28912     0.027284     0.262996  -0.00717916    -0.384143
    0.387283     0.219295   -0.0708469    0.0456708   -0.0924185     0.372968    0.0702528   -0.0823246     0.026664    -0.177441    -0.114342     0.167315    0.0566104     0.139238   -0.0935769    -0.102413    0.0531984    0.0714245      0.22354   -0.0263955   -0.0277487  -0.00979654   -0.0166056    0.0491284     0.199099  -0.00689577     0.121457    -0.236212   -0.0626667     0.198706     0.214807    0.0805744    -0.190844    -0.263491  -0.00640129     0.151252     0.184503     0.159956    -0.103123    -0.134116    -0.120173     0.169024     0.144855     0.283444    -0.286557    -0.185086   -0.0276512      0.11858
   -0.165981   -0.0216869     0.136222     0.161922     0.155897   -0.0839697   -0.0303262      0.10311    0.0995154     0.174987   -0.0180741    0.0566866    -0.103184    -0.054202     0.111703     0.128413    0.0116711    0.0283717    -0.127153    0.0370289   -0.0856729    0.0254337    -0.172188  6.02071e-06   -0.0555557    0.0575838    -0.115453    0.0650729   -0.0719182    0.0257373   -0.0922724    0.0731243     0.167915     0.196822   -0.0139137   -0.0110711    -0.161621   0.00864374     0.191406     0.146305   -0.0661615  -0.00959956    -0.241127     0.149971     0.483579     0.310447     0.152353   -0.0243967
    0.194405    0.0697488    -0.267911    -0.162333   -0.0751759    0.0341951     0.119888   0.00765241  -0.00428377   -0.0971266   -0.0643976   -0.0225796     0.347873     0.129783   -0.0235345   -0.0149528    -0.209151     0.176947     0.377548     0.125633     0.134294    -0.325561     0.275066     0.174346     0.329806   0.00792313   -0.0481183   -0.0340239     0.090089     0.199872     0.396372    -0.225284   -0.0321467    -0.158235    0.0280602     0.125893      0.21278   -0.0494733    -0.167651    -0.163613    0.0094029    0.0861268     0.378285    0.0761044    -0.251157    -0.171352    0.0168933     0.267152
   -0.372855    0.0887171     0.248482     0.321363      0.12948    0.0941284    -0.241515    -0.104131   -0.0487975     0.149331    -0.181434     0.333813     -0.11404   -0.0660427   -0.0587677   -0.0170815    -0.122214     0.312934    -0.135372     0.214398    0.0831575    0.0918161     0.260761     0.187119   -0.0358517   -0.0553375    0.0056952     0.141826        0.175     0.100049    -0.113668    0.0356413    -0.139808      0.29604     0.070923    0.0750899   -0.0704112     0.259242    -0.291797    0.0829717     0.235768    0.0868342    0.0689505    -0.141286   -0.0759265    0.0148839    0.0474797    0.0342732
   -0.108544   0.00258676    0.0915214    0.0468419      0.22316    -0.292081    0.0814134    0.0938826     0.143126     0.254468     0.047285     -0.13925   -0.0335804    -0.089625     0.129939     0.136132    0.0148969    -0.109796     -0.04675   -0.0587254    0.0103601    0.0875923    -0.365285    0.0554157     0.070413     0.219428    -0.244088     0.110869   -0.0195937  -0.00983053    0.0417121   -0.0200863    0.0742601     0.123876   -0.0138433     0.119459   -0.0830369     -0.36119     0.260879     0.228426    -0.114306    0.0448565    -0.357873     0.138521     0.387901     0.213226     0.352186    -0.279335
   -0.327132     -0.10066    -0.187845   -0.0743498    -0.326195     -0.15939    -0.200077    -0.169926    -0.171548    -0.172062    -0.184923    -0.199741    -0.149142    -0.187777   -0.0488519   -0.0626192   -0.0827896   -0.0825446    -0.252362   -0.0562767    -0.195478    -0.109991     -0.28216   -0.0655041   -0.0510777   -0.0815598    -0.110607    -0.122685    -0.214237   -0.0396485   -0.0931938    -0.134555    -0.160916    -0.178765   -0.0657185    -0.153941   0.00910682   -0.0717405   -0.0927858    -0.150791   -0.0928389   -0.0678353
   0.0208441    -0.478015     0.411972   -0.0775913   -0.0639516    -0.570221     0.141657    -0.991944    -0.686913     0.294017    -0.241025     0.781655    -0.327656     0.293407    -0.660747     0.087086    -0.279704     0.207355     -0.87364     0.209184     0.312121    0.0077536   -0.0742084   -0.0331764      0.41147     0.097572   -0.0385541     -1.08538    0.0340084     -0.13125     0.345394    0.0910112   -0.0228844     -1.12744     0.198538     0.269445     0.300598    -0.522824     0.123977    -0.504757    -0.442669      0.07799
    0.244738    -0.727135    -0.406979    -0.426103     -0.90987    -0.640045     0.280226    -0.353712    0.0623605    -0.437418   -0.0843498     0.287144    -0.156589     0.514324    0.0629429    -0.165072    -0.225793    -0.487725     0.359869     0.234382     0.219589     0.235177     0.121536    -0.038749    -0.667185    0.0586797     0.115081    -0.103096     0.166983    -0.931195    0.0106519    0.0624435     0.042814     0.130273    -0.350961     0.222681    0.0235656    -0.221113    -0.189169    -0.664451    -0.179509    -0.175591
    0.152792   -0.0414262    -0.170027    -0.206703    -0.154977    -0.207394   -0.0632064    -0.174652  -0.00286689    -0.337213    -0.198042   -0.0473319    -0.150379    0.0567958   -0.0975455    -0.224329    -0.143022    -0.217611   0.00831258    0.0582051   0.00586337    -0.147061    -0.100499    -0.097757    -0.416349    -0.168492    -0.227595  -0.00271068    0.0320732    -0.363278    -0.110844    -0.245372     -0.29064    -0.132314    0.0916144    0.0434357    0.0433574   -0.0306209    -0.142205    -0.141568    -0.175028    -0.172605
    0.277534    -0.087939    -0.224894    -0.347228     0.199645     0.137136     0.275746    -0.140144     0.119115   -0.0319533    0.0869575    -0.183982   -0.0343299     0.333421    0.0593597    -0.642071    0.0803405    -0.329569    0.0340272    -0.185915  -0.00821248    -0.308043     0.268619    -0.349469    -0.250504    -0.375538   -0.0991006    -0.216335   -0.0755401   0.00814937     -0.23503    -0.395925   -0.0537938    -0.340638    -0.262204     -0.27653    -0.168565    -0.376327  -0.00667636    -0.194005    0.0476844     0.096282
   -0.277248    -0.083882    -0.206444   -0.0604746    -0.196561    -0.200322    -0.212504   -0.0805488    -0.197189    -0.142693    -0.159081    -0.250966    -0.103937    -0.256334   -0.0641865   -0.0973552    -0.146945   -0.0750494    -0.340519   -0.0533301    -0.126707   -0.0495866    -0.208117    -0.188853   -0.0930982    -0.103779   -0.0394433   -0.0781279    -0.134278   -0.0785391   -0.0631724    -0.171743    -0.198462    -0.164224   -0.0458422    -0.121571    -0.119836   -0.0664979    -0.173763     -0.13749    -0.106621   -0.0802693
   -0.112771    -0.111883     -0.16011   -0.0613109   -0.0857845    -0.142482   -0.0402663     -0.18366    -0.257791   -0.0882939    -0.133845    -0.221724    -0.185677    -0.328541    -0.207221    -0.206132    -0.105995   -0.0885451    -0.413793    -0.163669    -0.269636    -0.137451    -0.115386     -0.11665    0.0831303      -0.1724  -0.00740356    -0.121871    -0.198095    0.0537955   -0.0359682    -0.195948    -0.128964     -0.23419   -0.0361543    -0.141782    0.0422399   -0.0433177    -0.146099   -0.0810344    -0.155352  -0.00109581
    0.140321    -0.595622   -0.0889327     0.251963    -0.508958    -0.593117    -0.286654    -0.503894     0.137154    -0.731092    -0.657822    -0.322114    -0.576329     0.395465      0.06523   -0.0933045    -0.157854    0.0854014    -0.100695     0.296968     0.425018     0.193505     0.116585   0.00978259    -0.350401   -0.0673705    0.0807421    0.0627791     0.112951    -0.561795     0.225004    -0.554188    -0.764755   -0.0803898     0.119512      0.21825     0.211441     0.365781     -0.22152    -0.539162   -0.0847204    -0.433206
   -0.119607   -0.0885299    -0.100017   -0.0967314    -0.274734    -0.150538    -0.085852   -0.0985735   -0.0360692    -0.150286    -0.192356   -0.0795318   -0.0752845    -0.043716   -0.0187875   -0.0604547    -0.165125    -0.146628    -0.119633  -0.00847688   -0.0277503    -0.115351    -0.201934    -0.227549    -0.462478    -0.110177    -0.330408    -0.156773    -0.117832    -0.357938   -0.0837876   -0.0586679   -0.0898907    -0.104149    -0.182993  0.000567452     0.015585    -0.164138    -0.135812    -0.153374    0.0122064   -0.0880153
    -0.26487   -0.0941181   -0.0184161   -0.0180493    -0.318692    -0.178315    -0.148496     0.034214    -0.126647    -0.406277    -0.274775    -0.146768    -0.161477   -0.0630299  0.000408505   -0.0306265    -0.168709   -0.0346195    -0.281261     0.186456   -0.0182355   -0.0854693    -0.284811    -0.156423    -0.183179   -0.0647902    -0.254818    -0.210525   -0.0989279    -0.223363    0.0156997    -0.093606    -0.165724    -0.262078    -0.101666    -0.072075    0.0734991     -0.22945   -0.0519506    -0.129381    0.0387457   -0.0618193
   -0.216796   -0.0932706     -0.11545    -0.164869     -0.13566   -0.0810123   -0.0176987   -0.0839468   -0.0371887   -0.0808223    -0.125625    -0.191599   -0.0596996    -0.167321   -0.0425154    -0.161824    -0.117706    -0.247253    -0.118591    -0.158032    -0.137178    -0.202111    -0.260142    -0.213205      -0.1494   -0.0660238    -0.308071    -0.137096    -0.253246   -0.0975089    -0.236453    -0.172606   -0.0702221   -0.0338947   -0.0075256    -0.204163    -0.170204    -0.108452    -0.138965   -0.0638911    -0.105315    -0.171507
   -0.267732   -0.0411731    -0.155838     -0.10877    -0.186101    -0.123449    -0.222401   -0.0843335    -0.190365    -0.108404    -0.179427    -0.214896     -0.11893    -0.298816    -0.152356    -0.102523    -0.120302   -0.0799815    -0.270638    -0.115152    -0.181473   -0.0871617    -0.309534    -0.182833     -0.10927   -0.0988214    -0.201437    -0.121489    -0.237642      -0.1311    -0.126416   -0.0713087   -0.0870943    -0.146698   -0.0535844    -0.127709   -0.0259189   -0.0984903    -0.124003   -0.0571708   -0.0692578   -0.0788668
   -0.453689    -0.120566    -0.272381    0.0246816    -0.207553    -0.175062    -0.109076    -0.301855    -0.516309    -0.055434   -0.0971186    -0.137927    0.0191011    -0.454193    -0.302215    0.0364248    -0.104975   -0.0721514    -0.364932    0.0712042    -0.382485     0.128599    -0.135943   -0.0640655    0.0611166    -0.260376     0.140667     0.127111    -0.356677     0.123812     0.054304    -0.269567    0.0202206    -0.240888    -0.186987    -0.118348   -0.0463559    -0.154666    0.0378479   -0.0959658    -0.248909    0.0829814
   -0.440904     0.017261   -0.0994579   -0.0459097    -0.209225   -0.0792691    -0.264776    -0.092079    -0.275115   -0.0814421     -0.19997    -0.172616    -0.120368    -0.353348    -0.111827   -0.0286769   -0.0933204    -0.125953     -0.33275   -0.0346706    -0.355979    -0.125214     -0.26806    -0.133628   -0.0120398    -0.115363    -0.162611    0.0114404    -0.291955  -0.00568445    -0.199588    -0.161524    -0.121387    -0.128707   0.00894852    -0.282565   -0.0294924   -0.0379554    -0.117844  -0.00428928   -0.0951579   -0.0403641
   -0.238816    -0.112582    -0.204666   -0.0640768    -0.096978     -0.16066     -0.13722    -0.108269    -0.188879   -0.0821572   -0.0972281    -0.172728    -0.068349     -0.24717    -0.237634   -0.0661101    -0.169466   -0.0996565    -0.171958    -0.151385    -0.143613    -0.100431    -0.213031    -0.146532     -0.12437    -0.185565   -0.0606243    -0.122085    -0.130398   -0.0868716    -0.126054    -0.200449    -0.176433    -0.174774    -0.100347    -0.103681    -0.234462    -0.116233    -0.110289   -0.0670477    -0.109222    -0.137386
   -0.147771    -0.161742    -0.268742   -0.0339654    -0.112143     -0.12191    -0.154507    -0.015331   0.00627794    -0.108199   -0.0786309    -0.341593   -0.0404001    -0.269826    -0.108493   -0.0591838    -0.242987    -0.197496    -0.102583    -0.065459   -0.0105187   -0.0153814    -0.186637    -0.168963    -0.386034    -0.170811    -0.111923    0.0362977   -0.0729117    -0.130145   -0.0636882    -0.118332      -0.2156   -0.0282628    -0.250976   -0.0966604    -0.253274   -0.0126869    -0.303583    0.0918183    -0.120805    -0.300896
   -0.365812   -0.0757907    -0.309068   -0.0756163    -0.260716    -0.246203    -0.163106   -0.0441377    -0.239557   -0.0399405    -0.160382    -0.217253   -0.0950181    -0.397785    -0.150831   -0.0865704   -0.0979044   -0.0909742    -0.351322 -0.000172316    -0.178506     -0.10295    -0.343321    -0.140552    -0.103223    -0.117371   -0.0578127   -0.0195262    -0.102233    -0.041959  -0.00189529    -0.117218    -0.138843    -0.229692    0.0147468   -0.0870546   -0.0107549   -0.0907074    -0.135634    -0.115819   -0.0748284   -0.0529675
   -0.354784    0.0687947    0.0326611   -0.0934016     -0.03809 -0.000214907    -0.479072     0.195331     0.265156     0.154289    -0.115069    -0.377593    0.0124936    -0.298732     0.176306   0.00435009    -0.186476    -0.143988     0.084151    -0.534049  -0.00345135      -0.6517    -0.478922    -0.208616    -0.440755     0.105442    -0.685059   -0.0581496    0.0342196   -0.0486032    -0.469041     0.167111    -0.158646     0.122712   -0.0555425    -0.512097    -0.339312     0.109545    -0.483989     0.138287    0.0673328    -0.551551
    0.163238    -0.185398     0.173915   -0.0568161    -0.364784    -0.464671     0.246798   -0.0249178    -0.186207    -0.682963    -0.060957     0.013169   -0.0958782   -0.0812745    -0.149919    -0.220499     0.101373     0.219225    -0.274036      0.14891    -0.686965    0.0349612     0.671235    -0.201539     0.192421    -0.506514    -0.288265      0.10328    -0.825631   -0.0906434     0.282066    -0.613886    -0.344016   -0.0350029     0.166657     0.163167   -0.0841905    -0.818578     0.330904    -0.809602     0.182967     0.465719
    0.484849     0.174366    -0.637924  -0.00100749     0.228967    -0.164002     0.393964    -0.306137    0.0171815    -0.747376    -0.231095    -0.313907    -0.046877     0.444231    -0.436488    -0.711008      0.13251     -0.13581  -0.00943452   -0.0160997     0.296124     0.118657    -0.162442     0.109384    -0.297273     -0.46391     0.189214    -0.305852   -0.0280559    -0.537496    -0.086859    -0.810052    -0.483599    -0.417142     0.233614    0.0253089      0.36109     -0.33722    0.0367156    -0.483798     0.292291    -0.329737
  -0.0553561    0.0810188   -0.0536075    -0.330751     0.125367    -0.065925    -0.310761    0.0053385    0.0721731     0.206475   0.00644754    -0.173955   -0.0138944    -0.419653    -0.187674    -0.389966    -0.289823    -0.447303     0.305268    -0.684328   -0.0265823    -0.617138    -0.379392   -0.0626848   -0.0712243    -0.114051    -0.133335    0.0938119     0.136135     0.110015    -0.557375    0.0396084   -0.0299033     0.142469     0.100552    -0.332625    -0.453213    0.0757293    -0.388878     0.193704    -0.429021    -0.443319
    -0.47019    -0.120575    -0.040933    -0.186927     0.168914   -0.0207618    -0.219197    -0.313093    -0.713309     0.419372    0.0160461       0.1898   -0.0359373     -0.53534    -0.662475     0.189058     -0.12047    -0.220314     0.102116    -0.701935    -0.426443    -0.268776     0.216363    0.0709993      0.47831    -0.212278     0.161063    0.0515253    -0.451622     0.309396    -0.321665   0.00765161     0.114689     0.128871    -0.379943    -0.466328    -0.660467   -0.0160127    -0.116114     0.182761    -0.582251   -0.0768917
    0.118182      -0.1236    -0.319817    -0.233432     0.141608   -0.0238541     0.126879    -0.158287    0.0432059   -0.0297104    -0.044881    -0.155257   -0.0373666    -0.299574    -0.162471    -0.304452   -0.0639026    -0.237682    0.0202981    -0.288916   -0.0429187    -0.100126     -0.06151    -0.144314    -0.181511    -0.403145    0.0357616   -0.0736368  -0.00858783   0.00203335    -0.425669   -0.0910805  -0.00508688    -0.104274    -0.312937    -0.173473    -0.148914    -0.159454    -0.293681     0.122634    -0.240938    -0.104521
    0.246284     -0.11745     -0.53226    -0.252561     0.174899     0.114234     0.131793    0.0239776    0.0578702   -0.0214479      0.03718    -0.317088   0.00550859    -0.367631    -0.184629    -0.418416    -0.129951    -0.355282      0.20093    -0.419837    -0.127472    0.0356292    -0.086305    -0.141371    -0.193333    -0.393451    0.0810983    0.0129492    0.0667715   -0.0161815    -0.454142   -0.0377582    0.0479939   -0.0344028    -0.529506    -0.212325    -0.323903   -0.0672207    -0.438305     0.180598    -0.231288    -0.247734
   -0.536206     0.062929    -0.110883    0.0132177    -0.306251   -0.0931154    -0.265183   -0.0740265     -0.42156   -0.0498266    -0.240256     -0.19138   -0.0913801    -0.392026    -0.125545   -0.0241055   -0.0607311   -0.0735452    -0.482849    0.0850755    -0.432254    -0.130068    -0.421684    -0.125434    0.0300445   -0.0473629    -0.170313   0.00572076    -0.352545   -0.0194521    -0.153665    -0.146838   -0.0712383    -0.172045   -0.0116335    -0.278203     0.134666    -0.132778   -0.0136973   -0.0399576  -0.00805169    0.0591787
   -0.109406    -0.146862    -0.138589   -0.0331183    -0.043928   -0.0655853    -0.154915     -0.16423    -0.125906    -0.196373    -0.191344    -0.284279    -0.176933    -0.266021   -0.0855437   0.00138119     -0.21655    -0.178672    0.0498508   -0.0933645    -0.295718   -0.0313141    -0.123158    -0.185749    -0.132843    -0.233643    -0.199189   -0.0744504    -0.143979  -0.00882048    -0.231585    -0.103194    -0.145198   -0.0393792     -0.25272   -0.0423227    -0.123014    -0.107679    -0.317222    0.0435735    -0.028037    -0.238861
   -0.175202   -0.0977204   -0.0134165    -0.143954    -0.261903    -0.100531   -0.0816267    -0.164774    -0.168387    -0.139957    -0.169574    -0.123945   -0.0883707    -0.114526   -0.0949172    -0.102325    -0.167627    -0.251234   -0.0394674   -0.0850971    -0.110707    -0.110029    -0.232412    -0.146483     -0.26318    -0.117721    -0.282065   -0.0556491    -0.186908    -0.165834    -0.201829    -0.131242   -0.0689157   -0.0875176    -0.142973    -0.075127   -0.0807617    -0.142313    -0.139246    -0.069267   -0.0740977    -0.179165
   -0.104856    -0.107434    -0.042723    -0.105342   -0.0828231   -0.0334599  -0.00423498    -0.142107   -0.0462689    -0.120215     -0.13961    -0.233034    -0.185593    -0.180266    -0.135437   -0.0728614    -0.189999    -0.247381    0.0615873    -0.116895    -0.215071    -0.105904    -0.132963    -0.187069    -0.184473    -0.185472    -0.188421    -0.107386    -0.226397    -0.068486    -0.251368   -0.0867743    -0.116251   -0.0943763    -0.198327   -0.0999555    -0.178997    -0.189433    -0.252656   -0.0844989   -0.0284718    -0.211006
   -0.388304   -0.0705017    -0.156872  -0.00975092     -0.37021    -0.192639    -0.205932   -0.0543847     -0.21424    -0.233754    -0.215968     -0.23361   -0.0299073    -0.191666   -0.0524163  -0.00860467    -0.131294    0.0479596     -0.37457  -0.00940093    -0.121684    0.0115854    -0.293295    -0.208325     -0.10482   -0.0422278   -0.0653252   -0.0568327    -0.191667    -0.152424     0.059269   -0.0512376    -0.195972    -0.287254    -0.058202    -0.123011   -0.0469093    -0.144237   -0.0519275    -0.229586   0.00889318   -0.0674473
    -0.61212     0.122556   -0.0882884    0.0562361     -0.10033   -0.0475782     -0.54549   -0.0178747    -0.386083     0.138844    -0.252856   -0.0992433   -0.0969494     -0.39315    -0.151856   -0.0199987    -0.103517   -0.0866603    -0.536596    -0.362044    -0.407396    -0.637175    -0.403859    0.0347075     0.191041    0.0641288    -0.346839    0.0366899    -0.172565     0.171338    -0.351452   -0.0251544   -0.0408815   -0.0573802    0.0701984    -0.645296    0.0746238     0.044314   -0.0510851   -0.0209369    -0.264608    0.0418107
   -0.520115     0.113328   -0.0198416    0.0292132   -0.0249425   -0.0567019    -0.396149   -0.0570728    -0.326192     0.206948    -0.212836    -0.110687   -0.0461051     -0.38447    -0.197408   -0.0249969  -0.00733113   -0.0863201    -0.196692    -0.548933    -0.402035    -0.604657     -0.32384   -0.0208227     0.217882   0.00555157    -0.392166   -0.0593858    -0.317634     0.140647    -0.435569    0.0201357    -0.063886    0.0811314    0.0770204    -0.591137    -0.119574    0.0837972    -0.104726    0.0115923    -0.195203    -0.154479
    0.170331    -0.610188    -0.203303    -0.448862   -0.0549067    0.0234284    -0.601191     0.151398    0.0498179    -0.608181   -0.0342955    -0.125101    -0.604591     0.419877    0.0777768    -0.158523    -0.333866     0.103538     0.332855   -0.0834286    -0.273964    -0.154521     0.478736    -0.294748     0.208847   -0.0420072     0.150548    -0.315181     0.237265    -0.161572     0.155047    0.0367879   -0.0863655     0.195089    -0.844491    -0.176937    -0.691747    -0.378908    0.0785178     -0.47942    -0.288513     0.149877
   0.0376829     -0.18859    -0.191903    -0.247207    0.0519674   -0.0953293   -0.0771226     -0.24769    -0.138901    0.0016702    -0.084222    0.0503524   -0.0827142     -0.10824    -0.212007    -0.222186    -0.194839    -0.327223    0.0114202    -0.166994    0.0311254  -0.00819885   -0.0624554   -0.0774021   -0.0220112    -0.101544    0.0750609    -0.197035   -0.0066228   -0.0897086    -0.191661   -0.0739932   -0.0501937    -0.237416    -0.299199    -0.125874   -0.0906095   -0.0952076    -0.226049  -0.00404633    -0.382737    -0.155577
    0.614116    -0.199829     0.665212    -0.580031     0.306215      0.24066     0.408661   -0.0191919      0.20209      0.35562   -0.0664752     0.283634    -0.188524     0.523538   -0.0213205    -0.232974    -0.114452    -0.226203     0.449815    -0.611718     0.325277    -0.360743     0.380331    -0.653185    -0.646143     -0.14731    -0.752306     -1.10017    -0.615141    -0.987072    -0.306624     0.152273    -0.138266     0.146611    -0.309633   -0.0621001      -0.7536     -0.37883    -0.292039    0.0458652     0.267488    -0.772101
    0.145988    -0.378072    -0.079267    -0.554784     0.266075    0.0488809    -0.736126    0.0264698   -0.0382525    -0.476972    -0.145776    0.0900998    -0.419284     0.411293    0.0091709    0.0222588    -0.332704    0.0176555     0.147757   -0.0495976    -0.319632   -0.0795217     0.256595    -0.259362     0.233174   0.00114487     0.123334    -0.569726     0.227281   -0.0637989     0.213955     0.281957   -0.0610271    -0.126172    -0.800754   -0.0891279    -0.644477    -0.396943    0.0183554     -0.34587    -0.593144     0.185145
   -0.099103    -0.223687    -0.235797   -0.0315253    -0.339336    -0.315135   -0.0448108    -0.246347    -0.120409    -0.260632    -0.204601    -0.197559    -0.175203   -0.0632094    -0.178606      -0.1322    -0.143008   -0.0190934   -0.0943696   -0.0394938    0.0328851   -0.0031733    0.0682836 -0.000456892    0.0261549    -0.104224   0.00438847  -0.00374402    -0.102364    -0.152858    0.0364476    -0.316119    -0.330559   -0.0341227   0.00466334   -0.0333563   -0.0866989   -0.0552522   -0.0656808     -0.34527    -0.123306    -0.187944
