no weights
   0.0626666   -0.0482343    0.0460082    0.0228613     0.117446    0.0634471     -0.10369    0.0972139    0.0253789     0.102566     0.119161   -0.0314326    -0.062662    0.0699102    0.0790867      0.06373     0.134261    0.0284486    -0.106374     0.077911   -0.0115291     0.054356     0.154276    -0.103969   -0.0774219    0.0897926     0.145841     0.174764     0.111086   -0.0887413   -0.0268203     0.120828     0.126308    0.0996346     0.055156   -0.0616347   -0.0576379     0.218444    0.0848594    0.0869544     0.190921   -0.0851386     0.098843    -0.133174   -0.0591851   -0.0125009   -0.0942634    0.0488794
   0.0228422    0.0720012    0.0447193    0.0428409     0.100285     0.102594    0.0756461    0.0693451    0.0242064    0.0466551    0.0520192    0.0997059    0.0637257    0.0137337    0.0153931    0.0755446   -0.0414474     0.133698     0.123525    0.0691512    0.0430757   -0.0265711     0.128385     0.111965    0.0729686    0.0634868   -0.0272539    0.0475488    0.0278824     0.165643     0.138817   -0.0459961   0.00525056   -0.0079242    0.0436108     0.114552    0.0734088    0.0260132 -7.90525e-05    0.0730759    0.0770495     0.142148    0.0609583    0.0594008    0.0848911     0.124016     0.145266    0.0948394
   0.0400618    0.0143228    0.0594835    0.0150677    0.0369018   -0.0248934   -0.0221469     0.105154    0.0591318     0.109352   -0.0021896    0.0164276     0.111917    0.0531797     0.129665     0.111782   -0.0558661     0.157554   0.00933357     0.139672   0.00764675   0.00368903    0.0181882    0.0811437    0.0133242    0.0875696     0.161238    0.0863751    -0.055858    0.0625262    0.0294298    0.0224698     0.137881     0.174278   -0.0305843  -0.00761885   -0.0240161     0.128046    0.0665775    0.0723508    0.0907625    0.0710726    0.0488383     0.120997    0.0378533    0.0453606  -0.00661935     0.111692
   0.0688841    0.0932498     0.179839     0.105019     0.137877     0.106395    0.0459586    0.0765578    0.0783914   0.00409555  -0.00962416     0.166125   0.00477816   0.00993826    0.0269894     0.080133    0.0213504    0.0777311    0.0818867      0.03984      0.12542     0.054488    0.0105416    0.0988979     0.068216   0.00961164    0.0535872    0.0505967    0.0611413    0.0180408    0.0471379    0.0214054   -0.0355781    0.0112274   0.00774625    0.0630756    0.0837137    0.0276726    -0.014521    0.0693542    0.0104024    0.0940397    0.0380804     0.161853    0.0604983     0.140468     0.117841    0.0113395
    0.144905   -0.0150854   -0.0308269   -0.0330803     0.121835    0.0439294    0.0302177    0.0758642    0.0742598    0.0987597    0.0761191   -0.0327874     0.114143    0.0701383    0.0994389     0.051405    0.0774008    0.0189057     0.108354     0.136148    0.0101313   -0.0829633    0.0996509    0.0188333    0.0779496     0.107921    0.0203845     0.139686     0.110098    0.0226456     0.114981   -0.0221362     0.172149    0.0445555    0.0994312    0.0164734   -0.0348316    0.0963043    0.0118098    -0.032646    0.0605177   -0.0111915     0.119924  0.000883099    0.0424969    0.0533068    0.0489777     0.122476
   0.0863389    0.0648248   -0.0223311     0.020161     0.117026  -0.00597641    0.0674832   -0.0114987    0.0696278    0.0420872    0.0836984     0.053442     0.190885    0.0129292    0.0798706  -0.00809431    0.0759588     0.107461    0.0479398     0.152506   -0.0129084   -0.0376328    0.0954087    0.0786637    0.0864386    0.0923445    0.0277553     0.144968    0.0388702   0.00252287     0.154954  -0.00276695     0.128238     0.103533      0.10164    0.0962914    0.0517285    0.0427454    0.0658956   -0.0185182     0.114662    0.0760903     0.148148  -0.00613505    0.0296521   0.00707918      0.13435     0.060325
  -0.0646601    0.0868734     0.153397    0.0785885    0.0282467    0.0239695   -0.0480737    0.0588417    0.0946877     0.107954    0.0392954   -0.0176744   -0.0253574    0.0142892    0.0876499    0.0225385    0.0284531  -0.00535507    0.0360411   0.00748088     0.103293  -0.00556845     0.106974    0.0399352   -0.0177197  -0.00229579     0.162563    0.0694007     0.142203    -0.018064  -0.00968748    0.0974992    0.0684936     0.163264     0.159099    0.0012317    0.0373982       0.1358   -0.0139731    0.0849776     0.223417  -0.00167417     0.113471   -0.0301621   0.00373872    0.0787194     0.101421    0.0791114
   0.0718158    0.0878954   -0.0319949     0.062929     0.106072    0.0690144     0.121418    0.0261173    -0.014433    0.0216934    0.0693196    0.0267581     0.173948     0.104842     -0.04704    0.0664075    0.0510952     0.119902    0.0528977     0.154793    0.0399057     0.166801     0.146165      0.10975    0.0431696    0.0537797   -0.0373632     0.107112    0.0593853     0.113697    0.0639466    0.0322081    0.0325644     0.117443    0.0641934     0.074518    0.0693748  -0.00519813    0.0325632     0.100096   0.00505691     0.151309    0.0836633   -0.0419387    0.0845607    0.0215439    0.0646139    0.0815496
   0.0882718   0.00787301    0.0386103    0.0947216     0.106851     0.128985    0.0586495    0.0689432   -0.0089951      0.11722    0.0743877    0.0260832     0.012989    0.0540037    0.0455737    0.0592876     0.160554    0.0526791   -0.0353015     0.116309    0.0634898     0.126333     0.139753    0.0387099    0.0013571    0.0857313    0.0676532     0.149534    0.0657295    0.0235633    0.0563403     0.145687     0.123256    0.0971923    0.0546938    0.0723507    0.0487362     0.138254    0.0107983    0.0593734     0.168894    0.0622577    0.0748884   -0.0310624   -0.0548504   -0.0679605   -0.0176363    0.0873428
   0.0188125    0.0288051   -0.0101044   -0.0660744    -0.105083   -0.0030003    0.0798863      0.10289    0.0804831    0.0549682    0.0399383   -0.0509446     0.162157    0.0401282     0.091299    0.0575799   -0.0677688    0.0447544     0.154859     0.087725    0.0492904   -0.0709388    0.0795085    0.0606303     0.194629   -0.0243004    0.0551616    0.0117822  0.000928458    0.0568554     0.171319    0.0325553     0.147387    0.0181609   -0.0270184    0.0956358     0.131236    0.0600816    0.0440146   -0.0439731    0.0299178     0.105143     0.160478     0.133159    0.0278394    0.0839157      0.14047     0.184928
   0.0332895    0.0468409    0.0122847    0.0688024     0.115379    0.0435181    0.0760136   0.00680512    0.0432787      0.10541     0.105938   -0.0305122    0.0568968    0.0436416     0.111303    0.0881425    0.0887823    0.0480567     0.121406     0.102718    0.0902822    0.0839996     0.100686   0.00462241     0.121172     0.041033     0.102577    0.0833271    0.0635511 -7.12984e-05     0.142206    0.0705193    0.0945199     0.152574    0.0828834    0.0362344     0.131331    0.0121521     0.120256    0.0722021    0.0878117    0.0401119     0.136857    0.0181824    0.0940062     0.107785    0.0577858    0.0864452
   0.0322646   -0.0203555    0.0902533   -0.0188612   -0.0110302    -0.026139    0.0405413     0.086968     0.134709    0.0192816    0.0917431   -0.0234979   0.00921703   -0.0109578     0.110678    0.0605093    0.0535411    0.0746976    -0.007212    0.0234991    0.0635623    0.0382289     -0.01036   0.00283761      0.01406  -0.00474029     0.157608    0.0280726    -0.050575    0.0806522    0.0361249    0.0231987     0.188934     0.102717    0.0326196   -0.0364473   -0.0345294     0.107085     0.203357     0.118184     0.098817     0.021192    0.0206899     0.134478    0.0688239     0.150067   0.00407151    0.0269719
   0.0169653     0.104097    0.0680562     0.111193    0.0470126    0.0118825    0.0554641    0.0658658    0.0065025    0.0620597     0.026081    0.0508698     0.123399    0.0771318    0.0546372    0.0984044   0.00667046 -0.000855617    0.0875646    0.0695012    0.0997684    0.0726239    0.0665928    0.0588765     0.136863   -0.0268253   0.00422137   -0.0167126    0.0886861    0.0780806    0.0983859    0.0106507     0.100059    0.0455232    0.0792019    0.0867758     0.139686    0.0553816    0.0150332    0.0492756     0.111476    0.0883379    0.0955277    0.0108903     0.100727     0.101598     0.128188    0.0857756
  -0.0316009    0.0118299    0.0818849    0.0319194   0.00893758    0.0885064   -0.0350095    0.0454817    0.0795471    0.0309076     0.160733    0.0474049   -0.0415013   -0.0423724    0.0903985   0.00724339     0.241285    0.0047812    -0.185174     0.179409   -0.0259606     0.123355    0.0278803    0.0420435   -0.0967523    0.0864542      0.16945    0.0677867   -0.0126414   -0.0623184   -0.0894829     0.177669     0.156238     0.139767    0.0798416   -0.0207309    -0.149819     0.211639     0.128986     0.108473      0.17569   -0.0463212   -0.0670715   -0.0877553    0.0402858   -0.0269194    -0.120036    0.0541394
   0.0835246     0.125457    0.0261966     0.110375    0.0691369    0.0248289     0.077284    0.0460399  -0.00795731    0.0878918    0.0625593    0.0748392     0.104673    0.0384598    0.0158113    0.0758977      0.13046    0.0922982     0.062103     0.149159    0.0676021     0.143706    0.0557984     0.110566  -0.00627243    0.0481739    0.0959452    0.0577422    0.0802918    0.0292256     0.037363      0.11122     0.106268     0.146077    0.0219412     0.141099    0.0167996    0.0841283    0.0545134     0.115709    0.0552271     0.106472   0.00118988    0.0118096    0.0414646   -0.0566849    0.0645613    0.0169861
    0.112036     0.144723     0.129675      0.10333   0.00643952   -0.0421086     0.140825    0.0269674    0.0690188    0.0469866   0.00462992    0.0930248    0.0776594   -0.0176032   0.00852586    0.0297558   -0.0391861     0.071359     0.111406    0.0983741     0.106086    0.0763432     0.018267    0.0741802    0.0493709    0.0920294    0.0678562    0.0477472    0.0252266    0.0580513     0.104671 -0.000425041    0.0989118   -0.0135468    -0.051175    0.0224539    0.0407935    0.0529008     0.119694    0.0532312   -0.0461969     0.050842    0.0674761     0.106954      0.15945    0.0999537    0.0737594    0.0732918
  0.00696367   0.00541565    0.0661458     0.141898    0.0805355    0.0598409   0.00957515    0.0240158    0.0351457     0.151737    0.0769707    0.0999994    0.0140766    0.0740951     0.037073    0.0312195    0.0926584    0.0422732    0.0980887    0.0800298    0.0689995    0.0621484    0.0527808    0.0645834    0.0789801    0.0261754    0.0675173    0.0999526    0.0509572    0.0611538    0.0499363    0.0565638    0.0593044    0.0727644    0.0496683    0.0986878    0.0388226    0.0807143    0.0456302    0.0855107     0.142475    0.0512596    0.0294731      0.10116     0.115817     0.103311     0.143736    0.0961634
   0.0462492    0.0796502     0.116322    0.0325022     0.134525    0.0830679    0.0605857     0.112132    0.0928703     0.119859  0.000506688    0.0518351    0.0945274    0.0430858    0.0365737    0.0697871    0.0429082    0.0129045   -0.0269848    0.0858322      0.13329    0.0979708    0.0405654     0.060982   -0.0106571     0.063215    0.0678578    0.0928991     0.028162    0.0496643   -0.0380254     0.082009    0.0474672    0.0392301   -0.0213711    0.0782801   -0.0313752    0.0705373    0.0773372    0.0658417  -0.00992665    0.0487835    0.0256128    0.0998936     0.197817       0.1641    0.0517107    0.0234472
    0.143166     0.022573  -0.00117916    0.0136515   -0.0196767   -0.0087421    0.0896028   -0.0600749    -0.083147   0.00802229     0.184868    0.0275403     0.126793    0.0128625   -0.0127376      0.10133     0.143934   0.00320849   0.00510163    0.0654649    -0.102028    0.0487826    0.0766191   0.00651064  -0.00786158     0.108856    0.0975636    0.0939899    0.0837115   -0.0157163    0.0275753    0.0888594    0.0323494     0.167023    0.0167671   -0.0175876   -0.0143271     0.137048    0.0388009    0.0767362     0.146809   -0.0771094     0.187428    -0.120062   -0.0218053   -0.0766273  -0.00936913     0.176066
  -0.0046461     0.201673     0.232235     0.160683       0.1398    0.0188564   0.00129061     0.070773    0.0975285    0.0610536    0.0224018    0.0432037   -0.0364857     0.025368    0.0620693    0.0811501     0.059989    0.0638146   -0.0239165     0.016552     0.099569     0.157089    0.0291062     0.101619  -0.00125151    0.0965704    0.0920699    0.0177695     0.018774    0.0765803   -0.0408174     0.113699    0.0555672  -0.00822135    0.0864562   -0.0197603   -0.0492597    0.0372798     0.128108     0.129611    0.0749944   -0.0095603   -0.0773381     0.118863     0.118248    0.0214486 -0.000982368   -0.0955606
    0.076298     0.084886     0.099136    0.0451969    0.0121755     0.137672    -0.058098     0.101838     0.112202   0.00923252    0.0781706    0.0466536    0.0345323    0.0230726    0.0580861    0.0477698     0.143491    0.0619128   -0.0176142    0.0487062     0.133791    0.0995008     0.143208   -0.0561819   -0.0405649   -0.0414151     0.135031   -0.0365138   0.00361118   -0.0157328   -0.0368151     0.105249    0.0772963    0.0351402      0.12674   -0.0357714   -0.0124714     0.182636     0.103414  -0.00900513     0.152452   0.00451278   0.00821812     0.037104   -0.0506662    0.0353773   -0.0484638    0.0847991
   0.0433377      0.15176     0.193967     0.148828     0.188671  -0.00887649    0.0317578    0.0498864    0.0353299  -0.00345921    0.0752858    0.0208244  -0.00623999    0.0160176    0.0177004    0.0120634     0.101864    -0.036815   -0.0151355   -0.0126854     0.105843     0.133995    0.0415823    -0.018837    0.0142008    0.0358533     0.155684    0.0904351    0.0399107    -0.021707   -0.0409956    0.0176596    0.0436652    0.0545958     0.107786   -0.0461876     0.107295     0.110925     0.118919    0.0542891    0.0681446   -0.0125508    0.0355459    0.0937197    0.0371753     0.110454    0.0575286   -0.0119113
    0.116058  -0.00775198  -0.00620261    0.0180049    0.0586046  -0.00924115   -0.0388344    0.0307425   -0.0127954     0.151254    0.0991848   -0.0103399  -0.00892042   -0.0277873    0.0182052    0.0807462     0.100418   -0.0136317   -0.0871404    0.0828616   -0.0718023    0.0560721   -0.0150394    -0.096499   -0.0478649    0.0714373    0.0801729     0.167912     0.038764   -0.0910325   -0.0269171     0.154634    0.0819761     0.189896  -0.00654601    -0.063373   -0.0593863    0.0598935    0.0850857     0.109966    0.0919415   -0.0524799    0.0868814    0.0217202    0.0201388    0.0690129    0.0685236     0.017407
    0.112764    0.0129852    0.0813281     0.135434    0.0735577     0.131238    0.0716953    0.0895805    0.0786224     0.014794    0.0482752     0.133108    0.0344241     0.104351    0.0954071     0.117159     0.113602   -0.0200701     0.117141   -0.0298988    0.0311212     0.062341    0.0185396    0.0802109    0.0964815    0.0602765    0.0906734  -0.00770782    0.0228503    0.0729733    0.0513083    0.0813936    0.0324247  -0.00127633    0.0544874   -0.0046488     0.101851     0.108117     0.114152    0.0779802    0.0626391    0.0211515     0.023406     0.100416     0.161841       0.1523    0.0926473    0.0814358
   0.0950908   -0.0414937    0.0035252   -0.0235693    0.0430843   -0.0159154    0.0669358    0.0458546    0.0582858    0.0106605    0.0254965     0.030445    0.0483997    0.0959919     0.092805    0.0722915    0.0419437   -0.0327917    0.0842656   -0.0340716  -0.00822069    0.0315257   -0.0987594    0.0899002    0.0136754     0.131051    0.0759332    0.0459955    0.0594194    0.0868151    0.0719417    0.0149628     0.066224    0.0366529    0.0799916    0.0215785     0.060465    -0.108904    0.0809387    0.0241561    -0.113411    0.0397583     0.052764     0.167589     0.247798     0.186655    0.0872602    0.0208349
   0.0332225    0.0523138    0.0707026    0.0423954    0.0147325     0.101633    0.0876546    0.0203334    0.0502715   -0.0195676    0.0248222    0.0737653     0.083856    0.0776355    0.0318104    0.0383417    0.0689387    0.0613846  -0.00129233     0.103055     0.069068     0.087247     0.022434    0.0769318    0.0670135    0.0946802     0.102844   0.00561694   -0.0356303     0.124049  -0.00498379     0.101812     0.145498    0.0279156  -0.00590197     0.083392    0.0989088    0.0566645     0.179804    0.0705019    0.0538541    0.0832162    0.0358862    0.0937025    0.0874284     0.110575    0.0422209    0.0386515
    0.107456    0.0308414    0.0959727     0.123004     0.159299    0.0479627    0.0787739    0.0726744    0.0720493  -0.00174575      0.14044  -0.00412038    0.0351837    0.0485661    0.0861508    0.0482457     0.147483   -0.0982058      0.08985    0.0517101    0.0039327    0.0695154   0.00761559    -0.061994   0.00404634     0.104031     0.068017    0.0248516     0.126925   -0.0159218   0.00414875     0.126292    0.0239977   -0.0316909    0.0495801   -0.0472291     0.119583    0.0159911     0.110378   -0.0113067    0.0838183    0.0555433    0.0174177     0.148525      0.15391    0.0964557    0.0528129    0.0357759
    0.149823     0.127801    0.0906084     0.177887     0.123578    0.0759335      0.12378   -0.0114351    -0.038214    0.0522272    0.0115803    0.0922067    0.0197271    0.0418203    0.0354212     0.116635    0.0164284   -0.0292609     0.186043     -0.06389   -0.0157993      0.11847    0.0577489    0.0701899     0.179626     0.044313   -0.0672409   0.00933508    0.0237586    0.0629466     0.172883     0.027213    -0.131006   -0.0110301     0.023623     0.120913     0.179206   0.00908926  -0.00342955     0.117087   -0.0439457    0.0966705    0.0327587    0.0677042    0.0299472    0.0886822     0.195335    0.0425898
    0.190774    0.0277562    0.0466018  -0.00235474     0.098069     0.125598      0.14234     0.101532    0.0847669  -0.00161361     0.128555    0.0522837  -0.00262132    0.0779097     0.074265    0.0282229       0.1749   -0.0560544    0.0538556    0.0827083     0.113968     0.108504    0.0952152    0.0418115      0.04378     0.118433    0.0980235    0.0311824    0.0397564    0.0570192    0.0193933     0.119538    0.0396862    0.0282915     0.107108    0.0566274    0.0433051    0.0889297      0.20725    0.0809651    0.0618819   0.00826305   -0.0194859    0.0770525    0.0464365   0.00177667   -0.0597894   -0.0104334
    0.122095    0.0489938  -0.00547487    0.0280832    0.0942999    0.0480145     0.164234    0.0627757    0.0517329    0.0921009    0.0310894    0.0217881     0.100754    0.0784394    0.0953647    0.0609125   -0.0182361    0.0118858     0.169193   -0.0215094    0.0168509   -0.0592607   -0.0703955     0.120822     0.194583     0.122551   -0.0127323  -0.00287749     0.121954    0.0518402     0.206028   -0.0199555   -0.0236088    0.0206804   0.00773502     0.113714    0.0725427    -0.171136    0.0189471    0.0106443    -0.100924     0.133875    0.0547652     0.156636     0.157739     0.146165      0.17817    0.0832797
  -0.0141651    0.0408572     0.155924     0.134622     0.141323    0.0439751    0.0156235    0.0320526    0.0985674    0.0118773  -0.00214246   0.00929484   0.00429042   0.00334057    0.0439266    0.0807929     0.085215   -0.0249921   -0.0411123     0.103209      0.11087     0.145762     0.023944   -0.0179533   -0.0102314     0.113126    0.0932294    0.0606942    0.0204881    0.0351393   -0.0258698     0.117535      0.14305    0.0355535   -0.0284925  -0.00236673   -0.0174522    0.0879479     0.114092     0.115916   -0.0388157    0.0279403   -0.0599807    0.0939356     0.169809     0.135792  -0.00765261   -0.0214411
   0.0859911    0.0602821   -0.0115528   -0.0283839  0.000690887   -0.0570459     0.116596     0.108991    0.0582431    0.0258761     0.115257    0.0382734     0.166715    0.0908581    0.0363238    0.0281378    0.0201785    0.0818225    0.0330366      0.13616     0.113191    0.0932148    0.0422262    0.0528598    0.0664422     0.124723     0.113281     0.110666   -0.0107519    0.0869478    0.0686041   0.00946372     0.142008   -0.0125687   -0.0375421      0.05712     0.112442    0.0813578     0.120111    0.0372654     0.019765    0.0779532    0.0621802    0.0206279    0.0780143    0.0130092    0.0607584    0.0818633
  0.00556921    0.0768709  -0.00134262   -0.0224438    0.0825097   -0.0644413       0.1457    0.0952222     0.118517    0.0194484    0.0642619  -0.00377337     0.147607    0.0643309    0.0725018    0.0744102    0.0580138    0.0832822     0.129246    0.0313755    0.0729511    0.0274058   0.00661572      0.03789     0.105228    0.0826886    0.0442483    0.0706515      0.01662    0.0512976      0.13535    0.0760984     0.122954    0.0283716    0.0950339    0.0204543     0.112229    0.0507097    0.0720568    0.0951151    0.0944362    0.0789964    0.0234149    0.0452307    0.0882684    0.0848949     0.111261    0.0942841
    0.116624    0.0239348   -0.0368251    0.0679544    0.0155487    0.0702189    0.0730862   -0.0299093   -0.0421929    0.0247174    0.0487016    0.0429129     0.103564   0.00411726   -0.0390732     0.130618    0.0854749    0.0893021     0.119849    0.0781745   -0.0669708    0.0916977  0.000179269   0.00612962    0.0362165     0.098545   -0.0132826     0.152993 -0.000286328    0.0351512    0.0852009     0.121653   -0.0494133    0.0745015    0.0474792    0.0312237     0.138988      0.15181    0.0525599    0.0833155    0.0327206    0.0637835      0.14272    -0.069123   -0.0117422    -0.020888    0.0961091     0.184194
 -0.00509305     0.059641     0.189552     0.103305    0.0676444     0.161828   -0.0034576    0.0634465      0.12051    0.0429056  -0.00848689     0.138213   -0.0886854    0.0175738     0.121886     0.144123   -0.0444184    0.0448069    0.0698302   -0.0624723    0.0483702   0.00545479    0.0638804    0.0284408   -0.0178464   -0.0755591    0.0946428   0.00309335    0.0138938     0.107243    0.0119573    0.0111682    0.0211253      0.02463    0.0945921     0.152807    0.0568394    0.0773625    0.0265455     0.107808  -0.00269613     0.141803    0.0548666    0.0803399    0.0826911     0.135885      0.10712    0.0989977
 -0.00688323     0.109768     0.210158     0.133633     0.144403    0.0632653    0.0337568     0.127753     0.107641    0.0315028    0.0543571    0.0425355   -0.0331702     0.070356    0.0445273     0.118853      0.11765  -0.00473311   0.00285113   -0.0133747     0.121006     0.103378    0.0622287   -0.0363649   -0.0674048     0.102134     0.175929    0.0548477    0.0388155    -0.014932    0.0212382    0.0218183    0.0893371    0.0994067    0.0154468   -0.0133145   -0.0271746     0.113523      0.14633     0.125321    0.0956884   -0.0185002    0.0249957    0.0450522    0.0524616    0.0180077   -0.0122567    0.0538199
  -0.0529413    0.0715863     0.202968     0.176569    0.0604786    0.0838304  -0.00530951     0.135421    0.0792643    0.0506236    0.0293416     0.155587   -0.0920395    0.0977263    0.0496968    0.0236288    0.0718957    0.0936531  -0.00757799   -0.0728947     0.124224    0.0567707    0.0459749    0.0767485    0.0377288    0.0214696     0.102088   -0.0298618     0.114184     0.116364    0.0871591   0.00212443   -0.0357771  -0.00912795     0.121943     0.078893   0.00304228    0.0768273     0.120409    0.0837312    0.0267159    0.0660552   -0.0426953     0.168091    0.0904245     0.152815    0.0388918   -0.0842735
    0.197119     0.075785    0.0722465    0.0963313    0.0187043     0.190266    0.0728615   0.00275776    0.0933621    0.0192747    0.0229064    0.0463613    0.0576958     0.110689    0.0171839    0.0192498    0.0829889    0.0651647     0.121209     0.069463    0.0224303    0.0636413     0.028044    0.0175508     0.139346    0.0403482    0.0933843   -0.0120762   0.00438735     0.122361     0.133171     0.028254   -0.0209801   -0.0222509    0.0793253     0.092553    0.0941326     0.121729    0.0337386    0.0323164  -0.00531443    0.0964889    0.0882018      0.16206  -0.00719061    0.0179452    0.0901158    0.0757583
  0.00323895    0.0313071    0.0697378     0.139079     0.114817    0.0170689    0.0669178    0.0786376    0.0699435     0.117746    0.0360919    0.0793578  -0.00607545    0.0501253     0.111995      0.11293    0.0747714    0.0600098   0.00312525    0.0728013    0.0241815    0.0729718   0.00943881   0.00536456    0.0555824    0.0291549   -0.0130351    0.0696932   -0.0125362    0.0583819    0.0199384    0.0884329     0.130121     0.104348   0.00891709    0.0169221  -0.00533312    0.0900085     0.136505     0.115134    0.0272263    0.0359338   -0.0452366    0.0958203     0.235354     0.123292     0.078978    0.0743372
    0.110045    0.0632639   -0.0224906   0.00817729    0.0421426    0.0235485     0.101348    0.0615907    0.0495968     0.042204    0.0557411    0.0013781     0.178821    0.0889458    0.0297128    0.0637508  -0.00802935    0.0588346     0.220776    0.0850387     0.119049   -0.0682369     0.130963     0.125574      0.18385    0.0478037    0.0372358    0.0654026    0.0963803    0.0977764     0.206913   -0.0553516   -0.0104867   -0.0314441    0.0322541     0.048559     0.123938    0.0289691   -0.0177255   -0.0134809    0.0107709    0.0496281     0.168962    0.0718529   -0.0486054   -0.0185261    0.0517816     0.111963
  -0.0767955    0.0370839     0.156995     0.145272    0.0917687     0.048436    -0.010398   -0.0160942    0.0292428    0.0980239     0.010491     0.144848    0.0129608    0.0148236    0.0827269    0.0157514   0.00140412     0.109545   -0.0265878     0.148137    0.0818428    0.0934863      0.11381    0.0769224    0.0640831    0.0433918    0.0341829     0.131878     0.112745    0.0522143   0.00396583     0.051702  -0.00227895     0.136963    0.0212098    0.0246174    0.0508755      0.15304   -0.0352352    0.0561011     0.142492    0.0371858    0.0844291    0.0289134    0.0624352    0.0580511    0.0811563    0.0580703
   0.0187511    0.0531779     0.111058    0.0896946     0.138641   -0.0287176    0.0651686    0.0526835     0.106149     0.125666    0.0648899    0.0257611    0.0724097  -0.00975121     0.104556     0.113949    0.0845795   0.00850162    0.0220033    0.0127237    0.0658152     0.109312   -0.0671113    0.0574722    0.0861199     0.125202   -0.0335711     0.102416    0.0188427    0.0244511    0.0489418   0.00925542    0.0694967    0.0903192    0.0182816     0.107365   0.00195364   -0.0664279     0.130772     0.138843    0.0449258    0.0986541   -0.0737396     0.114597     0.173961    0.0921823     0.160296   -0.0237626
    -0.17872    -0.100936    -0.144549    -0.107929    -0.178162     -0.11852    -0.136815    -0.161742    -0.124366    -0.141834    -0.149769    -0.149241    -0.144915    -0.107607   -0.0800155   -0.0812796   -0.0906624   -0.0973647    -0.135447    -0.130389    -0.125037    -0.130364    -0.184622   -0.0796229   -0.0777443    -0.108601     -0.11653    -0.149687    -0.188182   -0.0684465    -0.127219    -0.113321    -0.162366    -0.168707   -0.0963025    -0.134941   -0.0605981   -0.0888759    -0.115333    -0.123958    -0.101809    -0.108341
  -0.0673085    -0.214146    0.0170932   -0.0775276    -0.112647    -0.238876   -0.0499572    -0.345229    -0.238714   -0.0369526     -0.14648     0.184907    -0.165158   0.00589125    -0.235021   -0.0396592    -0.143788    0.0147225    -0.326003    0.0255964    0.0234535   -0.0567692    -0.112315   -0.0656096    0.0535314   -0.0257074   -0.0829556    -0.368437   -0.0383454    -0.140303    0.0674244   -0.0497454    -0.085761    -0.378678   0.00124724    0.0327831     0.058391    -0.215137   -0.0285433    -0.236193    -0.177103   -0.0503975
  0.00571164    -0.246879    -0.174068     -0.18163      -0.2822     -0.23401   -0.0039522    -0.160579   -0.0543545    -0.171596    -0.117697   -0.0185318    -0.116065     0.124118   -0.0504899    -0.128447    -0.117192    -0.181009    0.0281929   -0.0114542   -0.0215307   0.00185104   -0.0376572   -0.0754119    -0.219627   -0.0574202   -0.0401831    -0.145354   -0.0288807    -0.335255   -0.0890799   -0.0657125    -0.079712  -0.00979328    -0.144768   -0.0178669   -0.0884292    -0.153073    -0.117105    -0.265254   -0.0992927    -0.131138
  0.00402584   -0.0987446      -0.1231    -0.181212   -0.0956675    -0.137543    -0.113313    -0.163229   -0.0853629    -0.192696    -0.152367   -0.0482989     -0.14696   -0.0291691     -0.11786    -0.119075    -0.119022    -0.141273   -0.0618089   -0.0357038   -0.0933737     -0.15782   -0.0673448   -0.0943016    -0.195242    -0.126348    -0.178403   -0.0744947   -0.0399766    -0.221577    -0.106534    -0.134163    -0.185558    -0.132025   -0.0175745   -0.0612099   -0.0532724   -0.0615111    -0.118916    -0.115549    -0.176567    -0.133823
  -0.0139421    -0.122326    -0.114776    -0.170286   -0.0180273   -0.0166722  -0.00584148    -0.133237   -0.0528252   -0.0800582   -0.0315646    -0.138215    -0.104633    0.0534317   -0.0286698    -0.232613   -0.0285176    -0.178705   -0.0565701    -0.140853    -0.086618    -0.202198    0.0325749    -0.198828    -0.134849      -0.1641    -0.135608    -0.173302    -0.135154   -0.0837334    -0.128615     -0.18099   -0.0922334      -0.1697    -0.173083    -0.192084    -0.173121     -0.20184    -0.078674    -0.176903   -0.0608826   -0.0516142
   -0.149673   -0.0968719     -0.14684    -0.087169    -0.119891    -0.146894    -0.130239    -0.097741     -0.16577   -0.0996666      -0.1246    -0.177626    -0.102243    -0.150724   -0.0712164    -0.114424    -0.130882    -0.123834    -0.197917   -0.0999627    -0.108459   -0.0692257    -0.112471    -0.180027   -0.0917281    -0.116461   -0.0614179   -0.0977207    -0.148226    -0.095504    -0.125997    -0.154521    -0.151823    -0.118132   -0.0803229    -0.115034    -0.136987   -0.0779591    -0.176095    -0.119824   -0.0953185   -0.0992366
  -0.0973395    -0.118206    -0.129737   -0.0876579    -0.122551    -0.109034   -0.0776727    -0.106862    -0.173553   -0.0982592    -0.125495    -0.184913    -0.155341    -0.223017    -0.115108    -0.150872    -0.122927    -0.101986    -0.240592    -0.149906    -0.164222    -0.136987    -0.102333    -0.129555   -0.0239465    -0.126264   -0.0694896    -0.130032    -0.157741   -0.0127942   -0.0829952    -0.120029    -0.109592    -0.144213   -0.0883259    -0.150339   -0.0321165   -0.0447849    -0.159204   -0.0697757     -0.12862   -0.0539476
   0.0245605    -0.244396   -0.0724435   -0.0207076    -0.160661    -0.225049    -0.120057    -0.230755   -0.0296514     -0.29077    -0.236304    -0.117098    -0.215994    0.0852258   -0.0798553    -0.129268   -0.0930446   -0.0603024    -0.062056    0.0424636      0.08898    0.0118646  -0.00498615    -0.085873    -0.158327    -0.119156   -0.0312295   -0.0985464    -0.067769    -0.252709  -0.00508482    -0.207801    -0.251555   -0.0948796   -0.0524431    0.0244802  -0.00944172    0.0156913    -0.143334    -0.246986    -0.124707    -0.193212
   -0.130728    -0.109185    -0.106858   -0.0850514    -0.178482     -0.15038    -0.085922     -0.13152   -0.0956842   -0.0874487    -0.165958    -0.061659   -0.0887598   -0.0981437    -0.070369   -0.0698677    -0.150942    -0.127722    -0.118906   -0.0879297    -0.087904    -0.126887    -0.101868    -0.167366     -0.24669    -0.128306    -0.197041    -0.158013    -0.136758    -0.222057    -0.104184    -0.084205   -0.0793988   -0.0919877    -0.171037   -0.0555216   -0.0380464     -0.15595    -0.123906    -0.163786   -0.0565253   -0.0631419
   -0.179792    -0.118832   -0.0592099   -0.0535955    -0.198289    -0.141459     -0.12483   -0.0325482    -0.154256    -0.226342    -0.197261    -0.117621    -0.147715    -0.131531   -0.0664841   -0.0716561    -0.151305    -0.102881    -0.180368    0.0399301   -0.0645295    -0.134655    -0.176086    -0.102734   -0.0936929   -0.0843069    -0.152703    -0.173396    -0.106511    -0.132262    -0.082107   -0.0886357    -0.119273    -0.170366    -0.111644    -0.137621   -0.0101246     -0.17581   -0.0914261   -0.0922297   -0.0589276   -0.0784232
   -0.122025    -0.112343    -0.142428    -0.162223   -0.0977836    -0.104976   -0.0428635    -0.102747   -0.0693963    -0.115357    -0.113586    -0.130482   -0.0717696   -0.0992955   -0.0788138    -0.152133    -0.104336    -0.178328    -0.131933    -0.149044    -0.100864    -0.151314    -0.160086    -0.169959   -0.0728347   -0.0675016    -0.190448     -0.14913    -0.178661    -0.103076    -0.152156    -0.156797    -0.077849    -0.058757   -0.0387377    -0.161184    -0.168896    -0.112812    -0.106719   -0.0958883    -0.144699    -0.121985
   -0.126789     -0.06888    -0.134805    -0.135114    -0.120392    -0.123776    -0.179383    -0.101599    -0.146264    -0.135215    -0.171079    -0.146286    -0.134903    -0.169482    -0.157638    -0.125907    -0.121529   -0.0982881     -0.14035    -0.136073    -0.122087   -0.0846211    -0.192957    -0.158609   -0.0792302    -0.102739    -0.151664    -0.133244    -0.168337    -0.148338    -0.130921   -0.0766624    -0.082214    -0.119143   -0.0826841   -0.0945315   -0.0617982   -0.0993932    -0.123537   -0.0812383    -0.112772   -0.0855769
   -0.248827    -0.116282    -0.143656   -0.0504659    -0.105406    -0.100169    -0.132454    -0.171301    -0.227371   -0.0740553   -0.0991737    -0.129039   -0.0261887    -0.256427    -0.128994   -0.0366912    -0.100838   -0.0692759    -0.177877   -0.0652358    -0.199857   -0.0518801    -0.106427     -0.11764   -0.0690318    -0.163541   -0.0373319   0.00792655    -0.201083  -0.00659443    -0.056486    -0.143652   -0.0341133    -0.138028    -0.162393    -0.159996    -0.123733    -0.131774   -0.0452547    -0.101463     -0.16115   -0.0631995
   -0.229178   -0.0375167   -0.0831954    -0.110698    -0.135024    -0.100508    -0.154114     -0.10222    -0.144079    -0.123159    -0.156808   -0.0890797    -0.143013    -0.171036    -0.107978   -0.0820676    -0.103082    -0.140112    -0.178226   -0.0718968    -0.185393    -0.105445        -0.12    -0.154691   -0.0830986     -0.12671    -0.124948   -0.0359916     -0.18551   -0.0735496    -0.134933    -0.144416    -0.124442    -0.130187    -0.061087    -0.175235    -0.115748     -0.07782    -0.127393   -0.0556507    -0.104867   -0.0887385
   -0.153528     -0.11069    -0.157952   -0.0765365   -0.0934451    -0.143421    -0.105532    -0.103323    -0.149516    -0.104307    -0.097331    -0.110182   -0.0728848    -0.136695     -0.19399   -0.0849688    -0.153511     -0.10668    -0.132976    -0.126549    -0.123121    -0.115641    -0.168822    -0.140953    -0.112445    -0.160957   -0.0749238    -0.136896   -0.0988252    -0.105666    -0.130016     -0.18178    -0.155094    -0.170984   -0.0876757   -0.0924263    -0.184658    -0.125833   -0.0875122   -0.0907049   -0.0918324    -0.106734
   -0.118447    -0.142597    -0.167876    -0.052959   -0.0976521    -0.119311    -0.104133   -0.0541454   -0.0598247   -0.0914132   -0.0922382    -0.207309   -0.0564194    -0.151166    -0.127538   -0.0881019     -0.16951    -0.161658    -0.141729   -0.0842975   -0.0565115    -0.072555    -0.106994     -0.13265    -0.221893    -0.132886    -0.120345      -0.0254    -0.121914    -0.127878    -0.060356    -0.114439    -0.166283   -0.0586445    -0.174858    -0.134457    -0.169957   -0.0651745    -0.176283   0.00857353     -0.11705     -0.19439
   -0.182433    -0.119899    -0.194258    -0.124041    -0.145321    -0.182126    -0.113542    -0.054674    -0.159635   -0.0580796    -0.151638     -0.12627    -0.129026    -0.225377    -0.125414    -0.101285    -0.102646    -0.125198    -0.137374   -0.0666984    -0.114834    -0.136639    -0.181129    -0.154829    -0.108894    -0.120186   -0.0833849    -0.069948   -0.0865039   -0.0992573   -0.0559582   -0.0730445    -0.130029    -0.153642   -0.0570504   -0.0833331   -0.0963328    -0.116466    -0.145801    -0.136296   -0.0738071     -0.10801
   -0.140514   -0.0660794   -0.0915521    -0.119335    -0.124317    -0.125092    -0.196171   0.00700084   -0.0320487   -0.0381666    -0.129866    -0.187536    -0.044998    -0.146993   -0.0414383   -0.0909885    -0.135266   -0.0878247   -0.0803727    -0.189725    -0.122537    -0.229596    -0.194326    -0.098606    -0.140979   -0.0452725    -0.229508    -0.104679   -0.0952079   -0.0956956    -0.181998   -0.0370044    -0.155956   -0.0423026   -0.0614136    -0.214151    -0.121529   -0.0383281     -0.18616   -0.0419775   -0.0817625    -0.195554
  -0.0179087    -0.154547   -0.0397721    -0.102478    -0.183902    -0.221831   -0.0176143    -0.103275    -0.085846    -0.268793    -0.116744     -0.09119   -0.0931885   -0.0915779    -0.116066    -0.150489   -0.0283658  -0.00454609    -0.127325   -0.0372866    -0.219796   -0.0819593     0.111537    -0.109835   -0.0600947     -0.17973    -0.178926   -0.0517313    -0.271126    -0.156783  -0.00381561    -0.225058    -0.187441   -0.0500469   0.00304566   -0.0234713   -0.0927534    -0.269196    0.0237878    -0.314007   -0.0403436    0.0706499
   0.0855279   -0.0688632    -0.230764   -0.0880781   -0.0436412    -0.157614    0.0237399    -0.181001   -0.0796272    -0.292837    -0.158324    -0.138024    -0.118617    0.0934823    -0.196573    -0.219232   -0.0285353    -0.113986    -0.048338     -0.10137    0.0179279    -0.025308   -0.0964451   -0.0195984     -0.13444    -0.158569   0.00272508    -0.196545   -0.0787831    -0.249239   -0.0996386    -0.258189     -0.19309    -0.122529  -0.00466059   -0.0802274    0.0329855    -0.160983    -0.053478    -0.231137    0.0285565    -0.183088
  -0.0833918   -0.0371468   -0.0747172    -0.139205   -0.0809777    -0.134903    -0.159554    -0.103633    -0.103157   -0.0301124   -0.0868738    -0.124712     -0.08863    -0.218936    -0.158816     -0.19191    -0.172949    -0.170429  -0.00438063    -0.258051   -0.0766929    -0.202449    -0.183451   -0.0915133   -0.0520746    -0.124089   -0.0768342   -0.0221543    -0.049692   -0.0293152    -0.222471   -0.0850096   -0.0874591  -0.00304967   -0.0371731    -0.133663    -0.178442   -0.0711265    -0.160201    0.0126138    -0.176733    -0.193615
   -0.231709    -0.107809    -0.100667    -0.134396   -0.0375106   -0.0669205    -0.144527    -0.167522    -0.256666     0.100487   -0.0801428   -0.0586231   -0.0841732    -0.298513    -0.235194   0.00675496   -0.0733805    -0.172045   -0.0131625    -0.294925    -0.178706    -0.180106   -0.0170551  -0.00794045     0.077925     -0.12146   -0.0423206   -0.0254194    -0.189189    0.0770183    -0.196103   -0.0844535   -0.0362437    0.0247796    -0.159115    -0.224709    -0.243199   -0.0480498    -0.140118    0.0201944    -0.212705     -0.12518
   -0.028669    -0.153167    -0.153152    -0.174659    -0.018135   -0.0975863   -0.0275341    -0.140436    -0.024458    -0.124935    -0.121008    -0.104752    -0.100925    -0.173749    -0.105527    -0.150951   -0.0741862    -0.112899    -0.075545    -0.160896   -0.0944162    -0.119458   -0.0703558    -0.158013    -0.159506     -0.22673   -0.0806244    -0.122334    -0.111877    -0.103716    -0.227081   -0.0930481   -0.0815686   -0.0668812    -0.180079    -0.126855    -0.111319    -0.145363    -0.186336   0.00467001    -0.154506    -0.116295
  -0.0135077    -0.154533    -0.223418    -0.130994   -0.0522145   -0.0249217   -0.0359194   -0.0714086   -0.0905634   -0.0584698   -0.0712455    -0.156857   -0.0651017    -0.182863    -0.158397    -0.184989    -0.148309    -0.145168   -0.0472487     -0.17971    -0.104629   -0.0541021    -0.141837    -0.122723    -0.135901    -0.162836   -0.0850002   -0.0736612   -0.0606304    -0.109688    -0.189526   -0.0665911   -0.0535685    -0.121724    -0.203413    -0.137197    -0.141044   -0.0892569    -0.218076   0.00865816    -0.157538    -0.179279
   -0.276935   -0.0126368   -0.0815435     -0.06985    -0.119773   -0.0808175    -0.171101   -0.0709254    -0.220191   -0.0668641    -0.162347    -0.105897    -0.123195    -0.200771    -0.130678   -0.0737573   -0.0893841   -0.0951807    -0.206543   -0.0557038     -0.21933    -0.136232    -0.214656    -0.146655   -0.0369579   -0.0630842    -0.118797   -0.0542196    -0.185621   -0.0986095    -0.152222   -0.0871448    -0.089147   -0.0959534    -0.113205    -0.186248   -0.0336792    -0.146337   -0.0858197   -0.0652357   -0.0697311    -0.056905
  -0.0936372    -0.127697    -0.133649   -0.0520093   -0.0429283   -0.0874439    -0.141703      -0.1542    -0.140685    -0.150903    -0.157984    -0.187881    -0.139929    -0.174362   -0.0992005   -0.0280969    -0.164697    -0.121874   -0.0163961    -0.119516    -0.207672   -0.0670933   -0.0874909    -0.151997   -0.0884517    -0.185824    -0.162969   -0.0940215    -0.104079   -0.0272155    -0.170389    -0.102547    -0.123424   -0.0683306    -0.176808   -0.0600588    -0.113175    -0.114983    -0.210484   -0.0104945   -0.0472573    -0.175626
   -0.122852    -0.113381   -0.0420756    -0.130377    -0.179789    -0.099772    -0.109611    -0.167657    -0.182117    -0.138272     -0.14858    -0.114625    -0.094358   -0.0900867    -0.119801   -0.0965461    -0.161113     -0.17801   -0.0748706    -0.102799   -0.0843745   -0.0876098    -0.149584    -0.123344    -0.128427     -0.11615    -0.163254   -0.0708315    -0.138473    -0.117416    -0.134268     -0.12101   -0.0743749    -0.114529    -0.155332   -0.0867296    -0.102435    -0.135426    -0.126023   -0.0874101    -0.113981    -0.150381
   -0.138715   -0.0966361   -0.0790648   -0.0964842    -0.100384   -0.0607707   -0.0572855    -0.141489   -0.0827351    -0.112419    -0.132731    -0.171992    -0.168595    -0.138242    -0.149291   -0.0761556    -0.170231     -0.17959   -0.0359143   -0.0876782    -0.170661    -0.114868    -0.144743    -0.146862     -0.10617    -0.140043    -0.128445    -0.104814    -0.160562   -0.0573976     -0.16173   -0.0810049     -0.10779    -0.131067    -0.134152    -0.118913     -0.11838    -0.180259    -0.172872    -0.123706   -0.0694206     -0.13531
   -0.232689   -0.0998198    -0.113569   -0.0528506    -0.218048    -0.135847    -0.150546   -0.0867494    -0.170408    -0.155917    -0.160667    -0.164836   -0.0487928    -0.110541   -0.0787857   -0.0395917    -0.130498   -0.0321215    -0.185742    -0.102465   -0.0993027   -0.0455055    -0.180883    -0.179447   -0.0883919   -0.0726659   -0.0673366   -0.0723967    -0.161665     -0.14955   -0.0524234   -0.0496689     -0.15137    -0.182846     -0.11031    -0.145989    -0.112027    -0.107075   -0.0974089    -0.162019     -0.05575    -0.121759
   -0.308455  -0.00640879   -0.0979013   -0.0530135   -0.0914417    -0.087357    -0.217785   -0.0542268    -0.145584  -0.00919323    -0.137943   -0.0781475    -0.100147    -0.195751    -0.114886   -0.0707168    -0.119809    -0.116349    -0.226522    -0.162149    -0.165177    -0.261201    -0.191899   -0.0480108   -0.0553423   -0.0357432    -0.201575   -0.0460626    -0.147609    0.0168895    -0.156319   -0.0674226   -0.0682001   -0.0512641   -0.0490098    -0.265622   -0.0713242   -0.0619104   -0.0771824     -0.11319    -0.130663   -0.0629744
   -0.218522   -0.0255376    -0.144949   -0.0701556    -0.127409    -0.149983    -0.160792    -0.124159    -0.141046  -0.00115504    -0.185183    -0.091132   -0.0961168    -0.164739     -0.12261    -0.112423   -0.0604008   -0.0993691    -0.082866    -0.178717    -0.186708    -0.209041    -0.129296   -0.0967417  -0.00983592    -0.094538    -0.173589    -0.123622    -0.153089   0.00143845    -0.149144   -0.0654126    -0.111779   -0.0322779   -0.0860544    -0.231232    -0.102115   -0.0313239   -0.0828517    -0.119021    -0.139849    -0.100402
  -0.0166583    -0.259572     -0.13784    -0.177246   -0.0872493   -0.0620528    -0.209735   -0.0306542   -0.0778044    -0.200534       -0.081   -0.0790837     -0.25313    0.0753499    -0.067978    -0.110736    -0.185813   -0.0243184    0.0436805    -0.117088   -0.0926016    -0.137406     0.081073    -0.179782  -0.00611885   -0.0624464   -0.0242194     -0.23384    0.0209466    -0.184103   -0.0313668   -0.0578494    -0.083138 -0.000326832    -0.303346    -0.141365     -0.25466    -0.179967    -0.037131    -0.192056    -0.121675   -0.0528125
  -0.0593803    -0.163424   -0.0990124    -0.170634   -0.0637389    -0.144217    -0.115789    -0.178291     -0.12927   -0.0696223    -0.133311   -0.0417021   -0.0924596    -0.111749    -0.146324    -0.159635    -0.178994     -0.21388   -0.0549204     -0.11001    -0.048423   -0.0608841    -0.072965    -0.107225   -0.0631611   -0.0880304   -0.0318864    -0.156956    -0.111383    -0.133487     -0.12384   -0.0984117    -0.113288    -0.161672    -0.168286    -0.117099   -0.0848738    -0.104856    -0.166762   -0.0735966     -0.22348    -0.131595
    0.202026     -0.15475     0.165188    -0.245704    0.0623758    0.0537704    0.0720818   -0.0540563    0.0385998    0.0204454   -0.0792615   0.00234686     -0.13185     0.135559   -0.0424237    -0.144691   -0.0864329    -0.129279     0.143874    -0.226769    0.0433086    -0.162602    0.0789603    -0.253152    -0.256511     -0.12103     -0.25332    -0.398897    -0.235965    -0.390012    -0.144544  -0.00921679    -0.106643    0.0203127    -0.179354   -0.0902469     -0.30023     -0.18138    -0.141719   -0.0780654    0.0362727    -0.270042
  -0.0273925    -0.161336   -0.0788231    -0.243163    0.0192503   -0.0737602    -0.274598    -0.070645    -0.079303    -0.230365    -0.128735   -0.0562525     -0.17739    0.0882668   -0.0377797   -0.0725034    -0.147597   -0.0891369   -0.0180638   -0.0832559    -0.176527   -0.0927751   0.00750055    -0.154333   -0.0205315    -0.078431   -0.0365968     -0.22707    0.0103135    -0.103941   -0.0082981    0.0391828    -0.112114   -0.0988337    -0.296739    -0.102801    -0.254817    -0.185153   -0.0728251    -0.196824    -0.234759    -0.011393
  -0.0807265    -0.146877    -0.178126    -0.120633    -0.198522    -0.174564      -0.0621    -0.142894   -0.0937084    -0.141144    -0.144765      -0.1431    -0.136262   -0.0817649    -0.133701    -0.161558    -0.164301   -0.0838347   -0.0700591    -0.108105    -0.039318   -0.0925319    -0.022992   -0.0689772   -0.0466896    -0.122328   -0.0863778   -0.0667638   -0.0829425    -0.144919   -0.0532752    -0.182744    -0.199457   -0.0603354   -0.0933875    -0.101843    -0.145897    -0.121514   -0.0948703     -0.19859    -0.128183     -0.14739
