no weights
    1.35259   -0.281199   -0.767177   -0.139819    0.678308    0.167861    0.123081   -0.132169   -0.697287  -0.0294363     0.47385   -0.460971    0.255607   -0.579553   -0.415942   -0.593169 -0.00877638     1.05252     1.21469   -0.760866    0.503687    0.958432   -0.555557    0.383001    0.682986    0.661883    0.903122   -0.441335   -0.507292   0.0715072   -0.581115   -0.480615    0.580406    0.401711   -0.242957   -0.231847   -0.227012    0.750211    0.264477 -0.00887046   -0.421658     1.24187     1.05862   -0.455061    -0.94044   -0.275433  -0.0967615     1.02292
  -0.384353     1.07987   -0.791879    0.231881  -0.0275947     1.42712   0.0278907   -0.818688    0.124938    0.107268    0.908367   -0.226606   -0.539628    0.176227   -0.879925   -0.805902   -0.173738     1.08398   -0.837909   -0.032002    0.199257   -0.786374     1.10016    0.182035    0.586567    0.536776   -0.152495   -0.797532    0.841635    0.637278   -0.603566    0.435481    0.310014   -0.511226    0.411289   -0.542398   -0.388336    0.551851   -0.721155     0.89032    0.457717    0.163097   -0.656685    0.750586   -0.529171    0.214672  -0.0404564     1.11004
   0.976165    0.737297    -0.36801  -0.0603915   -0.290127    0.346443    0.689055    0.576871    0.353275   0.0274773   -0.313574     1.17879   0.0535613     0.93236   -0.239891    0.834804   -0.639852    0.240257    0.313547    0.958627    0.983879    0.643923   -0.264278     1.08486    0.227716   -0.112064   -0.649035   -0.796009     0.92067    0.480439    0.168724    0.233484    0.894737    -0.92292    0.552115   -0.420018    0.325943    0.735722    0.938278   -0.639978    -0.30135   -0.913068     1.56245    -1.02811    -1.48188    -1.09623    -1.44079   -0.146392
    1.22261    0.411592    0.273367   -0.352421   -0.771028     1.39129   -0.275957   -0.406413    0.154744   -0.603425   -0.249481    -0.79012  -0.0499962     -0.8095   -0.544712   -0.586023   -0.786518   -0.475745    0.673809     0.65088    0.614956   0.0999138     0.41964  -0.0852479   -0.321083   -0.719312   -0.918006   -0.746565   -0.749266    0.631525    0.433774      1.1877  -0.0296188    0.935131    0.101118   -0.117962   -0.959041    -0.57982    0.502196 -0.00151494   -0.425429   -0.776599   -0.997168     1.26815  0.00421285   -0.794277  -0.0330368    -1.27853
   0.595342   -0.678831     1.02133    0.241806    0.113498   -0.437376    -0.25879   -0.284055   -0.746627  0.00657561  -0.0558728   -0.822719    0.836216   -0.622591    -0.38356  -0.0783605    0.355407   -0.548944     0.16786   -0.158423     0.37564    0.875121    -1.20312   -0.132494    0.269553    0.981914    0.481369     1.14411    0.127056   -0.983875   -0.819882    0.415765     0.50037   -0.568292   -0.101464   -0.138438   -0.483126    0.398332     1.03868   -0.548566   0.0686372  -0.0701818    0.846886     -1.1639   -0.452081   -0.565732    0.208785    -1.03737
   -1.20579    0.233861     1.05466   -0.615922   -0.473487   -0.422767   -0.568605    0.498422   -0.983452    -1.08444   -0.118508   -0.766148    0.646091   -0.470543   -0.463996   -0.628836    0.313111   -0.555367    -1.14396   0.0601832    0.823926     1.20078    0.665419     0.12207    0.587011   -0.735577     1.00489   -0.705863   -0.755998   -0.906872    0.598281     1.57063    0.107611    0.268904   0.0384962    0.307166   -0.567477    0.856588     1.03205   -0.745077    0.774823    0.360242    0.752246   -0.617505     -0.8702    0.873111    0.856628    0.267404
  -0.350757   -0.445722    0.191113    0.020801    0.447251   -0.770426    0.571536   -0.301864   -0.486918     0.61577    0.373492    0.369485    0.244886    0.426897   -0.988905   -0.529358    0.233756    0.225371   -0.492582   -0.230776    0.191242  -0.0568441    -0.11937    0.460554    0.125079    -0.39451   -0.563783     0.49298      1.1023    0.389043  -0.0612069   -0.872795    0.760045    0.513772     0.77777      1.0876    0.232198    0.191567    0.584621   -0.563153   -0.321361    0.919392    -1.13029    0.470042     1.04844   -0.371931     0.56326    -1.41619
   0.285565     0.30354    -0.41085    0.274894    -1.08101   -0.791725    0.322209    0.681709   -0.410764  0.00639702   -0.456552 -0.00126498   0.0984479    0.263578    0.367254   -0.515252   -0.479295    0.513617   -0.602079   -0.303593   -0.354539    0.355656    -1.06826   -0.523011    0.963807    0.572127    0.626941    0.401834   -0.143777     0.21954   -0.558069   -0.983327   0.0364946    0.963691    0.202001  0.00673823   -0.807441    0.826472    0.625519    0.170344     1.32453   -0.611311    -0.48199    -1.25423    0.189861   -0.919672    -1.01567    0.269161
  -0.286189   -0.355954     0.30737   -0.597862   -0.186025     1.55648      0.8511    0.733526    0.366672     1.06483  -0.0627518    0.575507    0.611867    -1.16226   -0.456212     0.14376    0.906347  -0.0235189     0.20585   0.0714274    0.187327     0.70177   -0.599471   -0.863538     -1.1466   0.0071251    0.584288   -0.359835    -0.82388    0.478217    -1.04565   -0.114102  -0.0159889     0.15965   -0.299163    -1.18895    0.115781    0.140988   -0.122101    -1.03207  -0.0751863   -0.790109    0.581617   -0.276394    0.711536   -0.138185    0.983302    0.331049
   0.391456    0.494201   -0.306413    0.877028    0.475705   -0.303662    0.227628    -1.02272    0.717349   -0.352066    0.099561    -1.18622  0.00793134     1.32326   0.0669303    0.871518   -0.740058    0.255337     0.23986    0.530084   -0.320634       -1.11   -0.126305   0.0707793   -0.545664   -0.194069   -0.787352     1.07472  -0.0221514     0.58351     1.08818   -0.637999   0.0949257    -1.41109    -1.03481   -0.612135    0.742548     -1.0893     0.15777   -0.656202   -0.980971    0.302211   -0.571802    0.366884   -0.441467    -1.23856    0.638038    -1.68783
  -0.142606   -0.120699   -0.237419    0.405095    0.612572  -0.0955215    0.748318   -0.610935   -0.659041   -0.698193    0.769829    0.416862   -0.287179     1.12295   -0.762264    0.156444   -0.116537   -0.225612    0.488788    -1.32358   -0.443986      -1.235   -0.758771   -0.117115   -0.099353    0.201116    0.659956  -0.0881328    0.678749   -0.321326   0.0406292    0.230482    0.526243     1.10445    0.303392    0.269847   -0.495948    0.447152    0.386947    0.193267   -0.199295     0.13313   -0.397908    0.406637   -0.625773    0.124244    0.117779     1.41903
   0.383481   -0.550452  -0.0897282     1.23906    0.874674    0.930818   -0.427715    0.640603   -0.292933    0.156916    0.925473   -0.971977    0.346601   -0.830384     0.45394  -0.0933934   -0.187851    -1.19314    -1.09522    0.263512    0.933352    -0.01585  -0.0724171  -0.0241695   -0.356501    0.874324   -0.629853    0.658919    0.937979    0.963108   0.0611432     1.09873   0.0316728   -0.511971    0.870914    0.136666   -0.726823     0.55938    -0.50549 -0.00171976    0.874807    0.871797    -1.01739    0.305887   -0.894984    -0.16078   -0.809063   -0.650569
   0.538881   -0.290154   -0.113143    0.229877   -0.123683    0.268887  -0.0942651    0.327316    0.325098     0.11033   -0.222532   -0.490573    0.200291    0.025788    0.644547    0.703171    -0.96341   -0.416467    0.715455   0.0968225    0.747774   -0.726683   -0.553746    -1.20791     1.21686    0.684952    0.278217     1.04956   -0.495608    0.599602    0.618181   -0.998741    0.105641   -0.576972   -0.473356     -0.7929   -0.309564    0.248782    0.997803    -0.40469   0.0100317   0.0398805     1.28433   -0.821142    0.466545    0.929085    0.710615     0.22578
 -0.0760024     1.03114   -0.165255    0.587217   -0.526368   -0.190043   -0.789725    0.711337     0.77943   -0.795268    0.256273    -0.32017    -0.79464    0.565491    0.439775    0.942712     0.73137     -1.0208    -0.17801    0.410645    0.235671   -0.837936   -0.309867    0.389566    0.382053    0.457116  -0.0973585    0.770351    0.931965   0.0638101    0.262935    0.190498   -0.896186   -0.129635     0.64731   -0.413962    0.794754   -0.210852   -0.276082  -0.0444247    0.925937   -0.081203    0.746106    -1.13358   -0.799438    0.839033   -0.211564   -0.911459
    1.53802    0.643776   -0.995467     -1.0301  -0.0161099   -0.299401    0.791081   -0.480066    0.313515     0.63873    0.891795   -0.499946     1.00002    0.655765    0.762976    -0.80456   -0.233364    0.148096    0.882727    0.114558  -0.0580156    -0.52206    0.739148  -0.0301886    0.333062   -0.408379   -0.651123    0.982955    0.403674    -1.08815    0.688428     1.00592    0.267853   -0.401546    0.548653    -1.26746    0.806217   -0.560957   0.0968254    0.890097   -0.308699    0.259226    0.318441    0.351048   0.0637571   -0.896101   -0.924919   -0.175296
   0.910588     0.73871    0.693616     0.80471    0.602159    0.605547    0.438345   -0.127666   -0.266241   0.0947303   -0.542453   -0.635811   -0.484035    -1.26627      1.3075   -0.358318    0.682947     0.65419     -0.5983     1.06802   -0.848005   -0.820266    0.851475   -0.235975    0.257888    0.849651    0.713512    -0.72332   0.0106751    0.451094   -0.924753   -0.268269    0.920449   -0.624926    0.223808    0.563262   -0.522745     -0.7014    0.478317    0.297454    0.595206  -0.0258595   -0.220438   -0.686571    -0.23727    0.675596   -0.215453   -0.511933
   0.273181    -0.50733   -0.987463    0.423997    0.148274    0.567532   -0.512839   -0.637938    0.767499    0.285546   -0.498171   -0.476519   -0.651119    0.207278   -0.760157   0.0377759    0.148588   -0.179078    0.396896   -0.800096    0.652841  -0.0796904   0.0409145   -0.408561     1.56831   -0.196738 -0.00390026   -0.249571    0.979175      1.1068    0.804164   -0.182868    -0.52545   -0.525311    -1.02999   -0.105653   -0.652015   -0.645153   -0.541003    0.613278   -0.492942     1.22162   -0.658798     1.07724    0.606183   -0.717255    0.249913  -0.0970558
  -0.164976    0.392228    0.612284    0.918412   -0.104097    -1.01265   -0.878591    0.217835   -0.576107   0.0841708   -0.565448     0.46189  -0.0108109     0.45077   -0.929126    0.436359    0.717928    0.783298     0.36312    0.635498   -0.165967    0.669469    0.234593    -1.43316    0.217636   -0.193893     1.39402     1.07977    0.620889   0.0539285     1.12073   -0.688312   -0.531403   -0.546461    0.590442     -1.0537   -0.429722     0.31663   -0.767723     0.76062  -0.0637585   0.0676444   -0.875122   -0.355671   -0.327346   -0.144105   -0.831801   -0.210747
   -1.33152    0.294589   -0.570994    0.718031    0.186297    0.261912   0.0856603   -0.767123   -0.566143     -0.6503  -0.0310574   -0.052051   -0.730063    0.371234    0.277056    0.801878   -0.766964   -0.790661    0.760857    0.436487    0.125614    0.341928  -0.0381364    0.417891  -0.0403559    0.206373    0.432464     -1.1002   -0.245179    0.346719   0.0572444   -0.551749     1.17694    0.337871    0.545815    0.141063  -0.0717159    0.827507  0.00218954   -0.236024    0.179513    0.339109    0.235609    0.306358    0.413844    0.535458   -0.585415     1.34325
 -0.0713424   -0.263568    0.526014    0.631701   -0.486399   -0.153748       0.203    0.185797   0.0584147   -0.282291    0.136696     -1.1166   -0.495089    0.856877   -0.688281   -0.592979    -1.30773    0.648498    0.296276  -0.0809156   -0.996543   -0.315557    0.194668     0.56786    0.420178    0.410574    0.370606   -0.780901     1.04944    0.113642    0.576942   -0.656877 -0.00815216     0.83263    0.573572   -0.417587    -1.48747   -0.568113    0.582882   -0.279628     0.28951   -0.331531    0.113593     1.05899     1.30005   0.0950326     0.86137   -0.763996
   -1.33526    0.463417    -0.74195     1.04176    0.849529    0.683021   -0.595571    0.635168    0.645039     -0.5458    0.105266   -0.574794    0.792831    -1.15413     0.77218    0.177285    0.971145  -0.0396959    0.664918     0.65348    0.614074   -0.199997    0.656756   -0.626898   -0.411283     1.12847    0.692426   -0.364468   -0.687751    0.278329    0.887651    0.643589    0.317141   -0.555638   -0.284407    -1.20571    0.417254     1.03806    0.197639   -0.098985   -0.774198    -1.22801   -0.132546   0.0490685  -0.0103167   -0.256058   0.0442634     1.55684
  -0.573373   -0.405764     1.00048    0.749824    0.763365    0.136528    0.184315    0.142359     0.18808   -0.291817    0.243679    -0.38194    0.518371    0.612876    -1.19279    0.169811    0.515529  -0.0399611   -0.027946    -1.01718   -0.258623   -0.215395   -0.595772    0.610463   -0.419278   -0.313971 -0.00735667     1.00481   -0.640504    0.509495    0.719555    0.109634     -1.2102    -0.67768   -0.135582   -0.820792   -0.725462    0.581599    0.982109     1.15781   -0.665206    0.282581   -0.326935   -0.268064   -0.331634  -0.0800413    0.190867    -1.40302
  -0.894212    0.106921    -0.61244     1.11656    0.633555   -0.987801     1.35527   -0.652476     0.79824    -1.01132   -0.803243    0.616405    0.168739    0.925782    -0.30534    0.545216   -0.744729    -0.11414   -0.861023    0.322808     1.06224   -0.255337    0.586628   -0.622525   -0.877038    -0.94226   -0.965872   -0.481582   -0.431364  0.00625319   -0.665961    0.277348  -0.0842248   -0.400134    -0.26599   -0.981691     0.74256    0.815826   -0.296684   -0.142868    -0.43613    -0.53832    0.553799    -1.07915   0.0401833   -0.555023   0.0730322      -1.506
   0.707675    0.801919    0.183817     1.21825  -0.0549942   -0.347143     0.45502   -0.152706   -0.460638     0.60477    0.346021    0.631791    -0.39462   -0.636666    0.355341    0.638963    0.993664     0.12662     1.16184   -0.161865  -0.0405925    0.215176    0.383861   -0.104302   -0.140356    0.360946    0.216804   0.0608632   -0.190958    0.982134   -0.190076    -0.54032    0.502845   -0.765838   -0.496783   0.0154712    0.478385   0.0921206    0.558023    0.993926     0.57343    0.520256   -0.127054    -0.28629    -0.50319    0.539253     1.15063    0.848493
  -0.907176     1.39539   0.0997979     1.08777    0.925055  -0.0939902   -0.494797   -0.557836   -0.322577    0.122153   0.0973106   -0.219127    0.467491   -0.704587     0.02084    0.345269   -0.613711    0.386862   -0.238653    0.394931    0.437969    -0.84536    0.368524   -0.931822   -0.902029    0.604479    -1.32551    0.233625   -0.274149    0.739174   -0.105748    -1.07901     1.05828   -0.430913    0.126489    0.830601   -0.800336   -0.299349   -0.595482    0.591146    0.471909    0.903141   0.0782747   -0.657154     0.90498   -0.714006   -0.504092    -1.34999
  -0.286553    -0.34418  -0.0477769    0.293238   -0.746518   -0.914314   -0.175007    0.241997    0.667196     1.00792   -0.850624     1.57157   -0.296154   -0.487884    0.817778   -0.674014    0.711977    0.851805    0.666014   -0.766509   -0.483891  -0.0847405   -0.167748   -0.142442    -1.08532    0.209139   -0.770278     1.04837    0.833098    0.508453    0.484903   -0.268441    0.290983    0.837593    0.807608    0.940665    -1.01126   -0.023402   -0.528224   -0.332717    0.677481    0.597302    0.866403      1.1167    0.337451    0.049407   -0.325142   -0.265488
  -0.800233   -0.388824    0.768476    -0.51623   -0.279841    -0.61951     1.06663   -0.511818    0.766328    0.270957   -0.455761    -1.18996   -0.483552    0.618146    0.197336    0.189964    0.230287    0.736155   -0.865982   -0.122424    0.461769    0.443895   -0.148232   0.0219726   -0.130391   -0.069591   -0.650511     0.49429   -0.838302    0.130216   0.0120438     1.07267    0.891872    0.968164   -0.441667   -0.562483    0.308461   -0.755487   -0.142238    0.523697   -0.722445     -1.0635   -0.823604    0.291622     1.13501    0.600176   -0.479226   -0.935341
  -0.937325    0.729943    0.500655    0.737041    0.971175    -0.13589   -0.831184   -0.559796   0.0761574   -0.320528   -0.198087   -0.169488    0.516575   -0.637479   -0.547074    0.255254    0.337088   -0.825664    -0.33963   -0.897555   -0.435948      0.9156    0.421945    0.684365    0.206942  -0.0951108   -0.866484     0.41045    0.269857    0.236131      1.2305   -0.283425   -0.371218   -0.957533    0.348242   -0.526031      0.4749     0.62153    0.541923    -0.62872  -0.0355081    -1.31825 -0.00592008    0.292755   -0.442352   -0.754125   -0.844799   -0.720073
    1.87515   0.0487934    0.612867     1.06714    0.587717   -0.669449    -0.96791   0.0900477    0.509639   0.0804033    -1.03259   -0.934076   -0.604478    0.510916     1.05155    0.651109   -0.268239    -1.25998    0.728183   -0.133121   -0.253997   -0.663089    0.333513    0.273124  -0.0487691    0.490035   -0.774521    0.384002   -0.832638    0.248122    -0.93924     1.01568    0.388553   -0.780647   -0.129878    0.545604   -0.115209   -0.608857       -0.09   -0.318966    -1.13139    -1.18768     1.36518    0.786536   -0.497013   -0.197003    0.168141   0.0774208
   -0.49077    0.664975     1.06022   -0.609265   -0.561939     1.08623    -0.13433   -0.865341    0.922887    0.920762    0.629104    0.433625    0.510801   -0.142875  -0.0245315    0.574324    0.588441    -1.15398   -0.860631  -0.0809061     -0.7718     1.25214   -0.892205   -0.406923    0.524837    0.051057   -0.301556     1.20613   -0.419743    0.600532    0.670006    0.644373  -0.0948192     0.90645   -0.524674    0.563669     1.05078    0.165084    0.235241   -0.597109    0.263205    0.377865    -1.10267   -0.452979   -0.674412    -1.17026    0.149978   -0.281003
    1.12207    0.913135    0.337229     0.33398   -0.899826    0.707252   -0.214778    0.153152   -0.413718    -1.00347  -0.0316653     1.03771   -0.945294   -0.652937    0.720052    -0.61756    0.861278    0.914902   -0.857369   -0.323253    0.576368   -0.493394  -0.0904612     1.09072   -0.546151 -0.00726227    0.665161   0.0757329   -0.131592    -0.49475    -1.46277   -0.886016   -0.692063  -0.0730832    0.180909    0.738403   -0.118432    0.595171  -0.0500801   -0.970935    0.170398    0.386166   -0.637443     1.18733    0.041439    -0.47734  -0.0186994  -0.0198478
    1.28083   0.0628911    0.468924   -0.582121   -0.452292    0.270998    0.352631    -1.22857    0.887241    -1.13688    0.855056   -0.527726    0.581034     1.19237   -0.672835   -0.661474    0.566068    0.489554    0.138076   -0.499138   -0.685784   -0.776485    -1.15685   -0.360463   -0.548865    0.328896   -0.738931   -0.373019    -0.12745   -0.826805   -0.601745    0.953846    0.380231    0.761017     -1.1289    -1.13272    0.441551   -0.864255   -0.427237   -0.788365   0.0630969    -1.19836     1.23906     1.11509   -0.332387    0.550558    0.782046    0.737544
 -0.0852829    0.445627   -0.377024    0.665945   0.0509425    0.956311    0.606993  -0.0475015    0.156459    0.308286    0.583507    0.954697    0.918451    0.263997    0.629736    0.779927   -0.432968   -0.562455   -0.242811    0.829449   0.0916517   -0.647018   -0.788593    0.398865   -0.274834   -0.593053    0.924921    0.751969   -0.764667     0.27631    0.636454    0.183327   -0.521743   -0.750333   -0.992599    0.735315   -0.711913   -0.042773    0.461815     1.06523   -0.718749   -0.285856    0.627074   -0.205754    0.867227     1.04315     -1.0038  -0.0451291
  -0.283338      1.0239   -0.592447   -0.385169    0.239495    0.508906   -0.717006  -0.0555355    0.926541    0.384742    0.975366    0.248809    0.189229   -0.850855    0.122882   -0.403303   -0.684184  -0.0787616    -1.16787   -0.477824    0.683314   -0.613307   -0.690478    0.354979   -0.528116     1.06613     1.01327    0.267873   -0.165269    0.929887    0.774658     1.09725   -0.988032    0.594444   -0.276823   -0.548734    0.823871    0.594525   -0.163921   -0.509857     1.03692   0.0373653    -0.99034    -1.00119  -0.0585538   -0.622231   -0.124441    0.783612
 -0.0172486  -0.0519836    0.204157    0.485646     0.74581   -0.329435    -1.08484   -0.514663    0.030137   -0.593855    -0.56242   -0.213979   -0.434911     1.09831   -0.242983   -0.507512    0.449445   -0.731193    0.370892   -0.888359   -0.918228   -0.419355    0.527369    0.867835    0.668955    0.213438    -1.21934   -0.631363    0.351805    -1.06387   -0.652243    0.151388   -0.289102     1.29519    0.161759   0.0572843     1.01856   -0.747493   -0.572658    0.202051        1.66    -1.12745     -1.1801    0.896162   0.0688505    0.791299   -0.445851     1.06002
   0.336006    0.806931   -0.948367   -0.493111   -0.494886   -0.388678   -0.395461    0.373461  -0.0379278   -0.632404     0.14893   -0.905413    0.770122    0.692223   -0.834932   -0.267291   -0.461147   -0.600043    0.995265   -0.680247   -0.828775   -0.753699   -0.893245    -0.87829   -0.631902   -0.506342   0.0837756    0.706011    0.655808    0.290819   -0.709547    -0.17279    0.838243     -0.4784    0.138515   -0.319148    0.182595    0.888132    0.585525   -0.657979    0.558875     0.51453    0.650044   0.0984605   -0.497531   -0.304166    0.995978    0.635302
   0.181941   -0.577876    -1.29029   -0.525316   0.0422844   -0.081693   0.0868798   -0.594474    0.879921    0.271619   -0.389412    0.986537    0.225644    -0.12628     0.57026   -0.207242    0.389966    0.920076   -0.800758    0.820437    0.717987   -0.367315    0.984875    -0.21034    0.857088   -0.502274    0.614676    0.743196     0.21977   -0.537423   -0.129076    0.955554  -0.0929617   -0.557323    0.929963    0.909017   -0.765883    0.248507    -1.09595   -0.649933    0.504514    0.303785     1.55595   -0.587293    0.295167   -0.934129   -0.366035     0.28257
   0.944254    0.810444   -0.398293   -0.471486   -0.354097    0.301504    0.770817     0.43102    0.738459     0.82193    0.775218    0.577955    0.657586    0.393257  0.00244931   -0.342849   -0.212112    0.142512    0.885698   0.0520438     1.04912   -0.712772   -0.391408   0.0614228   -0.119514    0.870377   -0.432868    0.398582    0.258265     0.15401     0.34552    0.682471   -0.546522  -0.0275089   -0.178221   -0.106583    0.195077    0.263221    0.938548    0.410115   -0.189833     0.89741    -1.08812    0.401726  -0.0188264   -0.964676     0.69712   -0.231055
 -0.0253396   0.0661818   -0.530116    -1.29253   -0.557399   0.0663856     0.52327   0.0935275    0.622712    0.321002    0.110673    0.770773   -0.175446  -0.0694839    0.434894    0.240928   -0.641821   -0.696434    -0.75747    0.423377    0.258537    0.347604   -0.574665    0.207883    -1.08893     0.96615    -0.68063   -0.074729   -0.498533    0.091303   -0.487169   -0.740569   -0.144414    -1.01944    -0.40227     1.02844    0.210954    0.162129   -0.566756    0.255003    0.149974   -0.612426    -1.10812    0.122129     0.77007    -0.32466     1.03522   -0.965405
   0.246048    0.749969    0.624119    0.338851   -0.876423     -0.2565  -0.0788563    0.778228    0.148866 -0.00851376    0.682216    0.368827   -0.509721   -0.228466    0.722364   -0.726133   -0.483437   -0.371541   0.0529687    -0.48761  -0.0590695     1.30395   -0.679279   -0.365839    0.474967    0.645986   -0.305177   -0.393916   0.0332089   -0.561922   -0.230721   -0.454164    -1.33404     1.01217    -0.98722   -0.727525    0.626327    -1.02559    0.411263   -0.500112   -0.595444    0.981961     1.63552  -0.0995304  -0.0123244    0.191756   -0.408551     0.20342
   0.203623  -0.0796917    0.289377   -0.402399     1.18771    -0.80411   -0.842807    0.368953    0.360116    0.248438   -0.559896    0.595525   -0.846004    0.297889    0.823309  0.00935932   -0.260774   0.0524844   -0.616243   -0.432106   -0.662763   -0.582427    0.356161   -0.267362   -0.118172   -0.308199  -0.0290526     1.16577    -0.72199   -0.206891     0.14614   -0.797853     0.43935     1.05391   -0.224454    0.362315   -0.658264   0.0732888   -0.211763   -0.530256     0.56647     0.12626   -0.196942   -0.397598   -0.888062   -0.627108     1.16102    0.356867
 -0.0390668   -0.772376     0.26773    0.057824    -1.24369    -1.57878   0.0241532    0.579578     1.00588    0.762941   -0.883734   0.0213928   0.0839088   -0.548621    0.426721    0.478662    0.106835    0.678373      0.6226    0.304807   -0.604806    0.522144   -0.660162     1.17944   0.0469925 -0.00475696     1.09972    0.611227   -0.970219    0.465731    0.477391    0.985027   -0.685619   -0.360809    0.819722    0.140752    0.224964   -0.199752    0.904878    -0.45926     1.16923    0.300662   -0.249337   -0.264265    0.750252    0.476941    0.192724   -0.438824
  -0.248704    0.642322     -1.0112   -0.059184    0.841092    -1.10952   -0.145959    0.353592    0.863755     1.02268     1.10717    0.581619    0.476155    0.492064    0.425435    0.529762    0.780139   0.0662536    0.216788    0.769533     -1.2306   -0.906692   -0.445598     -1.1587   -0.775587    0.399952  0.00652378   -0.524236  -0.0442677    -1.04199   -0.900991   -0.316433  -0.0614357   -0.919803    0.880634    0.141096    0.767656    0.193997    0.743367   0.0738688    -1.08924     0.50866    0.478106   -0.495149    0.797869     1.68798    0.750032     1.26582
   0.403513    0.813737   -0.699502     0.95486   -0.255569    0.739466    0.239844   -0.537012   -0.382386    0.635339    0.118036   -0.447396    0.460893   -0.692245    0.121356   -0.836239   0.0184365    0.663004    0.846637    0.421646    -1.14853   -0.279326    0.558739   -0.259234   -0.271772   -0.880389   -0.932608    0.589022   -0.698712   -0.221131    -0.84124   -0.603036     1.25432    0.785619    0.309766    0.605546    -0.38657   0.0631984   -0.202163   -0.139081     1.13187   -0.541675    -2.18479    0.242633    0.813717   -0.787594    0.147946    -1.40584
   -1.00965   -0.654402    0.984977   -0.387568    -0.51823   -0.293974    0.324146    0.184726      0.6846    0.760042    0.797112    0.885651    0.124918   -0.646413  -0.0661928    0.578278    0.142167   -0.137941   -0.937473    -1.20166    0.335103    0.595098   -0.371973    0.759034       1.109   -0.315574   -0.505664    0.246409    0.877001   0.0715102   -0.515683    0.565409    -1.42828    0.918759    0.325714   -0.772891  -0.0467385    0.258338   -0.530842    0.118721     1.12343  -0.0963795    -1.40746   -0.252155     1.16757    0.168947     1.06345   -0.268034
  -0.378981      1.0864   -0.309268    0.406871  -0.0118742    -1.26224    0.126442   -0.937623    0.121548    0.564605    0.434104   -0.166103    0.781207   -0.404944   0.0476222    0.308163    -1.36056  -0.0621297    0.143659   0.0672669     0.51772   -0.293008   -0.620458    0.258378    0.705176   -0.772973   -0.060718   -0.711934   -0.723764   -0.711773    0.840234    -1.09109    -1.11978   -0.197782    0.161489   -0.114908    0.670006    0.733012   0.0992885    0.272148   -0.210525   -0.275381     1.55302    0.304663   -0.847441     -1.1321   -0.246119   -0.426854
    1.00715    0.165973    0.715419    0.325277    0.614776   -0.026515   -0.411947    0.555197    0.375709   0.0516685    0.290414   0.0896121     0.74105   -0.923514    0.549022   -0.111256    -0.73238    0.674178   -0.394481  -0.0976788   -0.950503    -1.00912   0.0939224     1.21485    -1.01652    0.468392    0.673222    -1.28437    0.550226   -0.753436   -0.691557   -0.542464    0.965616   -0.816133   -0.229956  -0.0143123    0.670624    0.397128   -0.822679  -0.0955555     1.31875   -0.109384   -0.116744    0.381017   -0.822197    0.766523   -0.654464    0.234187
   0.303604   -0.251353   -0.692251   -0.733539    0.792156   -0.813357    0.467345    0.712591    0.536075   0.0146134   -0.698556   -0.813128    0.224637   0.0518327   -0.131913   -0.649219   -0.399309    0.594026    0.573551   -0.206483    0.442042   0.0348638   -0.683998    0.548915    0.981587    0.223731    0.892837    0.726745    0.976796   -0.504222     0.59548    0.987374   -0.444758   -0.920111    0.723877   -0.879041    0.196921     1.05791    0.279587  -0.0527723   -0.223563   -0.672995   -0.253985   0.0805944    0.948861    0.851016   -0.238881    0.563812
   -1.25012  -0.0856396    0.798071   -0.206337    0.304767    0.202604  -0.0398994    0.114229    0.694551    -0.80305    0.944379   -0.979759   -0.166352   -0.576725    0.104461   -0.222991 -0.00860876   -0.746058   -0.567788   -0.023921     1.40138     1.11468     0.94071   -0.215703   -0.760706    -0.23992   -0.332554     1.30151    0.249393     1.20458    0.300688   -0.778853   -0.660729    0.578622    -0.69871     1.02289   -0.655988    0.542013     0.51484   -0.324258    0.384617   -0.208004    0.788112    -1.09627    0.121564  -0.0559662  -0.0396617    0.515872
    1.00422  -0.0974167   -0.629882    0.427509    0.740037     0.88011   -0.693016    0.528441    0.620103    0.173409   -0.582772   -0.672684   -0.350316    0.659433   -0.602865   -0.481487    0.123822    0.821392   -0.795473   -0.102501    0.788555   -0.360866   -0.645974   0.0312841    0.418956    0.222724   0.0662663    -0.66771     1.30529    0.608095    0.695394    0.309256    0.732533   -0.414302    0.880587   -0.695941    -0.57623     0.32791    0.443754    0.347525   -0.504191    -0.54025   -0.328486     -0.6124    -1.45242   0.0486367   -0.205558   -0.887574
   0.791679    0.382598    0.627921    0.742389   -0.943307    0.617702    0.097902    0.100081   -0.394356    0.907468    0.732219    -1.17933    -1.04753    0.204975    0.566448    0.218931    -0.44487   -0.502383     -0.1428    0.811201    0.808994   -0.474258    0.750157   0.0693145  -0.0325776   -0.382038    0.388838    0.853965    0.704992   -0.963136     -0.2104   -0.832207     0.79988   0.0895166   0.0601297   0.0680224    0.268284   -0.634731   -0.109367    0.792703    0.676052    0.512153     1.25709   -0.420319    0.686725   -0.737065   -0.740276    0.812525
  -0.235977   -0.377001   -0.632397  -0.0162439    0.132052   -0.412104    0.278703   -0.357352    0.307866   -0.274478   0.0998092   -0.969625   -0.949557   -0.301581   0.0884716   -0.860645     0.36003   -0.537942     1.02351    0.793839    0.889391   -0.215678    0.258623   -0.272307  -0.0323465   -0.678207   -0.348954   -0.524244    0.747086    0.108698    0.195003   -0.843996    0.490452  0.00816784    0.248351     0.49996     0.70021  -0.0219565   -0.903013    0.300869    0.349262   -0.367915   -0.727206    0.502246    0.831115     1.03034   -0.452532     -1.2712
  -0.653409   0.0578999   -0.575197   0.0329972   0.0144332    0.131147    0.277583   -0.315527  -0.0639075     1.11153    0.895947    0.359475    -1.33536    0.416419   -0.465304     1.26673   -0.143387   -0.250828    0.176546   -0.109243   -0.753905    0.712851   -0.256321   -0.422729    0.490695    0.791351  -0.0995064   -0.654619   -0.146914   0.0790987   -0.127737   -0.655693     1.35524    0.594657  -0.0466275   -0.593538    0.302462   -0.793655    0.134975    0.402457    0.489272     1.28201    0.244614    0.578018   -0.418003    -0.19438   -0.809704   -0.147469
   0.353199   -0.500604    0.953761    0.819831    0.613751    0.583405    0.265184    0.446382   -0.590672    0.895556    0.875387   -0.884101    0.209486    0.166412   -0.739418   -0.100505   -0.282551     1.02931   0.0401637   -0.345993    0.356519   -0.275096    0.188454    0.840854    0.137103   -0.367109    0.928691   -0.397192   -0.659395    0.528624    0.240567    0.380615   -0.342789   -0.765224    0.506109    0.647922    0.299292   -0.255654    0.846324   -0.149924    -0.32738   -0.714656    0.612606    0.260678   0.0548597    0.379275    0.941939     1.08216
   0.315686   -0.387247     0.65878    0.233362     1.25266    0.542911   -0.658837    0.525031    0.666004   -0.915218   -0.635224    0.992859   -0.296711   -0.216248   -0.581567    0.710383    0.107126    0.990029    0.738353   -0.820691    -0.68606    0.368715   -0.527545    0.958388    0.509307    0.746083    0.563148    0.364468   -0.713959    0.400318    0.723554   -0.763913   0.0569601    0.274209    0.679184   -0.538692   -0.550632   -0.638079    0.743919    0.156901  -0.0736142     1.02906  -0.0779487    0.750095   -0.945966  0.00140244    -1.25727   -0.792593
  -0.110895 -0.00782139    -0.50145   -0.699994     1.06408   -0.684648    0.906392    0.209599    0.575459   0.0197265   -0.544165     1.17005    0.815992    0.886852    0.476021    0.341296   0.0371908   -0.403382    0.836757  -0.0419425   -0.824101      1.1229   -0.497766   -0.450337    0.509727    0.407024   -0.123653     0.86761     0.26248   -0.169531    0.628215   -0.305597    0.829455   -0.531408    0.873074    0.989454    0.585363    0.120313    0.218702   -0.019116   -0.103442    0.941829    0.132104    0.922081   -0.666456   -0.427275   -0.178454    0.380058
   -0.33891   -0.140562    -1.09885   -0.766673    0.481271    0.445477   -0.690506   -0.903312    0.772893    0.293944   -0.573829   -0.736654    0.836927    0.704061    0.497512   0.0168939   -0.393776     1.18408   -0.184093   -0.131583    0.350546    0.507302    0.671533   0.0411745    0.217068     1.03942    0.684579   -0.555164    -1.05933      0.4524  0.00957363   -0.399816    0.619583     1.45887    0.272954    0.940293 -0.00254522    0.219327    0.140981    0.615416   -0.311998    0.845649    0.191155  -0.0703165    0.876117    0.831488    -1.03774   0.0826147
   -1.53378    0.353631    0.185156    0.611347   -0.264535   -0.190505   -0.916331    -1.03473    0.349881    0.397104   -0.740415    0.891793   -0.040851   -0.707987    0.377471  -0.0881375    -1.05301    0.959029    0.738185    0.045189    0.681635   -0.202686   -0.131771    0.157487   -0.846571   -0.573663     0.79048   -0.382295    -1.00206   -0.316335   -0.399265   -0.660611   -0.463243   -0.118986    0.870191 -0.00814961    0.616681   -0.824907   -0.868559   -0.410177   -0.665661    -0.80591     1.22249    0.400317     1.10176   -0.382378   -0.280197   -0.572703
   0.771203   -0.275235      1.1543     1.09812    0.593866   -0.537435     1.01471   -0.684708   -0.238779    0.864107    0.290067  0.00547292   -0.192823   -0.868801   -0.462491   -0.113486   -0.686078   -0.927265   -0.532878   -0.767298   -0.552292    0.490104   0.0705707    -1.15986   -0.893114   -0.984167   -0.411819   -0.948283   -0.791387   -0.768688    0.386354    0.497512    0.328702   -0.727981   -0.109267   -0.519834   0.0446956   -0.301419   -0.333471    0.299677    0.931437    0.756356     1.51001    0.026337   -0.270721   -0.254295   -0.233962     0.36082
  -0.836592    0.845641    0.522198    -0.48776   0.0941817   -0.443535   -0.820974    0.210556   0.0643201   -0.482721   -0.631222   -0.535564    -0.80223   0.0279458    0.180718   -0.430112     0.50922    0.948573   -0.658831    0.249336   -0.419428   -0.839374    0.818913   -0.619962   -0.795071    0.307432   -0.863381    0.931477   -0.461355   -0.350369    0.135179   -0.958415   0.0132395   -0.805825   -0.441353    0.155881   -0.937799    0.809619    0.627265   -0.536347   0.0658304    0.595725   -0.181418   -0.849189    -1.08639   -0.555567  -0.0380842    0.771214
    0.728953    -0.779409     -1.38165    -0.468513    -0.447826      1.45232     0.498388     0.344373    -0.070021    -0.483045     0.568825    -0.114835     -1.54968     -1.09322    -0.202247    -0.610537     0.995296      1.07892     0.787234    -0.190313     0.732506     0.798322    0.0648232    -0.697427    -0.956946     -0.51774    -0.377189    -0.214732     -1.17246    -0.431286     0.106734    -0.816454      0.77652     0.148232    -0.840246     -1.26682    -0.244854    0.0879743    -0.978456    -0.940866    -0.328019     0.779561     0.694871    -0.722738   -0.0429904     -1.34326     -1.04666     0.990706     -1.28875   -0.0188273     -1.78174    -0.125222     0.217424    -0.148727    -0.702906    -0.480284     0.241043      0.23866    -0.117018    0.0869617
     -1.2227     -1.35254    -0.452276     0.219305     0.435633     0.607117     -1.00914     0.858555     0.216931    0.0276004     -1.06586    -0.683879    -0.874845    -0.274621    -0.696732     0.241536  6.44832e-05    0.0942271     0.287676     0.913285   -0.0484026     -1.06999    -0.858634     -0.82523     -0.96385     0.428071      1.24462    -0.692925     0.537459    -0.686508     0.806356     0.151261     0.282906    0.0397243     0.158049    -0.742512    -0.983644     0.396128     0.399916     -1.02886   -0.0277417     0.604167     0.170414      -1.2444    -0.949503    -0.780576     0.728941     0.612539       0.5384    -0.120427     0.577256      1.25263    -0.065355    -0.604064     0.407267     -1.14454      0.24669     0.156853     -1.24626    -0.884943
    -0.71695     0.352609     0.529849    -0.945942     0.714768     0.241318    -0.690144      1.15582     -0.84412     -1.20995    -0.480445     0.240787     -1.11045     0.441693    0.0822322   -0.0850774     -1.26435     0.295793    -0.893171    -0.933797    -0.515307      1.05953    0.0525984    -0.751766     -0.78414     -1.75175      1.19736     0.319816     -1.41926    -0.482172     0.522921     0.333215  0.000170772     0.202327     -1.03627     0.767924     -0.91017     0.328146    -0.699263     0.893123    0.0479992    -0.751636    -0.528189    -0.622432    -0.115568     0.915827     0.671687     0.115855     0.526567    0.0306355     -0.48582     0.572327       1.0436    0.0672317     -1.18743    -0.275703    -0.679451     0.305075     0.983319    -0.812122
   -0.817977      0.23603    0.0814383      1.05866     -1.26711    -0.357556    -0.947691      -0.7929     -1.09005     0.310407     0.864989    -0.201705     0.804447    -0.633781    -0.857557      0.33466    -0.282924     0.323989     0.586359   -0.0931729    -0.976765     0.437712    -0.581373        0.652     0.546861     -1.14817    -0.614904   -0.0597014    0.0589585   -0.0661819     -0.64137     0.453815    -0.857231      1.07414      0.35705    -0.771144     -1.36311   -0.0845286     0.382429    -0.801404     0.756925     -1.22303    0.0314919     0.363543    -0.575049   0.00782291     0.658745     -1.51794     0.601479     0.629872     0.308402     -1.32895    -0.181887     -0.16893    -0.761969     -1.09975     0.187547    -0.605086     0.841061      1.15874
    -1.24667    -0.364483    -0.736545     0.415361    -0.419981      1.10534    -0.754118   -0.0090578    -0.124542    -0.477726    -0.303034     0.159446    -0.668809     0.114492     0.955106   -0.0614699     0.278071     0.187059    0.0211016      0.39733    -0.720896    -0.445692       0.4213     0.499095     0.594748    -0.783433     0.606427     0.106931     0.379035      0.73637    -0.949799    -0.439698     -1.52949    0.0391827     0.533588    -0.881543      1.04214     0.235436    -0.429028     -1.42998      1.35749    -0.357279    0.0090575    -0.281438     0.255633     -1.03781     0.173595     -0.35291    -0.335978     0.761321    -0.612717     0.231628     0.705486     -1.04814      -1.3255     0.621115    -0.347039    -0.285963     -1.28938      0.13654
    0.878178     0.123998     -1.21706      1.09851    -0.391147     -1.37733    0.0373881   0.00742983      0.30706     0.766347    -0.962127     0.920123    0.0203096     -1.04005    -0.162336     0.450419     0.763688     -1.18408     0.442495    -0.712579    -0.960056    -0.522167     0.355664     0.374822     0.918502      -1.1762    0.0190509     -1.61367      1.40348     -1.26674      1.07539    -0.609072     0.221661    0.0866519    -0.397455    -0.712235    -0.660074     -1.01766     0.187387    -0.214128     0.569786     -1.12196    -0.377769     0.962553     -1.89614    -0.881605   -0.0726738    -0.423458     0.334133    -0.281911   -0.0892986     0.654299    -0.587593    -0.291856    -0.495731     0.230621    -0.323754    -0.664073    -0.192325  -0.00194012
    0.518577     0.207933     0.194154    0.0122576     0.122029     -1.19453     0.432253     0.363676    -0.726499     0.224303     0.412795    -0.233736     -1.12926    -0.936596    -0.269882     -1.23057    -0.389523      0.73265     0.489452    -0.482723    0.0570941    -0.292752     0.113476  -0.00257897     -1.13696    0.0199397    -0.271624     0.701475    -0.374448    -0.141214    -0.717251    -0.917685    -0.461028   0.00707855    -0.750851    -0.188728    0.0632238    -0.688233    -0.365663    -0.845018   -0.0997442    -0.608448     0.271734     -0.15106     0.313021     0.298502     0.347529    -0.536784   -0.0251733      0.29505    -0.994217    -0.420845     0.849077    -0.913064   0.00152647     -0.56652     0.551403    0.0517074     0.307945     0.725411
    0.209279     0.108912     0.706018      1.04271     0.559745     0.124206    0.0144512    -0.162186     0.317771    -0.679386    -0.485846      1.22193     -1.79499     -1.08163    -0.926889    -0.395184    -0.198517     0.298856    -0.681897     -1.37551    -0.777421     0.162898    -0.832349     0.296316     0.263281     0.376064    -0.872388     0.413825     0.397944     0.547986      1.29003     0.534133     -1.11258     0.271868    -0.441408     0.267687    0.0648428     0.261538     -1.02928    -0.352297    -0.640889    -0.585731    -0.707253    -0.348307    -0.628046    -0.552521    -0.658244    0.0231089     -1.02609      1.07227     -1.24187    -0.245494     0.598487    -0.826225     0.694679    -0.071625    -0.607172    -0.175972     0.590281    -0.298344
   -0.151203   -0.0912968    -0.345839   -0.0724082    -0.313257     0.704103    0.0357311      1.43923     -1.38622    -0.991462    -0.532288      1.15855    -0.586272     -0.41188    -0.454351    0.0770328     0.496525      1.45394    -0.875623    -0.690804    -0.884603     0.516032      1.32788    -0.497568    -0.133103    -0.829295    -0.808442    0.0162085    -0.682022      0.71884    -0.180324    -0.935278    -0.376458     0.168462     -1.23771    -0.174967       1.1525   -0.0794459    -0.258393    -0.734873    -0.502271     0.620004     -0.78428    -0.311878   -0.0640076      1.18775     -1.12712     0.099479    -0.563687     0.693582    -0.651679    0.0359763     -1.05706    -0.946732     0.569824    -0.634427     0.722655    -0.956319   -0.0163225     0.128452
    -1.08016     0.708549     -0.50907     0.468676    -0.970076     -1.48739     0.187693     -1.00911     0.136124    -0.627401    -0.974022    -0.076991     -1.73368    -0.559664     0.611031     -1.13837    -0.989339     0.944834     0.404256     0.476233    0.0153047     0.503071     0.507647  -0.00725555    -0.111462    -0.970705     0.411056     0.890856     -0.66347     -1.16884     0.330688    -0.829171     0.435644     0.309563     -1.37471     0.590779     0.736607      0.11555     0.785244    -0.756546    -0.143055      0.41877     -1.25533     0.133663     0.578147     0.560247   -0.0611522     0.105808    -0.483527    -0.295077    -0.145389    -0.549804     0.328337     -0.70193      0.35677    0.0752622     -1.00546      1.29201   -0.0862732    -0.972316
    0.835897    -0.973775    0.0270871    0.0384768   -0.0593349    -0.618614     0.135388    0.0795287     0.408039       0.5723    -0.957306    -0.290108    -0.245496     0.429731    -0.660319     0.383114    -0.355823     0.342986     -1.11698     0.294882   -0.0302893    -0.339426     0.226615     0.174963    -0.647555     0.388339     -0.11645     0.529703     0.593059    -0.790766    -0.298982    -0.559661    -0.806894    -0.489304    -0.590752     -1.01163    -0.377236   -0.0505566     0.224672     -0.70075     0.884972     -1.01326    0.0612513    0.0771643    -0.336815    -0.195741     0.355571    -0.876771     0.174401    -0.677105     0.337668    -0.311497     0.689419    -0.637715    -0.942175     -1.00795   -0.0444427     0.185848    -0.344867     0.438055
    -0.70251    -0.723868     0.324394    -0.585248    -0.335328     0.139214     0.596891     0.505711     -1.07934     0.559907     -1.30531     -1.91944     0.821833    -0.893214    -0.832825     0.491202    -0.282772       1.1122     0.276936     0.195506     0.313212    -0.973603     0.554457    -0.617723     0.474368    0.0378549    -0.153286     0.255127  -0.00281161     -1.55614     -1.34511      -1.4507    -0.221113    -0.903625     -1.08746    0.0945412     0.955583   -0.0663234   -0.0181466     0.348808    -0.708085     0.984231     0.680937    -0.979177    -0.977069     0.935613     -1.38531     0.415427     0.956796    -0.663656     -1.12332     0.274093     0.187809    -0.513375    -0.335435    -0.993895     -0.64776      1.23155     0.379899    -0.498964
    -1.56242    -0.250747     -1.55151    -0.613389    0.0148394    0.0524754      0.87819     0.204617     0.270349     0.952163    0.0976279    -0.278733   -0.0481422    0.0766507     0.948295     0.038713    -0.241741      0.47472    -0.807854      0.63251     0.692719    -0.192582     0.897702     -1.10065     0.441525     -1.38753     0.750598      1.10385     0.753692    -0.127217     -0.95119      1.32642      0.54609    -0.277938     0.439836     0.463774     -1.50728   -0.0286338    -0.591811    -0.888667    -0.927604     0.103907    -0.917312      0.53368    -0.328322    -0.208415    -0.536266     0.441969     -1.35172    -0.974854     -1.45394    -0.524888    -0.920832   -0.0616724     0.393514     -0.81862     -1.43974     0.444609     0.638003    -0.573234
    0.600818    -0.918371     0.713256      -1.2839    -0.704029    -0.202827    -0.226753    -0.586003    -0.928624     0.202239     -0.84963    -0.816416    -0.343703    -0.894537     0.461168      1.03763     0.651961     -1.38125     -1.06358       1.1528     -2.17782      0.96857    -0.371812    -0.983977      1.27464     0.118456     -1.04596    -0.230873      1.57077    -0.812202      1.11537      0.62034    -0.970419    -0.319442    -0.720928    -0.375353     -0.62045     0.250122     0.298693     0.260889     0.335399    -0.789207    -0.199424    -0.819429    -0.390623     0.999357    -0.148842    -0.744584      -1.1333     0.196588   -0.0599316   -0.0861271    -0.263768    -0.708044   -0.0366048    -0.607027     0.656783     0.783471      1.34632     0.624225
    -0.64611     0.383607      1.25861     0.656015     -1.44352     0.976684    -0.896935     -0.22521     0.558469    -0.346846      -1.5082     -1.39715    -0.263216    -0.986741     0.948637     0.846323      1.09959     0.402292    -0.164389     0.889208     -0.28022     0.180258     -1.27264    -0.608323    -0.820645      -1.7371     0.513418     0.506393      0.94612    -0.721736    -0.818105     0.547533    -0.612912      0.44576    -0.148587     -1.13772    -0.624708    0.0283692    -0.569635     -1.01188   -0.0184554    -0.751676      1.08129    -0.814472     -1.10316      0.30273    -0.647968     0.487358     0.513991    -0.707678      1.13491     0.515822     -0.98863     -1.09391     -1.00653     -1.02578    -0.334761     0.667479    -0.431872     0.384981
   0.0478728     -0.38125     0.572087    -0.255719     0.877124     0.476138     -1.73235    -0.672923     0.117709      1.25804    -0.763643     0.015998     0.266003     0.382874    0.0532891     0.823625    -0.529822     0.353901    0.0233794     -0.85363    -0.920072   -0.0558247      1.36057    -0.741893      0.84701     -1.18123    -0.588157     0.196336      0.22439     0.142169    -0.593683    -0.886664     0.251284     -1.24845     -0.65004   -0.0144659     0.428937  -0.00254092     0.504374      1.03193   -0.0176331     -1.32336     -1.63231    -0.613745    0.0750368     0.799141    -0.494889    -0.211242    -0.452677     0.206199     0.762363     0.589456    -0.953577    -0.801086     0.020973     -1.13205      -1.1482     0.305601    -0.118606     0.786893
    0.480902   -0.0526372     -1.56525    0.0217312     -1.52047     0.239326    -0.752569     -1.14285     0.113972    0.0990257     -1.04059      0.96905     0.275884     -0.25138     -0.41561    -0.409145      1.29494    -0.261054    -0.550712     0.529474     0.787548     0.833696     -1.18095     -0.45869      1.13299    -0.924902   -0.0899267     0.800622     -1.21297      0.25577     -1.29986    -0.954677     -0.42739    -0.988179    -0.938764      0.58032     -1.53747    -0.366719    -0.932399     0.888926     -1.03364    -0.411887     -1.81957     0.722311     0.985946    -0.503412     -1.72902     0.757904     0.734082     0.609603      0.19433     0.354195    -0.480597    -0.672629     0.536767     -0.14062    -0.082553    -0.232642    -0.951522     0.182727
    0.577377     0.735983     0.291992    -0.221683   -0.0618431    -0.210381    -0.111197    -0.958397    0.0693528    -0.998028     -1.44336     -0.17163    -0.675298     -1.12278     0.401572     -0.47235      0.82056    -0.449104    -0.679441     -1.53886     -0.40019     -1.05126    -0.386116     0.033729    -0.918739    -0.386287      0.41424    0.0446058     -1.14277     0.268907     0.494191      -1.3952     0.255625    -0.215291     0.578503    -0.498301      1.28691    -0.266495     0.237145     0.400166      0.57811     0.826109     -1.72191     -0.53271    -0.995157     0.698425    -0.969024     0.370888     0.308704     0.143521     0.979555    -0.485826    -0.289346    -0.612038     0.424986    -0.776134     0.809019    -0.497894      -1.1667    -0.155655
   -0.828603     -1.13043    -0.585932      0.30916     0.328307    -0.321463     0.592666   -0.0276156     0.110349    -0.707541     0.569914     0.443963   -0.0194062    -0.118944     -1.23484    -0.475539   -0.0651302      1.29358    -0.752718  -0.00614703    -0.559563     0.694312   -0.0633105     0.360427     0.497119     0.221148     0.857707     0.554865   -0.0399787     0.234155    -0.901225     0.356845    -0.206495     -1.20707    -0.199833     -1.03971     -1.13169     -1.05335    -0.456249     0.365097      1.42086     0.296261     0.205051    -0.678731    -0.235717    -0.403688     -1.28233    -0.246901     0.443253    -0.936352   -0.0689963    0.0177904      1.31072    -0.444445    -0.430168    -0.801861    -0.456303    -0.152842     -0.50761    -0.280003
    -1.20196    -0.491455     -1.42954     -0.57927    -0.651288   -0.0716618    -0.019142   -0.0504589     0.526938     0.478858      0.95455    0.0411123     -1.07847     0.565056     0.101542   -0.0765251     -1.16797     0.373292    -0.314231   -0.0199078   -0.0104895   -0.0212254     0.649367     0.577951      0.84932    -0.321634      -1.1139     0.934616    -0.661178     -1.27971   -0.0749678     0.100833     0.142626     -0.70961     0.287148      0.21703     0.831638    -0.660918    -0.327113    -0.568132    -0.335717     -1.32186     0.467291     0.455144     0.585356     -1.16488     0.947437    0.0462011     0.998222     0.220909    -0.763126     0.180003    0.0260027    -0.839538     0.665954     -1.52285      -1.3711    -0.676964    -0.127072     0.258114
   -0.796384    -0.063013      1.13186     0.399419     0.383623     -1.37713    -0.656925     0.271328     -1.15782      1.26148     0.850748    -0.612456    -0.718265    -0.118813    -0.379303     0.187995     0.701887      -0.7945     0.171932     -1.13136    -0.811021     -1.29125    -0.903109     -1.09169    -0.834776    -0.585751    0.0129824    -0.650366      1.03892    -0.326658     -1.20852     0.290408     0.189723     0.414992    -0.127005     0.432238      1.03392  -0.00194405     0.294888   -0.0339357    -0.265673     -1.09649     0.149237    -0.426523    -0.769203    -0.572142    -0.370725     -1.27533    -0.079824   -0.0938461     0.680802    0.0577853     0.761032    -0.264344    0.0523009     0.617102     0.830719    -0.350097     0.390051      0.35386
      -0.489    -0.969197     -1.08637    0.0683139   -0.0231402     0.368296    -0.553791    -0.453564    -0.126329     0.355589     0.249745    -0.905233   0.00162955    -0.167393     0.230956     -1.88732    0.0433139    -0.976791     0.415683     0.454097     0.791821    -0.451958    -0.770218     -1.03209     0.217066    -0.273961     -0.88374    -0.941241       1.0416     -1.57899   -0.0657957     0.381462    -0.252576      0.44055     0.123727      1.02796     0.314431    -0.411981     0.192427    -0.135852    -0.291636     0.993438     0.287665     -1.07494    -0.418353      1.19451    -0.118248    -0.193009     -1.60805     -1.20896      0.18064      0.70744     -1.03225  -0.00845788     -1.32414     0.263528    -0.102869    -0.748303     0.550717     0.889101
  -0.0543806    -0.352235     0.555932    0.0368569    -0.227104     -0.49686     0.167497     0.154609     0.596076     -1.42455    -0.790777     0.870072     0.671303     0.566601   -0.0239815     0.946868    -0.239478    -0.203387     -1.62842    -0.968978     0.107442    -0.825467    -0.777514     0.610149    -0.944289     0.805754     0.502193    -0.657168    -0.420802    -0.683157    -0.251682    -0.995585    -0.544347      -0.1792    -0.990707    -0.258266     0.499968    -0.346493     0.197779   -0.0562215    -0.223453    -0.682802    0.0918264    -0.813196    -0.332479     0.903158     0.818731     0.891311    -0.555072     0.819805     0.163732    -0.176014     -0.88745    -0.915646     -1.77669    0.0632882     -1.12432      -1.2936     0.639374    -0.287751
   0.0910561     0.282028      0.54052      0.57468      0.87902     0.173855    -0.419934     0.618465     -1.40912     0.416875     0.302539     0.203632     0.475644     0.811026   -0.0261688     -1.80347      0.11329     0.179393     -1.38105    -0.307628     -1.16016     0.440639   -0.0725807     0.330312    -0.667978    -0.390536     -0.07826     0.739363     -0.85781     0.272437     0.131322      1.05556     -1.38665      -1.2972    0.0784361     0.278743     0.169038    -0.598967     0.545852    -0.898578    -0.292362    -0.748705     0.493577    -0.633802     0.327634     0.301975     -1.55056    -0.356976     0.383958     0.273671     0.187114     0.808984     -1.07945     0.394673    -0.673754    -0.660281    -0.121724     0.386847    -0.671124    -0.509895
    0.624387     0.818091     -1.53869     -1.08633     -0.83351    -0.837617     0.020803     -1.06797    -0.967302      1.52195     0.300292    -0.576697    -0.913498    -0.222136     -1.32953    -0.878964     0.663851    -0.790373     0.572939     0.694343    -0.643473     0.603276     0.131113     -1.12118      1.78557       0.2668    -0.316797   -0.0310173    -0.990098    -0.497156    0.0741512     -1.38505     -1.16627    -0.604605     0.519822     0.468044     -1.65055     -0.75312    -0.358518    -0.388373     0.192599    0.0111101     0.995691      1.26678      1.29143       1.0599     0.848221    -0.518767    -0.264042    -0.723045     -1.70094    -0.416029     0.723546     -1.19475     0.326937    -0.101865      0.17939     0.384248     -1.66055    -0.692139
    0.352278    -0.657855    0.0743827    -0.731237      1.19187     -1.53254     0.163169     0.199868    -0.127964       1.4463    -0.234873     -1.24509    -0.618863      0.66889      0.22932     0.735316     0.502244     0.417964      -1.3431     0.118868     0.326146     0.868231   -0.0319557     0.309698    -0.399571     0.353421     0.212139     0.907546      0.51571    -0.760638 -0.000466344     0.528296     -0.20144     0.381287     -1.58351     0.784762    -0.500942      -1.2443     0.602323     0.057035    -0.642816    -0.339387    -0.971305     -1.30957     -1.32185     0.228523    0.0916372    0.0953273      -1.2016      1.35843    -0.173857    -0.975639    -0.620333    -0.722823     0.497849     -1.07721    -0.826228     0.408099    -0.991939    0.0390399
   -0.790521     0.239427     0.816026     -1.25052     -1.10375    -0.151974     0.369818      1.56993    0.0394588    -0.267695     0.718556     -1.40681    -0.721545    -0.661843    -0.159745     -1.12722     -1.11626 -0.000304231    -0.708126    -0.327614     0.586879     0.767934    -0.772162    -0.772286     0.178952  -0.00434738    -0.402348     0.335661    -0.560805   -0.0664121    -0.350305      -1.4096     0.321742    0.0107808      1.33663   -0.0904508     -1.77816     -0.24644    0.0303817    -0.558305    -0.177324     0.641178    -0.773288    -0.533294    -0.112588     0.746368     0.586543     -0.14282     0.792493     -0.26737     -1.13294     -1.27709    -0.651249     0.536939    -0.291084   -0.0693402     0.612654    -0.331626    -0.515306     -0.10611
   -0.744017     0.234187    -0.380286    -0.852939     0.309143     -1.76644     -1.15833      1.67502     -1.06059    -0.784585    -0.290513    0.0600806     0.559214     0.330594    -0.194394    -0.393083     -1.24282     0.511646     0.133126     0.541285    0.0606264     -1.16781     0.447329    -0.877414    -0.717419     0.572088     -0.52071     0.351439     -0.79606    -0.344298     0.321943      1.25396    -0.554946     0.940969      1.65778     0.171218     0.580987    -0.499895     0.793121      1.25603     0.831568     0.100532     -1.15944    -0.985353     0.476385     0.774027    -0.636952    -0.714865     -1.00767    -0.599373     0.286817    -0.386952     0.601808     -1.24433      0.25194    -0.533541    0.0709459    -0.829156     0.348523    -0.440124
    -1.59004     0.332058     0.237883     0.197574    -0.371315     0.381752    -0.372103      0.59902     0.357296     0.333819     -0.25158     0.209775    -0.171385     -1.05616     -1.24148      0.12043    -0.894341    -0.510122    -0.775586     -1.26276    -0.384764     -0.86875      1.40693    -0.632786     0.993438     0.650338     0.115009    -0.651223    -0.382012     0.505202     0.907059    -0.583835    -0.726532   -0.0579758     0.247564    0.0497529  -0.00278423    -0.664602      1.67581     0.917942    -0.845502    -0.233825     0.939247     -0.52702     0.580308    -0.115851    -0.917167     -1.29524     0.681099     0.225572     -1.45615     0.170565    -0.414044    -0.159106     -1.12902     0.770798     -0.46449     0.650897     0.262559   -0.0120895
   0.0486482     0.725728    -0.617661      1.17281    -0.289788   -0.0234531     0.737639     0.721489     0.223079    -0.169082     -1.10752    -0.136809     0.499411     0.189322     0.812214      -0.3612      0.96191     -1.08482     -1.26507     0.200738     -1.81343    -0.509518      -1.0952     -1.14982    -0.797394    -0.696197     0.453916    -0.188766     -1.14148     0.366778     0.874285    -0.172209    -0.205535    -0.449708    -0.939543    -0.206009    -0.156519     0.144523      1.50183     -1.28779     0.102505     -0.50436    -0.590245     0.790676      1.24747      -1.0959     0.479012    -0.214483     -1.13567    -0.511577     -1.24661      1.20792    -0.208519    -0.447534      0.85308     0.708831    -0.844754    -0.849409     -1.24785     0.447297
    0.895817     0.802634     0.554635    -0.951575   -0.0296606     -1.41162     0.483318     0.719959     0.842946      -1.9234   -0.0157004    -0.569633    -0.725984     -1.15646     0.559298    -0.332542      0.51045     -1.29537    -0.188164   -0.0612247    -0.983259     -1.11123     0.665675    -0.796189     0.276287     0.889555     -0.49948    -0.807031     -1.36247     -1.26088     0.366864      1.37747    -0.582883    -0.999304    -0.615866   -0.0421233     0.841601    -0.696448    -0.892008     0.847457    -0.469016     0.114385      1.25339     -2.05103    -0.124962    -0.168572    0.0545785     0.640539     -1.28201     0.409592     -1.16578     -1.55466    -0.633599     0.368549     0.214193    -0.964031     0.169389     0.133429     -1.34212     0.612058
     1.05468     -1.36718    -0.759202      0.47614    -0.373205     0.311319     0.858201     0.615011    -0.605946     -1.19377   -0.0977507     0.254435    -0.385471    -0.733959    -0.476323     0.497072     -1.15901    -0.971016     -1.31329     0.113828    -0.262047      1.02248    -0.201827     -0.51325     -1.17829    -0.929705     0.681527     -0.61786     0.291125     0.664582    -0.653623      1.08562    -0.754464     0.268198     -1.02159       0.1095    -0.219959     0.703817    -0.941501      1.15089     0.025001    -0.333561     0.596513     0.584485      1.16727   -0.0297893     -1.32347    -0.300317      1.09308   -0.0249027     -1.17795    -0.917617    -0.940177     -1.14108    -0.474103    -0.635191     0.787104    -0.781282    -0.829224    -0.818423
    0.589166    -0.771963     0.930298    -0.620761     0.045299     0.471138     0.679294     0.556099    -0.488437    -0.248675    -0.230303     0.698176      0.51134    -0.480184    -0.223514    -0.676447    -0.199382      0.43185     0.634338   -0.0302532    0.0950584    -0.732845     -1.07475    -0.382192     -1.08805     -1.14253   -0.0226495     0.654787     -1.30419     -1.20316    -0.142252    -0.179807    -0.959315     -1.28152      1.27483     0.320265    -0.925689   -0.0455748   -0.0767537     -1.06102     -1.05933    -0.532677    -0.338356     0.260738       -1.263     -0.66265      1.01738    -0.233029     -1.62523     0.766607    -0.586865      1.13152      1.25594     0.410041     0.505622     -1.02105     0.411844    0.0657383    -0.298557      0.39289
   -0.362086   -0.0403874    -0.223255     0.157746     0.136078     0.604321    -0.800193      1.12982     0.713625     -1.12212   -0.0383259    -0.688082    -0.242712   -0.0296715     0.224311    -0.822437     0.448568     0.630908    0.0382587    0.0433227     0.407605     -1.00892    -0.182742    -0.555506    -0.311957     0.768169    -0.115661     0.362461     -1.02103    -0.791314    -0.307036     0.313468     0.143851     0.156814      -0.3593     0.492691    -0.498891      -1.6048    -0.367625    -0.236971      1.49237     0.194766    -0.703518     0.225649      -1.3629    -0.171531      0.30216    0.0521106     0.908848    0.0611349     -0.30352    -0.882707    -0.580866    -0.427942    -0.204866     0.183198     -0.68437    -0.140896     -1.13041      1.62497
   -0.284334   -0.0750399     0.678274    -0.699294    -0.303161     -1.35457    -0.548308     0.961951    0.0456338     0.459837    -0.242351     0.478149     0.221672    -0.647709   -0.0967407     0.393848    -0.392861     0.422544     -1.01547    -0.756911   -0.0579898     0.169422     0.179948   -0.0982291     0.722847     -0.79155     0.890836     0.449073    -0.515786    -0.197911    -0.152374     0.688986    -0.494168    -0.717886      -1.2214     0.590536    -0.495652    -0.261212     0.922113    -0.646521     -0.22981    -0.387422      0.20761     0.184197    -0.825395     -1.09139    -0.693688    -0.027406     0.436495    -0.341757     0.796605    -0.387653     0.363126   -0.0318679   -0.0209099    -0.243407     0.176973    -0.282386    -0.610725    -0.689993
    0.626596     -0.11321    -0.926269     -1.28233    -0.931409     0.314921     -1.54771    -0.327065    0.0590058     -1.05551    0.0530782    -0.900602    0.0373805     0.208983     -1.39217     0.305222    -0.518732    0.0474719     0.214067      -1.0441     0.776439     -1.26625     -1.06549    -0.286873     -1.00639     -1.25514    -0.263054   -0.0232778     0.762128     0.952676      1.14295       1.0861    -0.382595    0.0686649     0.871988     0.473273     -1.03575    -0.999425     0.725547    -0.363989     -1.08942    0.0753012     0.898637     -1.38408     0.156212    -0.728289     0.486584     0.637862    -0.340918    -0.522423    0.0322673    -0.623433     0.373185     -1.19662     0.689824     0.154183    -0.730089   -0.0914231    -0.153712    -0.265473
