no weights
   0.0844335  -0.00577868    0.0693717    0.0433345     0.122287    0.0661811   -0.0172549     0.095094    0.0259672    0.0889074    0.0703895    0.0157935 -0.000984367    0.0611515    0.0717938    0.0484179    0.0850535    0.0615728   -0.0277994    0.0641788    0.0107805    0.0561384     0.117388   -0.0431171 -0.000534214    0.0835682     0.101801     0.126165    0.0836265   -0.0210845    0.0439002      0.10015    0.0898793    0.0594225    0.0339033  -0.00475633    0.0239741     0.155758    0.0696191    0.0786977     0.127077   -0.0226451    0.0949278   -0.0435047    0.0153342    0.0601365   -0.0195089    0.0477815
    0.034683    0.0810762    0.0638937    0.0473216      0.11221     0.089207    0.0777183    0.0851011    0.0380034    0.0496898    0.0715236    0.0816317    0.0614268   0.00977604    0.0243256    0.0698942   0.00055035     0.117798    0.0969201    0.0870122    0.0535094    0.0137293     0.118804    0.0892424    0.0452829    0.0785238    0.0231705    0.0766927    0.0226136     0.131716     0.108405  -0.00470702    0.0300932    0.0151065     0.039295    0.0795593    0.0594609    0.0523655    0.0418081     0.084225    0.0906484     0.112976    0.0560058    0.0672073    0.0895155     0.113313     0.128256     0.088849
    0.062486    0.0356954    0.0766767    0.0468938    0.0752913   0.00694917    0.0125925    0.0946148     0.046775     0.106166    0.0399171     0.031163     0.108016    0.0611616       0.1177     0.102143    -0.010408     0.126754    0.0348041     0.120715    0.0160415    0.0205723    0.0270222    0.0778507    0.0387794     0.093113     0.131565    0.0656708   -0.0240414    0.0641276     0.055869    0.0435899    0.0956491     0.143212    -0.002486    0.0003479    0.0160946     0.120454    0.0636303    0.0689829    0.0992087    0.0797752    0.0445828     0.117053    0.0524176    0.0586324    0.0186657    0.0859395
   0.0759513    0.0691838      0.14797    0.0759782     0.129463    0.0863743     0.051872    0.0752509    0.0723908   0.00921301    0.0296648     0.136293    0.0276995   0.00977928    0.0298793    0.0842801    0.0460514    0.0869481     0.067555    0.0716854     0.109055    0.0563077    0.0316855    0.0850014    0.0559784    0.0225728    0.0679538    0.0876772    0.0607489   0.00933311    0.0390248    0.0300555   0.00614824    0.0437604    0.0118157    0.0598437    0.0745636    0.0507824    0.0127546    0.0740174    0.0500975    0.0858702    0.0596714     0.131012    0.0530147     0.119385     0.107799     0.037985
    0.126629    0.0343684    0.0247386    0.0205765     0.129576    0.0505008    0.0478342    0.0752372    0.0782369     0.100358    0.0659519  -0.00448149    0.0915374    0.0691382    0.0938787    0.0591361    0.0833855    0.0170565    0.0985288     0.119828    0.0271977   -0.0288454    0.0803843    0.0310864    0.0673932    0.0926681    0.0362075     0.114596    0.0877278    0.0501685      0.10247   0.00866984      0.13783    0.0339979    0.0861739    0.0338768  -0.00946426      0.10526    0.0287597    0.0111594    0.0510368   0.00577195    0.0932983    0.0261048    0.0550566     0.069168    0.0603726     0.108605
    0.084098    0.0849792    0.0332808    0.0551096     0.121163    0.0193567    0.0605706   0.00717682    0.0876581     0.047343    0.0866998    0.0674214     0.152492   0.00954727    0.0951312   0.00582477    0.0909761    0.0840678    0.0316695     0.124606   0.00728814  0.000417505    0.0803335     0.072256    0.0650369    0.0797886    0.0530759     0.121813    0.0283979   0.00653507     0.133388    0.0142077     0.121219    0.0829953    0.0959964    0.0927537    0.0514117    0.0551432    0.0920555   0.00676893     0.102442     0.078816     0.122037    0.0204256    0.0509947    0.0365533     0.128053    0.0411865
 -0.00143745    0.0914715     0.135361     0.061607    0.0409376    0.0400245    0.0137763    0.0511583    0.0886858     0.089223    0.0490365   0.00654865    0.0260221    0.0122594    0.0792395    0.0192062    0.0349577   0.00629242    0.0649865    0.0311623     0.102807    0.0274398    0.0821858    0.0685653   0.00352293    0.0310664     0.133646    0.0711623     0.116023    0.0205232     0.012333     0.096388    0.0599871      0.13788     0.132644     0.030589    0.0585014     0.103381   0.00990364    0.0684396     0.170439    0.0342716     0.103983   0.00177923    0.0471924    0.0857744     0.107512    0.0717437
   0.0694124    0.0944258    0.0144507    0.0711073     0.100562    0.0704713    0.0992581    0.0632112    0.0197895    0.0201347    0.0725083    0.0309239     0.141922    0.0998245  -0.00938463     0.065184    0.0671812      0.09933    0.0419572     0.119114    0.0513076     0.148934     0.127432    0.0954816    0.0342916    0.0429949    0.0144924     0.084594    0.0673798     0.092854    0.0571133    0.0439445    0.0613867     0.103168    0.0662115    0.0573733    0.0606873    0.0175949    0.0682522    0.0997185     0.015384     0.129799    0.0715816  0.000587833     0.103459    0.0587271    0.0549932    0.0774419
   0.0825759    0.0143969     0.060544    0.0984195     0.102804     0.115674     0.084181    0.0853082    0.0155141     0.105074     0.056115    0.0250054    0.0272835    0.0557877    0.0588976    0.0523525     0.134875     0.044765  -0.00479591     0.093535    0.0779843     0.104738     0.112253    0.0459193    0.0264902     0.085539    0.0644644     0.129311     0.058935    0.0347097    0.0794995     0.126059     0.123173    0.0726809    0.0447307    0.0816371    0.0769653     0.111248     0.026006    0.0536188      0.13949     0.074422    0.0606657    0.0337006   0.00796065  -0.00416862    0.0172711    0.0840458
   0.0307798    0.0624167    0.0531955   0.00589793    -0.022381    0.0228474    0.0721266    0.0944027    0.0697845    0.0717353    0.0832982   -0.0089514     0.135528    0.0328054    0.0770288    0.0776765  -0.00307557    0.0269072     0.110687    0.0956153    0.0366786  -0.00241726    0.0801489    0.0587735     0.146124 -0.000500539    0.0577916    0.0366663    0.0153809     0.051888       0.1276    0.0668702     0.132651    0.0290694  -0.00557054    0.0792341     0.094674    0.0969969    0.0625128    -0.010294    0.0368658    0.0887259     0.118255     0.119319    0.0567678    0.0796493     0.122514     0.143751
   0.0364967    0.0627726    0.0341701      0.08623     0.121551    0.0591581    0.0701704     0.010588    0.0466177    0.0980713    0.0953032    0.0025724     0.049323    0.0378959     0.106857    0.0844187    0.0941577    0.0605504     0.112505    0.0941538    0.0945949    0.0958219     0.094751    0.0172231     0.108662    0.0381747     0.118244    0.0741689    0.0591434    0.0124047     0.130043    0.0734127    0.0900335     0.138189    0.0806952    0.0387306     0.123243    0.0284949     0.122154    0.0755899    0.0818198    0.0467191     0.126665    0.0394669     0.100348     0.113711      0.04771    0.0787538
   0.0518861   0.00834662    0.0966602    0.0229172    0.0380036   0.00836217    0.0644877    0.0574473     0.111508    0.0238696    0.0909418     0.011729    0.0301066   0.00123599    0.0874846    0.0580211    0.0642282    0.0829084    0.0293388    0.0397915    0.0642633    0.0632366    0.0157857    0.0208128    0.0487224   0.00658415     0.134289    0.0350158   -0.0232159    0.0953811    0.0660911    0.0308074     0.149646     0.102595    0.0469514   -0.0124478   0.00322586    0.0962551     0.154165     0.107077    0.0924044    0.0475361    0.0397165     0.121819    0.0579902     0.138854    0.0271213    0.0274493
   0.0336807     0.100587    0.0687681     0.105758    0.0563614    0.0146834    0.0449412    0.0731527     0.016486    0.0561499    0.0396551     0.057485      0.11973    0.0744597    0.0595086    0.0938222     0.033827   0.00259503    0.0619776    0.0812876    0.0896984    0.0880952    0.0515696    0.0574653     0.109432  -0.00121278    0.0334529   0.00789382    0.0863709    0.0685647     0.071981    0.0360085     0.114807    0.0605434    0.0720186    0.0766769     0.110261    0.0716547     0.039446    0.0438704     0.109913    0.0814292    0.0852575    0.0192875     0.116204    0.0921895      0.10762    0.0801644
   0.0085446    0.0329226    0.0859798    0.0525979    0.0249334     0.105416    0.0457021    0.0443167    0.0816062    0.0322373     0.123635    0.0562845    0.0302797   -0.0134649    0.0924939    0.0194855      0.18099    0.0193679   -0.0625032     0.141997   0.00633887    0.0999425    0.0323951    0.0754849     0.016268    0.0788142     0.129806    0.0492247  -0.00270918   -0.0150368    0.0199293     0.129298     0.104171     0.102834    0.0761824    0.0228871   -0.0408176     0.144455    0.0817903     0.100055     0.131672   0.00906208   -0.0160073    -0.021894    0.0846787    0.0393208   -0.0292494    0.0765402
   0.0922275     0.109838    0.0425745     0.104848    0.0559695    0.0339367    0.0743465    0.0657994    0.0116782    0.0812053     0.060419    0.0717302     0.100209    0.0446113    0.0336389     0.080047     0.121682    0.0759743    0.0793258     0.117564    0.0806715     0.117288    0.0517471     0.101335   0.00516101    0.0372788     0.102916     0.044288    0.0870143    0.0186672    0.0484765      0.09368     0.106982     0.131112    0.0252661     0.126353    0.0276133    0.0798169    0.0597796     0.105928     0.051179     0.100347    0.0153498    0.0431807    0.0753553  -0.00918574    0.0754184     0.029261
    0.106744     0.126907     0.121695     0.105392    0.0218621   -0.0189832     0.118584    0.0210088    0.0634395    0.0638388    0.0424233    0.0944704    0.0620881  -0.00236467    0.0205443    0.0414275   -0.0039703    0.0672188     0.100464     0.103378    0.0945049    0.0733461    0.0555869     0.062746     0.046364     0.084524    0.0741455     0.059336     0.053628    0.0541956     0.100684    0.0181773     0.110206   0.00954201   -0.0196548    0.0332677    0.0313587    0.0756407     0.108568    0.0539306  -0.00840874    0.0557505    0.0744103    0.0808424     0.142367    0.0910359    0.0748315    0.0784814
   0.0259394    0.0116541    0.0609559     0.131275    0.0768802     0.059197    0.0291674    0.0269297    0.0413006     0.133312    0.0825323    0.0971755    0.0320214    0.0818749    0.0389157    0.0261663     0.092781    0.0461297     0.101135    0.0944861    0.0827923    0.0731093    0.0534763    0.0678022    0.0770149    0.0425626     0.080292     0.108715     0.043931    0.0657097    0.0471567    0.0577243    0.0633425    0.0672225     0.038808    0.0954572    0.0459555    0.0728852    0.0692349    0.0811102     0.135058    0.0522989    0.0332843    0.0991238      0.10773    0.0844852     0.117198    0.0973917
   0.0572514    0.0862984     0.100848      0.02942     0.125356    0.0855077    0.0809874    0.0976873    0.0785605     0.113889    0.0213408     0.049066     0.112342    0.0482172    0.0324981    0.0653043    0.0508284     0.024946  -0.00522291    0.0864785     0.117476    0.0787696    0.0644765    0.0662757    0.0169299    0.0558841    0.0710511    0.0833149    0.0430166    0.0562776  -0.00896705     0.085604    0.0543844    0.0414965  -0.00512243    0.0898654  -0.00547469    0.0888913    0.0753251    0.0690472    0.0272275    0.0501209    0.0493922     0.085329     0.164587     0.145359    0.0447628    0.0459837
    0.117467    0.0438709    0.0603812     0.046362   0.00174761   0.00641302    0.0925715    -0.021574   -0.0337307    0.0104486     0.141459    0.0518922     0.115246    0.0143804    0.0172668    0.0968829     0.105403    0.0067741     0.029563    0.0487022   -0.0413816    0.0492219    0.0571217    0.0319727    0.0112137    0.0976084    0.0992159    0.0613218      0.07663    0.0210343    0.0443409    0.0654704     0.040314     0.134785    0.0146458    0.0215716   0.00341762    0.0943848    0.0491026    0.0756159    0.0983547     -0.03394     0.142798   -0.0374255    0.0528329   0.00373491    0.0336527     0.128192
   0.0293477     0.154547     0.167933     0.112456     0.106006    0.0280746    0.0307947    0.0594951     0.086055    0.0603397    0.0356451     0.035367    0.0228354     0.045381    0.0666233    0.0835297    0.0533058    0.0897588    0.0208834    0.0387483     0.085943     0.127042     0.065155     0.103649    0.0460599    0.0973471    0.0839841     0.041151    0.0301052    0.0856714   0.00142645     0.102674    0.0661157    0.0136308    0.0919061  0.000929377    -0.010177    0.0385925     0.100721      0.10449    0.0951115    0.0152737  -0.00301218     0.109319     0.119101    0.0276192    0.0273133   -0.0246165
   0.0968429    0.0850585    0.0938923    0.0573879     0.037004     0.119786  -0.00882041    0.0877135     0.101802    0.0258578    0.0717919      0.05034    0.0725835    0.0237744    0.0405064    0.0619033     0.119706    0.0802552    0.0312847    0.0398714     0.114876    0.0988817     0.108494   -0.0224741   0.00786836   -0.0151006    0.0932314  -0.00781357   0.00661584   0.00323078    0.0121087    0.0801039    0.0555465    0.0374139     0.111227   -0.0104779    0.0282991     0.136364     0.092396 -0.000696463     0.123459    0.0317905    0.0152529    0.0447617  -0.00248556    0.0714913     0.013399    0.0813771
   0.0658354     0.117835     0.147529     0.107483      0.15772    0.0102836    0.0466586     0.045791    0.0323267   0.00292291    0.0740416    0.0269396    0.0292017    0.0191989     0.028416    0.0203078    0.0799541   0.00384389   0.00761545    0.0104238    0.0976093     0.116961    0.0587479   0.00987264     0.047961    0.0354302     0.140489    0.0968498     0.030731    0.0145814  -0.00387407    0.0130247    0.0569729    0.0767058     0.104143  -0.00224551     0.117961     0.101233     0.108233    0.0481699    0.0685658    0.0216941    0.0650101     0.096823    0.0476085     0.113641    0.0783032    0.0293994
    0.112488    0.0276974    0.0237308    0.0382719    0.0561794    0.0219837    0.0127835    0.0394663  -0.00257984     0.121702    0.0856306    0.0459685    0.0263939   -0.0121259    0.0283894    0.0686966    0.0716013    0.0250156   -0.0277297    0.0678223   -0.0218671    0.0432692    0.0100666   -0.0445511   0.00320675    0.0546314    0.0645556     0.118687    0.0408783   -0.0169993    0.0223689     0.128385    0.0613806     0.140653   0.00351151  -0.00421909  0.000811401    0.0385202    0.0740104     0.096267    0.0761419    0.0137898    0.0925511    0.0613967    0.0335266    0.0938009    0.0760213     0.017094
   0.0997656    0.0143758    0.0667181     0.126676    0.0851788     0.110207    0.0690143    0.0860331    0.0736871    0.0209042    0.0474933     0.122216    0.0608612     0.102509    0.0957957     0.110255     0.112537    0.0042467     0.105526    0.0157685    0.0326631    0.0670986    0.0419128    0.0764481    0.0904875    0.0727527     0.102855    0.0283145    0.0227676    0.0716617    0.0422852    0.0869342     0.062406    0.0368658    0.0515996   0.00273516    0.0874498     0.117608     0.112329    0.0684805    0.0807458    0.0244264    0.0362343    0.0801356      0.14403      0.12528    0.0886941    0.0885868
   0.0834102   -0.0042336    0.0244252    0.0109234     0.054458   0.00337891    0.0599545    0.0332518    0.0378323    0.0140979    0.0393924    0.0401139    0.0572917    0.0919814    0.0788039    0.0716095    0.0574153 -0.000767222    0.0673598   0.00420939   0.00438208    0.0532899   -0.0309865    0.0828993   0.00869108     0.110541      0.10267    0.0562492    0.0671587    0.0916593     0.073613    0.0260007    0.0710946    0.0561009    0.0891401    0.0264242    0.0548053   -0.0343548    0.0768941     0.050978   -0.0392662     0.025945    0.0731116     0.121475     0.180157     0.133898     0.059761      0.02537
   0.0359866    0.0521545    0.0734318    0.0557351     0.036878     0.103132     0.078013    0.0174384    0.0403847 -0.000756082    0.0321361    0.0666976    0.0851703    0.0822395     0.034062     0.047108    0.0771763    0.0551815   0.00490293    0.0993224    0.0624669    0.0785998    0.0414318    0.0639814    0.0778048    0.0924371     0.100392    0.0207214   -0.0127248     0.105462    0.0058133    0.0964216     0.138216    0.0388722   0.00680388    0.0713774    0.0989219    0.0673586     0.155857    0.0716996    0.0747522    0.0671676    0.0548393    0.0782014     0.077462     0.108151    0.0609351    0.0417879
   0.0985004    0.0249494    0.0899448      0.11471     0.139738    0.0482781    0.0702679    0.0712261    0.0700625   0.00837137     0.110152    0.0172549    0.0597438    0.0412638    0.0831031    0.0586547     0.108166   -0.0283914    0.0926138    0.0807818    0.0105593    0.0630871    0.0318624   -0.0255719    0.0157543    0.0930869    0.0803568    0.0499741     0.114009    0.0169465    0.0206729     0.112595    0.0482806   0.00691884    0.0412771   -0.0165048      0.11341    0.0328001     0.100338   0.00598046     0.103444    0.0733178     0.051228     0.131463     0.135136    0.0838121    0.0527726    0.0691532
    0.126748    0.0924397     0.092532      0.14145     0.105415    0.0550735     0.100303    0.0266821  0.000585103    0.0451438    0.0298636    0.0821238    0.0418094    0.0326041    0.0696907    0.0968697    0.0391894   0.00957513     0.139969 -0.000469242    0.0107704       0.1173    0.0925827    0.0610113     0.137672    0.0623311    0.0116256    0.0623226    0.0277819    0.0416146     0.126223    0.0365829   -0.0323435    0.0375751    0.0331919    0.0998292     0.128618    0.0558351     0.051678     0.105613   0.00389275    0.0797335    0.0483397    0.0742765    0.0586119    0.0949233     0.153318    0.0691097
    0.162315     0.026879    0.0528556    0.0154089    0.0991803     0.107047      0.13515     0.091495    0.0768965    0.0193723    0.0845284     0.061254    0.0215512    0.0700621    0.0598418    0.0357311     0.139413   -0.0158316    0.0736129    0.0893586    0.0981857    0.0956761     0.100807    0.0550944    0.0650169       0.0988     0.104186    0.0527204    0.0353278    0.0616989    0.0346413     0.103707    0.0481233    0.0680589     0.102692    0.0661523    0.0561289    0.0969076     0.165144    0.0875751    0.0711742    0.0215164   0.00590306    0.0932296    0.0619217    0.0387321   -0.0122614    0.0168563
    0.102593    0.0760112    0.0409047    0.0672454     0.104735     0.059975     0.142347     0.065161    0.0511597     0.088844    0.0634026    0.0337241     0.103577    0.0690354    0.0877168    0.0643096    0.0269206    0.0428546     0.113458     0.025237    0.0198679   -0.0163514   -0.0138066    0.0985489     0.139245     0.112878    0.0645915    0.0380255     0.116952    0.0420393     0.156081    0.0172599    0.0171279    0.0681397    0.0119466    0.0959552    0.0419872   -0.0628571    0.0560612    0.0444744   -0.0167838     0.112868    0.0679323     0.136844     0.141088     0.128891      0.13764     0.102349
   0.0131917    0.0296708     0.120012     0.115387     0.122766    0.0496631    0.0513923    0.0218617    0.0787042    0.0130448    0.0136801    0.0236461    0.0496831    0.0176662    0.0457425    0.0822062    0.0803283    0.0121202   0.00870253     0.101702     0.102899     0.111051    0.0594994   0.00750539    0.0402886     0.103891    0.0813948    0.0595634    0.0425734    0.0610863    0.0243712     0.106503     0.131117    0.0386749   -0.0100323    0.0246647    0.0283524    0.0944609    0.0841618     0.107902  -0.00635538    0.0531751  -0.00304182    0.0780389     0.142012     0.122739    0.0105346    0.0214967
   0.0814103    0.0749522    0.0297955    0.0201871    0.0409313    -0.024938    0.0845571     0.101322    0.0517658    0.0467488     0.118237    0.0612886     0.129759    0.0883224    0.0350296    0.0432307    0.0405662    0.0631047    0.0267561     0.113017    0.0948752    0.0985228    0.0471472    0.0453128    0.0638434     0.108261     0.109421    0.0978511   0.00953363    0.0754398     0.066795    0.0297565     0.122282  -0.00135593   -0.0154488    0.0546214     0.102939     0.100827    0.0933075    0.0462045    0.0270692    0.0688437    0.0514905     0.026264    0.0891813    0.0402985    0.0805749    0.0737598
   0.0197663    0.0893249    0.0247647   0.00600136     0.105015   -0.0264316     0.116593    0.0905638     0.114742    0.0240835     0.060873    0.0204982     0.125556    0.0584605    0.0639595    0.0848661    0.0751346     0.078836     0.107573    0.0353583    0.0712074    0.0578636    0.0192554    0.0343759    0.0778732     0.078517    0.0612153    0.0744921    0.0163761    0.0500839     0.111986    0.0877611     0.119125    0.0296377    0.0937026    0.0171286    0.0925355    0.0746315    0.0611408    0.0978575     0.092997    0.0786009    0.0207603    0.0483102    0.0882133     0.087996     0.102259    0.0921525
   0.0835663    0.0316402    0.0105519    0.0731859    0.0341471    0.0607615    0.0475478    0.0126257    0.0052766    0.0221559    0.0425551    0.0443329    0.0736834   0.00307086   0.00412447     0.119293    0.0829078    0.0726923     0.103487    0.0718054   -0.0125456    0.0775896   0.00554267    0.0033028    0.0257127    0.0942415     0.015024     0.130799     0.015442    0.0365246    0.0771434     0.109127  -0.00739856    0.0527317    0.0634516    0.0377581     0.116145     0.134176    0.0875472    0.0737297    0.0275339    0.0611553     0.098633   -0.0198296    0.0219427     0.018528    0.0923523     0.143416
     0.02776    0.0538975     0.147424     0.072879    0.0921843     0.117984    0.0497903    0.0540696     0.105919    0.0385209    0.0316805     0.112345   -0.0253467    0.0158351     0.110777     0.117311   0.00202987     0.050453    0.0717741  -0.00267919    0.0404416    0.0273142    0.0667364    0.0178163    -0.006645   -0.0308313    0.0976177    0.0558335      0.02282    0.0768629    0.0159018    0.0309285    0.0466065    0.0504665     0.097076     0.126194    0.0625541    0.0778118    0.0597669    0.0960834    0.0204249     0.113352    0.0714171    0.0580063    0.0832196    0.0963619     0.103721     0.102984
   0.0210704    0.0882709     0.164016     0.104698     0.133477    0.0742668    0.0767127     0.112354    0.0940509    0.0300173    0.0571263    0.0609126     0.017067     0.072667     0.035958     0.106222     0.111516    0.0268655    0.0481019   0.00467573     0.108391    0.0827494    0.0693237  -0.00169573   -0.0170334     0.103556      0.14015    0.0502035    0.0429218    0.0146525    0.0683726    0.0173989    0.0835962     0.103661    0.0259643    0.0237658    0.0135043    0.0888929     0.121058     0.104211     0.090524    0.0196134    0.0514711     0.062478    0.0780198    0.0365506    0.0311225    0.0802813
   -0.012026    0.0501113     0.149979     0.138055    0.0565894     0.062925    0.0330772     0.115129     0.055765    0.0527952    0.0518005     0.117231   -0.0179576    0.0988667    0.0390671    0.0221756    0.0854377     0.108416   0.00344855  -0.00502959    0.0997695    0.0731134    0.0666882    0.0618402    0.0491867    0.0476595    0.0997836    0.0309383    0.0986735    0.0984066    0.0938956    0.0159922  0.000841866    0.0458861      0.10906     0.067096    0.0157588    0.0816724     0.120858    0.0664537     0.041575    0.0588523    0.0198975     0.140821    0.0949661     0.127906    0.0514298   -0.0234108
    0.162924    0.0575533    0.0914676    0.0958886    0.0303093      0.15351    0.0649614    0.0194023      0.10468    0.0444129    0.0402751    0.0291486    0.0586632     0.102303    0.0381634    0.0294156    0.0925489    0.0718649    0.0897031    0.0939253    0.0295415    0.0750125    0.0345891    0.0109045     0.117345    0.0496986     0.106379    0.0257286   0.00979037     0.104108     0.105876    0.0287305    0.0179245    0.0216972    0.0898925    0.0734814    0.0651109     0.125511    0.0599534    0.0529363    0.0179433    0.0751497    0.0776366     0.143949    0.0241138    0.0323549     0.091634    0.0727794
   0.0328783    0.0401592    0.0533762     0.133121     0.109023    0.0275427     0.084297    0.0752432    0.0649933     0.107162    0.0379735    0.0823468    0.0182876    0.0640905     0.109286     0.104015    0.0776408    0.0740192     0.032732    0.0775184    0.0380247    0.0670848    0.0372835    0.0100907    0.0800423    0.0305261     0.007777    0.0757636   0.00451486    0.0616383    0.0440429    0.0842686     0.126919    0.0930123    0.0125432    0.0215551    0.0240057     0.101204     0.123702     0.103512    0.0463823    0.0435119  -0.00556012    0.0881476     0.192426    0.0937722    0.0693673    0.0916966
   0.0963079    0.0724811    0.0392964      0.04912    0.0746376    0.0353352    0.0805072    0.0746115    0.0640447    0.0652049    0.0836504    0.0193036      0.13949    0.0747806    0.0415238    0.0783204    0.0462884    0.0421621     0.164878    0.0908557     0.115795  -0.00692146     0.113915     0.110663     0.134824    0.0551466    0.0768592    0.0884647    0.0931664     0.081895     0.155476   -0.0102935    0.0143864  -0.00187927    0.0323963    0.0376057    0.0898104    0.0674999    0.0264225    0.0196819    0.0270091    0.0366343     0.123894    0.0833819  0.000470472    0.0163326    0.0544255    0.0899597
  -0.0271189    0.0281574     0.141871     0.118713    0.0912165    0.0483333    0.0211148  -0.00155256    0.0418926    0.0910664    0.0347939     0.121505    0.0290453    0.0243283    0.0994392    0.0199624    0.0191812    0.0811663  -0.00296043     0.132883    0.0841473    0.0922706    0.0902196    0.0665032    0.0834262    0.0544093    0.0354216     0.124728     0.104119     0.049382    0.0282359    0.0546478     0.014503     0.112379    0.0166094    0.0221024    0.0721666     0.131856   0.00247727    0.0492628     0.124676    0.0356186    0.0870986    0.0594247    0.0809438    0.0693233    0.0885547    0.0600193
   0.0399293    0.0627951     0.107957    0.0885683     0.120466   0.00229626    0.0638073    0.0468988    0.0973688     0.103766    0.0696987    0.0441266    0.0977147  -0.00144188     0.100702     0.105215     0.094025    0.0339464    0.0331687    0.0269823    0.0681792    0.0978701    -0.018521    0.0580097    0.0897698     0.111998   0.00577552     0.106826     0.027335    0.0241566     0.053045    0.0144971    0.0786215    0.0949344    0.0234742      0.10108    0.0179196   -0.0160749     0.112927     0.120857    0.0834821    0.0992973   -0.0186686     0.103588     0.130736    0.0652888     0.128642    0.0213841
   -0.141684    -0.103681    -0.140041    -0.114147    -0.156576    -0.113022    -0.127511    -0.161223    -0.114224    -0.141853    -0.143953    -0.145372    -0.145218   -0.0953615   -0.0840912   -0.0836823   -0.0919751   -0.0979243    -0.115269    -0.138551    -0.112704    -0.128823    -0.165663   -0.0811818   -0.0850375    -0.112928    -0.113756    -0.156507    -0.179994   -0.0767408    -0.129884    -0.111303    -0.165034    -0.164494     -0.10049    -0.128182   -0.0711405   -0.0902826    -0.116084    -0.120091   -0.0998577    -0.113541
   -0.109757    -0.160799   -0.0424894   -0.0817181    -0.107814     -0.17888   -0.0912204    -0.236072    -0.182524   -0.0618765    -0.133439    0.0569506    -0.136479   -0.0738085    -0.183179   -0.0631817    -0.127667     -0.04202    -0.223352   -0.0400799    -0.036992   -0.0912285    -0.133511   -0.0855895   -0.0185463   -0.0560255    -0.109631    -0.246555   -0.0624134     -0.12612   -0.0127973    -0.062911    -0.092112    -0.238284    -0.047654    -0.037919   -0.0117552    -0.168119   -0.0757578    -0.167136    -0.145344   -0.0842519
  -0.0635002    -0.188453      -0.1614    -0.156864     -0.21254    -0.190729   -0.0438005    -0.133749   -0.0854943    -0.120705    -0.116774   -0.0557505   -0.0993466    0.0143294   -0.0727045    -0.115527    -0.114254    -0.165274    -0.024186   -0.0629027   -0.0752429   -0.0474126   -0.0807105   -0.0844678    -0.167041   -0.0781841   -0.0644519    -0.130239   -0.0649032     -0.23919    -0.116532   -0.0680545   -0.0771703   -0.0285935    -0.135774   -0.0703239    -0.107179    -0.142262     -0.12104    -0.200544   -0.0987757    -0.122626
  -0.0431055    -0.104975    -0.119941    -0.169245   -0.0895203    -0.122189    -0.117879    -0.152924    -0.101664    -0.160265    -0.138463   -0.0559804    -0.135146   -0.0645994    -0.117782    -0.101006    -0.111465    -0.132305   -0.0800883   -0.0588697    -0.119375     -0.16005   -0.0765216   -0.0905442    -0.145151     -0.11932    -0.164832   -0.0797646   -0.0545614    -0.179805    -0.108117    -0.112383    -0.158212    -0.132562   -0.0386723   -0.0891387   -0.0679024   -0.0652923    -0.116692    -0.101649    -0.167399    -0.126372
  -0.0796879     -0.10705    -0.114563    -0.131425   -0.0579416   -0.0487057   -0.0490686    -0.123465   -0.0916012   -0.0863364   -0.0552498    -0.138463    -0.110048   -0.0118627   -0.0455853     -0.17641   -0.0448781    -0.155434   -0.0778731    -0.128931   -0.0971066    -0.180731   -0.0158476    -0.170874    -0.107688    -0.140343      -0.1319    -0.144069    -0.141952   -0.0732721      -0.1124    -0.159418   -0.0945977    -0.151677     -0.15283    -0.178827    -0.158564    -0.174646   -0.0849419    -0.166203   -0.0767197   -0.0616595
   -0.114229    -0.105124    -0.134148   -0.0960801    -0.106511    -0.135074    -0.119612    -0.105873    -0.158295   -0.0974054    -0.116875    -0.164462    -0.105824    -0.121517   -0.0735945    -0.120574    -0.129499    -0.135646    -0.164496    -0.105444    -0.106905   -0.0720473   -0.0893818    -0.176637   -0.0903145    -0.120891   -0.0655248    -0.106959    -0.148461    -0.099807    -0.136407    -0.152434    -0.142925    -0.106982   -0.0902735    -0.109349    -0.138619   -0.0840348    -0.173533    -0.117837   -0.0924936    -0.101838
  -0.0875918    -0.121559    -0.119243   -0.0952981    -0.126803    -0.102821    -0.076475   -0.0923436    -0.160636    -0.100559     -0.12563     -0.16877    -0.148047    -0.186823    -0.098054    -0.140182    -0.132184    -0.099789    -0.192887    -0.137331    -0.130388    -0.130383   -0.0910208    -0.135554   -0.0497721    -0.120342    -0.082137      -0.1384    -0.146672   -0.0408667   -0.0892713    -0.109953    -0.109121      -0.1335   -0.0999283    -0.147319   -0.0479239    -0.053587    -0.156535   -0.0729381    -0.124084   -0.0635313
  -0.0385678    -0.189228   -0.0690018   -0.0510545     -0.11967    -0.173044    -0.127426    -0.189392    -0.064414    -0.205838    -0.197249    -0.118222    -0.173435   -0.0082302    -0.102798     -0.11787   -0.0907889   -0.0792553   -0.0735667   -0.0204929    0.0134214   -0.0394802   -0.0511021    -0.112156    -0.128125    -0.126169    -0.059669    -0.101192    -0.106494    -0.184981   -0.0504387    -0.168325      -0.1948   -0.0946166   -0.0756889   -0.0286837   -0.0502362   -0.0202325    -0.147161    -0.184203    -0.134874    -0.168607
   -0.138633     -0.11308     -0.10911   -0.0812114    -0.160658    -0.148165   -0.0796054    -0.136564    -0.102148   -0.0718977    -0.157147   -0.0635818   -0.0894863    -0.116951   -0.0781815   -0.0727788    -0.148544    -0.126943    -0.114168    -0.105516   -0.0978683     -0.12516   -0.0826382    -0.152521     -0.19648    -0.132451    -0.166848    -0.154228    -0.138911     -0.19005    -0.109952    -0.088024   -0.0747881   -0.0847229    -0.165056   -0.0645609   -0.0500332    -0.151493    -0.125205    -0.160433   -0.0697104   -0.0610854
   -0.155998    -0.125997   -0.0633828   -0.0628913    -0.169198    -0.126913    -0.118922   -0.0507528     -0.14704    -0.186191    -0.177414     -0.11507     -0.14408    -0.148808   -0.0785199   -0.0821884    -0.147481    -0.118263    -0.155532  -0.00332949   -0.0688324    -0.140873    -0.147085   -0.0899304   -0.0835913   -0.0861009    -0.130855     -0.16223    -0.107071    -0.108673    -0.100947   -0.0846151    -0.110603    -0.141012    -0.113547    -0.145436   -0.0341437    -0.163447   -0.0994999   -0.0806163   -0.0765337    -0.082214
  -0.0968696     -0.11877    -0.147572    -0.160201   -0.0938228    -0.114296    -0.047498    -0.110724   -0.0712889     -0.12713    -0.113303    -0.119748   -0.0795197    -0.086097    -0.085567    -0.151775   -0.0995498    -0.162024    -0.133273    -0.144636   -0.0875922    -0.138422    -0.136207    -0.160988   -0.0655282    -0.068143    -0.168516    -0.153542    -0.161784    -0.110504    -0.135126    -0.152452   -0.0850302   -0.0686479   -0.0476753    -0.150054    -0.164356    -0.112071    -0.101251    -0.104225    -0.145611    -0.114899
  -0.0916764   -0.0794937     -0.13056    -0.143887    -0.109253     -0.12421    -0.170695    -0.108181    -0.135967    -0.143455    -0.170361    -0.138259    -0.142033    -0.133644    -0.157795    -0.134785    -0.122905    -0.101599    -0.114833    -0.137921    -0.110923   -0.0827887    -0.168237     -0.15299   -0.0773283    -0.105278    -0.144787    -0.141434    -0.155807    -0.155665    -0.133045   -0.0798067   -0.0829771    -0.113813   -0.0891912   -0.0865137   -0.0700402    -0.101953    -0.123573    -0.088012     -0.12031   -0.0877094
   -0.182055    -0.126832    -0.125904     -0.06939   -0.0931657   -0.0949185    -0.121245    -0.154008    -0.173005   -0.0966948    -0.101907    -0.119974   -0.0431078     -0.18737    -0.103221   -0.0590598   -0.0991689   -0.0696493    -0.135742    -0.074456    -0.161119    -0.071557   -0.0847094    -0.128259   -0.0923939    -0.153492   -0.0584105   -0.0309303    -0.166219   -0.0525367   -0.0660339    -0.130225   -0.0535263    -0.121397    -0.161576    -0.153868    -0.133333    -0.133946   -0.0571241    -0.114778     -0.15267   -0.0865818
   -0.172791   -0.0562493   -0.0837507    -0.127682    -0.128146    -0.108346    -0.138548    -0.107821     -0.12258    -0.138296    -0.151324   -0.0813692    -0.152693    -0.115031    -0.108079   -0.0976711    -0.105184    -0.142256     -0.15719   -0.0728485    -0.155988    -0.100512    -0.093777    -0.159177    -0.099908      -0.1307    -0.119641   -0.0562568    -0.168719   -0.0997823    -0.124728    -0.146149    -0.129317    -0.130572   -0.0751756    -0.157255    -0.127987   -0.0892848    -0.127813   -0.0703039     -0.10499   -0.0974614
   -0.134235     -0.11218     -0.14668   -0.0805285   -0.0931817    -0.137953    -0.099212    -0.104242    -0.141486    -0.112409   -0.0985741   -0.0967512    -0.076179    -0.107992    -0.184295    -0.091031    -0.149446    -0.107869    -0.122532    -0.120001    -0.121448     -0.11734    -0.155924    -0.139215    -0.108393    -0.156274   -0.0769338    -0.144807   -0.0924129    -0.112291    -0.130219    -0.177887      -0.1503    -0.169425   -0.0844557    -0.087877    -0.174699     -0.13062   -0.0826756   -0.0987401   -0.0902895    -0.099403
   -0.117432    -0.140957    -0.146012   -0.0586314    -0.101239    -0.120357   -0.0954399   -0.0681034   -0.0703515   -0.0958522     -0.10286    -0.174918   -0.0649709     -0.12403    -0.127539   -0.0979138    -0.151936    -0.154703    -0.141425   -0.0830252   -0.0674863   -0.0804759   -0.0839456     -0.12174    -0.186044    -0.124784    -0.118412   -0.0460381    -0.129442    -0.125633   -0.0583909    -0.114273    -0.155263   -0.0643619    -0.158032    -0.136373    -0.148633   -0.0814508        -0.15   -0.0216867    -0.117736    -0.171338
   -0.133975    -0.134398      -0.1759    -0.135321    -0.128514    -0.172106    -0.105325   -0.0619273    -0.148348   -0.0683391    -0.151707    -0.115345    -0.140086    -0.180036    -0.122067    -0.108122    -0.105104    -0.133758    -0.092986   -0.0734036    -0.105767    -0.140387    -0.142913      -0.1558    -0.110368    -0.124724   -0.0834659   -0.0891037   -0.0801163    -0.115603   -0.0656304   -0.0695808    -0.131822    -0.140418   -0.0712586   -0.0801861    -0.110563    -0.125189    -0.146227    -0.143817   -0.0737116    -0.117781
   -0.108092   -0.0958003   -0.0953751    -0.127428    -0.132012    -0.139924    -0.169649    -0.028322   -0.0511799   -0.0744204    -0.135662    -0.164438   -0.0591724    -0.117696   -0.0575196    -0.103922    -0.135095    -0.080075   -0.0871665    -0.150812    -0.124457     -0.18217     -0.14564   -0.0928244    -0.126872   -0.0601587    -0.191085    -0.122634    -0.104711    -0.112882    -0.149433   -0.0624419    -0.157905   -0.0714595   -0.0662403    -0.177104    -0.103671    -0.066114    -0.159723   -0.0858633   -0.0869074    -0.167018
  -0.0658161    -0.136527   -0.0566391    -0.112007    -0.156009     -0.17646   -0.0497742   -0.0980446   -0.0778711    -0.195031    -0.118365    -0.103192   -0.0841776     -0.12254    -0.114826    -0.136725   -0.0493192   -0.0384437    -0.120956   -0.0754182     -0.18425    -0.107113    0.0269521    -0.104134   -0.0785314    -0.145593    -0.166645   -0.0634838    -0.218605    -0.141043   -0.0533949    -0.178954    -0.162165   -0.0489529   -0.0282624   -0.0586477     -0.10547    -0.204797   -0.0292124    -0.223673   -0.0755722    0.0107188
  -0.0037777    -0.066062    -0.191355   -0.0955261   -0.0536675    -0.141174   -0.0302136    -0.157414    -0.103462     -0.21031    -0.146839    -0.135657    -0.113317  -0.00039642    -0.178381    -0.174377   -0.0495746    -0.121451   -0.0695678    -0.129564    -0.043482   -0.0583241    -0.118513   -0.0446475    -0.108261    -0.138014   -0.0305398    -0.170115   -0.0955907    -0.187327    -0.121958    -0.196051    -0.153401   -0.0963545   -0.0362792    -0.117481   -0.0249007    -0.138336   -0.0676232    -0.176755   -0.0124693    -0.163863
  -0.0784572   -0.0612122   -0.0788819    -0.117391      -0.1147      -0.1476    -0.135042     -0.12812    -0.118495   -0.0865855    -0.103438    -0.108327    -0.106179     -0.17274    -0.151161    -0.175734    -0.161971     -0.14221   -0.0391703    -0.189927   -0.0712796    -0.145216    -0.152012    -0.100688   -0.0604235    -0.126764   -0.0700504   -0.0514716   -0.0621269   -0.0669027    -0.170487    -0.105399   -0.0986631   -0.0377524    -0.057256    -0.104033    -0.140251    -0.105203    -0.137294   -0.0417581    -0.143968    -0.166471
   -0.166656    -0.125721   -0.0967067    -0.136128   -0.0711889   -0.0805216    -0.117468     -0.15838    -0.198767    0.0141527   -0.0992925   -0.0649256    -0.107891    -0.200078    -0.187418   -0.0269153    -0.070572     -0.15925   -0.0340228    -0.210612     -0.13295    -0.154752   -0.0265392   -0.0331673    0.0091097    -0.115469   -0.0640112   -0.0707599    -0.161662  -0.00482506    -0.157024    -0.101903   -0.0724648   -0.0112887    -0.144417    -0.167287    -0.191238   -0.0784871     -0.13749   -0.0350505    -0.171122    -0.119823
  -0.0548878    -0.151939    -0.134836    -0.160531   -0.0488473    -0.113738   -0.0485732    -0.135101   -0.0381806    -0.140477    -0.135498   -0.0928991    -0.110197    -0.155112   -0.0994109    -0.127329   -0.0720125    -0.092668   -0.0881109    -0.135503    -0.103302    -0.114979   -0.0751925    -0.153376    -0.150593    -0.195006   -0.0897114     -0.12482    -0.122935    -0.115993    -0.184507   -0.0937366   -0.0949575   -0.0642379    -0.158585    -0.117423   -0.0973411    -0.140223    -0.165755   -0.0247597    -0.144274     -0.11093
  -0.0453765    -0.153193    -0.189653    -0.117994   -0.0880189   -0.0494508   -0.0545453   -0.0814093    -0.108882   -0.0682688   -0.0882529    -0.133974   -0.0737782    -0.154477    -0.151533    -0.159312    -0.150018    -0.117406   -0.0762706    -0.145421    -0.107097   -0.0583488    -0.146432    -0.117205    -0.131663    -0.136988   -0.0960167   -0.0792091   -0.0755232     -0.11895    -0.145975   -0.0739377   -0.0712283    -0.135009    -0.169068    -0.127227    -0.120623   -0.0915758    -0.185703   -0.0294517    -0.149287    -0.165719
   -0.197052   -0.0408835   -0.0829968   -0.0939046   -0.0996765   -0.0864389    -0.153132   -0.0779903    -0.188639   -0.0843376    -0.153847   -0.0981871    -0.137794    -0.142778    -0.133369   -0.0928843   -0.0980294    -0.100484    -0.160338   -0.0674828    -0.180904    -0.131071    -0.169302    -0.153537    -0.055546   -0.0714901    -0.110834   -0.0814317    -0.159246    -0.133313    -0.150147   -0.0881066    -0.101799   -0.0877141    -0.134659    -0.168378   -0.0601873     -0.15504     -0.09554   -0.0783288   -0.0762819   -0.0775005
  -0.0952637    -0.127639    -0.135395   -0.0614246   -0.0495617   -0.0999773    -0.139583    -0.152294     -0.13834    -0.143987    -0.154452    -0.160182    -0.132263    -0.146355    -0.100152   -0.0411687     -0.15111    -0.104875   -0.0346745    -0.121298    -0.180308   -0.0698988   -0.0781603    -0.145403    -0.089429    -0.171537    -0.155845    -0.105208    -0.093443   -0.0444097    -0.151441    -0.107099    -0.122385     -0.07963    -0.159721   -0.0596377    -0.109635    -0.115959    -0.182691   -0.0364951   -0.0516047     -0.16448
   -0.110789    -0.119097   -0.0511433     -0.12643    -0.165636   -0.0996426    -0.110649    -0.166424    -0.178418    -0.137245    -0.142454     -0.11389   -0.0957054   -0.0911686    -0.123503    -0.095176    -0.160522    -0.162355   -0.0819918    -0.103668   -0.0752602   -0.0794586    -0.127503     -0.11956    -0.102103    -0.115839    -0.136148   -0.0756855    -0.129684    -0.111487    -0.118523    -0.116428     -0.07723    -0.123213    -0.157696   -0.0888835    -0.104189    -0.131235    -0.125963   -0.0904277    -0.118959    -0.148074
   -0.147538   -0.0936227   -0.0873714   -0.0962191    -0.104851   -0.0683769   -0.0668538    -0.138022    -0.085762      -0.1079    -0.131397     -0.15556     -0.16341    -0.130432    -0.148755    -0.076771    -0.163961    -0.161326    -0.059141   -0.0803454    -0.156764     -0.11313    -0.145168     -0.13908   -0.0970874    -0.126399    -0.119643    -0.104356    -0.148623   -0.0624566    -0.138789   -0.0781287    -0.105955    -0.140877    -0.119839    -0.120903    -0.105702    -0.173962    -0.154467    -0.135517   -0.0758136    -0.124887
   -0.188165    -0.111667    -0.102063   -0.0676136    -0.186275    -0.125252    -0.140602   -0.0977483    -0.158129    -0.148745    -0.147212    -0.151615   -0.0588591   -0.0879187   -0.0834535   -0.0508469    -0.132808   -0.0512332    -0.142512    -0.116567   -0.0915872   -0.0551849    -0.154841    -0.171744   -0.0855491   -0.0823541   -0.0670425   -0.0801845     -0.15134    -0.148605   -0.0718192   -0.0539843    -0.143808    -0.159421    -0.124865    -0.142992    -0.127198    -0.100311    -0.103356    -0.148687    -0.069099    -0.132482
   -0.212516   -0.0510037    -0.101391   -0.0803431   -0.0872417   -0.0990449     -0.16945   -0.0715975     -0.11483   -0.0530565    -0.127458   -0.0768542    -0.113164     -0.12506    -0.116873   -0.0900243    -0.131095    -0.120719    -0.186474    -0.130787    -0.125658     -0.21088    -0.149616   -0.0701338    -0.100928   -0.0590752    -0.184261   -0.0833497    -0.142879   -0.0428034    -0.128267   -0.0807115   -0.0840506   -0.0624805   -0.0731507    -0.203878   -0.0885175   -0.0975246   -0.0789401    -0.144341    -0.115366   -0.0762991
   -0.147578   -0.0605276    -0.151442   -0.0884757    -0.133763    -0.163109    -0.132069    -0.139653    -0.121446   -0.0450679    -0.183365   -0.0865426    -0.109732    -0.101748    -0.117678     -0.12913   -0.0694784   -0.0999846   -0.0731006    -0.136113     -0.15607    -0.166353     -0.09778    -0.112606   -0.0443698    -0.110435    -0.158648    -0.150406    -0.139952   -0.0447592    -0.115604    -0.077233    -0.123769   -0.0547809    -0.109327    -0.184119    -0.102723   -0.0599749   -0.0802147    -0.150221    -0.131553   -0.0990267
  -0.0774565    -0.208902    -0.145757     -0.13167    -0.104027   -0.0783205    -0.171955   -0.0591825    -0.106208     -0.14546   -0.0886533   -0.0877084    -0.206453   -0.0194401   -0.0946919   -0.0994743    -0.171005   -0.0464123   -0.0223873    -0.124143   -0.0881161    -0.139045 -0.000961115    -0.166548   -0.0314612   -0.0704029   -0.0572697     -0.19167   -0.0286842    -0.166418   -0.0658247   -0.0836477   -0.0843748    -0.031944    -0.218637    -0.149946    -0.195679    -0.144565    -0.058029    -0.147246    -0.101635   -0.0818269
   -0.077626     -0.15142   -0.0876286    -0.151287   -0.0827071    -0.152625    -0.116556    -0.165729    -0.128965   -0.0777419    -0.144094   -0.0592065   -0.0880003    -0.114697    -0.135454    -0.144871    -0.172049    -0.191018   -0.0651337   -0.0942942   -0.0606787   -0.0680323   -0.0781856     -0.10815   -0.0714696   -0.0836712   -0.0481216    -0.145243    -0.129945    -0.137112    -0.109935   -0.0970206    -0.123896    -0.146472    -0.141294    -0.112877   -0.0785255    -0.101844    -0.150517   -0.0858619    -0.191452    -0.120618
    0.035303     -0.14399    0.0369915    -0.183237    -0.017298   -0.0183006   -0.0212165   -0.0775957   -0.0376299   -0.0439865    -0.102241   -0.0604685    -0.124609  -0.00436438   -0.0700745    -0.124865   -0.0951631    -0.119576    0.0166611    -0.168983   -0.0317239    -0.145968   -0.0202647    -0.189212    -0.178634    -0.130219    -0.183673    -0.243453    -0.192346    -0.258383    -0.128336   -0.0577114    -0.112179   -0.0316063    -0.148296    -0.108873      -0.2068    -0.145385    -0.129994   -0.0944625   -0.0311096    -0.184321
  -0.0873406    -0.118902   -0.0821517    -0.190749   -0.0188804   -0.0994009    -0.213014   -0.0951535    -0.104248    -0.186891    -0.128156   -0.0760131    -0.138313  -0.00111235   -0.0564255   -0.0781496    -0.129214    -0.108828   -0.0711607   -0.0897114     -0.16894   -0.0966284   -0.0548083    -0.139112   -0.0513117   -0.0933175   -0.0689824    -0.170346   -0.0356722   -0.0832132   -0.0485224  -0.00656955    -0.119827    -0.111492    -0.209184    -0.113516    -0.191408    -0.149424   -0.0934264    -0.162083    -0.195395   -0.0433597
  -0.0865331    -0.129431    -0.161563    -0.132621     -0.17312    -0.149841   -0.0664933    -0.124588   -0.0896576    -0.117805     -0.13604     -0.13328    -0.126484   -0.0944357    -0.124396    -0.157606    -0.163999   -0.0905156   -0.0680342    -0.116969   -0.0534721    -0.110462   -0.0421849   -0.0807333    -0.055021    -0.124053    -0.102017   -0.0707436   -0.0773059    -0.137382   -0.0640422    -0.161757    -0.176618   -0.0611838    -0.108501     -0.11208    -0.151172     -0.12576   -0.0959649    -0.164913    -0.127638    -0.136221
