no weights
   0.0688487   -0.0384837    0.0512498    0.0274849     0.118303    0.0649973    -0.082745      0.09673    0.0255295    0.0993694     0.107753   -0.0200945   -0.0488582    0.0680792    0.0774917    0.0604828     0.122458    0.0351829   -0.0867065    0.0730325  -0.00618864    0.0545974     0.144602   -0.0893466   -0.0583016     0.088051      0.13399     0.161727     0.104587   -0.0721329  -0.00898639     0.115873     0.116263    0.0886952    0.0502228   -0.0475289   -0.0374026     0.202344    0.0811361    0.0850609     0.174505   -0.0697991    0.0976364    -0.111494   -0.0412988    0.0052352   -0.0759927    0.0483494
   0.0257372    0.0738846    0.0503204    0.0437698     0.102671    0.0995421     0.075892    0.0740183    0.0285128     0.047259    0.0572601    0.0954939    0.0633689     0.012662    0.0185593    0.0742764   -0.0306138      0.13045     0.116232    0.0742138    0.0456515   -0.0163671     0.125894     0.106361    0.0653574    0.0674464   -0.0131144    0.0555588    0.0260454     0.157264     0.130458   -0.0354006    0.0132018  -0.00153146    0.0419928     0.105994    0.0693085    0.0337399     0.011491    0.0757352    0.0807969     0.135244    0.0598953    0.0621541     0.087485     0.122341     0.140672    0.0939943
   0.0464108     0.019799    0.0645616    0.0236753    0.0474064   -0.0167245   -0.0128665       0.1026    0.0561048     0.109028    0.0091737    0.0206183     0.110852    0.0551762     0.127018      0.10995   -0.0435871     0.149278     0.015603      0.13471   0.00945341   0.00880249    0.0199785    0.0803744    0.0197334    0.0891364     0.153693    0.0810804   -0.0478696    0.0630456    0.0360847    0.0280523     0.127261     0.166422   -0.0233553  -0.00561856   -0.0141007     0.126491    0.0666268    0.0723108    0.0927665      0.07306    0.0467689     0.120733    0.0424791    0.0492729 -0.000134075      0.10481
   0.0701625    0.0869179     0.172045    0.0974597     0.135229     0.101156    0.0471746    0.0764625    0.0773707   0.00508636 -0.000269069     0.158352    0.0119646   0.00992712    0.0280144    0.0808782    0.0272971     0.081321    0.0775177    0.0500053     0.121592    0.0552932    0.0168708    0.0950502    0.0643767    0.0132112    0.0591888    0.0618579    0.0605904    0.0150853    0.0439737    0.0235996   -0.0233796    0.0209614   0.00816287     0.061355    0.0805624    0.0349322  -0.00758056    0.0701728    0.0210567    0.0915472     0.044498     0.154485    0.0593401     0.135269     0.114778    0.0191215
    0.141113  -0.00260949   -0.0160246   -0.0193876     0.124268     0.045874    0.0346438    0.0763067    0.0756011    0.0993935    0.0746292   -0.0258478     0.107923    0.0695525    0.0985912    0.0533111    0.0802115    0.0176637     0.105791     0.131394    0.0141001   -0.0694133    0.0940951    0.0216015    0.0751334     0.104446    0.0250587     0.133451     0.104963    0.0285595     0.111778   -0.0137958     0.164219    0.0415472    0.0963535    0.0200518   -0.0287856    0.0991181     0.016907   -0.0218885    0.0583075  -0.00753802     0.112569   0.00766772    0.0461941    0.0577364    0.0516788     0.117946
   0.0858418    0.0697654  -0.00734823    0.0289529     0.118254  -9.5827e-05    0.0654304  -0.00583671    0.0751899    0.0436038    0.0848531    0.0567192     0.180715    0.0121207    0.0847124  -0.00471699    0.0804932     0.101068    0.0434994     0.145136  -0.00753599   -0.0283392    0.0907711    0.0767815    0.0808376     0.089472     0.035346     0.139612    0.0365525   0.00251564     0.149304   0.00217592     0.127436    0.0987905     0.100323    0.0946799    0.0512431    0.0462667    0.0735002   -0.0121866     0.111859     0.076003     0.141177   0.00144101    0.0360364    0.0152143     0.132927    0.0551151
   -0.047975    0.0875422     0.148843    0.0743763    0.0318672    0.0285081   -0.0320812    0.0569916    0.0932216     0.103776    0.0426354   -0.0116563   -0.0126874    0.0139781    0.0858006    0.0219814    0.0310627  -0.00320279    0.0434627    0.0129376     0.102891   0.00312618     0.100178    0.0469423   -0.0119344   0.00630101     0.154804    0.0699242      0.13594  -0.00871534  -0.00377031    0.0979039    0.0660649     0.157084     0.152892    0.0085318    0.0429796     0.127501   -0.0076272      0.08118     0.210184   0.00717931     0.110948    -0.022157    0.0154871    0.0809886     0.103695    0.0772655
   0.0706729    0.0888965   -0.0193484    0.0646161     0.103976    0.0694854     0.115365     0.036748  -0.00433989    0.0213613    0.0697986    0.0273521     0.165534     0.103609   -0.0364317     0.065944    0.0550482     0.114629    0.0494366     0.146503    0.0445025     0.163062     0.141451     0.105904    0.0400905    0.0509773   -0.0230064     0.101957    0.0608595     0.108022    0.0611537    0.0352964    0.0412403     0.114135    0.0644986    0.0696843    0.0665559  0.000545034    0.0424847    0.0999604   0.00718794     0.145977     0.080491   -0.0301028    0.0909519    0.0320215    0.0620929    0.0802996
   0.0874567   0.00870628    0.0448566    0.0951401     0.105302     0.125774    0.0646363    0.0742786  -0.00201781     0.114843    0.0698989    0.0256305    0.0159176    0.0540826    0.0500507    0.0579586     0.154464    0.0502781   -0.0280127     0.109943    0.0676576     0.121051     0.132046    0.0403477   0.00746726    0.0853752     0.067571     0.144415    0.0637489    0.0256822    0.0619829      0.14109     0.124118    0.0912169    0.0521307    0.0739784    0.0554042      0.13139    0.0154429     0.058086     0.161315    0.0648248    0.0715133    -0.014229   -0.0380549   -0.0508581  -0.00861681    0.0864615
   0.0229509    0.0371062   0.00624967   -0.0478001   -0.0840622   0.00423156    0.0788624     0.100854    0.0780728    0.0591687    0.0518478   -0.0404021     0.155599    0.0384078    0.0878363    0.0625171   -0.0499891    0.0395219     0.144055     0.089573    0.0460703   -0.0526398    0.0791317    0.0596947     0.182879   -0.0180124    0.0564336    0.0182785   0.00466108    0.0550612     0.160572    0.0423334     0.143716    0.0209462   -0.0217236    0.0913076     0.122627    0.0699531    0.0497242   -0.0354141    0.0318751     0.100981     0.149657     0.130559    0.0363211    0.0839057       0.1365     0.174578
   0.0341906    0.0500939    0.0178266    0.0725865     0.116554    0.0474354    0.0740591   0.00825871    0.0446649     0.103819      0.10382   -0.0231065    0.0547313    0.0422679     0.110945     0.087344    0.0907198    0.0505851     0.118659     0.100847    0.0912646    0.0869021    0.0990105   0.00704897     0.117598    0.0403573     0.107265    0.0816306    0.0623163   0.00210885     0.138668    0.0718133    0.0945115     0.149718    0.0822199     0.036294     0.128752    0.0167208     0.121365    0.0728285    0.0866019    0.0412712     0.134217    0.0236955    0.0962033     0.109692    0.0553152    0.0846642
   0.0382813   -0.0133409    0.0920375  -0.00860257    0.0013698   -0.0171972    0.0472767    0.0798083      0.12882    0.0205247    0.0926209   -0.0145907    0.0147853   -0.0079826     0.105149    0.0604268    0.0569433    0.0764681   0.00194919    0.0270945    0.0634812    0.0447205  -0.00402114   0.00726054     0.022914  -0.00205477      0.15138    0.0295082   -0.0441401     0.084804    0.0440657    0.0253508     0.179099     0.102394    0.0362679   -0.0302858   -0.0251403     0.104862     0.192135     0.115957    0.0973895    0.0277189    0.0251688     0.131936    0.0670282     0.147891    0.0101286     0.027079
   0.0209494     0.102869    0.0688623     0.109639    0.0490799    0.0124066      0.05284    0.0682609   0.00946031    0.0607238    0.0296405    0.0518517     0.122938    0.0763243    0.0563016    0.0973589    0.0137729 -0.000182176    0.0807114     0.073302     0.097886    0.0771219    0.0632426     0.057761     0.129485    -0.020738    0.0124819  -0.00984421    0.0875653    0.0749463    0.0910996    0.0170615     0.105226    0.0499563    0.0771979    0.0834385     0.132054    0.0603316     0.022024    0.0480454     0.111546    0.0860588    0.0932157    0.0131444     0.105105    0.0997899     0.122815    0.0848084
  -0.0205599    0.0170528    0.0825821    0.0367527    0.0127675    0.0933917   -0.0145542    0.0447309    0.0793653    0.0313058     0.152262    0.0505957   -0.0244675   -0.0356376    0.0906546    0.0103273     0.227077   0.00789896    -0.154874     0.169528   -0.0186639     0.117748    0.0281076    0.0509822   -0.0686165    0.0842619     0.157995    0.0617026   -0.0104326   -0.0497994    -0.062043     0.166327     0.142403     0.129805    0.0790094  -0.00895851    -0.122554     0.194489     0.117455     0.106405     0.164259   -0.0320865   -0.0551986   -0.0717301     0.051158   -0.0106063   -0.0972814    0.0591401
   0.0850708     0.120918    0.0304851     0.108352    0.0652859     0.026386    0.0761538    0.0518633  -0.00213682    0.0865464    0.0620292    0.0734858     0.103328    0.0397244    0.0212533    0.0768221     0.128356    0.0881425    0.0655544       0.1418     0.071258     0.137142    0.0543755     0.107973  -0.00401912    0.0455805     0.098597    0.0546991    0.0816511    0.0261879    0.0394779     0.107088     0.107995     0.142706    0.0226405     0.137245    0.0186955    0.0832223    0.0568603     0.113411      0.05419     0.104634   0.00418334    0.0202265    0.0508756   -0.0443111    0.0672268    0.0199192
     0.11052     0.140358     0.128113     0.103838   0.00995534   -0.0369767     0.135349    0.0257053    0.0677741    0.0509818    0.0138558    0.0932583    0.0746423   -0.0142899    0.0114595    0.0324649   -0.0305576    0.0710018     0.108086     0.100582     0.103135    0.0756716    0.0277677    0.0711579    0.0480316    0.0904498    0.0704175    0.0516205    0.0319268    0.0565647     0.103116   0.00405789     0.102577  -0.00708046   -0.0438836    0.0243724    0.0378052    0.0598112     0.117427    0.0535035   -0.0361447    0.0513496    0.0694647     0.100683     0.155824    0.0978982    0.0736668    0.0750334
   0.0111409   0.00594703    0.0651012     0.138774     0.079058    0.0593694    0.0134214     0.025452    0.0371526     0.147884    0.0787074    0.0985944    0.0179164    0.0756096    0.0383525    0.0302529    0.0932245    0.0428303    0.0978627    0.0836036    0.0720271    0.0646851    0.0526295    0.0646398    0.0776628    0.0299232    0.0713205     0.102556     0.048917    0.0613939    0.0484343     0.057262    0.0616026    0.0721603    0.0469661    0.0972766    0.0394025    0.0797095    0.0518121    0.0844491     0.140998    0.0509914    0.0303098     0.101002     0.114911    0.0995164     0.137568    0.0966469
   0.0486869    0.0805587     0.112291    0.0314011     0.131785    0.0835442    0.0650144      0.10879    0.0894912     0.118735   0.00562663    0.0507963    0.0991447    0.0445135    0.0357723    0.0690506    0.0450306    0.0160953   -0.0223229    0.0865442     0.129198    0.0935272    0.0466326    0.0617385  -0.00464685    0.0614304     0.069479    0.0918721    0.0314553    0.0506887   -0.0317353    0.0830671    0.0495896    0.0406231   -0.0178742    0.0805486   -0.0255193      0.07583    0.0765495    0.0665941  -0.00058184    0.0489784    0.0320381    0.0963068     0.190282     0.159794    0.0505029     0.029569
     0.13744    0.0275634    0.0151864    0.0213141   -0.0147109   -0.0049028     0.090421   -0.0493243   -0.0700348   0.00878109      0.17473    0.0338235     0.123229    0.0129963  -0.00389305     0.100438     0.135105   0.00331376    0.0110964     0.059897   -0.0865387    0.0486114      0.07083    0.0127893  -0.00297045     0.105971    0.0988271    0.0851902    0.0821247  -0.00689617    0.0319454    0.0834812     0.034833     0.158528    0.0161693  -0.00818838  -0.00987511     0.126286    0.0428005    0.0764077     0.134609   -0.0668135     0.175862   -0.0983637   -0.0021684   -0.0553078   0.00137943     0.163926
  0.00421288     0.189493     0.215638     0.147906     0.130321    0.0212489   0.00841841    0.0678718    0.0945452    0.0607062    0.0252834     0.040811   -0.0201325    0.0301292    0.0630142    0.0819677    0.0577626    0.0718498   -0.0131473    0.0235342     0.095795     0.149473    0.0392561     0.102119    0.0100032    0.0964189    0.0914935    0.0250056    0.0206779    0.0788318   -0.0306852     0.110545    0.0597741  -0.00143059    0.0872843   -0.0151241   -0.0401586    0.0393262     0.121276     0.123611    0.0811528  -0.00375374   -0.0574708     0.116997     0.118599    0.0228747   0.00584136   -0.0761244
   0.0821981    0.0846593    0.0976717    0.0479681    0.0184249     0.133839   -0.0452772    0.0983312     0.109649    0.0133334    0.0769553    0.0479171     0.044255    0.0233631    0.0539552    0.0513203     0.138264    0.0659665  -0.00527843    0.0463911     0.128963    0.0998187     0.134292   -0.0479047   -0.0282515   -0.0351134     0.124275   -0.0300262   0.00396312   -0.0107005   -0.0245088    0.0997504    0.0716994    0.0356831     0.123149   -0.0292757  -0.00203529     0.171021     0.100983   -0.0069337     0.144733    0.0115096   0.00966725    0.0400904   -0.0376686    0.0450801    -0.032624    0.0841558
   0.0494459     0.142767     0.182116     0.138007     0.180183  -0.00387873     0.035784     0.048904    0.0345786  -0.00225137    0.0750767    0.0224084   0.00377702    0.0170215    0.0203737    0.0140503    0.0966002   -0.0260343  -0.00926526  -0.00635256     0.103587     0.129627    0.0464263   -0.0119191     0.022409    0.0356802     0.153079    0.0930174    0.0374393   -0.0130158   -0.0322282    0.0162041    0.0478563    0.0605574     0.106502   -0.0357879     0.110296     0.109647     0.116275    0.0523217    0.0688944  -0.00396189    0.0440167    0.0946677    0.0399171     0.111562    0.0624238 -0.000522091
    0.116434   0.00087302   0.00131554    0.0231716    0.0583926 -0.000762832   -0.0256762    0.0329468   -0.0102653     0.144624    0.0960242   0.00352618 -0.000543532    -0.024105    0.0210285    0.0782781    0.0933671  -0.00486329   -0.0718559    0.0784661   -0.0598546    0.0530628  -0.00965652   -0.0836301   -0.0343078    0.0672731    0.0754755     0.155074    0.0392933   -0.0726686   -0.0136615      0.14836    0.0762139     0.177283  -0.00424771   -0.0482761   -0.0439945    0.0539363     0.082579     0.106962    0.0872858   -0.0360852    0.0879473    0.0320949    0.0242225    0.0760662    0.0714532    0.0168772
    0.109269    0.0120317    0.0771954     0.132312    0.0748834     0.125997    0.0699931    0.0888482    0.0776176    0.0161599    0.0480865      0.12978    0.0417131     0.103772    0.0954856     0.115796     0.113246    -0.012783      0.11325   -0.0174365    0.0309373    0.0632202    0.0254494    0.0788678    0.0938178    0.0629777     0.095647   0.00291883    0.0222115    0.0718986    0.0479852     0.082497    0.0417389   0.00971434    0.0534725   -0.0039729    0.0972423     0.112551      0.11398    0.0759608    0.0686892    0.0211245    0.0280701     0.095238      0.15783     0.145868    0.0910039    0.0852535
    0.091412    -0.032914   0.00809451   -0.0154033    0.0448567   -0.0113361    0.0641912    0.0423213    0.0531838    0.0111988    0.0287813    0.0327603    0.0513515    0.0950225    0.0890216    0.0720986    0.0459051   -0.0234649    0.0792555   -0.0234468  -0.00657208     0.036538   -0.0812669    0.0879516    0.0112292     0.125989    0.0847635    0.0502916    0.0609576    0.0875264    0.0709941    0.0182325    0.0692223    0.0434058    0.0819933    0.0223238    0.0584952   -0.0884699    0.0794625    0.0304649   -0.0938934    0.0364552    0.0591785     0.156427     0.231326     0.173777    0.0801019    0.0242745
    0.033433    0.0513847    0.0711932    0.0451112    0.0195597     0.101736     0.084848    0.0196878    0.0481184   -0.0150192    0.0267951    0.0718756    0.0841505    0.0786486    0.0323505    0.0406142    0.0711254    0.0600702  -0.00058344     0.102641    0.0672055    0.0852847    0.0271159    0.0736086    0.0687711     0.094014     0.102685    0.0099033   -0.0304746     0.119356  -0.00326493     0.100713     0.144694     0.031432  -0.00273051    0.0801806    0.0981109    0.0598263      0.17443    0.0709237     0.059178    0.0792581    0.0402834    0.0900636    0.0857352     0.110451    0.0464486    0.0398055
    0.104789    0.0284236    0.0935651     0.120007     0.153281     0.048057     0.076107    0.0723174     0.071602  0.000338877     0.132984  0.000344184    0.0426813    0.0468792    0.0853999    0.0504972     0.137953   -0.0800727    0.0900436    0.0604342   0.00512973    0.0675118    0.0152134   -0.0539014   0.00602769     0.101038    0.0730626    0.0325797     0.123425  -0.00861584   0.00702806      0.12269     0.031834   -0.0208142    0.0472696   -0.0405408     0.117675    0.0220729     0.107552  -0.00782673    0.0901656    0.0597981    0.0271113     0.144685     0.149464    0.0936486    0.0525111    0.0458564
    0.143566     0.118426    0.0919729      0.16805     0.117727    0.0703224     0.116915 -0.000594373   -0.0272088    0.0502359    0.0152807    0.0883817    0.0276335     0.039524    0.0452017      0.11201    0.0209946   -0.0173868     0.174086   -0.0457336  -0.00845224     0.117428    0.0684281    0.0670982      0.16824    0.0484463   -0.0435399    0.0256669    0.0236499    0.0568127     0.160319    0.0287774    -0.102202   0.00395596    0.0247151     0.114748     0.166061    0.0234632    0.0111558     0.113752    -0.029943    0.0920098    0.0395572    0.0702856    0.0382039    0.0914825     0.184682    0.0521404
    0.183897    0.0266921    0.0477525   0.00108526    0.0972384     0.121039      0.13988    0.0993572    0.0831061   0.00322314     0.118115    0.0536238   0.00417383    0.0759902    0.0709416    0.0303793     0.166096   -0.0453556    0.0577748    0.0853802     0.109751     0.104935    0.0975496    0.0444841    0.0478748     0.113694     0.101152    0.0381935    0.0381028    0.0575797     0.022228     0.115371    0.0434878    0.0392269     0.105499    0.0580793    0.0455673    0.0925633     0.197556    0.0826207    0.0653874    0.0108259   -0.0119373    0.0808787    0.0506927    0.0108836   -0.0487077  -0.00212549
    0.116884    0.0548172   0.00548208     0.037009    0.0953682    0.0508973     0.158234    0.0636237     0.052111    0.0910225    0.0384944    0.0243245     0.103576    0.0761691    0.0937549    0.0613271  -0.00723288    0.0220292     0.155327  -0.00798048    0.0168258    -0.049396   -0.0551166     0.115293      0.18047     0.120327    0.0100076    0.0100638     0.120511    0.0483934     0.192882   -0.0107491   -0.0103848    0.0348025   0.00825411     0.108437     0.064734    -0.141647    0.0276701    0.0182818   -0.0782223     0.128606    0.0606153      0.15243     0.154125     0.142274     0.167979    0.0908904
 -0.00690486    0.0374142     0.146484      0.12923      0.13617    0.0459503    0.0242851    0.0293885     0.093714    0.0121701   0.00160112    0.0125185     0.016478   0.00698551    0.0443862    0.0813823     0.083912   -0.0152418   -0.0288899     0.103802      0.10853     0.137279    0.0333418   -0.0119673   0.00229151     0.110664    0.0911165    0.0614468    0.0253618    0.0413771   -0.0134303     0.114834     0.141223    0.0373295   -0.0243826   0.00425587  -0.00621272    0.0903714     0.106611     0.113774   -0.0303864    0.0342026   -0.0448829    0.0905372      0.16355     0.133083  -0.00270465  -0.00949901
   0.0848496    0.0636257 -0.000908307   -0.0164013    0.0106194   -0.0490755     0.108799     0.107525    0.0570375    0.0309526     0.116643    0.0442273     0.157392    0.0902146    0.0362261    0.0318745    0.0259299    0.0769783    0.0309167      0.13028     0.109013    0.0949628    0.0433275    0.0508516    0.0652486     0.120899     0.112843     0.107784  -0.00562181    0.0839749    0.0676303    0.0144214     0.137432   -0.0101646   -0.0320443    0.0561671     0.109642    0.0867675     0.114369    0.0397424    0.0218718     0.075554     0.058795    0.0223601    0.0814399    0.0200681    0.0652694    0.0792111
  0.00848553    0.0795317   0.00529799   -0.0156607    0.0877281   -0.0555425     0.138315    0.0944734     0.117975    0.0205919    0.0638307    0.0021157      0.14227    0.0629712    0.0708676    0.0768309    0.0627649    0.0824234     0.123414    0.0323849    0.0722512    0.0345055   0.00956486    0.0366496    0.0981845     0.081662    0.0493083    0.0721729    0.0166056    0.0503941     0.129106    0.0793939     0.122853    0.0294301    0.0948823    0.0190688     0.106721    0.0578332    0.0699436    0.0958785    0.0948979    0.0783829    0.0225672    0.0461827    0.0885578     0.085738     0.108687    0.0938939
     0.10834     0.024585   -0.0240672    0.0685165    0.0187528    0.0679445    0.0660591   -0.0176795   -0.0290459    0.0244121    0.0472255    0.0428712    0.0951166   0.00362085   -0.0266942     0.128143    0.0849141    0.0844582     0.115031    0.0756862   -0.0528545     0.088045  0.000294839    0.0048715    0.0327369    0.0971979  -0.00519941     0.147273   0.00304285    0.0345359    0.0820891     0.118771     -0.03801    0.0690934     0.051071    0.0317141     0.132608     0.147606    0.0625154     0.080997    0.0307997    0.0625669     0.131791   -0.0562917  -0.00186589  -0.00969944      0.09465     0.174114
  0.00320284    0.0571203     0.178775    0.0952567    0.0731657     0.151369   0.00876769    0.0610775     0.117007    0.0418622   0.00206468     0.131089   -0.0728042    0.0170665        0.119     0.138214   -0.0326198    0.0465812    0.0690676   -0.0465659    0.0457092    0.0114682    0.0651927     0.025213   -0.0167369    -0.064191    0.0963261    0.0179286    0.0153401    0.0994662      0.01151    0.0163695    0.0289033    0.0325842     0.094813     0.145832    0.0568619    0.0788463    0.0352601     0.105075   0.00358076     0.134764    0.0595378    0.0743663    0.0836534     0.126232     0.105698     0.101115
  0.00113822     0.103978     0.198545     0.126035     0.140927    0.0664952    0.0446619     0.123988     0.104194    0.0311924    0.0549847    0.0471707   -0.0200635    0.0709637    0.0424908     0.116317     0.115978   0.00358088    0.0142947  -0.00905193     0.117511    0.0984574    0.0639256   -0.0278253   -0.0547754     0.102382     0.167666    0.0542865    0.0392831  -0.00741478    0.0331179    0.0205576    0.0881337     0.100709    0.0173124  -0.00413553   -0.0169764     0.108249     0.140334     0.120408    0.0945395  -0.00901024    0.0323356    0.0497577    0.0591509    0.0230722  -0.00127016    0.0613705
   -0.043161    0.0649355     0.188763     0.165954    0.0584777    0.0783283   0.00337515      0.13049    0.0737051    0.0508475    0.0350274     0.145636   -0.0720303    0.0981375    0.0469294     0.023453    0.0751223    0.0993859  -0.00589337   -0.0540362     0.117744     0.060557    0.0529198    0.0726586      0.03942    0.0282444       0.1038   -0.0121809     0.109989     0.111639    0.0877808   0.00501361     -0.02456    0.0063793     0.118384    0.0753567   0.00468827    0.0806428     0.120997    0.0796439    0.0324077    0.0638568   -0.0257968     0.161068    0.0916308     0.146209    0.0409231   -0.0673558
    0.189013    0.0704006    0.0770989    0.0956136    0.0209222     0.181662    0.0701384   0.00758326    0.0971642    0.0251439    0.0272795    0.0414531    0.0584479     0.108721    0.0227723    0.0218764    0.0854722    0.0672389     0.112912    0.0765245    0.0245167    0.0665147      0.03028    0.0152488     0.132943    0.0428528    0.0986374  -0.00120527   0.00526855     0.117346     0.125604    0.0283757  -0.00940374   -0.0104952    0.0813286    0.0875019    0.0863169     0.124078    0.0412111    0.0370336   0.00100874    0.0912605    0.0864997     0.158279   0.00150999     0.022354    0.0900792    0.0759403
  0.00993916    0.0327065    0.0655412     0.137186     0.112703    0.0196325    0.0705637    0.0776998    0.0685989     0.115358    0.0367273    0.0798711  0.000170586    0.0532983     0.111382      0.11111    0.0755718    0.0639637   0.00941536    0.0747701    0.0267927    0.0715734    0.0165927   0.00621491    0.0607769    0.0291355  -0.00756518    0.0719394  -0.00909105    0.0588694    0.0250182    0.0876882     0.130301     0.102829   0.00960663    0.0176368  0.000962919    0.0938094     0.133356     0.112446    0.0324497    0.0375076   -0.0351806    0.0938217     0.225594     0.116475    0.0766589    0.0796009
      0.1075    0.0654194  -0.00603763    0.0184283    0.0503729    0.0265066    0.0966352    0.0660847     0.054356    0.0477995    0.0633734   0.00532116     0.169554    0.0858214    0.0337728     0.067524   0.00602434     0.054402     0.207338     0.086465     0.119319   -0.0528641     0.126858     0.121591     0.171641    0.0500151    0.0486655    0.0719166    0.0958022    0.0930602     0.194069   -0.0440762  -0.00330142    -0.024063    0.0324052     0.044802     0.115681    0.0390816  -0.00551085  -0.00528444    0.0149278    0.0459504     0.158594    0.0754554   -0.0355317  -0.00931947    0.0518064     0.106552
  -0.0646092    0.0343271     0.153874      0.13843    0.0911103    0.0483002  -0.00237126   -0.0118401    0.0330538    0.0963461    0.0167811     0.139295    0.0167378     0.017026    0.0877109    0.0166838    0.0060698     0.102347   -0.0213622     0.144615    0.0829449    0.0936953     0.107422     0.074403    0.0684124    0.0465991      0.03484     0.130299      0.11053    0.0512767   0.00923336    0.0527246   0.00213922     0.130965    0.0197913    0.0237167    0.0556449     0.147727   -0.0250884    0.0544244     0.137639    0.0367205    0.0846039    0.0368395    0.0685241    0.0616189    0.0827873    0.0583145
   0.0227277    0.0542755     0.109473    0.0886227     0.132957   -0.0216673    0.0634712    0.0512446     0.104153     0.120685    0.0654975    0.0294599    0.0795765  -0.00790162     0.103581     0.112048      0.08642    0.0165722    0.0234761    0.0182072    0.0656404     0.106398   -0.0539527    0.0570052    0.0858693     0.121691   -0.0219073     0.105806    0.0202054    0.0237765    0.0486633    0.0103791    0.0741227    0.0938505    0.0190621      0.10533   0.00437474   -0.0518842     0.126143     0.134679    0.0559947    0.0985424    -0.059034     0.111846     0.163711    0.0857936     0.152575   -0.0107881
   -0.169193    -0.101519    -0.143315     -0.10938    -0.172912    -0.117133    -0.134382    -0.161523    -0.121861    -0.141695    -0.148358    -0.148066    -0.144893    -0.103869   -0.0808201   -0.0818551   -0.0908969   -0.0975556    -0.130184    -0.132447    -0.121882    -0.130113    -0.179564   -0.0799859   -0.0794568     -0.10954    -0.115994    -0.151304    -0.186291    -0.070377    -0.127891    -0.112701     -0.16278    -0.167677   -0.0974411     -0.13334   -0.0631416   -0.0892559    -0.115613    -0.123044    -0.101441    -0.109601
  -0.0810427    -0.200575  -0.00035467   -0.0793811    -0.112596    -0.223081    -0.062124    -0.315365    -0.223676   -0.0452458    -0.143611     0.150326    -0.157884   -0.0184826    -0.220917   -0.0466581    -0.140401 -0.000653776    -0.298771   0.00736902   0.00567856   -0.0666186    -0.120358   -0.0712084    0.0335261   -0.0342663   -0.0905653    -0.335493   -0.0455327    -0.137888    0.0448191    -0.054251   -0.0880346    -0.340546   -0.0124133    0.0129283    0.0394265    -0.202527   -0.0416022    -0.218448    -0.169057   -0.0602661
  -0.0135354    -0.232274    -0.171052    -0.176228    -0.264937    -0.223099    -0.014653    -0.153946   -0.0626222    -0.158325    -0.117529   -0.0282772     -0.11221    0.0951981   -0.0562504    -0.125808    -0.116651    -0.177669    0.0144264   -0.0253481   -0.0357873   -0.0111241   -0.0497973   -0.0780264    -0.206281   -0.0623939   -0.0470153    -0.142503   -0.0384034    -0.310932   -0.0971234   -0.0661722   -0.0790573   -0.0143298    -0.142854   -0.0320733   -0.0940198    -0.150725    -0.118592     -0.24875   -0.0997812     -0.12948
 -0.00760932   -0.0997731    -0.122035    -0.178652   -0.0937046     -0.13366    -0.115114    -0.160816   -0.0893338    -0.184601    -0.149243   -0.0499545    -0.144482   -0.0386307    -0.117998    -0.114663    -0.117425    -0.138999   -0.0661732   -0.0413032   -0.0995352     -0.15873   -0.0697659   -0.0935447    -0.183397    -0.124552     -0.17564   -0.0759557    -0.043395    -0.211746    -0.107253    -0.128911    -0.179349    -0.131848   -0.0224078   -0.0677952   -0.0571151   -0.0621294    -0.118404     -0.11202    -0.175054    -0.131952
  -0.0311263    -0.119236    -0.114705    -0.161252   -0.0273636   -0.0237329   -0.0164155    -0.131477   -0.0618565   -0.0814581   -0.0368339    -0.138697    -0.105685    0.0367623   -0.0325642    -0.219201   -0.0322542    -0.173466   -0.0627847    -0.138148   -0.0902152    -0.197711     0.020278    -0.192333    -0.128456    -0.158474    -0.135009    -0.166556    -0.136837   -0.0814221    -0.125214    -0.176084   -0.0929645    -0.165691    -0.168122     -0.18973    -0.169709    -0.195337   -0.0801449    -0.174621   -0.0644448   -0.0538971
   -0.140857    -0.098441    -0.143793   -0.0890798    -0.116467    -0.144065    -0.127261   -0.0992714    -0.163767   -0.0988748      -0.1228    -0.174394    -0.102851    -0.143562   -0.0715195    -0.115649    -0.130408    -0.126311    -0.189693    -0.101431    -0.107801   -0.0698131    -0.106684    -0.179355   -0.0916086    -0.117326   -0.0623191   -0.0997407    -0.148212   -0.0965762    -0.128418    -0.153868    -0.149704    -0.115471   -0.0825733    -0.113784    -0.137591   -0.0791507    -0.175671    -0.119255   -0.0946327   -0.0999287
  -0.0949047    -0.118773    -0.127224   -0.0891715    -0.123363     -0.10741      -0.0775    -0.103362     -0.16996   -0.0988477     -0.12522    -0.181413     -0.15359     -0.21447    -0.110959    -0.148379    -0.124496    -0.101646    -0.229563    -0.147311    -0.156625    -0.135542    -0.100023    -0.130586   -0.0296798    -0.124654   -0.0720848     -0.13163     -0.15508     -0.01865     -0.08443    -0.117362    -0.109187    -0.141081   -0.0909838    -0.149543   -0.0356457   -0.0462138     -0.15862   -0.0701395    -0.127236   -0.0560766
   0.0076917     -0.23116   -0.0715373   -0.0287657    -0.149921    -0.211735    -0.122781    -0.220627   -0.0386584    -0.268627    -0.226678    -0.117487    -0.205825    0.0600382   -0.0855299    -0.127116    -0.092941   -0.0654947   -0.0654749    0.0256312     0.069866  -0.00156135   -0.0172173   -0.0924047     -0.15099    -0.121102   -0.0390081    -0.100421   -0.0775804    -0.235949   -0.0176584    -0.197406      -0.2371   -0.0947973   -0.0591814     0.010223   -0.0207134   0.00674032    -0.144826    -0.230762    -0.127805    -0.187661
    -0.13271     -0.10974    -0.107319     -0.08409    -0.174186    -0.149698   -0.0848558    -0.132531   -0.0973846   -0.0836979    -0.163873   -0.0617912    -0.088755    -0.103006    -0.072188   -0.0702005    -0.150112    -0.127198    -0.118139   -0.0919098   -0.0903471    -0.126655   -0.0974694    -0.163975    -0.234887    -0.128945    -0.190314    -0.157054    -0.137138    -0.214417     -0.10534    -0.084858   -0.0781841   -0.0903545    -0.169716   -0.0577534   -0.0405763    -0.154781    -0.123885    -0.162911   -0.0594157    -0.062348
   -0.174838    -0.119851   -0.0601454   -0.0554617    -0.191327    -0.138001    -0.123445   -0.0359824    -0.152978    -0.216755    -0.192633    -0.116812    -0.146615    -0.136344   -0.0690282   -0.0736399    -0.150156    -0.106018    -0.174517    0.0305256   -0.0658536    -0.136257    -0.169677   -0.0998064   -0.0907192   -0.0846661    -0.147837    -0.170764    -0.106467    -0.126622   -0.0864793   -0.0875528    -0.116898    -0.163822    -0.112034    -0.139731   -0.0152356    -0.172766   -0.0931595    -0.089188   -0.0628647   -0.0791644
   -0.115836    -0.113815    -0.143491    -0.161767   -0.0967619      -0.1069   -0.0436694    -0.104382   -0.0698634    -0.117937    -0.113301    -0.127583   -0.0732068   -0.0956376   -0.0802258    -0.151878    -0.103227    -0.174515    -0.132276    -0.147723   -0.0977552    -0.148152    -0.153997    -0.167823   -0.0708974   -0.0675084    -0.185117    -0.150167    -0.174672    -0.104648    -0.147778    -0.155867   -0.0791653   -0.0608717   -0.0405352      -0.1583    -0.167815    -0.112747    -0.105212   -0.0979682    -0.145105    -0.120084
   -0.117421   -0.0712123    -0.133793    -0.137089    -0.117707     -0.12387     -0.17715    -0.103067    -0.143757    -0.137151    -0.170857    -0.144055    -0.136457    -0.160168    -0.157685     -0.12781    -0.121807   -0.0990642    -0.133856    -0.136513     -0.11917    -0.084139    -0.186282    -0.157493   -0.0789208    -0.103308    -0.150041    -0.135135    -0.165378    -0.150188    -0.131274   -0.0773213   -0.0823887    -0.117917   -0.0843292   -0.0925085   -0.0637149    -0.100029    -0.123568   -0.0828997     -0.11447   -0.0861466
   -0.232557    -0.118396    -0.138872   -0.0549654    -0.102014   -0.0984839    -0.129835    -0.167074    -0.214028   -0.0785369   -0.0994619    -0.126756   -0.0297676    -0.239706    -0.122739   -0.0415963    -0.100585   -0.0694225    -0.167064   -0.0679167    -0.190108    -0.056589    -0.101378    -0.120138   -0.0748371    -0.161042   -0.0424104 -0.000731144    -0.193071   -0.0167039   -0.0589016    -0.140038   -0.0380388    -0.133795    -0.162484    -0.158542     -0.12638    -0.132181   -0.0479604    -0.104104    -0.158667   -0.0687158
   -0.214142   -0.0419685   -0.0831531    -0.114775    -0.133297    -0.102333    -0.149897    -0.103664    -0.138731    -0.126886    -0.155654   -0.0868622    -0.145366    -0.156401    -0.107986   -0.0857388    -0.103755    -0.140725    -0.172345    -0.072162    -0.177657     -0.10418    -0.112398     -0.15604   -0.0873512     -0.12782    -0.123751   -0.0408783    -0.181507   -0.0798185    -0.132341    -0.144869    -0.125733    -0.130517   -0.0647511    -0.170525    -0.118956   -0.0807302    -0.127644   -0.0593791    -0.104987   -0.0909601
   -0.148365    -0.110891    -0.155292   -0.0773386    -0.093221    -0.142196    -0.103906    -0.103395    -0.147503    -0.106001   -0.0974375    -0.106945   -0.0734946    -0.129156    -0.191727   -0.0861315    -0.152543    -0.106838    -0.130399    -0.124967    -0.122393    -0.115919    -0.165703    -0.140566      -0.1117    -0.159792   -0.0753399     -0.13854   -0.0973084     -0.10718    -0.129959    -0.180807    -0.153967    -0.170611    -0.086981   -0.0912891    -0.182372     -0.12673   -0.0863379   -0.0923931    -0.091239    -0.105126
    -0.11786    -0.142092    -0.162628   -0.0541009    -0.098068    -0.119358    -0.101928   -0.0570244   -0.0621309   -0.0920935   -0.0940443    -0.199439   -0.0581454    -0.144413    -0.127513    -0.089893    -0.165483    -0.159788    -0.142027   -0.0839143   -0.0586118   -0.0742583    -0.101763    -0.130251    -0.213659    -0.130787    -0.119876   -0.0298673    -0.123502    -0.127508   -0.0595143    -0.114234    -0.163767   -0.0600335    -0.170984    -0.134874    -0.165203   -0.0684963    -0.170088   0.00231071    -0.116894    -0.189029
   -0.169967    -0.123145    -0.189745    -0.126853    -0.141097    -0.179734    -0.111289   -0.0561923    -0.156501   -0.0603445     -0.15156    -0.123314    -0.131519    -0.213498    -0.124556    -0.102873    -0.103216    -0.127135    -0.126191   -0.0684988    -0.112227    -0.137498    -0.171426    -0.155324    -0.109624    -0.121178   -0.0836744   -0.0743706   -0.0850449    -0.103246   -0.0581597    -0.072117    -0.130364    -0.150487   -0.0606775   -0.0824621   -0.0999509    -0.118512    -0.146062    -0.138061   -0.0737544    -0.110414
    -0.13206    -0.073304   -0.0929833    -0.121204    -0.126787    -0.129343    -0.189193  -0.00152591   -0.0371059   -0.0474694    -0.131415    -0.181621   -0.0486427     -0.13871   -0.0455222   -0.0940426    -0.134983   -0.0857157   -0.0829725    -0.179211    -0.122947    -0.217431    -0.181738   -0.0973896    -0.137559   -0.0489934     -0.21978    -0.109081   -0.0974578    -0.100349    -0.172913   -0.0435905    -0.156917   -0.0497927   -0.0626846    -0.204401    -0.116876   -0.0451137    -0.179453   -0.0527176    -0.083295    -0.188379
  -0.0307645    -0.150157   -0.0442204     -0.10457    -0.177153    -0.211256   -0.0261337    -0.102033   -0.0844547    -0.250755    -0.117066   -0.0947168   -0.0909858    -0.101343    -0.115755    -0.147459    -0.033389   -0.0130468    -0.125538   -0.0474058    -0.211845   -0.0884575    0.0899919    -0.108574   -0.0649047    -0.171972    -0.176745   -0.0545725    -0.258945    -0.153318   -0.0166684    -0.213565    -0.181244   -0.0493655  -0.00443938   -0.0328676   -0.0961078    -0.253548    0.0111692    -0.292068   -0.0484165    0.0565243
   0.0620488   -0.0686592    -0.221038    -0.090215    -0.046373     -0.15347    0.0096431    -0.175186   -0.0860071    -0.271939     -0.15568    -0.137863    -0.117519    0.0688512    -0.192582    -0.208013   -0.0340786    -0.115981   -0.0539588    -0.109355   0.00248936   -0.0342053    -0.103115   -0.0256643    -0.127943      -0.1536  -0.00581655    -0.190903      -0.0834    -0.234078     -0.10586     -0.24249    -0.183526    -0.116061    -0.012991   -0.0900516    0.0185091    -0.155886   -0.0575905    -0.217514    0.0185067    -0.179034
  -0.0825377   -0.0433082   -0.0756442    -0.134307   -0.0892827    -0.138569    -0.153772    -0.109578    -0.107108   -0.0435572   -0.0909527    -0.120956   -0.0929747    -0.206953      -0.1572    -0.188078      -0.1704    -0.163354   -0.0135515    -0.240519   -0.0755984    -0.188261    -0.175553   -0.0936265   -0.0539702    -0.124707   -0.0750088   -0.0291957   -0.0530335   -0.0384316     -0.20876   -0.0902147   -0.0905205   -0.0115946   -0.0417717    -0.125878    -0.169292   -0.0790755    -0.154147 -0.000259083    -0.169095    -0.186811
   -0.215178    -0.112201   -0.0999687    -0.134791   -0.0460639   -0.0707437    -0.137622    -0.165468    -0.241856    0.0798559   -0.0847967    -0.060876    -0.089765     -0.27402    -0.223046  -0.00127072   -0.0728278    -0.168976   -0.0179651    -0.273629    -0.166736    -0.173221   -0.0196804   -0.0139461    0.0608542    -0.119994   -0.0474642   -0.0357613      -0.1821    0.0578325    -0.186187   -0.0889488   -0.0449497    0.0161878    -0.155323    -0.209908    -0.229972   -0.0550392    -0.139254   0.00681791    -0.201685     -0.12428
  -0.0351272    -0.152963    -0.148467    -0.171334   -0.0250022    -0.101089   -0.0322863    -0.139361   -0.0274708    -0.128657    -0.124075    -0.102125    -0.102916    -0.169118    -0.103948    -0.145508    -0.073685    -0.108113    -0.079087    -0.154556   -0.0962822     -0.11838   -0.0716361    -0.156968     -0.15749    -0.219639   -0.0827519    -0.123003    -0.114404    -0.106832    -0.217152   -0.0932027    -0.084483   -0.0663279    -0.174756    -0.124506    -0.107972    -0.144235    -0.181402  -0.00166366    -0.151796    -0.114897
  -0.0219496    -0.154409    -0.215342    -0.127623   -0.0606672   -0.0306391   -0.0403574   -0.0739428   -0.0950258   -0.0611814   -0.0751539    -0.151499   -0.0671416    -0.176253    -0.156999    -0.178945    -0.148548    -0.138616   -0.0551032    -0.170965    -0.105102   -0.0549334    -0.143549    -0.121407    -0.134566    -0.156731   -0.0877107   -0.0751336   -0.0641049    -0.112198    -0.178952   -0.0683455   -0.0575533    -0.125046     -0.19467    -0.134625    -0.135637   -0.0898101    -0.210373  0.000189843    -0.155374    -0.175961
   -0.256248   -0.0192141   -0.0815595   -0.0756832    -0.114544   -0.0819842    -0.166285   -0.0725932    -0.212019   -0.0709343    -0.160323    -0.103563    -0.126651    -0.185271    -0.131238   -0.0782849   -0.0914982   -0.0965603    -0.194025   -0.0588949     -0.20917    -0.135031    -0.202275     -0.14855   -0.0417978   -0.0651989    -0.116978   -0.0607732    -0.179127    -0.106822    -0.151665   -0.0871992   -0.0920704   -0.0939402      -0.1188     -0.18149   -0.0404914    -0.148672   -0.0883441   -0.0685111   -0.0714215   -0.0620023
  -0.0935315    -0.127534    -0.133723    -0.053741   -0.0442453   -0.0899628    -0.140982    -0.153823    -0.140347    -0.149425    -0.156942     -0.18134    -0.138203    -0.167766   -0.0993607    -0.030568    -0.161544    -0.118028   -0.0204996    -0.119725    -0.201385   -0.0677346   -0.0851867    -0.150349   -0.0880786    -0.182595    -0.161042   -0.0963324    -0.101644   -0.0306203    -0.165863    -0.103315    -0.123057   -0.0708069    -0.172727   -0.0598599    -0.112188     -0.11526    -0.204078   -0.0158207   -0.0480374    -0.172713
    -0.11992    -0.114437   -0.0438399    -0.129376    -0.176398    -0.099653    -0.109894    -0.167356    -0.181473    -0.137998    -0.147058    -0.114151   -0.0944914   -0.0900915    -0.120538   -0.0960866    -0.160683    -0.174271    -0.076513    -0.102938   -0.0822709   -0.0856988    -0.144412    -0.122228    -0.122161    -0.115854    -0.156983   -0.0717821    -0.136215    -0.115744    -0.130479    -0.119951   -0.0747663      -0.1163    -0.155734    -0.086989     -0.10279     -0.13447    -0.125616   -0.0880781    -0.115088    -0.149421
    -0.14085    -0.095858   -0.0807692   -0.0960614    -0.101447   -0.0624083   -0.0593776    -0.140826   -0.0836361    -0.111614    -0.132298    -0.168145    -0.167356    -0.136375    -0.149172   -0.0760589    -0.168683    -0.175459   -0.0412858    -0.085731     -0.16754    -0.114402    -0.144939    -0.144888    -0.103644    -0.136963    -0.126058    -0.104536    -0.157747    -0.058089     -0.15638   -0.0803715    -0.107308      -0.1333    -0.130666    -0.119228    -0.115211    -0.178918    -0.168555     -0.12618   -0.0707246    -0.132468
    -0.22191    -0.102118     -0.11091   -0.0560031    -0.210346    -0.133069    -0.147908   -0.0888616      -0.1673    -0.153763    -0.157548    -0.161649   -0.0506448    -0.105348   -0.0796819   -0.0418611    -0.130804   -0.0362278    -0.174981    -0.106108   -0.0975141   -0.0476826    -0.174297    -0.177798   -0.0879024   -0.0746434   -0.0672873   -0.0740602     -0.15931    -0.149348   -0.0569706   -0.0501977    -0.149429    -0.177277    -0.113617    -0.145497    -0.115572    -0.105579     -0.09893    -0.158789    -0.058614    -0.124247
   -0.283428   -0.0172403   -0.0986662    -0.059799   -0.0909118    -0.090535    -0.204642   -0.0586532    -0.137355   -0.0203863    -0.135689   -0.0775985    -0.103581    -0.176405    -0.115035   -0.0756287    -0.122524    -0.117423    -0.215741    -0.153776    -0.154223    -0.247934    -0.179648   -0.0536212   -0.0671001   -0.0415672     -0.19733   -0.0552694    -0.146136   0.00232692    -0.148684    -0.071034   -0.0723401   -0.0543388   -0.0554843    -0.248983   -0.0758603   -0.0706591   -0.0777563    -0.121423    -0.126844   -0.0665583
   -0.199658   -0.0342587    -0.146914   -0.0748472    -0.129624    -0.153803    -0.153017    -0.128344    -0.136057   -0.0124122    -0.185212   -0.0900499   -0.0998574    -0.147395    -0.121447    -0.116815   -0.0628124   -0.0996154   -0.0801781    -0.167347    -0.178452    -0.197757    -0.120111    -0.100944   -0.0188358   -0.0987054     -0.16981    -0.130426    -0.149763  -0.00995232    -0.140151    -0.068912    -0.115209    -0.038255   -0.0922162    -0.218411    -0.102401   -0.0385543   -0.0823527    -0.127368    -0.137993    -0.100331
  -0.0338215     -0.24682    -0.140162    -0.165997    -0.092204   -0.0664598    -0.200319   -0.0379565   -0.0856091    -0.186699   -0.0835426   -0.0823319     -0.24164    0.0496869   -0.0751031    -0.108721    -0.182202   -0.0302198    0.0264799    -0.119714    -0.092417    -0.138769    0.0590176    -0.176385   -0.0128034   -0.0648794   -0.0327517    -0.223539   0.00853546     -0.18005   -0.0410011   -0.0646266   -0.0838637  -0.00836957    -0.281126     -0.14447     -0.23916    -0.171388   -0.0428639    -0.181026    -0.116973   -0.0604855
  -0.0640653      -0.1608   -0.0962528    -0.166241   -0.0681579    -0.146013     -0.11618     -0.17532    -0.129153   -0.0716562    -0.135429   -0.0455172   -0.0914965    -0.112587    -0.143797    -0.156287    -0.177418    -0.208685    -0.057675    -0.106313   -0.0512028    -0.062296    -0.074445    -0.107302   -0.0647197   -0.0868659   -0.0353981    -0.154181    -0.115308    -0.134319    -0.120561   -0.0982982     -0.11552    -0.158304    -0.161914    -0.116115   -0.0832491    -0.104129    -0.163091   -0.0762445    -0.216313    -0.129117
    0.152204    -0.152477       0.1274    -0.227085    0.0379188    0.0321437    0.0439859    -0.062168    0.0156791 -0.000427953   -0.0869464   -0.0174531    -0.130553    0.0922603    -0.051535    -0.139973   -0.0895723    -0.127085     0.106183    -0.209773     0.019587    -0.157776     0.047996    -0.234488    -0.234002    -0.123937    -0.232199    -0.353102    -0.223548    -0.351885    -0.140646   -0.0245911    -0.109479   0.00441582    -0.170579    -0.097199    -0.272325     -0.17147    -0.138777   -0.0850328    0.0160838    -0.245348
  -0.0443372    -0.150661    -0.080457    -0.230322   0.00940313   -0.0800122    -0.259988    -0.076703   -0.0860002    -0.219588    -0.129438   -0.0623321    -0.167709    0.0638188   -0.0429082   -0.0741831    -0.143044   -0.0944038    -0.032084   -0.0857056    -0.175765   -0.0946321   -0.0100861    -0.150505   -0.0283541    -0.082312   -0.0448797    -0.212935  -0.00141911   -0.0993933   -0.0190999    0.0280108    -0.114212    -0.102105    -0.274096    -0.106437    -0.238672    -0.176434   -0.0782646    -0.188365    -0.225487   -0.0194911
  -0.0820238    -0.142926    -0.174471    -0.123264    -0.192507    -0.168654   -0.0631688    -0.138498   -0.0927451     -0.13542    -0.142544    -0.141085    -0.133929   -0.0850827    -0.131495    -0.160792    -0.164291   -0.0855018   -0.0692967    -0.110658   -0.0425779   -0.0965775   -0.0274747   -0.0714523   -0.0486738    -0.122522   -0.0898531   -0.0678205   -0.0818514    -0.143145   -0.0562926    -0.177551    -0.194071   -0.0602405   -0.0968939    -0.104502    -0.147469    -0.122445   -0.0953575    -0.190729    -0.127992    -0.145184
