no weights
     1.37306     -0.33213      -0.8309    -0.119238     0.703387     0.261853    0.0825875    -0.139326    -0.627708   -0.0423794     0.452741    -0.491411     0.220372    -0.503248    -0.433496    -0.611272  -0.00243509      1.04976      1.28693    -0.786775     0.481335     0.955259    -0.594935     0.381053     0.728986     0.746995     0.982157     -0.35919    -0.439992    0.0518828    -0.548372     -0.46509     0.555994     0.401701    -0.263632    -0.173072     -0.18499      0.73176     0.248511   -0.0404769     -0.44838      1.32216      1.06106    -0.423873    -0.906995    -0.238626   -0.0601696      1.02343
    -0.43026      1.06237    -0.817223     0.256105   -0.0117642      1.51471   0.00116664     -0.83022     0.165444    0.0959324     0.903381    -0.229866    -0.572866     0.227003    -0.899438    -0.814998     -0.21931      1.05956    -0.841986   -0.0185357     0.211548    -0.815684      1.09608     0.184395      0.57793     0.592478    -0.160262    -0.734048     0.885502     0.615998    -0.611659      0.38085     0.298814     -0.51269      0.40106    -0.521426    -0.371195     0.554719    -0.731991      0.88999     0.466794     0.189099    -0.726946     0.768772    -0.502302     0.224533    -0.010165      1.14708
     1.02345     0.754258    -0.364115    -0.052594    -0.285545      0.34793     0.693144      0.57407     0.350227    0.0229555    -0.311223      1.21078    0.0449108     0.934069    -0.246923     0.835547    -0.656818     0.256562      0.29976     0.969767      1.00085     0.644446    -0.247663      1.09645     0.229391    -0.119743    -0.653797    -0.808909     0.922503     0.492762     0.170184     0.146694     0.958669     -1.00127     0.552775    -0.411304     0.324382     0.745262     0.952942    -0.631183    -0.295529    -0.901914      1.62992     -1.03123      -1.5326      -1.1225     -1.47393    -0.148597
      1.2513     0.394467      0.26238    -0.367477    -0.798515       1.4369    -0.278391    -0.401685     0.160309    -0.595384    -0.257571    -0.800591   -0.0473951    -0.800245    -0.528031    -0.572071    -0.803851    -0.483429     0.677459     0.662343     0.639416     0.103296     0.451341   -0.0931274     -0.30687     -0.73519    -0.915594    -0.755258    -0.748169     0.629477     0.452251      1.25357   -0.0934451     0.997569     0.113551    -0.122845    -0.979109    -0.555084     0.486524     0.011532     -0.42155    -0.790547     -1.04273      1.28587   -0.0109842    -0.806526    -0.036583     -1.29942
    0.583923    -0.695108       1.0249      0.25515     0.112619    -0.435836    -0.241967    -0.284629    -0.712513   -0.0012526   -0.0727855    -0.837974     0.853662    -0.593109    -0.385077   -0.0819639     0.335736    -0.549305     0.196537    -0.140976     0.388807     0.879874     -1.21173    -0.144095     0.292598      1.00712     0.512092      1.18712     0.142692    -0.999612    -0.808916     0.407165     0.516092    -0.565353    -0.109324    -0.133142    -0.474202      0.40676      1.04015    -0.551772    0.0522223   -0.0498201     0.833694     -1.16047    -0.452194    -0.565822     0.188745     -1.07913
     -1.1771     0.232967      1.07277    -0.629068    -0.445494    -0.450026    -0.511313     0.485195     -1.01282     -1.08652   -0.0512884    -0.753021     0.705637     -0.45554     -0.46402    -0.602209     0.385585    -0.568817     -1.10912    0.0428565     0.839784      1.21761      0.73863     0.106245     0.665558    -0.805273     0.997913    -0.728993    -0.756896    -0.887889     0.683525      1.70819    0.0373757     0.391857    0.0869354     0.318495    -0.511834     0.902125      1.08588    -0.720703     0.841245     0.334052     0.796403    -0.635405    -0.906456      0.89367     0.863505     0.302787
   -0.375702    -0.472722     0.162636   0.00753053     0.454125    -0.779724     0.549627    -0.300244      -0.4809     0.624188     0.363474     0.368737     0.233194     0.427802    -0.996294    -0.538647     0.239557     0.223837     -0.50351    -0.233435     0.177645   -0.0643825    -0.140883      0.45583     0.109995    -0.387525    -0.573948     0.502911      1.10413     0.386102   -0.0808076    -0.864495     0.745733     0.494543     0.779623      1.09383      0.20347     0.194358     0.578013    -0.569415    -0.367708     0.927769       -1.172     0.486565      1.06526    -0.364064     0.579628      -1.4729
    0.275728      0.28285    -0.429467     0.251249     -1.08554    -0.810444     0.329925     0.687782    -0.402164 -0.000401115    -0.444505   -0.0169714     0.102291     0.264934     0.372032    -0.531189    -0.459213     0.498833    -0.615883    -0.293247    -0.358204       0.3629     -1.09235    -0.546972     0.959968     0.588631     0.624686     0.411137     -0.15164     0.203798    -0.572721     -1.04768     0.113622     0.920065     0.181949   0.00423386    -0.819363     0.833319      0.66722     0.164643      1.34964    -0.622646    -0.509448     -1.26339     0.201578    -0.917855     -1.02328     0.279217
   -0.256981    -0.360619     0.315703    -0.612553    -0.171651       1.5996     0.900988      0.75058     0.343561      1.08573   -0.0368999     0.597079     0.680764     -1.19069    -0.438502     0.146284     0.959133   -0.0126331     0.219823    0.0805494     0.196522     0.724132    -0.557894    -0.821033     -1.14315   -0.0263387     0.593049    -0.382456     -0.82677     0.502239      -1.0434    -0.093691    0.0171274     0.156514     -0.24715     -1.20378     0.135087     0.158058    -0.119293     -1.02091   -0.0673366    -0.802832     0.575911     -0.24945      0.73953    -0.117205     0.996324     0.364964
     0.39182     0.474244     -0.33674     0.854989     0.466464    -0.333423     0.238687     -1.03658     0.729258    -0.380722     0.107966      -1.2078     0.019564      1.33833    0.0558978     0.856357    -0.758942     0.239945     0.240422     0.560599    -0.348661     -1.12848    -0.173173    0.0438464    -0.560215    -0.143253    -0.819396      1.11451    -0.039821     0.559629      1.06713    -0.711473     0.164547     -1.48676     -1.06901    -0.620697     0.735823     -1.10559     0.170381    -0.690678     -1.04411     0.309909    -0.608495      0.35059    -0.416538     -1.26117     0.611753     -1.75943
   -0.189496    -0.153785    -0.258433     0.405657     0.593002   -0.0996295     0.712021    -0.626786    -0.646873    -0.704799     0.762122      0.40261    -0.314963      1.15029    -0.778301     0.185086    -0.120732    -0.245688     0.478858     -1.35812    -0.497867     -1.25647    -0.792153    -0.132504    -0.117942     0.215331     0.693404   -0.0550028     0.687763    -0.344325    0.0319975     0.257966     0.488041      1.13211     0.288222     0.258711    -0.497421     0.451644     0.376617     0.207284    -0.204106     0.119902    -0.404132     0.395135    -0.616289     0.140442     0.121552      1.47318
    0.384916    -0.545761   -0.0801209      1.23972     0.889897     0.927869    -0.405572     0.643823    -0.304023     0.167262     0.930334    -0.982683     0.361159    -0.858099     0.442557    -0.102064    -0.174715     -1.21395     -1.11497     0.273682     0.959738    0.0203286    -0.056634   -0.0364431    -0.362357     0.869974    -0.643814     0.652491      0.93515     0.967679    0.0551565      1.09949    0.0581042    -0.515098     0.884344     0.137712    -0.745676     0.559176    -0.492534  -0.00405126     0.889552      0.87729     -1.05937     0.287624     -0.91445    -0.173343     -0.82746    -0.694321
     0.59976    -0.260194   -0.0797043     0.260219   -0.0792022      0.31347   -0.0679685     0.327606     0.320524     0.112257    -0.202246    -0.454112     0.228292    0.0231374     0.642925     0.716465    -0.969344    -0.401334     0.741884    0.0952485     0.759598    -0.738642    -0.515211     -1.20813      1.25524     0.677719     0.273613      1.04505    -0.477567     0.621744     0.667262     -1.02418     0.153406    -0.572786    -0.440494    -0.772334    -0.263819     0.268323      1.03076    -0.382998    0.0565741    0.0362235       1.3332    -0.807709     0.464698     0.954551     0.718871      0.27261
  -0.0470444      1.05654    -0.125874     0.594356    -0.516423    -0.183447    -0.723317     0.713076      0.74923    -0.786084     0.297815    -0.307739    -0.727368     0.557593     0.465077     0.973492     0.737965     -1.01122    -0.160425     0.426163     0.246427     -0.82697    -0.260721     0.387388     0.411687     0.435226    -0.116545     0.762649     0.920044    0.0830572     0.293052     0.220803    -0.887026   -0.0804569     0.675678    -0.425955     0.836632    -0.202174     -0.25627   -0.0228413     0.958184    -0.102065     0.793932      -1.1771    -0.816651     0.823329    -0.235484    -0.861767
     1.60418     0.648205    -0.993432     -1.06129   -0.0514201    -0.323568     0.826619    -0.481906     0.276605     0.638439     0.899447    -0.517208      1.03183      0.62071      0.76369    -0.811565    -0.224905     0.152368     0.868643      0.13585   -0.0569585    -0.518359     0.745789  -0.00676764     0.297059    -0.443919    -0.682103     0.947683     0.372787     -1.08979     0.648235      1.01251     0.272669    -0.385293     0.572895     -1.32034      0.78035    -0.545438     0.107411     0.918214    -0.289328     0.198396     0.342649     0.318845    0.0332574    -0.945465     -0.97219    -0.165068
     1.01884     0.821784     0.779536     0.730964      0.54462     0.522002     0.562868     -0.10571    -0.425206     0.117193    -0.478272    -0.574446    -0.362414     -1.39181      1.37324    -0.314026     0.717718     0.708651    -0.632547      1.08205     -0.83097    -0.798728     0.916836    -0.191801     0.224877      0.68979     0.571482     -0.89408     -0.13131     0.542902    -0.957519    -0.242664     0.944286    -0.624774     0.253242          0.5    -0.551094    -0.699797     0.486776     0.296999     0.606603    -0.091197    -0.112233    -0.778633    -0.329068       0.5915    -0.294109    -0.475368
    0.287883    -0.523591     -1.00489      0.40655     0.138104      0.57192    -0.523728    -0.641213     0.767199     0.292081    -0.491149    -0.488597     -0.66045     0.221863    -0.748442    0.0451229     0.162411    -0.150038     0.410929    -0.813549     0.641184   -0.0863192    0.0389001    -0.401781      1.60732    -0.192623    0.0166768    -0.235252     0.995657      1.10884     0.840178    -0.162876    -0.517144    -0.556987      -1.0328    -0.082676    -0.677948    -0.644667    -0.544729     0.602705    -0.505932       1.2358    -0.648932      1.07191     0.592475    -0.712063     0.269463    -0.113213
   -0.241101     0.330691     0.548539     0.952923    -0.086243     -0.94086    -0.960658     0.210323    -0.480939    0.0782546    -0.597309     0.380939    -0.090863     0.529564    -0.945673     0.429251     0.716488     0.733873     0.380118     0.658543    -0.180009     0.712844     0.193267     -1.51112     0.249405   -0.0780245      1.49819      1.18767     0.683026   -0.0477171      1.14934    -0.729732    -0.479379    -0.629681     0.550935     -1.06171    -0.439783      0.28308    -0.796859     0.734078    -0.128323    0.0906688     -0.90865    -0.314673    -0.254869    -0.102805    -0.791331    -0.242365
    -1.40613     0.292117    -0.578205     0.744763     0.175293        0.292    0.0286625    -0.768334    -0.523788    -0.656169   -0.0749735    -0.104932    -0.780482     0.406626      0.28044      0.80221    -0.796335    -0.819133     0.792437     0.432294     0.142631     0.337986   -0.0178799     0.391654   -0.0361691     0.222203     0.506994     -1.08922    -0.202021     0.311071    0.0663883    -0.519603      1.13953     0.374942     0.549786      0.13494   -0.0490383     0.798934   -0.0463248    -0.243217     0.187312     0.340349     0.242509     0.327768     0.402924     0.546967    -0.577045      1.41746
   -0.076209    -0.249093     0.546018     0.644778    -0.473327    -0.149001     0.191163     0.174454    0.0596679    -0.289816      0.14238     -1.13547    -0.499904     0.863363    -0.696548    -0.583106     -1.33493     0.671491     0.310138    -0.086103    -0.986121    -0.345064     0.226643     0.573967     0.448872     0.396129     0.352746    -0.776862      1.05669     0.120801     0.620099    -0.609865   -0.0543805     0.915256     0.603054    -0.418951     -1.51185    -0.561904     0.581746    -0.262177     0.321504    -0.347228     0.132816      1.08525      1.31705     0.112556     0.877416    -0.742632
    -1.39058     0.446056    -0.766734      1.03694     0.830009     0.694648    -0.599827     0.638298     0.664332    -0.557368    0.0769324    -0.572381      0.79066     -1.16537     0.757196     0.153885     0.973139   -0.0382357     0.680725     0.649704     0.605793    -0.184789     0.633707    -0.628225    -0.391481      1.17135     0.747763    -0.348767    -0.664791     0.239649     0.906936     0.656282     0.315131    -0.563372     -0.29638      -1.2336      0.43286      1.03906     0.200781    -0.105094    -0.793801     -1.25233     -0.15566    0.0589537  -0.00183256    -0.254444    0.0237393      1.59466
   -0.570752    -0.388133      1.01758      0.72742     0.749287    0.0812516     0.214746     0.132885     0.140978    -0.295706     0.251166    -0.382048     0.547039     0.584003     -1.20883     0.165807     0.526522   -0.0172388   -0.0419518     -1.05761    -0.260183    -0.226698    -0.603521     0.655718    -0.416038    -0.374074   -0.0777911     0.967503    -0.689951      0.54738     0.723475      0.11868     -1.23475     -0.69479    -0.121807    -0.831915    -0.763614     0.602388     0.990845      1.18296    -0.676862     0.255635    -0.342314    -0.299377    -0.355365    -0.115433     0.178625     -1.46157
   -0.908799     0.121823    -0.595955      1.13468     0.653994     -1.01515      1.38012    -0.657491     0.797912     -1.01817    -0.798862     0.622684     0.188699      0.92842    -0.312479     0.534285    -0.736742    -0.116388    -0.858773     0.357812      1.06519    -0.252232     0.585258    -0.640795    -0.876035    -0.939646    -0.973958    -0.480333    -0.427716  -0.00856068    -0.670602     0.271916   -0.0731664    -0.425575    -0.258486     -0.99416     0.751142      0.80609    -0.302375    -0.156204    -0.441077    -0.539907      0.53967     -1.09109    0.0395372    -0.559097    0.0652284     -1.56238
    0.708284     0.803441     0.182301      1.22946   -0.0441058    -0.337249     0.454385    -0.156812    -0.456638     0.607085     0.345737     0.635271    -0.391522    -0.628811     0.351995     0.639022     0.995141     0.132065      1.17099    -0.157828   -0.0438116     0.215823     0.389952     -0.10254    -0.129914     0.367991     0.225983    0.0724093    -0.179792     0.982617    -0.179576    -0.540626     0.504782    -0.763293    -0.493695    0.0250958     0.487376    0.0977155     0.551512     0.995207     0.579039     0.528447    -0.121511    -0.280503    -0.498927     0.544526      1.16165     0.853235
   -0.869543      1.47214     0.185805      1.06193     0.941714    -0.200271    -0.413521      -0.5659    -0.440614     0.138347       0.1409     -0.14445      0.55367    -0.814864    0.0280051     0.349745    -0.583856     0.449029    -0.292309      0.43053     0.438449    -0.831939     0.397667    -0.872961    -0.937981     0.498931     -1.47079     0.140809    -0.377513     0.818525    -0.141491     -1.13879      1.16469    -0.448532     0.155617     0.811252    -0.856905    -0.261302    -0.554321     0.617185     0.513926     0.843847     0.104594    -0.742754     0.845843     -0.79462     -0.57301     -1.35388
   -0.292398    -0.372244   -0.0592788     0.298886     -0.75812     -0.92474    -0.199045     0.263684     0.696606      1.03059    -0.875895      1.59576    -0.311478    -0.467006     0.838326    -0.665345     0.685456     0.837402     0.654761    -0.773719    -0.478185    -0.104471    -0.187771     -0.15293     -1.09623      0.22569    -0.763449      1.07479     0.848261     0.500724     0.473183    -0.243787     0.234049      0.88342      0.79263     0.958527     -1.02039   0.00145001    -0.569781    -0.342881     0.658132     0.627191     0.884094       1.1418     0.352482    0.0547749    -0.293461    -0.261826
   -0.802363    -0.363262     0.793254    -0.516719    -0.262483    -0.639156      1.10963    -0.510274     0.743173     0.283109    -0.402482     -1.19234    -0.460041     0.593651     0.210451     0.190684     0.265234     0.737054    -0.882146   -0.0914729     0.453839     0.458372    -0.145806    0.0378297    -0.141653   -0.0694216    -0.669149     0.493388     -0.84868      0.11909  0.000912684      1.08158     0.941804     0.974516    -0.420082    -0.591131     0.314353    -0.758618    -0.110648      0.53402      -0.7074     -1.09021    -0.850319     0.280705      1.14732     0.588207     -0.48156    -0.938377
   -0.998796     0.690114      0.45626     0.812672      1.03844   -0.0222699     -0.89506    -0.584005     0.190557    -0.346561    -0.213845    -0.218098     0.452064      -0.5269    -0.581593     0.244473     0.300822    -0.865951     -0.30267    -0.882392    -0.441679     0.920653      0.40359       0.6353     0.274581    0.0420041    -0.785282     0.546184     0.361333     0.163991      1.29774    -0.372406    -0.318974      -1.0249     0.319886    -0.488653     0.502137     0.618531     0.549463    -0.629436   -0.0695495     -1.27461    -0.043477     0.355929    -0.357561    -0.698711    -0.804539    -0.736653
     1.95682    0.0804703     0.648992      1.09267     0.603663    -0.689643    -0.976534    0.0919047     0.504819    0.0894479     -1.03058    -0.964995    -0.610096     0.516071      1.07913     0.669093    -0.287448     -1.27889     0.743056    -0.110693    -0.272598    -0.694888     0.332621      0.24876   -0.0636812     0.461347    -0.801562     0.353176     -0.85303     0.235238    -0.955047      1.07684     0.336498     -0.73225    -0.125774      0.53293    -0.120354    -0.604599    -0.104776    -0.319501     -1.15788     -1.20848      1.42774     0.791504    -0.502169    -0.197379     0.172784    0.0534035
   -0.499539     0.663866       1.0486    -0.609993     -0.57179      1.11378    -0.133596      -0.8766     0.929704     0.915923     0.609459     0.465419     0.510752    -0.113939   -0.0331571     0.576791     0.581228     -1.17371    -0.887158   -0.0957749    -0.763282      1.25743    -0.903323    -0.387503     0.555472    0.0513466    -0.295317      1.22723    -0.420629     0.587962      0.70082     0.662948     -0.11927     0.918041     -0.54285     0.571044       1.0837      0.16589     0.221901    -0.592806     0.266778     0.371629     -1.14885    -0.484346    -0.711934     -1.20269     0.156008    -0.285075
      1.2207     0.954397     0.384689     0.304388    -0.928345     0.647285    -0.144004     0.156346    -0.482594     -1.00535   -0.0186711      1.11374    -0.883749    -0.724812     0.720853    -0.619568     0.897775     0.966829    -0.888564    -0.299077     0.579811    -0.469598   -0.0879416      1.18187    -0.601325   -0.0835437     0.625178  -0.00149693    -0.196541    -0.426789      -1.5183    -0.859837    -0.679171   -0.0608929     0.197694     0.729335    -0.125682     0.607814    -0.026402    -0.954275     0.203617     0.370168    -0.618923      1.15121  -0.00108131    -0.514813   -0.0687649   0.00651249
     1.39026     0.103411     0.513908    -0.656122    -0.498059     0.175306     0.450497     -1.24744     0.766627     -1.15313     0.925311    -0.493731     0.665327       1.1119    -0.667521    -0.634791     0.613963     0.506031    0.0872499    -0.511127    -0.718354    -0.773271     -1.15009    -0.331969    -0.597999     0.227746    -0.842614    -0.464027    -0.232104    -0.779272     -0.65005     0.975458     0.428871     0.775538     -1.09616     -1.20485     0.399058    -0.859089    -0.387448    -0.783865    0.0887555     -1.26662      1.32275      1.07395    -0.369586     0.509154     0.718381     0.808905
  -0.0907739      0.45077    -0.355655      0.67612    0.0454478     0.962117      0.61851   -0.0453363     0.148252     0.304738     0.585471     0.961584     0.941896     0.253969     0.627245     0.782285    -0.432878    -0.546919    -0.238424     0.842783    0.0974591    -0.643007    -0.766391     0.401083    -0.281671    -0.612644      0.92037     0.746183     -0.77837      0.28458     0.629412     0.183324    -0.521754    -0.741382    -0.986636     0.726284    -0.708123   -0.0166323     0.460872      1.07364     -0.70661    -0.292423     0.643652    -0.212143     0.882294      1.05543      -1.0085   -0.0299398
   -0.297973      1.02847    -0.600673    -0.354729     0.245812     0.529918    -0.733681   -0.0474533     0.969094     0.387679     0.962203     0.245173     0.172649    -0.806626     0.146864    -0.391233    -0.701348   -0.0765675     -1.15264    -0.464099     0.691477    -0.610763     -0.67897     0.348609    -0.504816      1.09376       1.0653      0.28063    -0.139071     0.943465     0.803518       1.1632     -1.05518     0.642547    -0.287644    -0.497957     0.842235      0.60398    -0.168947    -0.492963      1.04059    0.0688809     -1.00691    -0.978676   -0.0583363    -0.621554    -0.108878     0.786404
   0.0188864   -0.0354119     0.226811     0.454171     0.769071    -0.360663     -1.05602    -0.532749   -0.0219034    -0.604776    -0.515867    -0.201717    -0.398477      1.07165    -0.251008    -0.479826     0.452964     -0.75709     0.327432    -0.841175    -0.914131     -0.42326     0.558255     0.857487      0.61708     0.165425     -1.32716    -0.663175     0.292404     -1.03534    -0.687216     0.155364    -0.302025      1.36494     0.167115     0.041411     0.987246    -0.746326    -0.529695     0.209462      1.69664     -1.17094     -1.21306     0.882586    0.0759142     0.786627    -0.456092      1.11339
    0.362549     0.790489    -0.969364    -0.515134    -0.485553     -0.40523    -0.343227     0.359819   -0.0474884    -0.645497     0.204272    -0.906475     0.812098     0.694236    -0.844329    -0.268509    -0.405046    -0.609448     0.980285    -0.656696    -0.861938    -0.713276    -0.918592    -0.889094    -0.635731    -0.455661    0.0966385        0.757     0.650215      0.26696    -0.719513    -0.181132     0.904541    -0.511083     0.132367    -0.350539     0.185916     0.894072     0.637289    -0.656713     0.547051     0.493812     0.645554    0.0856261    -0.464842    -0.318323     0.970905      0.64524
    0.166394    -0.613624     -1.32166    -0.498868    0.0371246   -0.0386621    0.0672335    -0.597077      0.93163      0.27142    -0.415766     0.987578     0.207583   -0.0656832     0.573767    -0.207657     0.380632     0.917783    -0.770826     0.835169     0.727806    -0.348982     0.981905    -0.244111      0.89747    -0.448687     0.665652     0.795801     0.266727     -0.55627   -0.0943463      1.00946    -0.162295    -0.527767     0.920126     0.941729    -0.761373      0.25804     -1.15012    -0.664846     0.489332     0.352208      1.58737    -0.571237     0.315017    -0.932816    -0.345029     0.280815
     0.94489     0.822368    -0.386542    -0.478681    -0.357086     0.287016     0.793077      0.44027     0.738161     0.819555     0.787636     0.576714      0.66874     0.385439    0.0195305    -0.348476    -0.208988     0.144196     0.895298    0.0546748      1.06594    -0.720453    -0.379684    0.0695296    -0.101948     0.857156    -0.441055     0.368992     0.257655     0.165698     0.364533     0.689117    -0.537957   -0.0320994    -0.164095    -0.100941     0.184374     0.273927     0.954981      0.41058    -0.180723     0.893474     -1.10825     0.407129   -0.0432226    -0.984797     0.671187    -0.254564
  0.00698184    0.0574188    -0.544046     -1.33539    -0.581964    0.0265039     0.556482    0.0964694     0.598958     0.313195     0.125922     0.816612    -0.140254   -0.0955717     0.436222     0.237221    -0.634973    -0.677427    -0.797247     0.452622     0.263173     0.350136    -0.572342     0.232785     -1.11387     0.955883    -0.712813   -0.0919051    -0.526201     0.109115    -0.508739    -0.841811   -0.0356192     -1.11976    -0.395653      1.01063     0.199293     0.155222    -0.549766     0.254359      0.14633    -0.629729     -1.14797     0.113775     0.773504    -0.345144      1.01252     -1.00985
    0.279581     0.792074     0.683563     0.282209    -0.946786    -0.318268   0.00790599     0.776924     0.018352     0.018892     0.712668      0.42506    -0.437295    -0.331835     0.737453    -0.688077    -0.492156    -0.355044   -0.0128973     -0.48976  -0.00862734      1.35471    -0.604561     -0.34681     0.424255     0.512447     -0.44724    -0.503887   -0.0791139    -0.475391    -0.282452    -0.376432     -1.42307      1.12916    -0.969361    -0.762328      0.60588     -1.01278     0.403492    -0.472026    -0.569298     0.952066      1.74899    -0.185822   -0.0878088     0.129319    -0.458664     0.297762
    0.217911   -0.0722883     0.302083    -0.389405      1.18976    -0.805427    -0.856842     0.365709     0.362455     0.256888    -0.565288     0.587435    -0.856188     0.297309     0.819984    0.0296171    -0.284844     0.068594    -0.611246    -0.440467    -0.675442    -0.598543     0.351588    -0.249343    -0.116564    -0.308808    -0.027726      1.18024    -0.723767    -0.197539     0.161174    -0.794527      0.43522      1.09894    -0.229281     0.375269    -0.668083    0.0709732     -0.22269    -0.521432     0.591609     0.138242    -0.184892    -0.398795    -0.890282    -0.625299      1.16991     0.373287
  -0.0283492    -0.766865      0.27793   -0.0355373     -1.33297     -1.69742    0.0654261     0.574447     0.903863     0.769055    -0.889606    0.0730018     0.130844    -0.641993     0.423411     0.482893     0.103279     0.739249     0.570446     0.320145    -0.575636     0.527183    -0.618734       1.2068    0.0212799    -0.123803      1.01197     0.515009     -1.04962      0.49844       0.4529     0.999971    -0.698855    -0.324482     0.844286    0.0709609     0.172398    -0.187939     0.911452    -0.430845      1.21073     0.206321     -0.18962     -0.33934     0.654684     0.406059     0.126816    -0.386349
   -0.279711     0.623559     -1.02998   -0.0661853     0.837728     -1.14291    -0.180443     0.352239     0.872305      1.02208      1.10993     0.556084      0.44294     0.504012     0.419372     0.533253     0.786351    0.0439977     0.197064     0.793724     -1.24294      -0.9161    -0.459183     -1.19157    -0.798753     0.398807   0.00116449    -0.520706   -0.0466487     -1.07714    -0.918329    -0.309639   -0.0654345    -0.958087     0.870986     0.128022     0.755829     0.158275     0.719246     0.040699     -1.12648     0.515366     0.526512    -0.479951     0.835478      1.73352     0.803721      1.29718
    0.414683     0.838829    -0.680594     0.941226    -0.249066     0.756048     0.279225    -0.545689    -0.418962     0.620355     0.143581    -0.431779      0.51581    -0.720143     0.113017    -0.840724    0.0198326     0.690735     0.856342     0.423412     -1.16053    -0.310386     0.581834    -0.234033    -0.263428     -0.91198    -0.970954     0.569732    -0.724097    -0.201738    -0.829513    -0.609557      1.28857     0.790751     0.337054     0.586536     -0.39877    0.0948751    -0.190303    -0.149044      1.15035    -0.556377     -2.25847     0.256201     0.801795    -0.800736     0.121305     -1.43257
    -1.09081    -0.682576      0.95231    -0.345717    -0.496152    -0.241096     0.287669     0.177645     0.749904     0.757703     0.773661     0.881932    0.0850237    -0.566964   -0.0745854     0.574975     0.121378    -0.183066    -0.944937     -1.25031     0.328262     0.582677    -0.408824     0.752685       1.1431    -0.237938    -0.464347     0.331356     0.936276    0.0458527    -0.483418     0.635546      -1.5364       1.0217     0.312903     -0.73502  -0.00780578     0.237023    -0.572866     0.116517      1.13504   -0.0501887     -1.47183    -0.228639       1.2274     0.195093      1.13067     -0.24491
   -0.385213      1.09729     -0.29773     0.422915   -0.0111456     -1.30265     0.128413    -0.931888       0.1242     0.570721     0.435045    -0.166588     0.765692    -0.408341    0.0426526     0.302035      -1.4011   -0.0650965     0.132567    0.0753501     0.536725    -0.319483    -0.621997     0.246749     0.696527    -0.769401    -0.103025    -0.710405    -0.717402    -0.729738     0.831903     -1.12935     -1.14626    -0.194916     0.162202    -0.136648     0.669783     0.742834     0.106118     0.295353    -0.193064    -0.298855      1.58283     0.286276    -0.860666     -1.15279    -0.254439    -0.423126
     1.04617     0.160882     0.709429     0.361022     0.616551     0.050696    -0.434155     0.577497     0.423825    0.0632722     0.285812    0.0548619     0.708056    -0.898426     0.565569    -0.115321    -0.795351     0.647472    -0.355396    -0.107734    -0.953799     -1.08883    0.0912506      1.21664     -1.04032     0.491802     0.682139     -1.27968     0.597985     -0.76772    -0.710966    -0.589199     0.944211    -0.815838    -0.212723  -0.00337884     0.724349     0.402051    -0.831816   -0.0751501      1.33129   -0.0905929    -0.124642     0.431942    -0.791309     0.803222    -0.623045     0.237987
    0.270436    -0.248827    -0.679042    -0.722645     0.801005    -0.794834     0.471354     0.714315     0.534892    0.0107629    -0.701351    -0.807164      0.23287    0.0386537    -0.145059    -0.663935    -0.384343      0.61843     0.589195    -0.210139     0.463107    0.0591736    -0.664164     0.548163      0.99877     0.222691     0.901058     0.728926      0.98346     -0.49717     0.610523     0.990362    -0.435422    -0.914384     0.741611    -0.882237     0.196581      1.07314     0.288915   -0.0417475    -0.203334    -0.679508    -0.246043    0.0872352     0.975253     0.871496    -0.233227     0.588322
    -1.27243   -0.0987499     0.793555    -0.193814      0.31042     0.246501   -0.0473541      0.10436     0.716736    -0.818491     0.952405    -0.989491    -0.175624    -0.545825    0.0894413    -0.221672   -0.0289342    -0.757568    -0.564638   0.00716065      1.42773      1.12879     0.959902    -0.240929     -0.75963    -0.231994    -0.360857      1.32643     0.237456      1.21395     0.302048    -0.803257    -0.659935     0.582261     -0.71592      1.05553    -0.641922     0.574301      0.55005    -0.301966     0.384503     -0.19435     0.783031     -1.09807     0.149531   -0.0388524   -0.0270303     0.545446
    0.982019    -0.106171    -0.647052     0.485208     0.781035     0.952689    -0.736034     0.541497     0.700432     0.181609       -0.608    -0.702897    -0.390953     0.719094    -0.590284    -0.489446     0.103174     0.797047    -0.750829    -0.108866     0.795217    -0.368653    -0.646971  -0.00611595     0.481215     0.286427     0.150072    -0.620669      1.37324     0.582746     0.757536     0.323233     0.708983    -0.454081     0.857488    -0.631188    -0.538114     0.335951     0.433209     0.333883    -0.548001    -0.478561    -0.334629     -0.55563     -1.42986    0.0936145    -0.157945    -0.951238
    0.872952     0.430741     0.689224     0.653406     -1.01264     0.514282     0.166579     0.103454    -0.538446     0.913344     0.762633     -1.15857    -0.980842    0.0623585     0.571529     0.227379    -0.406397    -0.476764    -0.218441     0.811255      0.83725    -0.432949     0.799327     0.106843    -0.108026     -0.52884     0.273049      0.71529     0.581626    -0.926429    -0.284562    -0.884635     0.926283    0.0296681     0.114943   -0.0523546     0.189885    -0.630589    -0.083002      0.81345     0.709487     0.388107      1.31914    -0.526349     0.580453    -0.837691    -0.862066     0.864484
   -0.221313    -0.369114     -0.61263    -0.011847     0.108199    -0.439174     0.304328    -0.354242     0.306561    -0.275253    0.0934248    -0.986228    -0.937436     -0.29956    0.0972249    -0.865766     0.359299    -0.553296      1.04189     0.795891      0.91903    -0.198863     0.278252    -0.305955    3.324e-05    -0.707334    -0.339518    -0.545477     0.742395    0.0892616     0.214835    -0.833773     0.486931  -0.00134294     0.246891     0.482151     0.727657   -0.0139499    -0.908129     0.298774     0.360684    -0.377595    -0.747112     0.509181      0.82213      1.05053    -0.441106     -1.33018
   -0.714522    0.0219482    -0.617353    0.0920113    0.0258694     0.182691     0.185255    -0.326342    0.0382337      1.11161     0.859254     0.319788     -1.45623       0.4991    -0.474445      1.26764    -0.178524    -0.287056     0.188394    -0.129865    -0.799861     0.709662    -0.336212    -0.443283      0.49466     0.906947    0.0149341    -0.560794   -0.0702272    0.0117808    -0.128555     -0.70902       1.4015     0.521749   -0.0861885    -0.561508     0.325977     -0.85834     0.087917     0.375564     0.427592      1.36697      0.19476     0.646244    -0.359323    -0.141626    -0.764183    -0.184238
    0.361975    -0.496818     0.961103     0.801309     0.598629     0.561949     0.275935     0.446475    -0.615196     0.894889     0.883896    -0.880852     0.224534     0.144808    -0.739944   -0.0978797    -0.274223      1.03448    0.0211938    -0.338587     0.360112     -0.26818     0.199622     0.841069     0.115983    -0.390539     0.912827    -0.410984    -0.681626     0.531422     0.219751     0.362035    -0.314639    -0.779832     0.509897      0.62394     0.282727    -0.245817     0.852909    -0.146533    -0.317902    -0.737796      0.62149     0.241249    0.0382209     0.361699     0.921257      1.08892
    0.298204    -0.393311     0.665167     0.237147      1.27029     0.576961    -0.683188     0.519228     0.673362    -0.932838    -0.637662       1.0058    -0.307459    -0.204527    -0.584619     0.708509     0.110684     0.999646      0.74011     -0.84281    -0.697048     0.354196    -0.531897     0.964723     0.519354     0.754775      0.56339     0.371134    -0.707154     0.402701     0.731032      -0.7815    0.0735116     0.256673     0.684336    -0.537262    -0.575879    -0.640161     0.742872     0.139938   -0.0845057      1.03095   -0.0999644     0.734998    -0.950002  -0.00840675     -1.29425    -0.817936
    -0.10246   0.00201809    -0.512962    -0.702594       1.0623    -0.690183     0.913369     0.200478     0.565699    0.0203093    -0.552976       1.1752     0.830768     0.886762     0.469144     0.336682    0.0416923    -0.390056     0.836319   -0.0279566    -0.831362      1.13578    -0.497459    -0.446311     0.510416     0.406944     -0.11166     0.875689     0.253742    -0.166536     0.625619    -0.290852     0.831708    -0.520506     0.868079     0.990824     0.594251      0.12289     0.208616   -0.0187676    -0.103203     0.944349     0.146369     0.927815    -0.676759    -0.441239    -0.170412     0.395986
   -0.330944    -0.184821     -1.15587    -0.816492     0.426757     0.423332    -0.726843    -0.911698     0.784933     0.277846    -0.592264     -0.74975     0.803444     0.716684     0.488309    0.0159284    -0.424134      1.18584    -0.215044     -0.14335     0.328057     0.481712     0.631155    0.0412742     0.190482      1.05278     0.673499    -0.543706     -1.08002     0.465267   -0.0134854    -0.405093     0.610845      1.48074      0.23748     0.969419   -0.0409206     0.214125     0.150393     0.609852    -0.313266     0.865936     0.195505   -0.0769283     0.869517     0.817582     -1.04491     0.117557
    -1.57389     0.374502     0.199011     0.627608    -0.250806    -0.207481    -0.940129     -1.03611     0.353782     0.393154    -0.746964     0.893945   -0.0541511    -0.704288     0.376069   -0.0901966     -1.05067     0.974696     0.720161    0.0490378     0.668551    -0.207293    -0.140041     0.168221    -0.854206    -0.582915      0.80336    -0.381295     -1.01847    -0.321007    -0.406974    -0.650183    -0.450396    -0.144445     0.865936   -0.0119989     0.605938    -0.836273    -0.882511    -0.424262     -0.70779    -0.794228      1.25669     0.414901      1.11085    -0.375558    -0.269689    -0.586693
    0.838894    -0.261354      1.16515      1.11683     0.576951    -0.570363     0.992499    -0.677217    -0.242254     0.865628     0.274148   -0.0181994    -0.223871    -0.864412    -0.455222   -0.0981479    -0.698942    -0.970906    -0.552385    -0.780114    -0.553331     0.490928    0.0676501     -1.21389    -0.926727     -1.01609    -0.421545    -0.996718    -0.814494    -0.784324     0.355316     0.519323     0.261804    -0.705155    -0.119871      -0.5475    0.0342297     -0.30131    -0.361948     0.304491      0.95196      0.74031      1.58733    0.0302307    -0.283298    -0.252883    -0.233323     0.365824
   -0.848521     0.844618     0.515282    -0.485444    0.0821727    -0.435319    -0.843762     0.206003    0.0645595    -0.483802    -0.645173    -0.543028    -0.810142    0.0311898     0.174772    -0.424963     0.489003     0.955536    -0.665674     0.251695    -0.420108    -0.852128     0.839055    -0.630943    -0.797139     0.296213    -0.854565     0.932081    -0.461063    -0.348825      0.13911    -0.960664   0.00432399    -0.800586    -0.445582     0.162302    -0.946022     0.823753     0.611454    -0.534298    0.0774166     0.597785    -0.171887    -0.852038     -1.10415    -0.558015   -0.0365337     0.774565
    0.73823   -0.846106    -1.44106   -0.521174   -0.477032     1.55655    0.510887    0.321981  -0.0385238   -0.582381    0.551547   -0.189199    -1.67036    -1.14175   -0.260139   -0.591171      1.0133     1.12912    0.771012   -0.209224    0.758422    0.837903   0.0287789    -0.71285    -1.04533   -0.498781   -0.320445   -0.201347    -1.23863   -0.396257    0.138882   -0.866473    0.761568    0.145171   -0.894705    -1.31208   -0.257707   0.0765487    -1.01255   -0.954715   -0.359952    0.817776    0.685847   -0.774602 -0.00833736    -1.41179    -1.08531     1.00114    -1.35157  -0.0762534    -1.83785   -0.175483    0.175084   -0.162924   -0.698608   -0.493495    0.247627    0.257589   -0.158561   0.0824696
   -1.25936    -1.37973   -0.460651     0.22655    0.439713    0.610223    -1.01705    0.867851    0.212491   0.0160461    -1.08654   -0.680395   -0.868586   -0.270874   -0.713953    0.243099  -0.0239072      0.0703     0.28212    0.920254  -0.0490567    -1.08637   -0.863952   -0.848835   -0.975563    0.430091     1.26674   -0.715883    0.545468   -0.721129    0.817063    0.136434    0.273332   0.0352243    0.134169   -0.744872    -1.00144    0.389569    0.414851    -1.03403  -0.0236986     0.60958    0.164568    -1.26335    -0.95471    -0.79648    0.742512    0.610821    0.549955   -0.103132    0.587353     1.26662  -0.0682401   -0.617266    0.408757    -1.16597    0.247149    0.161214    -1.27439   -0.882981
   -0.73826    0.359692    0.514153   -0.973842    0.720836    0.252238    -0.71255     1.18135   -0.843417    -1.22631   -0.473603    0.235875     -1.1523    0.459516   0.0754391   -0.090234    -1.28874    0.298134   -0.885106   -0.954529   -0.523883     1.07505   0.0683321    -0.76202   -0.800878    -1.79323     1.22531    0.320062     -1.4566   -0.475925    0.534666    0.315204  -0.0033014    0.214162    -1.04392    0.772403   -0.962425    0.317277    -0.70327    0.901671   0.0266772   -0.733637   -0.522857   -0.625793   -0.101814    0.915547    0.668387   0.0994569    0.538594  -0.0020418   -0.474619    0.562225     1.06831   0.0569767    -1.22421    -0.30546   -0.709609    0.292405    0.996306   -0.814639
  -0.837638    0.236933   0.0875326     1.08485    -1.27213   -0.357996   -0.959809   -0.789475    -1.12249    0.320306    0.862761   -0.192241    0.807931   -0.621156    -0.87864    0.335764   -0.289237    0.331114    0.574411  -0.0898474   -0.983699    0.460548   -0.587575    0.640267    0.565589    -1.17681   -0.622438  -0.0403019   0.0637148  -0.0644238   -0.642243    0.432335   -0.863136     1.09427    0.346227   -0.780808    -1.40071  -0.0858974    0.381504   -0.832102    0.773815    -1.23976 -0.00593295    0.375057   -0.592538   0.0134687    0.667645    -1.54814    0.602214    0.656343    0.311929    -1.34864   -0.181371   -0.179795   -0.752996    -1.12871    0.175837   -0.617314    0.848424     1.18508
    -1.2823   -0.359513   -0.761346    0.421029   -0.447788     1.11479   -0.764562  -0.0156675   -0.162416   -0.502212   -0.316624     0.15625   -0.713799    0.111458    0.967623  -0.0542991    0.265774    0.145432   0.0150631    0.392843   -0.732104   -0.488747    0.401908     0.47937     0.59543   -0.780228    0.609634    0.071238    0.367686    0.752097   -0.972782   -0.467777    -1.57077   0.0499342    0.535793   -0.909912     1.04771    0.229697   -0.434599    -1.44999     1.38621     -0.3582 -0.00240867   -0.268635    0.253787     -1.0614    0.156909    -0.37811   -0.351047    0.767835   -0.617242    0.231351    0.720815    -1.06943    -1.36662    0.617558   -0.338923   -0.300268    -1.32093      0.1338
   0.909326    0.120902     -1.2299     1.13956   -0.394273    -1.42303   0.0388853 0.000165179     0.32479     0.78722   -0.985501    0.939359   0.0272419    -1.05536   -0.150471    0.458012     0.77701    -1.21626    0.435403   -0.712104   -0.963086   -0.550133    0.331073    0.361559    0.927378    -1.21877 -0.00426572    -1.66762       1.462    -1.29624     1.09914   -0.615649    0.207574    0.063419    -0.40712   -0.710069   -0.695682    -1.02683    0.181862   -0.227465    0.558823    -1.15154   -0.377673     0.99251    -1.96692   -0.924341  -0.0544018   -0.445602    0.331242   -0.294125  -0.0495236    0.666223   -0.612642   -0.303336   -0.522382    0.218866    -0.32855   -0.690577   -0.193527  -0.0084698
    0.46107    0.333638   -0.380517   -0.135923   0.0462492    -1.67828     0.61871    0.193181   -0.956383    0.772922    0.622854   0.0181179    -0.85915   -0.506072   -0.399072    -1.66312   0.0104116     1.02149    0.676861   -0.122064    0.206083   -0.153134   -0.014339   0.0117532    -1.37382    0.237652   -0.331136    0.518445   -0.122174 -0.00662943   -0.923568    -1.03363   -0.280806    0.172191   -0.416713   0.0509318   0.0813779   -0.580462   -0.320477   -0.903143  -0.0229665   -0.598694    0.575992   -0.483162    0.373634   -0.136902    0.101372   -0.287816   -0.116096    0.640414    -1.03991   0.0139045     1.21108   -0.885218    0.202949   -0.467944    0.775885   0.0166779  -0.0693007    0.672465
   0.208511     0.10866     0.72458     1.08136    0.589864    0.118617  -0.0100304    -0.17966    0.334625   -0.693439   -0.480121     1.25369    -1.84721    -1.10347   -0.944075   -0.404092   -0.195548    0.316451   -0.709042    -1.39944   -0.785401    0.184405   -0.846765    0.283219    0.232317     0.37733   -0.887873    0.427925     0.41685    0.551677     1.30586    0.538561    -1.12612    0.276385   -0.453544     0.26002   0.0577898    0.261098    -1.03355   -0.367475    -0.63639   -0.619089   -0.749621   -0.344076   -0.646033    -0.58114   -0.651574  0.00789813    -1.06497      1.1085    -1.28744   -0.263299    0.589527   -0.842219    0.702913  -0.0774329   -0.643515   -0.202318    0.590592   -0.307792
  -0.159239  -0.0884541   -0.346248  -0.0841584   -0.311747    0.737818   0.0471591     1.50019    -1.43689    -1.01355   -0.571374     1.18702   -0.560697   -0.431327   -0.502698   0.0828037    0.484459     1.47408   -0.888773   -0.718206   -0.889485    0.529344     1.37142   -0.509474   -0.101389   -0.848842   -0.832001    0.027721   -0.711857    0.741141   -0.219671   -0.954721   -0.382394    0.177458    -1.27803   -0.188558     1.18266  -0.0889469   -0.263913   -0.775974    -0.50095    0.620089   -0.817019   -0.299205  -0.0679439     1.20446    -1.16909   0.0808458   -0.551372    0.730669   -0.678531   0.0213243    -1.07923   -0.959823    0.565282   -0.638075    0.730495    -1.00316   -0.013348    0.165378
   -1.10715      0.7179   -0.475146    0.504929   -0.984309     -1.5359    0.180286    -1.02504    0.132173   -0.641409    -1.00746  -0.0658748    -1.78627   -0.582328    0.640438    -1.14017    -1.01848    0.962035    0.398546     0.49732   0.0179805    0.515507    0.535713  -0.0212867  -0.0969045   -0.969596    0.454638    0.903389   -0.666392    -1.23022    0.341775   -0.845065    0.426171    0.284867    -1.39081    0.583841    0.745192    0.109771    0.788158   -0.787285   -0.152844    0.418204     -1.2995    0.143707    0.576695    0.574471  -0.0607242    0.107842   -0.484053   -0.300813   -0.132547   -0.560455    0.316456   -0.713966    0.366705   0.0670362    -1.00164     1.32953   -0.107719   -0.982255
   0.834413   -0.973074   0.0279048   0.0339983  -0.0687858   -0.619991    0.129441   0.0773359    0.395395    0.567102    -0.95509    -0.30049    -0.25719    0.423739    -0.66067    0.377195   -0.362325    0.334098    -1.11758    0.288066  -0.0350029    -0.34719    0.223483    0.166825   -0.651665    0.385995   -0.124455    0.526165    0.586392   -0.794504   -0.302061   -0.560655    -0.81303   -0.487834   -0.593861    -1.01319   -0.375726  -0.0539664     0.21999   -0.704269    0.879493     -1.0162   0.0524973   0.0686761   -0.346211   -0.193873    0.354777   -0.881219    0.161638    -0.68048    0.326856   -0.320979    0.686907   -0.645459   -0.943052    -1.01283  -0.0478364    0.186279   -0.350408    0.436827
  -0.680441   -0.747667    0.338142   -0.624958   -0.353923    0.155664    0.611796    0.491113    -1.10235    0.564136      -1.337    -1.98023    0.837369   -0.907776   -0.859722    0.474302   -0.260147     1.15081    0.274924     0.21701    0.320419    -1.00384    0.569814   -0.635841    0.499492   0.0701009   -0.170165    0.239954  -0.0476048    -1.59721    -1.39927    -1.49752    -0.23832   -0.930619    -1.12442   0.0806723    0.994697  -0.0831437  -0.0597159    0.362968   -0.717317     1.00331    0.691455    -1.02113    -1.00733    0.955517    -1.44764    0.416581    0.972476   -0.687455    -1.15387    0.292736    0.197396   -0.531486   -0.311677    -1.00985   -0.643437     1.26242    0.365068    -0.50498
   -1.63799   -0.270727    -1.59314   -0.615057 -0.00981837   0.0430795    0.890193    0.189518    0.236991    0.994549   0.0971358   -0.314725  -0.0568861   0.0818493      0.9519   0.0316687   -0.248552     0.49277   -0.811695    0.636993    0.696588   -0.165931      0.9239    -1.12339    0.448705    -1.43588    0.777965     1.14242    0.748496   -0.140075   -0.983088     1.34336    0.523532   -0.295916    0.468247      0.4478    -1.55555  -0.0431241   -0.604176   -0.912168   -0.940882   0.0780084   -0.919025    0.563638   -0.315461   -0.186136    -0.52826    0.434061     -1.3955   -0.986298    -1.50837   -0.504685   -0.943339  -0.0829866    0.391508   -0.836489    -1.50513    0.464616    0.639926   -0.574363
   0.600735   -0.993235    0.763065    -1.30011   -0.745471   -0.236273   -0.209135   -0.609052   -0.979379    0.235761   -0.893564   -0.836442   -0.341237   -0.914002    0.472775     1.07773    0.660566    -1.45205    -1.10333     1.16159    -2.30006    0.997085   -0.382878    -1.00804     1.32884    0.127641    -1.08083   -0.273084     1.68856   -0.899351     1.15368    0.672742   -0.989204   -0.390699   -0.765648    -0.39784   -0.646915    0.227396    0.273447     0.29944    0.334859   -0.791808   -0.183084   -0.855755   -0.439199     1.02807   -0.122345   -0.766075    -1.16441    0.163183   -0.111029    -0.11185   -0.292152   -0.732213  -0.0294597   -0.631109    0.657399    0.806785     1.44943    0.622482
  -0.658985    0.429362     1.28292    0.686339    -1.48241    0.998356   -0.932066   -0.233371    0.564813   -0.382367    -1.55627    -1.42609   -0.281537     -1.0175    0.938897    0.870686     1.09346    0.398016   -0.152947    0.907429   -0.285664    0.154618    -1.30298   -0.626594   -0.853827    -1.79437    0.500611    0.533384    0.952092   -0.761473    -0.83489    0.578263   -0.627833    0.429302   -0.127967    -1.19514   -0.659762  0.00757866   -0.584063    -1.02036  -0.0268115    -0.82662     1.09988   -0.830559    -1.12988    0.288422   -0.666783    0.486492    0.545451   -0.742672     1.14806    0.518259    -1.01082    -1.11514    -1.05613    -1.04707   -0.346505    0.675844   -0.424242    0.381763
  0.0359473    -0.43748    0.559519   -0.237888    0.925178     0.47093    -1.78061   -0.690727    0.123164     1.28187   -0.812543   0.0251602    0.245058    0.395365   0.0564415    0.816911   -0.565728    0.365784  -0.0080097    -0.91398   -0.934852  -0.0701821     1.41434   -0.771118    0.866721    -1.21777    -0.59503    0.203839     0.22655    0.156821   -0.624635    -0.92307    0.230832    -1.28095   -0.693724  -0.0389124    0.434288  -0.0309084    0.496179      1.0468  -0.0397783    -1.35788    -1.70632   -0.622089   0.0384519      0.7983   -0.517434   -0.228359   -0.467703    0.223721    0.750201    0.584751   -0.968272   -0.829509   0.0330285    -1.15072    -1.18005    0.307644   -0.120618    0.770881
   0.464493  -0.0408361    -1.62023   0.0468996    -1.54968    0.271249   -0.757358    -1.15753   0.0966268   0.0965693    -1.06628    0.984452    0.280219   -0.277297   -0.448785      -0.442     1.30947   -0.299128   -0.550591    0.542565    0.785796    0.842801    -1.21794   -0.481825     1.14362   -0.958537  -0.0843768    0.839548    -1.27119    0.267765    -1.36636   -0.984833   -0.453135    -1.00531    -0.94431    0.567162    -1.58182   -0.384309   -0.958858    0.892872    -1.04974   -0.455969    -1.89742    0.714195     1.02035   -0.512544    -1.80157      0.7545    0.757806    0.583218    0.153003    0.369147   -0.478754   -0.695307    0.535129   -0.157687  -0.0850065    -0.24585   -0.964787    0.174625
   0.583477    0.736766      0.3054   -0.208234  -0.0726385   -0.192493   -0.140005   -0.978169   0.0760937    -1.02021    -1.49313   -0.192327   -0.673449    -1.13693     0.41927   -0.484742    0.836092   -0.473371   -0.676714    -1.59648   -0.392361    -1.08477   -0.411853   0.0294695   -0.950648   -0.395682    0.398102   0.0164008    -1.16259    0.280709    0.500274    -1.44272    0.252777   -0.216603    0.561921   -0.528482     1.29677   -0.266653    0.224077    0.428628    0.565251    0.827691    -1.77644   -0.571148     -1.0426     0.71226   -0.997709    0.359794    0.343494    0.139812     1.02077   -0.501688   -0.291154   -0.616208    0.430654    -0.77968    0.810041    -0.50398    -1.19002   -0.166606
  -0.863767    -1.15242    -0.61419    0.281772    0.337633   -0.347065    0.585518  -0.0433114     0.10939    -0.72558    0.563201    0.427999 -0.00897366    -0.11471    -1.28152   -0.502954  -0.0601357     1.32107    -0.75243  0.00847537   -0.603556    0.708126  -0.0617858    0.358877      0.5159    0.239702     0.87023    0.548682  -0.0163604    0.236612   -0.925012    0.319343   -0.210903    -1.23188   -0.174997    -1.05415    -1.16556    -1.10143   -0.462181    0.366184     1.46848    0.303584    0.201126   -0.685507   -0.222578   -0.411469    -1.30182   -0.273593    0.448146   -0.948105  -0.0516796  0.00144077     1.33482   -0.446229   -0.429875   -0.828587   -0.457897   -0.136789   -0.480936   -0.281686
   -1.23273    -0.49013    -1.45243    -0.59874   -0.665105  -0.0846182  -0.0249639  -0.0542226    0.542958    0.456829    0.953049   0.0420738    -1.10294    0.570466   0.0619249  -0.0794087    -1.19148    0.376446    -0.31248   -0.023491  -0.0197018  -0.0151445    0.645494    0.563999    0.862319   -0.313266    -1.13356    0.938024   -0.683816    -1.30261  -0.0501365    0.077936    0.141835   -0.709452     0.29095     0.19749    0.834379   -0.701981   -0.332759   -0.581782   -0.349118    -1.35167    0.466624    0.453872    0.590938    -1.18871    0.956524   0.0305679     1.00768    0.212667    -0.76645    0.177645   0.0107105   -0.854467    0.665672     -1.5627    -1.39747   -0.685578   -0.126239     0.25977
  -0.784786  -0.0657546     1.16363    0.368782    0.358079    -1.41775   -0.705789    0.264475     -1.1966     1.30701    0.884439   -0.611669   -0.709234  -0.0864655   -0.361367    0.184476    0.721741   -0.834485    0.194005     -1.1767   -0.819261    -1.31989   -0.913551    -1.09007   -0.851011   -0.622683  -0.0016329   -0.685749     1.07798   -0.290866    -1.23879    0.299445    0.202329    0.407535   -0.164032    0.464362     1.06348  0.00164214     0.28563 -0.00715763   -0.274244    -1.13746    0.177419   -0.451761   -0.799247   -0.551789   -0.386217    -1.33682  -0.0559354   -0.128022    0.704507    0.015625    0.811511   -0.262381   0.0339634    0.623125    0.851594   -0.378562     0.40061    0.347544
  -0.471961    -1.02733    -1.13705   0.0507695   -0.023974    0.366318   -0.599037   -0.454349   -0.104132    0.327203    0.274384   -0.927554  0.00202598   -0.187049    0.245615    -1.95859   0.0463226    -1.01066    0.401401    0.473145    0.813189   -0.488186     -0.7886    -1.03726     0.17914    -0.27372   -0.883293   -0.989546      1.0731    -1.62573    -0.11401    0.404587   -0.259876    0.422859    0.160307      1.1043    0.303191   -0.416099    0.192103   -0.122039   -0.298982     1.02693    0.301635    -1.11019   -0.429859     1.21787   -0.142452   -0.179792    -1.65497    -1.21938     0.19004    0.728647    -1.04625   -0.011922    -1.39426    0.261683     -0.1107   -0.780834    0.581161    0.886224
 -0.0597184   -0.391666     0.55645   0.0107812   -0.236946   -0.513969    0.163818    0.140128     0.62076    -1.46292   -0.842052    0.889751    0.672714    0.583961  -0.0328052     0.96456   -0.261939   -0.240994    -1.67323   -0.994307    0.111211   -0.863513   -0.798828    0.594742   -0.958649    0.817198    0.481625   -0.675751   -0.419051     -0.7285   -0.280338    -1.04643   -0.591341   -0.185361    -1.01884   -0.268268    0.497659    -0.35686    0.192782  -0.0502618   -0.226521   -0.679641     0.10882   -0.828903   -0.310041    0.917339    0.849227    0.886903   -0.580463    0.833136     0.15691   -0.159338   -0.901136   -0.930996    -1.81991    0.048656    -1.16903     -1.3122    0.663699   -0.293594
   0.081296    0.280565     0.54573    0.558649    0.894687    0.172498   -0.416216    0.609885    -1.44167    0.441519    0.318699    0.197851    0.467693    0.818824  -0.0323604    -1.85525    0.116852    0.194439    -1.41265   -0.314955    -1.19412    0.455659  -0.0541021    0.317079   -0.680719   -0.403372  -0.0899687    0.748861   -0.871149    0.259841    0.121166     1.08227    -1.42327    -1.31513   0.0936667    0.303835    0.173732   -0.610485    0.537697   -0.933445    -0.28692   -0.781389    0.479622   -0.653881    0.331786    0.307223     -1.5929   -0.362083    0.398122    0.279019    0.188309    0.810851    -1.10686    0.382476   -0.698803    -0.67302   -0.155415    0.375684   -0.688304   -0.510658
    0.59867     0.81854    -1.60312    -1.11873   -0.858771   -0.882033  0.00470961    -1.09592    -1.01737     1.55971     0.29079   -0.627485   -0.939582   -0.289533    -1.41813    -0.86138    0.670306   -0.843254    0.575663    0.696639   -0.699631     0.62406    0.128722    -1.14217     1.88491    0.282271   -0.314135  -0.0163742    -1.08181   -0.511558    0.115236    -1.46767    -1.18512   -0.639082    0.511361    0.415812    -1.73033   -0.769891   -0.359513   -0.410939    0.174954   0.0302474    0.999623     1.32944     1.32334     1.11277    0.880817   -0.545426   -0.311998   -0.777795    -1.74951   -0.413959    0.691989    -1.21595     0.32068   -0.122317    0.166361    0.457665    -1.71895   -0.694578
   0.335879    -0.69274   0.0684242   -0.756001     1.21733    -1.57305    0.164171    0.189193    -0.15829     1.49145   -0.238158    -1.27227   -0.625064    0.688932    0.229955    0.733942    0.478675    0.436753    -1.39591      0.1141    0.329488    0.900322  -0.0391877    0.290578   -0.412099    0.348321    0.203481    0.925167    0.527638   -0.782667 -0.00528982    0.503191   -0.201935    0.394144    -1.64672    0.763664   -0.500307    -1.26009     0.59556   0.0600114   -0.672572   -0.335137   -0.992693    -1.33771    -1.36907    0.234196   0.0988018   0.0871383    -1.24019     1.39479   -0.171734    -1.01066   -0.638061   -0.740599    0.494814    -1.09486   -0.872252    0.431248     -1.0353   0.0382632
  -0.779245    0.249116    0.852414    -1.26979    -1.14743   -0.162043    0.377448     1.64098  0.00124341   -0.306608    0.761098    -1.45487   -0.725641   -0.677114    -0.17571    -1.14372    -1.16058  -0.0238208   -0.692772   -0.342418    0.599719    0.798984   -0.807609    -0.77999     0.17553  0.00169847   -0.436203    0.361649   -0.588656   -0.048932   -0.369753    -1.44821     0.32077   0.0569517     1.41705   -0.100876    -1.85986   -0.242661   0.0190901   -0.590673   -0.147112    0.641671     -0.8239   -0.497721  -0.0849669    0.772753    0.612909   -0.138095    0.836582   -0.286301    -1.17292    -1.31354   -0.673329    0.529419   -0.278996  -0.0704886    0.624778   -0.389061   -0.558957   -0.121135
  -0.758561    0.224972   -0.377799   -0.860023    0.311158    -1.81527    -1.19328     1.71863    -1.09832   -0.852971   -0.283456   0.0409937    0.558131    0.362063    -0.18941   -0.408831    -1.26784    0.511843    0.134563     0.56457   0.0384821    -1.23444    0.424518   -0.890399   -0.763454    0.580123   -0.539714    0.350542   -0.836447   -0.325862    0.329275     1.28524   -0.575765    0.961646     1.74433    0.153715    0.585686   -0.483758    0.790151     1.29197    0.866534   0.0958208    -1.21265    -1.02959    0.524229    0.785667   -0.641715   -0.720219    -1.03941   -0.631598    0.297543   -0.404026    0.610734    -1.25942    0.275889   -0.542989   0.0649424   -0.870204    0.352837   -0.476206
   -1.66483    0.316629    0.193139     0.15542   -0.388109    0.406541   -0.374857    0.586383     0.36006    0.320932   -0.265253    0.214747   -0.214297    -1.06963    -1.29718    0.108634   -0.923004   -0.529072   -0.779047    -1.31796   -0.411092   -0.891954       1.457   -0.642548     0.99565    0.663161    0.128153   -0.659633   -0.423496    0.534076    0.922691    -0.59988   -0.734531  -0.0594471    0.235075   0.0418977  -0.0199678   -0.668482     1.73665    0.925732   -0.848709   -0.241626    0.964766   -0.545086    0.622277   -0.132757   -0.929564    -1.35092    0.680306    0.204174    -1.51119    0.171857   -0.418255   -0.171643    -1.18601    0.769495   -0.474374    0.674939    0.271204  -0.0162249
  0.0279037    0.707864   -0.658972     1.21973   -0.306254   -0.063477    0.723949    0.712715    0.184387   -0.127985    -1.13997   -0.165969    0.477568     0.18039    0.803325   -0.376398    0.955386    -1.10058     -1.3257    0.198189    -1.87506   -0.502002    -1.10454    -1.17485   -0.825913   -0.701797    0.441289   -0.212712     -1.1761    0.378935    0.882044   -0.210781   -0.228796   -0.458116   -0.950504   -0.237004   -0.191778    0.119785     1.55693    -1.35926    0.095943    -0.51019   -0.655154    0.850052      1.2721    -1.13199    0.472414     -0.2319    -1.17859   -0.506297    -1.29289     1.24371   -0.220332   -0.471833    0.847493    0.682469   -0.868078   -0.881109    -1.28602    0.446348
   0.876241     0.83479    0.581201    -1.01731  -0.0478354    -1.45984    0.499439    0.706968    0.869273    -2.00114   0.0242609   -0.584688   -0.737327    -1.17567     0.53518   -0.381282    0.510514    -1.32222   -0.166513  -0.0564189    -1.02811    -1.15764    0.656959   -0.817552    0.236589    0.904133   -0.524442   -0.833445    -1.40132     -1.3091    0.391344     1.43335   -0.597296    -1.01121   -0.648839  -0.0243294    0.880291   -0.709731   -0.924731    0.863403   -0.481793    0.101085     1.30025    -2.13194   -0.140059   -0.215302   0.0616317    0.631922    -1.32406     0.39059    -1.20314    -1.63147   -0.635083    0.346424    0.231744     -0.9861    0.167219    0.137127    -1.38836    0.603451
    1.04844    -1.38162   -0.804638    0.544754   -0.367236    0.355918     0.84937    0.613255   -0.604874    -1.25492  -0.0774908     0.26315   -0.421673     -0.7235   -0.469428    0.470541    -1.17131    -1.00401    -1.34529    0.113889   -0.268389     1.03267   -0.205563    -0.54337    -1.25274    -0.93109    0.692323   -0.655879    0.290022    0.668542   -0.668024     1.10945   -0.760245    0.341505    -1.01038   0.0709199   -0.200015    0.702185   -0.989027     1.20633   0.0206497   -0.307889    0.591292    0.574225     1.23758  -0.0378489    -1.35851   -0.299517     1.10002  -0.0427024    -1.22608   -0.952734   -0.987253    -1.15225   -0.498976   -0.643017    0.791373   -0.790045   -0.848484   -0.827519
   0.581251   -0.778077    0.952124    -0.62653   0.0489321    0.497618    0.660277    0.549411   -0.518227   -0.305213   -0.240379    0.697013      0.4837   -0.496594   -0.213582   -0.647077   -0.241457    0.423267    0.615365  -0.0462481   0.0811885   -0.778482    -1.08805   -0.409963    -1.11617    -1.19154  -0.0375482    0.662708    -1.34787    -1.25355   -0.168263   -0.171442    -1.01719    -1.32038     1.27397    0.329386    -0.95163  -0.0692436  -0.0935046    -1.09672     -1.0844   -0.537365   -0.357183    0.283106    -1.31613    -0.68442     1.04085   -0.254878    -1.67495    0.775516   -0.589731     1.12385     1.26723    0.382483    0.501163     -1.0436    0.391105    0.039335   -0.294531    0.387682
  -0.367673  -0.0356162   -0.238405    0.143265    0.143464    0.624703   -0.830231     1.14364    0.733074     -1.1291  -0.0457122   -0.694515   -0.250186  -0.0560333     0.21942   -0.830549    0.425238    0.638621   0.0389967   0.0284441    0.404107     -1.0348   -0.179868   -0.578608   -0.299268    0.763099    -0.11641    0.323744    -1.03862   -0.825541    -0.32749    0.316722    0.116963    0.150839    -0.39359    0.531985   -0.488399    -1.66065   -0.372936   -0.286092     1.51799    0.180804   -0.694501    0.253022     -1.4025   -0.199693    0.301369    0.036567    0.924304   0.0445849   -0.299761   -0.893674    -0.58941   -0.449674   -0.255613    0.163204    -0.67821   -0.137263    -1.14586     1.67305
  -0.283383   -0.186205    0.772766   -0.896454   -0.219968    -1.54662   -0.513992     1.02278   0.0690762    0.606263   -0.347255    0.478166    0.285666   -0.749015  -0.0827246    0.439828   -0.493541    0.427138    -1.09952   -0.827979  -0.0700208    0.141082    0.129015  -0.0979542    0.891913   -0.876894    0.933063    0.518406   -0.566975   -0.210593   -0.198927    0.708294   -0.529841   -0.927049    -1.31043    0.674588   -0.567036   -0.278351     1.11082   -0.843837   -0.267749   -0.483595    0.236503    0.235451    -1.06947    -1.18788   -0.698102 -0.00449411    0.377429   -0.299315    0.855355    -0.35736     0.48625   -0.106944  0.00777295   -0.265569    0.118689   -0.355689   -0.657724   -0.688774
    0.62117    -0.10249   -0.965394    -1.31971   -0.949354    0.322767      -1.582   -0.343707   0.0634509     -1.0702   0.0455809   -0.941029   0.0352714    0.215756    -1.43114    0.316391   -0.549018   0.0351039    0.214638    -1.08131    0.771639    -1.30277    -1.07368     -0.2951    -1.01349    -1.27191   -0.282642   -0.036593    0.775827    0.961532     1.16487     1.10658   -0.390584   0.0739645     0.90045     0.45089    -1.04009    -1.05139    0.716048   -0.347373     -1.0967   0.0530745    0.923509    -1.41293     0.15432   -0.766444    0.490695    0.628206   -0.355558   -0.555723   0.0399122   -0.659543    0.364241      -1.206    0.684876    0.139208   -0.757151  -0.0567418   -0.139946   -0.269049
