no weights
   0.0869557    -0.356832   -0.0549402   -0.0073857     0.223501     0.183825    -0.341907     0.131872     0.136215     0.224489     0.607121    -0.327407    -0.240361     0.394788     0.264805     0.341133     0.391704    -0.167517    -0.172648   -0.0281026    -0.135309   -0.0935216     0.423673    -0.405191    -0.139166     0.207866     0.371841     0.580562     0.448884    -0.261163   -0.0418622     0.140432     0.279108     0.283476     0.205934   -0.0421027    -0.235071     0.507742     0.199358     0.139741     0.572736   -0.0892696     0.131469    -0.456676    -0.246622    -0.112302    -0.206938   -0.0282436
   -0.195142    -0.207987    -0.126746   -0.0524498    0.0429618     0.282069    -0.191082   0.00918237   -0.0477977    0.0635808    0.0951827     0.238319   -0.0171574    0.0536707   0.00151135     0.203782     -0.31465     0.265813    0.0285885    0.0513027  0.000467004    -0.418838      0.44413     0.188719 -0.000142963   -0.0436845     -0.52233   -0.0355479     0.122998     0.464804     0.157689    -0.564981   0.00394901    -0.168671     0.195043     0.400462    -0.188674    0.0589978    -0.254392    0.0480848     0.189722      0.30853    0.0153301    -0.182312     0.167475     0.182386     0.179754     0.131748
    0.197179    -0.164052  -0.00453726    -0.204958    -0.259548     -0.13856    -0.223539     0.232326     0.166216     0.226831     -0.39802     0.231114     0.177051   -0.0168793      0.30538     0.368261    -0.472448     0.641835    -0.127837     0.227542   -0.0915253   0.00627122    -0.203772     0.423299    -0.147846     0.100383     0.378755     0.267961    -0.400982     0.317892    -0.109721    -0.154787     0.443984     0.414287    -0.299016    0.0958527    -0.423976     0.210082    0.0909915     0.253816    -0.163727     0.148934     0.231426     0.272488    0.0165689     -0.09561    -0.238842     0.529812
   0.0481847       0.1008     0.312969      0.20983     0.182245     0.333696    -0.188868     0.151971     0.117024   -0.0313647    -0.560761      0.60357    -0.124893    -0.127676    -0.125387    -0.165024    -0.117302     0.194312     0.119906   -0.0828177     0.332268    0.0692584    -0.189133     0.307643  -0.00435172   -0.0595645   0.00625145   -0.0696438    0.0898298   -0.0980552    -0.130155   -0.0664118    -0.362021    -0.139034   0.00273445    -0.163037   -0.0279016    -0.103537    -0.488026    -0.213367     -0.37485     0.106962    0.0209298     0.419826     0.201184     0.296898     0.184842    -0.147649
    0.370582    -0.655501    -0.501189    -0.477376     0.024448     0.291578    -0.233418     0.124168     0.171898    0.0545035     0.286361    -0.145682     0.143192     0.194379      0.22728    0.0113675      0.12055   -0.0773112      0.21253     0.161184   -0.0983216    -0.619817     0.373586    -0.135414     0.153524      0.25288   -0.0719562     0.295425     0.513534    -0.203565     0.199273    -0.508308     0.583763    -0.166578     0.358267   -0.0668715    -0.258889    0.0844018    -0.165248    -0.455317     0.170549   -0.0533942     0.390167   -0.0636624     0.185953     0.206807   -0.0116358     0.308342
    0.122012    -0.268636    -0.487278    -0.339349    0.0767074    -0.147669    0.0591652    -0.124376   -0.0264413   -0.0377548     0.137164     0.158779     0.408632     0.032368  -0.00376595    -0.175152    0.0583356     0.354457     0.109143      0.35393    -0.173572    -0.411091     0.193488     0.220697     0.218083     0.221225    -0.243023     0.266533     0.224923  0.000924351     0.257003    -0.179677     0.215521     0.171003     0.268213     0.144992    -0.108454   -0.0416094    -0.101896    -0.294528     0.192565    0.0867976     0.283151    -0.215184     -0.02541     -0.15354    0.0634018     0.146865
   -0.755476    -0.010328     0.319343     0.244945   -0.0472537    -0.377579    -0.300512     0.186081     0.214343     0.318202     0.105986    -0.315568    -0.325159     0.100715     0.198811   0.00692592   0.00227164   -0.0607596    0.0400069    -0.323364     0.104208    -0.443111     0.178482    -0.128201    0.0368608    -0.196554     0.333477     0.168417     0.506706    -0.354527  -0.00244788     0.101465     0.139268     0.487445     0.488305    -0.190858     0.178069     0.262491     -0.11158     0.277272     0.794352    -0.219643     0.293911    -0.312261   -0.0965872     0.260865     0.343395     0.206044
  0.00320078   -0.0807076    -0.309229   -0.0655128     0.047343     0.130489     0.131158    -0.256069    -0.233539    0.0152157    0.0788111   0.00567715     0.271291     0.240682    -0.319052     0.196742    -0.150221     0.297694    -0.134045     0.518909     0.179569     0.408439      0.40825     0.225655    -0.153694     0.051518    -0.612535     0.405933    -0.127007      0.42791    -0.108666   -0.0788118    -0.238999     0.313023    0.0479834     0.280816    -0.181457    -0.116892     -0.21382     0.230006   -0.0900697     0.355187     0.106879    -0.533933 -0.000995646    -0.358746     0.071163 -0.000371402
    0.138952    0.0207117   -0.0632059     0.103016      0.13875     0.350819   -0.0592407    -0.020762    -0.168982     0.196703      0.22734    0.0953171   -0.0761633     0.128767    0.0402706     0.139447     0.322588     0.153584    -0.218033     0.431462     0.246939     0.487587     0.534891    0.0458347     -0.15815    0.0706159   -0.0314391      0.23487    0.0727191     0.158926   -0.0890247     0.350466   -0.0346507     0.231472     0.125476     0.199523    -0.198054     0.310745    -0.175737    0.0925683     0.282232      0.16964     0.230979    -0.617406     -0.61038    -0.736584    -0.365126     0.032528
   -0.141639    -0.223238    -0.383007    -0.572295    -0.674223   -0.0974636   -0.0178894     0.270232     0.231549    0.0196136    -0.134843    -0.379912     0.181879   0.00720582     0.363465   -0.0895808    -0.316158    0.0788454      0.30686    0.0662116     0.096303    -0.466209     0.102202    -0.073559     0.443264    -0.226971     0.226668    -0.270437    -0.113981     0.041474      0.38566   -0.0610657     0.520198   -0.0284392    -0.165888     0.268266     0.280157   -0.0315759     0.100742    -0.280524    0.0997759     0.206168     0.336591     0.309094     -0.13691     0.195713     0.226022     0.495754
   -0.165783    -0.164792    -0.164234    -0.091559   -0.0855853    -0.181148     0.127576  -0.00630534    0.0369386     0.195483     0.330426    -0.601298    0.0211006     0.121664     0.197963     0.167496    0.0685915    -0.261053      0.17494     0.134405    0.0637831   0.00947442     0.193241    -0.342338     0.193243  -0.00240782   -0.0342557     0.132117    0.0744947    -0.226581     0.196546      0.11633    0.0928428     0.350035    0.0687093   -0.0480453       0.2908    -0.111041     0.192813     0.103016     0.247626   -0.0533669     0.314393    -0.296948     0.066781     0.157114     0.185653      0.22706
  -0.0252206    -0.199635  -0.00518216    -0.327938    -0.579538    -0.426334     0.210163      0.24874      0.18645     0.026857     0.234843    -0.476809    0.0983171    -0.183133     0.255629      0.21613   -0.0914102    0.0528613   -0.0484841    -0.188286    -0.185496    -0.179515    -0.203183     -0.14418   -0.0700836    -0.174249     0.393585    -0.122905    -0.355608    0.0468553   0.00875191    -0.239844     0.683209   -0.0162417      -0.1402    -0.201026     0.024619     0.289727     0.744774     0.437206     0.325039    -0.170532   0.00182172     0.284633      0.15379     0.396696   -0.0990284     0.274493
   -0.308242    0.0306557    0.0663204    0.0924649    -0.161724    -0.102741     0.120593    0.0349991   -0.0939099     0.128853     0.118329    -0.118688     0.109718    0.0512597    0.0588361     0.142866    -0.134577   -0.0588391      0.13903    0.0283592     0.169635   -0.0994936      0.31563   -0.0396963      0.23344    -0.319997    -0.281095    -0.240693    0.0940813     0.132755     0.196116    -0.299007     0.166158    -0.113129     0.189426     0.145383     0.329631    0.0556217   -0.0536586     0.167646     0.365464    0.0923218     0.181793     -0.22134    0.0425897     0.243175     0.282025     0.173808
   -0.274741   -0.0830255     0.125002   -0.0500679   -0.0244828   -0.0180445     -0.18585    0.0600673     0.126321    0.0315534     0.397765     0.104777    -0.179766      -0.1933     0.184845   -0.0955034     0.541008     0.101201    -0.602398     0.486875    -0.116173     0.244644     0.135601    0.0307242    -0.376541     0.115433     0.383254    0.0660454   0.00962364    -0.115591    -0.393358     0.430776     0.563965     0.335011     0.239459   -0.0414957    -0.632329      0.55617     0.436434     0.172956     0.417651    -0.170174    -0.422607    -0.146048   0.00740123    -0.172944    -0.523651   -0.0807283
 -0.00794186     0.294409     -0.11957    0.0622834    0.0478097   -0.0869702    0.0600794    -0.100005    -0.176977      0.21032   -0.0541188     0.234811    0.0555282   -0.0636604   -0.0855357    0.0499339     0.106897     0.448486     -0.17294     0.532912     0.108964     0.505427    0.0398505     0.435047    -0.141148    0.0681186   -0.0219402     0.124486    -0.129565     0.353248   -0.0786745       0.3986    0.0362879     0.369705    -0.106862     0.506066    -0.255081     0.110561   -0.0126797     0.259632   -0.0234066     0.328471    -0.279279    -0.333415    -0.481117    -0.741363    -0.108973    -0.292992
    0.239192     0.401729     0.250207    0.0319992    -0.246305    -0.376466     0.361229     0.108983   0.00653702   -0.0871317     -0.56887      0.24711     0.321488    -0.439569    -0.240397    -0.283395    -0.231537     0.329287    0.0514426     0.298661     0.296865     0.423504    -0.402208     0.260556    -0.101758    0.0742522     0.201628   -0.0342804    -0.435955   -0.0664061    -0.113128    -0.107634     0.197048    -0.211285    -0.431519    -0.372548    0.0362202    0.0102602     0.199898    0.0320347    -0.372143    -0.185461     0.171727     0.358067      0.21559    0.0373709   -0.0359421     0.167971
   -0.294022    -0.229775   -0.0459576    0.0743087    0.0126421  -0.00934051     -0.26879      0.05925   0.00675535     0.355132    -0.036806     0.254682    -0.205212   -0.0208368    0.0203464   -0.0691948     0.171644     0.142296   0.00128117   -0.0639479   -0.0335064    -0.108562   -0.0584728      0.14245    0.0232965    -0.120754   -0.0483096    0.0743152     0.165009   0.00547234   -0.0581708     0.110486   0.00547953     0.210033     0.204679     0.141537   -0.0842265     0.120576    -0.261792    0.0229364     0.231713     0.115594    0.0275177     0.128309     0.270259     0.305242     0.511944     0.150754
    0.143874     -0.19821    0.0225426    -0.130062     0.115764     0.271618    -0.199195     0.235561     0.174888     0.152156    -0.440346     0.363935    0.0785826    -0.121093   -0.0741448   -0.0721359   -0.0201519      0.14893    -0.229092     0.306993     0.374033     0.401579     -0.12566     0.185838    -0.360309     0.135112    0.0103902     0.258831    -0.157535   0.00990135    -0.467749    0.0204676   -0.0544214    0.0572685    -0.161798   -0.0890659    -0.376629   -0.0903231    -0.199719    -0.191175    -0.513627     0.153514    0.0220057     0.386384     0.666513     0.381266      0.18059   0.00318917
    0.486501  -0.00593882    -0.189315    -0.105297    -0.206778   -0.0811977      0.27891    -0.255862    -0.338636   -0.0831724     0.548169    -0.130177     0.269264    0.0660748    -0.117527     0.210288      0.38172   -0.0781582    0.0633873    0.0550725    -0.403041    0.0679516     0.196094    -0.144931    0.0324135     0.135217     0.138025     0.192537    0.0932108    -0.167888     0.105041     0.302621   -0.0988865     0.313631    -0.027206    -0.201585        0.171      0.37425     0.116369     0.127722     0.442615    -0.290502     0.805033    -0.569162    -0.378105    -0.393807    -0.236205     0.753845
   -0.251821     0.717099     0.808776     0.596639     0.526512     -0.22337    0.0278184      0.16391    0.0740733     0.119075   -0.0436145     0.128307     -0.15711    -0.221497    0.0584475    0.0475051    0.0732517    0.0563895    -0.161293    -0.051383     0.171858     0.308741    -0.141252      0.20032    -0.140985    0.0662133    0.0783825    -0.165853   -0.0757992    0.0908896    -0.156713     0.151386    0.0788447   -0.0739843    0.0792143    -0.122298    -0.189585    0.0317467     0.303016     0.265609   0.00973909    -0.143383    -0.519016     0.135899    0.0697119   -0.0400639    -0.167868    -0.628621
   0.0749494     0.175613      0.17148   -0.0474782    -0.222577     0.542626    -0.214768     0.294538     0.171566    -0.142071     0.164601     0.111359   -0.0622827   -0.0676158     0.321206   -0.0898537     0.328721   -0.0398879    -0.205935     0.318118     0.569185     0.325779     0.794114    -0.296181    -0.260923    -0.378566     0.439679    -0.620284   -0.0847008      0.10599    -0.267559     0.269395     0.246504    -0.212991     0.281503   -0.0270236    -0.105939     0.485646     0.179865    -0.169876     0.312778    0.0531621    0.0962404     0.147721     -0.41181    -0.142233    -0.574388     0.190201
  -0.0947011      0.51083     0.624759     0.518161     0.521892     -0.47312     0.169413    0.0669532   -0.0012927    -0.180782   -0.0367029   -0.0554495    0.0649811    0.0169469    -0.272403    -0.200143     0.253481    -0.255786    0.0378967    -0.219318     0.315845     0.234745   -0.0863615    -0.227735    -0.154042   0.00382351     0.285234     0.214247     0.117822    -0.438223    -0.313436    -0.152376   -0.0526966    -0.201579      0.19153    -0.699536     0.236916     0.114577    0.0907671   -0.0108008    0.0757781    -0.357315     0.113461     0.163679    0.0446814      0.19931   0.00945681    -0.303206
    0.289526    -0.189786    -0.191351    -0.122105    0.0228529    -0.342381     -0.18521   -0.0124288   -0.0471621     0.442205    0.0248485    -0.367241    -0.102627   -0.0903617    0.0233198     0.122009     0.287553    -0.236582     -0.18649     0.114851    -0.384033      0.18495    -0.371372     -0.37656   -0.0662255     0.146225     0.289137     0.516758    0.0085812    -0.617806    -0.100758     0.549227     0.164247     0.662211    -0.127851    -0.397133   -0.0885604    0.0185235  -0.00547024     0.144627    0.0761811    -0.393974     0.364398     0.104211     0.165907     0.183062     0.521018     0.299064
    0.270958    -0.138945    0.0305968    0.0510809    -0.178839     0.337007    0.0285356     0.147543     0.106653    -0.150564     0.169712    0.0960051    -0.149164     0.168029    0.0792548     0.147333     0.253811    -0.280701     0.228736    -0.617265     -0.23389    -0.194013    -0.280221   0.00088051   -0.0101624   -0.0127006     0.180656    -0.224353    0.0208669   -0.0576388   -0.0519389  0.000560866    -0.145879     -0.37149    0.0292997    -0.252923     0.243695     0.143616     0.128343   -0.0225662   -0.0330307  -0.00884467    -0.042527     0.309999     0.327306     0.430074    0.0543758    0.0828884
    0.316426     -0.40879    -0.186263    -0.289969     0.048233    -0.103694    0.0226346    0.0969385     0.178114   0.00290475    0.0416784   -0.0415547    0.0572809     0.176129     0.209499     0.189111    0.0990398    -0.271238    0.0973774    -0.370506    -0.436466    -0.207622    -0.650204  -0.00859411   -0.0518991     0.341138     0.100792     0.192928    0.0220424   -0.0677091   -0.0572454   0.00372892     0.203924    0.0459755  -0.00232226     -0.12064    0.0304156    -0.508025     0.162545    -0.196346    -0.546885    0.0558106   -0.0329745     0.621933     0.938091     0.785375     0.389623     0.133033
    0.116154    0.0476245    -0.115057    -0.267001    -0.452058     0.150166     0.195642    0.0148833    0.0815756    -0.328666   -0.0716162     0.274357     0.138826   -0.0340808   -0.0343769    -0.118424    0.0779726     0.302416    -0.174499     0.234732    0.0670519     0.296601    -0.121437     0.269669    -0.188343     0.057893     0.384794    -0.223964    -0.414068     0.426346    -0.288715     0.230502     0.366408    -0.157338    -0.228159     0.235561    0.0766236     0.104188     0.508627    0.0195604    -0.117767     0.334588    -0.117735     0.320896  -0.00982701   0.00485123     -0.37376      0.16516
    0.187734    0.0171462    0.0517058     0.107012     0.237606   -0.0164682     0.241274    0.0960726     0.101358    -0.155789     0.463931    -0.449465  -0.00772319       0.2592     0.206763    -0.107163     0.576741    -0.930425     0.226654    -0.209672   -0.0725709    0.0310901    -0.117589    -0.681708  -0.00634792      0.16513    0.0842524    -0.145477     0.270849    -0.530441    -0.152655     0.289763    -0.100105    -0.353462     0.117051    -0.475487     0.412769    -0.141613    0.0585605    -0.421813   -0.0787358   -0.0949704    -0.032274     0.347883     0.339474     0.310392     0.162887    -0.130766
    0.380914      0.32586    0.0665393     0.344304     0.174548     0.218805     0.125721    -0.188093    -0.262997     0.166414    -0.030702      -0.0184    -0.178768     0.132462    -0.100697      0.32287   -0.0203368    -0.346038     0.323398    -0.415228    -0.249606     0.191713    -0.250245    -0.048349     0.285027   -0.0225826    -0.423269   -0.0765842    -0.128181     0.051189     0.346709     0.374699    -0.900922     0.120527     -0.24406     0.207997     0.391899   -0.0783639    -0.289996     0.174038    -0.259089     0.132005    0.0574748    -0.150653    -0.235458    -0.118182     0.501576      -0.0462
    0.515772   -0.0571741     -0.18123    -0.310387   -0.0567361     0.594874     0.247919     0.189634     0.151611    -0.228188     0.567985   -0.0587978    -0.110946     0.222452     0.274628   -0.0543148     0.507098    -0.370609   -0.0409152     0.216316     0.491076     0.346732     0.447911    -0.120678   -0.0729431      0.16139    0.0626341    -0.289313    0.0639143     0.236107   -0.0534057     0.234176  -0.00606262    -0.459111      0.17956     0.211404    -0.051601    0.0795487     0.492419   -0.0856701    0.0129296     0.160014    -0.377768   -0.0069518    -0.232049    -0.386549    -0.524713    -0.462719
    0.358402    -0.185459    -0.290024    -0.265362      0.20686   0.00748265     0.109942     0.106089    0.0856817     0.270542    -0.010035    -0.121777    0.0497649     0.114903     0.306197    0.0817785    0.0039532    -0.244021     0.338206    -0.139679    -0.128672    -0.223864    -0.387553     0.114715      0.41259     0.283492    -0.228916  0.000674449     0.214927   -0.0854666     0.384779 -0.000227758    0.0649122   0.00494246  0.000639767     0.170748     0.135953    -0.774378    -0.176354    -0.321428    -0.528327     0.192081    0.0745955     0.296692     0.370388     0.294522      0.55548    0.0702273
   -0.230122     0.218457     0.434917     0.362747     0.332534   0.00366387   -0.0737776    0.0588714     0.194957   -0.0205937    -0.215654    -0.174182   -0.0851505   -0.0857788   -0.0359411     0.017392    0.0685623    -0.303468    -0.272343     0.298466     0.274535     0.561001    -0.111465    -0.289312    -0.296894     0.168166     0.147833     0.112692    -0.219889    -0.187208    -0.371574     0.145236     0.223869    -0.021675    -0.192725    -0.278659    -0.217767   0.00121691     0.164357    0.0926666      -0.3818    -0.102211    -0.354881     0.318321     0.476496     0.284911   -0.0246228    -0.301411
    0.145505   -0.0371198    -0.322042    -0.492069    -0.643776    -0.400499     0.569584     0.213337    0.0911745    -0.260599     0.111408    -0.125155     0.508505    0.0955094   0.00193744    -0.155173    -0.102709     0.276232    0.0251796     0.313048     0.454942     0.243189     0.034912     0.100285   -0.0452411     0.142949     0.271765     0.111173    -0.303134     0.233296   -0.0944586    -0.227201     0.290559    -0.360638    -0.278211   -0.0407901     0.299186     0.043723     0.483914    0.0976758    0.0352027        0.146     0.236784   -0.0362512   -0.0973152    -0.254343    -0.247007     0.181593
   -0.359142   -0.0695911     -0.25203    -0.360034    -0.333905    -0.686978     0.513011      0.16203     0.138308  -0.00546057     0.247591     -0.33662     0.321925    0.0871628     0.200971   -0.0672512    0.0432204     0.160617     0.236521   -0.0560482   -0.0142051    -0.253888    -0.225165    0.0262553     0.321938    0.0738106    0.0150334    0.0312704   -0.0224358   -0.0117689     0.259489    0.0757987      0.28371    0.0497363    0.0907565    -0.011672     0.329772   -0.0435387      0.36593     0.186035     0.307982    0.0230274   -0.0350314   -0.0837762    0.0475869    0.0447849     0.171881      0.12371
    0.485444    0.0515238    -0.197888    0.0289111    -0.355273     0.125101     0.129124     -0.28042    -0.306049   -0.0763778   -0.0680905   -0.0188698     0.123451      0.11395    -0.378942     0.290995     0.047813     0.167015     0.177779    -0.104822     -0.34815     0.286027    -0.299866  -0.00455207   -0.0690853    0.0363193   -0.0285242     0.405387    -0.342583    -0.042445   -0.0119341     0.479998    -0.642138     0.371385    -0.327977    -0.162588     0.331674      0.31324    -0.139988     0.220519   -0.0349649    0.0012718     0.774624    -0.488049    -0.346304    -0.370981    0.0850465     0.659858
    -0.13711     -0.12047     0.309643     0.169694    -0.148952     0.813921    -0.635487     0.167702     0.255164    0.0991835    -0.139587      0.39525    -0.561022     0.140563     0.381096     0.538522     -0.35065    0.0873064   -0.0945963    -0.465691    -0.115785    -0.250884     0.148796     0.115044    -0.327304    -0.307547      0.13983     -0.22327    -0.115223     0.547248    -0.204738     -0.10908  -0.00653549    0.0144747   0.00876814     0.609441    -0.196152     0.191419    -0.252194    0.0529073    -0.210192     0.645799  -0.00543501     0.191934      0.14662      0.38234    0.0328865     0.273206
    -0.14082     0.464016     0.690224     0.525386     0.348951   -0.0326625   -0.0139594     0.230111     0.163544   -0.0380271   -0.0136053    -0.113678   -0.0691231     0.082189    0.0173191     0.217131    0.0506033    -0.137785   -0.0646285    -0.130033     0.305527     0.272594     0.129875    -0.276381     -0.27934     0.098095     0.437056     0.157877    -0.023788    -0.160963     -0.17034    -0.152278     0.120658   -0.0224846   -0.0957513    -0.326887   -0.0832934     0.310526     0.283682     0.272432     0.151651    -0.236513    0.0525629  -0.00139928   -0.0536207   -0.0247846    -0.261768   -0.0799715
   -0.443169     0.111895     0.376276     0.308607      0.10654     0.157251    -0.256072     0.350281     0.209691     0.129529  -0.00592092     0.529723    -0.478907   -0.0381984     0.154195     -0.07682     0.108517     0.283566    -0.095297    -0.535571     0.127197    -0.272936   -0.0591817     0.347212  -0.00374233    -0.120194     0.239583    -0.410425     0.370507     0.320047    0.0745997    -0.102694   -0.0804218    -0.290011     0.358555     0.274217    -0.154722     0.205877     0.204604     0.181194     0.195664     0.199754    -0.714979     0.377038   -0.0133655     0.300162   -0.0496672    -0.690172
    0.682364     0.156817    -0.213983   -0.0628426    -0.203367     0.653992    -0.089809    -0.157872    0.0484652    -0.371088    -0.153019    0.0797234   -0.0354483     0.246748    -0.229804   -0.0732788     0.072464   -0.0543348     0.299578    -0.186777    -0.140616   -0.0642033   -0.0919211    -0.070696     0.150701   0.00212134     0.267827    -0.187618    -0.132948     0.143796     0.228371     0.105982    -0.240056    -0.394765    -0.193417     0.151693     0.206975      0.22006    -0.110297     -0.32172    -0.230341     0.237708     0.240727     0.335239    -0.435019    -0.202089    -0.125512     0.146577
   -0.368556    -0.122996      0.10674    0.0936485     0.104952    -0.175181   -0.0542765     0.123894     0.079844     0.289851    0.0124869      0.13309    -0.113839    -0.137468     0.218392     0.109268    0.0728525    0.0762161    -0.238377    0.0696246    -0.251798   -0.0557944    -0.289448    0.0695143    -0.106722   -0.0211545    -0.245381   -0.0308324    -0.148582     0.063935    -0.186412     0.221093      0.23804     0.373692    0.0859003    0.0347975    -0.233717   -0.0233659     0.121589     0.147502    -0.104691    0.0247879    -0.367569     0.308556     0.807928     0.512427     0.385414    0.0553597
    0.324847    0.0367439    -0.339237    -0.233966     -0.11449    0.0710925     0.151457    0.0209549  -0.00571126    -0.176464   -0.0595356    -0.121904     0.435519     0.143167   -0.0660797  -0.00331197    -0.302883     0.216743     0.511471     0.058737     0.117859    -0.473263     0.279278     0.185701     0.406853    0.0285285   -0.0954006    -0.015622     0.073426     0.181328     0.516731    -0.451513    0.0346155    -0.312505 -0.000504817    0.0519883     0.160081    0.0156745    -0.126625    -0.191289    0.0148691    0.0246981     0.427657    0.0226615    -0.378224    -0.294828    -0.151164     0.229826
   -0.558221    -0.003603     0.246458     0.287175     0.154596   -0.0530087    -0.283995    -0.100942   -0.0683139     0.236285    -0.316874     0.657131    -0.132289    -0.148276    -0.131188    -0.209917   -0.0549328     0.614232    -0.258671     0.452571      0.31094      0.26131     0.283435     0.456011    -0.078114   -0.0323547   -0.0888973     0.290689     0.264939     0.128655    -0.253638     0.247571    -0.329286      0.60773     0.169132     0.116616    -0.225164     0.246453    -0.451271    0.0425421     0.257943      0.15766     0.163342    -0.325813   -0.0827684    -0.115421    0.0785814    0.0535688
    -0.34555    -0.119855   -0.0445403   -0.0760525     0.189802    -0.549971     0.129359     0.222287     0.165662     0.509959     0.111057    -0.283594   -0.0394959    -0.176869     0.328837     0.114558    0.0249656     -0.12375   -0.0878099    -0.032171   -0.0330774   -0.0100522    -0.486792    0.0592212     0.131836     0.215007    -0.417247    0.0475602   -0.0159849 -0.000549619    0.0793691    0.0201639      0.13704     0.217965    0.0537041     0.222958     -0.15292    -0.449382      0.25041     0.288552    -0.100962    0.0823903    -0.697623     0.196454     0.545467     0.256989      0.64451    -0.547391
   -0.506057    -0.240871    -0.223392   -0.0218883    -0.593207    -0.269334    -0.318835    -0.277973    -0.258877    -0.245357    -0.313768      -0.2735    -0.199038    -0.270747     0.131879   -0.0116263   -0.0128788   -0.0537302    -0.413833    0.0693548    -0.317909   -0.0690963    -0.370212   0.00863166    0.0498206    0.0654595    -0.109949   -0.0661102    -0.280316    0.0362594   -0.0286381    -0.174751   -0.0841415    -0.165758   -0.0476962    -0.188814     0.158916  -0.00400523   0.00235041    -0.277008   -0.0107839    0.0595816
  -0.0271992    -0.594131     0.501034    -0.133437   -0.0623627    -0.701142     0.138769     -1.16332    -0.855235     0.378085    -0.314912     0.888156    -0.442923       0.3302    -0.808314    0.0770825    -0.372264     0.211265     -1.03598      0.15236     0.346472   -0.0864248    -0.121837   -0.0873879     0.432099      0.11858    -0.106716     -1.34004    0.0132279     -0.19127     0.330633     0.125078   -0.0430775     -1.29694     0.218217     0.232605     0.280631    -0.649912     0.104315    -0.613001    -0.581947    0.0670683
    0.252654     -1.04725    -0.638292    -0.746327     -1.21923    -0.915175     0.489459    -0.543817   -0.0111589    -0.502985    0.0220145     0.557063    -0.143495     0.549179     0.028661    -0.196741    -0.368772    -0.850546     0.477153     0.217843     0.201918     0.245543     0.166321   -0.0561502    -0.884535    0.0857122     0.183087    -0.157188     0.144137     -1.19284   -0.0227514     0.243524     0.257157     0.206052    -0.675783     0.206955   -0.0248875    -0.393352    -0.300416    -0.896246    -0.347839    -0.194129
     0.51477     0.274028    -0.140465    -0.557128    -0.258745    -0.400062   -0.0629588   -0.0143296     0.161881    -0.556356    -0.205883    0.0863529   -0.0697753     0.115014    0.0656938    -0.706302    -0.330984    -0.637138     0.188386     0.215179      0.13789    -0.356197    -0.410469   -0.0978673     -0.77704    -0.253389    -0.585765     0.257341     0.277594    -0.650049    -0.252513    -0.497156    -0.565105   -0.0760747     0.575218     0.220763     0.236345     0.142396    -0.301413   -0.0213932    -0.382078    -0.266344
    0.337164    -0.103073    -0.365226    -0.659068     0.274756     0.236995     0.421454    -0.157239     0.200601    0.0405653     0.173523    -0.346559   -0.0413958     0.701663     0.341092     -1.07744     0.214958     -0.58436     -0.03641    -0.220186   -0.0282252    -0.765445      0.53999     -0.79812    -0.423433    -0.662105     -0.21511    -0.370697   -0.0880265     0.188176    -0.412832    -0.890414   -0.0172339    -0.769718     -0.38493    -0.602745    -0.130064    -0.776281     0.224493    -0.403793     0.244464     0.477034
   -0.418928   -0.0420748    -0.297002   -0.0121661    -0.287538    -0.318477    -0.414362    0.0425098    -0.164708    -0.235627    -0.194216    -0.363088   -0.0917781    -0.404497   -0.0170736   -0.0577899    -0.214957    0.0735062    -0.539128   0.00940575  -0.00876966     -0.01764    -0.339348    -0.199402    -0.084545   -0.0274501    0.0712882   -0.0400628    0.0501891   -0.0230787     0.108122    -0.138674    -0.369392    -0.264512    0.0555743    -0.075339    -0.170385   0.00261667    -0.185535    -0.149825    -0.141846    -0.080901
     0.21053   -0.0285253    -0.262303    0.0352735     0.337112    -0.102354     0.215239    -0.399621    -0.457732    0.0427292   -0.0184478    -0.414974    -0.312368     -0.53527    -0.494957    -0.675074    0.0398598  -0.00772304    -0.757095    -0.353004    -0.600415    -0.222268  -0.00823058    0.0210821     0.385629    -0.387134     0.277427   -0.0834277    -0.225843     0.226483    0.0620688    -0.544531    -0.199387    -0.474572     0.282638    -0.152414     0.260457      0.12441    -0.106674    -0.074829    -0.266372     0.171252
    0.126342     -0.88647   -0.0395578     0.384887    -0.689776    -0.788765    -0.636395    -0.698621     0.214993     -0.88963     -1.04569    -0.552742     -1.00732     0.533535     0.216157   -0.0520179    -0.306757     0.192898    -0.233805     0.278909     0.484451     0.137217    0.0891785   -0.0306365    -0.536524   -0.0161111    0.0357612    0.0614418     0.220706    -0.780305      0.25686    -0.784306     -1.11296    -0.101935     0.160868     0.185622     0.239315     0.578344    -0.400078    -0.666723    -0.109921    -0.667374
  -0.0919257    0.0120381   -0.0577849    -0.271871    -0.592388    -0.105223    -0.142476     0.105975     0.184049    -0.323814    -0.254026    -0.134886    0.0400689     0.179815     0.200713    0.0369569    -0.304198    -0.358871    -0.128487     0.173902     0.205152    -0.112127     -0.55046    -0.665402    -0.908286   0.00259316     -0.84146    -0.247688    0.0981186    -0.853566   -0.0397344     0.188613   0.00161302    -0.270791    -0.408057     0.149141     0.178745    -0.319403    -0.327663    -0.038445     0.218839    -0.185407
    -0.60713   -0.0266529     0.246363     0.170591    -0.515798    -0.218047    -0.324462     0.307419    0.0294421    -0.875436    -0.626007    -0.287383    -0.269464     0.156933     0.230796      0.15336     -0.23247      0.30658    -0.641895     0.336024     0.133601    0.0317386    -0.548759    -0.436133    -0.511741    0.0347044    -0.734577     -0.61404   -0.0915451    -0.585336     0.263483    -0.011653    -0.380571    -0.609462    -0.203512     0.048361     0.203938    -0.617779     0.104587    -0.248312     0.276381   -0.0336361
   -0.378604    -0.064258    0.0245899    -0.143877    -0.309064    0.0259754     0.130414   -0.0145336    0.0962295    0.0240795    -0.119829    -0.305827   -0.0240677     -0.23688     0.148923    -0.152381   -0.0646547      -0.4234    -0.022085   -0.0331084    -0.179359    -0.276028    -0.375615     -0.36794    -0.309956   0.00626045    -0.557961   -0.0915124    -0.490134   -0.0405231    -0.402511    -0.238121    0.0259676    0.0849703     0.107054    -0.251253    -0.110321   -0.0952232    -0.103486   0.00690247    0.0767069    -0.247007
   -0.410318    0.0209241    -0.169611   -0.0557718    -0.306141   -0.0942308    -0.280242   0.00373876    -0.200369    -0.043845    -0.156846    -0.326171    -0.072732     -0.43088    -0.102275   -0.0486705   -0.0984812   0.00117934    -0.444819   -0.0526255    -0.172304   -0.0361296    -0.429206    -0.313804    -0.238299   -0.0900445    -0.321898    -0.119792    -0.350277    -0.101704   -0.0634032   -0.0137684   -0.0891497    -0.243926   -0.0416989    -0.110593  -0.00941951    -0.127792     -0.12639   0.00139935    0.0615921   -0.0879985
   -0.739348    -0.304816    -0.699352    0.0739134    -0.452729    -0.371724    0.0853141    -0.731377    -0.959573    -0.102104  -0.00554652    -0.034194    0.0982723    -0.662487    -0.758203     0.185459    -0.182336    -0.281222     -0.55658     0.367848    -0.723832     0.504462   -0.0852067    0.0329729      0.24166    -0.664613     0.589597     0.275193    -0.715251     0.239005     0.301886    -0.552287     0.204731    -0.465127    -0.648747    0.0811343  -0.00840443    -0.329006     0.180858   -0.0897777    -0.630009     0.364103
   -0.595116    0.0826644   -0.0242391    0.0275496    -0.369066  -0.00869523    -0.423659    -0.115964    -0.471755   -0.0717099     -0.35515    -0.288006    -0.119341    -0.474731    -0.132332    0.0465376   -0.0860789    -0.105227    -0.473117     0.113894    -0.608609   -0.0445474    -0.402329   -0.0924733     0.100115    -0.122518     -0.28953    0.0520511    -0.539693    0.0581488    -0.346272    -0.216379    -0.158771   -0.0634555    0.0917379    -0.374767    0.0837558    0.0514082    -0.112863    0.0920458   -0.0572906   -0.0148847
   -0.364378    -0.133616    -0.260696    0.0198692   -0.0625304    -0.195586    -0.199286    -0.107973    -0.237193   -0.0142536   -0.0129509    -0.241306   -0.0195335    -0.372034    -0.395278    0.0503984    -0.205499    0.0082122    -0.138975    -0.157019   -0.0615723    0.0135957    -0.169479    -0.124478    -0.107594    -0.244867    0.0720762   -0.0695552    -0.170034    -0.021519  7.50195e-05    -0.195335    -0.247125    -0.111379    -0.194354   -0.0114335    -0.456058    -0.050226    -0.159722    0.0142974    -0.148326    -0.266058
   -0.292289    -0.359145    -0.595958    0.0906381    -0.238872    -0.202604    -0.415372      0.12476     0.252071    -0.220891    0.0439097    -0.622189    0.0204438    -0.563945    -0.030189      0.17103    -0.625996    -0.254553    0.0557877     0.133892     0.280674     0.278131    -0.365493    -0.333668    -0.840377    -0.317103    0.0896993     0.220146     0.197831    -0.163058      0.14054   -0.0556489    -0.461711     0.135045    -0.628381     0.184209    -0.681428     0.211033    -0.729153     0.327355    -0.177541    -0.654732
   -0.527059    0.0256296    -0.589656   -0.0299205    -0.420089    -0.428984    -0.235202    0.0104547    -0.311366    0.0313697   -0.0861522      -0.3562  -0.00201889     -0.58242    -0.244439    -0.146993    -0.126187   -0.0798171    -0.600662    0.0935608    -0.124325   -0.0534421     -0.55848    -0.109488    -0.172873    -0.170038    0.0780844    0.0732202    0.0342254    0.0629608     0.129418    -0.206903     -0.18108    -0.447541     0.173169   -0.0105592    0.0989675   -0.0174559    -0.180975   -0.0466643    -0.135055    0.0246091
   -0.686829    0.0704616     0.154979    0.0269843    -0.108818    0.0117066    -0.809535     0.299861     0.497993     0.172676    -0.286425    -0.647677   -0.0665835    -0.397454     0.462106     0.216567    -0.314371  -0.00617682     0.106247    -0.784037     0.199841    -0.970822    -0.681071    -0.498979    -0.900955     0.270037     -1.14219    -0.160135     0.198871    -0.142722    -0.636094      0.26402    -0.322589     0.174059    -0.138524    -0.781004    -0.542202     0.153025    -0.800614     0.119264     0.386447    -0.875133
    0.248374    -0.247762     0.287344    -0.128845    -0.521931    -0.653057     0.384718     0.067026    -0.273509    -0.906991   -0.0198576    0.0509888    -0.157777    -0.132188    -0.169736    -0.339881     0.123437     0.269507    -0.394002     0.126271     -1.03621    -0.015583     0.898541    -0.366376     0.264764    -0.790785    -0.476388     0.118566     -1.18854    -0.126962     0.322291    -0.854779    -0.487685  -0.00227628     0.188242     0.171293    -0.203473     -1.17732     0.398771     -1.08354     0.264375     0.619752
    0.538298     0.342839     -0.92012    0.0955326     0.456487    -0.161187     0.533246    -0.449102   -0.0586654    -0.986742    -0.348082    -0.480529   -0.0231863     0.509067    -0.805186     -1.01665     0.201077    -0.130611    -0.116524   -0.0350986     0.340967     0.185618    -0.403702     0.211607    -0.354705    -0.717755     0.277481     -0.55196   -0.0769136    -0.763939    -0.116771     -1.06498    -0.719501     -0.71573     0.342869    0.0246015     0.464233    -0.544997    0.0821603    -0.665149     0.375442    -0.513893
    0.122029     0.117422   0.00182648    -0.769364     0.233021    -0.155705    -0.546031    0.0338358     0.147092     0.295782     0.120031   -0.0752505   -0.0467442    -0.535198    -0.325138    -0.883677    -0.572365    -0.868347     0.487598    -0.948178    0.0292761     -1.09899     -0.61667    0.0513745  -0.00346563    -0.072416    -0.094507     0.156271      0.30672     0.145846    -0.721192    0.0665896   -0.0292605     0.258117      0.48073    -0.479189    -0.721434     0.182295    -0.563713     0.164359     -0.96368    -0.680974
   -0.684461     -0.29605   -0.0388628    -0.295423     0.266626   -0.0764774    -0.266847    -0.584673     -1.09394     0.514243     0.106317     0.484246    -0.109345    -0.632024     -1.04344     0.331717    -0.222276    -0.269953     0.241148     -1.01152    -0.683238    -0.277204     0.566315     0.074478     0.676043     -0.36805     0.389215  -0.00043162    -0.791793     0.301548    -0.397749    0.0431892     0.150874     0.247102    -0.738315    -0.647912     -1.12629   -0.0598736    -0.112793     0.168885    -0.932828   -0.0512814
    0.242662    -0.104827    -0.602941    -0.307791     0.247938   -0.0173163     0.416196    -0.415057     0.107678     0.140327    0.0260875    -0.226595     0.030087    -0.621322    -0.392814    -0.575613  -0.00447248    -0.421511     0.036933    -0.427634     0.121173   -0.0531559   -0.0754204      -0.1428    -0.350713    -0.848695     0.207219    0.0169064     0.107249     0.137612    -0.717537    -0.138627    0.0733289    -0.415804    -0.582475     -0.26064    -0.122414    -0.405226    -0.487725      0.23291    -0.424812    0.0995139
    0.455271    -0.143182    -0.937138    -0.429455     0.269859     0.178834       0.3099     0.290849     0.139315    -0.231788    0.0728782    -0.653616   -0.0106896    -0.623886    -0.324249    -0.717985    -0.170083    -0.554277     0.323104    -0.726475    -0.438351     0.314321   -0.0428609    -0.232291    -0.322952    -0.756507     0.253484    0.0773129     0.073222   -0.0564993    -0.646995   -0.0233272    0.0712081     0.218469    -0.955929    -0.277558    -0.679787   -0.0254695    -0.756738     0.241354    -0.297481    -0.503221
   -0.712738     0.207267    -0.111261    0.0804206    -0.634536    -0.079507    -0.336949    -0.139192    -0.766187   -0.0771205    -0.484966    -0.298089   -0.0623133     -0.52579   -0.0841865  -0.00379346    0.0213223    -0.123064    -0.787844      0.36143    -0.806065    -0.104444    -0.664968    -0.123996     0.108236   -0.0561991    -0.438218    0.0327256     -0.73861     0.047165    -0.217868    -0.347904   0.00592231    -0.459071     0.143578     -0.41667     0.390137    -0.208716     0.165972   0.00497954     0.175842     0.314616
   -0.120537    -0.279242     -0.04764     0.139184   -0.0321354    0.0673599    -0.165893    -0.249794   -0.0883972    -0.384797    -0.330149    -0.440947    -0.321481    -0.420552   0.00698685     0.191862    -0.344815    -0.243941     0.244346     0.100643    -0.597111     0.199378    -0.149829    -0.164561    -0.141431    -0.301492    -0.252517  -0.00778329    -0.309589    0.0856865     -0.33357    -0.036842    -0.138288     0.153146    -0.516314     0.131462    -0.047598    0.0222942    -0.581849     0.206379    0.0838695    -0.415823
   -0.297508   -0.0209252     0.174217    -0.250188    -0.569952   -0.0648184     0.135181    -0.134493    -0.123962    -0.118181    -0.170654     0.068749  -0.00171112    -0.140303    0.0778509   -0.0411933    -0.128295    -0.578335     0.145643    0.0854358    -0.237576    -0.143847    -0.413685    -0.196631     -0.58086   -0.0249522     -0.63557    0.0503496    -0.437275    -0.440851    -0.438374   -0.0736648      0.13109     0.122473    -0.105214    0.0361164     0.115147    -0.192635   -0.0829618    0.0293832    0.0897101     -0.17751
  0.00331949    -0.210733     0.160207  -0.00457775   -0.0514148    0.0906264     0.225212    -0.190436    0.0309224    -0.189274    -0.125149    -0.338309    -0.244103    -0.301966   -0.0703259    0.0844493    -0.192034    -0.368229     0.287016   -0.0527751    -0.453594    0.0742986    0.0321491    -0.228974    -0.269678     -0.28708     -0.35032   -0.0526823    -0.552306   -0.0523679    -0.430254   -0.0863048   -0.0713646     0.134937    -0.418972    0.0608766    -0.297404    -0.135808    -0.434759    0.0320444     0.172698     -0.42626
    -0.60018 -8.34964e-05    -0.286666    0.0336179    -0.574073    -0.343599    -0.354027    0.0970917    -0.250424    -0.421985    -0.304298    -0.372003    0.0283036    -0.358139    0.0443323    0.0310893    -0.123761     0.240323     -0.65847    0.0685392   -0.0273877    0.0853701    -0.464782    -0.369882    -0.155866    0.0569783   -0.0230007   -0.0829622    -0.174708    -0.177904     0.298731      0.01079     -0.34745    -0.584311    0.0557371   -0.0630357   -0.0198903    -0.350564    0.0714902    -0.483555      0.16748     0.069335
    -0.72394     0.182396    -0.101801     0.126919   -0.0758041  -0.00213652    -0.801145   0.00295985    -0.596131     0.230347    -0.505955    -0.122779    -0.198042    -0.422046     -0.11674   -0.0781595    -0.105854  -0.00397045    -0.956463    -0.568821    -0.596358     -1.11278    -0.562696     0.122905     0.396125     0.194736    -0.524252     0.020481    0.0163117     0.219051    -0.550083   0.00490427   -0.0650952    -0.238421     0.166535     -1.02043     0.393553     0.119546    0.0387446  -0.00155106     -0.46723     0.297578
   -0.708424     0.161988     0.204325     0.121041     0.148504   -0.0109976    -0.558768   -0.0364531    -0.574962     0.288444    -0.294613   -0.0867836   -0.0837866    -0.449306    -0.437048    0.0243206    0.0940466    0.0154835     -0.20803    -0.982388    -0.613265     -0.99901    -0.442113    0.0559806     0.453452      0.09862    -0.719897    -0.131835    -0.677415     0.126558    -0.707318    0.0594679    -0.105004     0.288322     0.289497    -0.875323    -0.244208      0.10708   -0.0948604  -0.00413565     -0.21439    -0.417976
    0.165284    -0.851188    -0.284167    -0.526606    -0.296164     0.012793    -0.743721     0.273709     0.114035    -0.815342   0.00686391    -0.394206    -0.882577     0.454184      0.19464    -0.294543    -0.374898     0.171705     0.414971    -0.137323    -0.449557    -0.274755     0.624334     -0.43374     0.261195    -0.114746     0.145235   -0.0985209     0.223664    -0.160904      0.14567   -0.0803878    -0.158675     0.495094    -0.991198    -0.317691    -0.899222    -0.477905      0.14216     -0.72958     -0.14584      0.20987
    0.225391    -0.391319    -0.497856    -0.565051     0.289948    0.0149501   -0.0337299    -0.824078     -0.44333      0.19368   -0.0359504     0.556264    -0.083193    0.0495169    -0.592023    -0.366783    -0.345327     -0.73095      0.10223    -0.163487     0.285835       0.1766    -0.146397     0.120845     0.221576     0.026731     0.297519    -0.660622     0.241402   -0.0658119    -0.351862    0.0133101     0.087793    -0.798298    -0.688948   -0.0969422     0.136647  -0.00417139    -0.360912     0.154832    -0.941373    -0.246001
    0.614853    -0.262385     0.764294    -0.659376     0.302559     0.199592     0.429262   -0.0618187     0.144819     0.383493    -0.123555     0.369027    -0.274215     0.568412   -0.0784411    -0.227293    -0.163829    -0.217923     0.421236    -0.748026     0.328107    -0.437169      0.41711    -0.766751    -0.727283    -0.141782    -0.918182     -1.31586    -0.799537     -1.19154     -0.34267     0.172113    -0.208664     0.163835    -0.340678   -0.0682873    -0.892833    -0.451946    -0.352275    0.0218013     0.274434    -0.925916
    0.103766    -0.344794   -0.0337712     -0.68797     0.533923    0.0972128     -1.00139   0.00271331    -0.135796    -0.538955    -0.267735     0.283593    -0.452368     0.430983   -0.0820504     0.157115    -0.505832    0.0464263    0.0589248   -0.0672261    -0.411693   -0.0761972     0.164471    -0.300827     0.319554    0.0742536     0.108387     -1.00335     0.264979    -0.049559     0.287873     0.435243   -0.0639879    -0.442166    -0.924797   -0.0768169    -0.777428    -0.491404   -0.0318372    -0.274508    -0.954842     0.212371
    -0.34091    -0.540064    -0.293991     0.138089    -0.532587    -0.619651   -0.0874637    -0.634428    -0.335186    -0.415805    -0.328852    -0.327847    -0.319022    -0.305136    -0.587874    0.0208177   -0.0256114     0.198019    0.0239258    -0.115586     0.184528    0.0465098     0.495808     0.225238     0.475621   -0.0170224     0.257872     0.103186    -0.359852    0.0362129     0.127671    -0.614585    -0.722047     0.285298     0.197754   -0.0139407    -0.244517     0.184864    0.0322425    -0.662607    -0.196622    -0.523258
