no weights
   0.0783544   -0.0206045    0.0611449    0.0362006     0.120252      0.06665   -0.0460139    0.0958325    0.0257981    0.0935422    0.0871183  6.65787e-05    -0.022319    0.0645069    0.0743973    0.0541324     0.101598    0.0495579   -0.0529333    0.0671472   0.00317432    0.0552002     0.129293   -0.0634654   -0.0254397     0.085231     0.115577     0.141295    0.0929291   -0.0431947    0.0212975     0.107076     0.100973     0.071781    0.0412334   -0.0231416  -0.00242315     0.176153    0.0744677    0.0814486     0.147624   -0.0428897     0.096544   -0.0731389  -0.00941809    0.0364872   -0.0439497     0.048412
   0.0307134    0.0775461    0.0585928    0.0456932     0.107703    0.0940871    0.0765745    0.0807264    0.0344306     0.048596    0.0657583    0.0880683    0.0622122     0.010972     0.022531    0.0720182   -0.0126727     0.123784     0.104755    0.0817725     0.049838  0.000620718      0.12182    0.0967926    0.0534906     0.073837   0.00826814    0.0679117    0.0238487     0.142989     0.117447   -0.0179403    0.0239895    0.0082397    0.0401786    0.0913595     0.063167    0.0450898    0.0293257    0.0804346    0.0866422     0.123025    0.0576821    0.0654842    0.0898071     0.118098     0.133458    0.0915022
   0.0557378     0.028518    0.0717748    0.0368641    0.0633309  -0.00352693   0.00144202    0.0983084    0.0510612     0.107782    0.0266801    0.0266795     0.109236    0.0584882     0.122143     0.106048   -0.0246293     0.136409    0.0260242     0.126894    0.0129126    0.0158932    0.0236743    0.0788602    0.0301269    0.0913791     0.141563    0.0726151   -0.0347287    0.0635619     0.046862     0.036737     0.109953     0.153595    -0.011708  -0.00251044   0.00235659     0.123564    0.0654931    0.0709946    0.0963295    0.0765268    0.0449084     0.119304    0.0487421    0.0549695    0.0103566    0.0941552
   0.0731543    0.0767766     0.158885    0.0852825     0.131803    0.0927761    0.0496638    0.0760546    0.0750457   0.00725925    0.0163548     0.145799    0.0215613   0.00991028    0.0294969    0.0825856    0.0378733    0.0850189    0.0712722    0.0636306     0.114893    0.0562652    0.0257491    0.0890717    0.0591237    0.0188038    0.0654387     0.077566    0.0604863    0.0111687    0.0403603    0.0274075  -0.00571252    0.0347029   0.00987892    0.0597635     0.076464    0.0447018   0.00407421    0.0721034     0.037656    0.0878987    0.0533636     0.141678    0.0564454     0.126457     0.110412    0.0301144
    0.133517     0.018056   0.00746926   0.00311721     0.127597    0.0486431    0.0418279    0.0761929    0.0773507     0.100088    0.0705348   -0.0140381    0.0984317    0.0689528    0.0963271    0.0565115    0.0829931     0.016887     0.101442     0.124631    0.0211021   -0.0467801    0.0859879    0.0265949    0.0704241    0.0981501    0.0320529     0.123196    0.0956361    0.0397556     0.106282 -0.000822258     0.150289    0.0372348    0.0908215    0.0270059   -0.0184922     0.103262    0.0241877  -0.00364261    0.0545143 -0.000681449     0.101319    0.0183487    0.0516904    0.0645306    0.0563264     0.112007
   0.0848108    0.0781232    0.0160748    0.0436093     0.120038     0.010329     0.062269     0.002077    0.0828808    0.0458768    0.0861247    0.0624461     0.164583    0.0106903    0.0911711   0.00112142    0.0869194    0.0912713    0.0364318      0.13356  0.000793431    -0.012471    0.0843651    0.0739437    0.0716351    0.0842869      0.04631      0.13031    0.0321853   0.00384437     0.140047   0.00944024     0.124781    0.0905716    0.0979347    0.0929075    0.0508331     0.051767    0.0845384  -0.00156753     0.106955    0.0768444     0.130242    0.0126716    0.0452115    0.0276664     0.130369    0.0471692
  -0.0214969    0.0892801     0.141273    0.0672514    0.0370798     0.035309   -0.0062132    0.0538114    0.0907562    0.0960455    0.0467845   -0.0016324    0.0088691    0.0131915    0.0823439    0.0206606    0.0338647   0.00166472    0.0555922    0.0228298     0.102603     0.016923    0.0898321    0.0588064  -0.00297916    0.0202025     0.142824    0.0708331     0.124995   0.00728355   0.00547226    0.0975114    0.0626316     0.146675     0.141868     0.020726    0.0518696     0.114115   0.00234558    0.0743373      0.18821    0.0221666     0.107193  -0.00877495    0.0338629    0.0841432     0.106442    0.0744523
    0.069511    0.0914526  0.000178306    0.0680382     0.101618    0.0701388     0.105895    0.0523755    0.0101605    0.0208087    0.0711409    0.0289307     0.152035     0.101507   -0.0206178    0.0654275    0.0618993     0.105991    0.0445691     0.131872    0.0494501     0.155902     0.133689    0.0997815    0.0360743    0.0464867  -0.00104125    0.0928645    0.0641142    0.0990779    0.0579433    0.0403471    0.0535583     0.108413    0.0653252     0.062313    0.0627007    0.0102221    0.0574869    0.0998647    0.0115323     0.136925    0.0754065    -0.012211    0.0992005    0.0477439     0.058143    0.0785507
   0.0851885    0.0112962    0.0541817    0.0966783     0.103485     0.120229    0.0752292    0.0812795   0.00828849     0.109955    0.0621225    0.0251665    0.0219446    0.0547016    0.0557003    0.0551906     0.143725    0.0470669   -0.0152791     0.100362    0.0736759     0.112112     0.120412    0.0433346    0.0179462     0.085169    0.0664684     0.136131    0.0607431    0.0301666    0.0716215     0.132938     0.124273    0.0811837    0.0478654    0.0776378    0.0671847      0.12022    0.0217568    0.0557302     0.149019    0.0698352    0.0658243    0.0130162    -0.011501   -0.0238524   0.00620867    0.0852788
   0.0280841    0.0510735    0.0330435   -0.0175732   -0.0493901    0.0152106    0.0755353    0.0974195    0.0737855    0.0662416    0.0702729   -0.0228737     0.144396    0.0353167    0.0819435     0.070958   -0.0224414    0.0319886     0.125265     0.093056    0.0408303   -0.0235874    0.0794715     0.058667     0.162347  -0.00800439    0.0581187    0.0290607    0.0107378    0.0526835     0.142022    0.0570542     0.137899    0.0258351   -0.0127429    0.0842041     0.107138    0.0859395     0.057921   -0.0211157    0.0351765    0.0938689     0.131954     0.124982    0.0488189    0.0824553     0.128995      0.15745
   0.0355266    0.0565605    0.0270212    0.0797559     0.119083    0.0539381    0.0714568   0.00994391    0.0461904     0.100834    0.0995946  -0.00953793     0.051486    0.0398633     0.109259    0.0858591    0.0931828    0.0556427     0.114666    0.0974402    0.0929852    0.0919098    0.0964978    0.0120801     0.112126    0.0392172     0.114028    0.0780624    0.0604073   0.00705405     0.133348    0.0732324    0.0929734     0.144005    0.0812673    0.0371617     0.125123    0.0237609     0.122396    0.0742613    0.0842335    0.0438468     0.129878    0.0325944    0.0990967     0.112274    0.0511072     0.081489
    0.046716  -0.00157117    0.0946665   0.00856031     0.021617  -0.00283988    0.0573706    0.0676785      0.11924    0.0224238    0.0924813 -6.66799e-05    0.0236747   -0.0029017    0.0956531     0.059507    0.0614465    0.0798856    0.0171631    0.0338597    0.0637888    0.0550684   0.00687253    0.0146608    0.0373511   0.00264202     0.141758    0.0324935   -0.0328892    0.0909244     0.056599    0.0284814     0.162943     0.102363    0.0421677   -0.0203874  -0.00947308     0.100509     0.171944     0.111378    0.0948032     0.038606    0.0332421     0.126792    0.0627271      0.14336    0.0197212    0.0274292
    0.027876     0.101318    0.0693988     0.107419     0.053013    0.0135439    0.0483684    0.0714108    0.0137104    0.0583605    0.0355055    0.0544068     0.121311    0.0751521     0.058406    0.0955418    0.0253711   0.00102579    0.0697339    0.0783897    0.0937656    0.0838852    0.0570198     0.056874     0.117748   -0.0101095    0.0249105  0.000622986    0.0865017    0.0706565    0.0797708    0.0277491     0.111723    0.0563753    0.0741928    0.0789012     0.119587    0.0674237     0.032548    0.0459624      0.11107    0.0828819    0.0888186    0.0165597      0.11166    0.0959525     0.114101    0.0824405
 -0.00298793    0.0261146    0.0844446    0.0455282    0.0195101     0.100931    0.0201604    0.0441971    0.0801789    0.0317553     0.136748    0.0547631   0.00659561   -0.0235324    0.0915421     0.015407     0.201807    0.0145116    -0.102557     0.154019  -0.00516726     0.107922    0.0301054    0.0654183   -0.0204107    0.0810039      0.14139    0.0538977  -0.00641665   -0.0294413   -0.0153565     0.146095     0.120727     0.114329     0.077313   0.00995269   -0.0759095     0.166436    0.0976025     0.102621     0.145783  -0.00817482   -0.0331243   -0.0433024    0.0705679    0.0180024   -0.0583812    0.0691113
   0.0885512     0.114217    0.0372171     0.105894    0.0596841    0.0299821    0.0748536    0.0601957   0.00616852    0.0838715    0.0611871    0.0719652     0.101503    0.0422357    0.0288135     0.078538     0.124771    0.0813271    0.0725334     0.128843    0.0766277     0.126155    0.0526287     0.103987  0.000614995    0.0411014     0.101707    0.0493006    0.0843841    0.0216199    0.0439612    0.0998516     0.108673     0.136634    0.0239856     0.131027    0.0230344    0.0815439    0.0592106     0.109378    0.0525744     0.101986     0.010017    0.0333819      0.06522   -0.0244208    0.0718414    0.0250832
     0.10833     0.132889     0.124954      0.10468    0.0164551   -0.0275427      0.12604    0.0233732    0.0655536    0.0580794    0.0298463    0.0937428    0.0681648  -0.00805488    0.0166135    0.0373355   -0.0156343     0.069205     0.103207      0.10287    0.0983083    0.0745171    0.0433289    0.0662309    0.0465531     0.087474    0.0733051    0.0567105    0.0438036    0.0546937      0.10127    0.0119328     0.107561   0.00274253    -0.030773    0.0286309    0.0335613    0.0696168     0.113154    0.0539113   -0.0201336    0.0530525     0.072211    0.0897952      0.14889    0.0941822    0.0739951    0.0771111
   0.0189376   0.00828107    0.0630695     0.134272     0.077434    0.0590334    0.0212773    0.0268587    0.0398184     0.140457    0.0811943    0.0972101    0.0251756    0.0787091    0.0393582      0.02827    0.0934988    0.0442585    0.0988219     0.089599    0.0776181    0.0692241    0.0528476    0.0657254    0.0765932    0.0366482    0.0768122     0.106321    0.0459409    0.0629766    0.0470459    0.0578903    0.0636479    0.0700698    0.0424815    0.0956936    0.0419985    0.0767766    0.0617321    0.0826612     0.138055    0.0511938    0.0318695     0.100208     0.111833    0.0919056     0.126615    0.0971846
   0.0533226    0.0830725     0.105814    0.0299823     0.127936    0.0845036    0.0733913     0.102929     0.083645     0.116413    0.0144224    0.0495239     0.106561    0.0467395     0.034267     0.067318    0.0484918    0.0210308    -0.013381    0.0868334     0.122598    0.0855721    0.0565334    0.0637862   0.00673901    0.0584504    0.0710207    0.0882338    0.0376604    0.0532038   -0.0197559    0.0846779    0.0525746    0.0417749   -0.0111788    0.0851964   -0.0148392    0.0835584    0.0757366    0.0678978    0.0149039    0.0494497    0.0420636    0.0902503     0.176648     0.152104    0.0477815    0.0390252
     0.12671    0.0365194    0.0411435    0.0350287  -0.00583988   0.00149275    0.0917058   -0.0331098   -0.0492813   0.00977303     0.156593    0.0440908     0.118521    0.0135814   0.00878707    0.0985846     0.119104   0.00486138    0.0213575    0.0527948   -0.0611997    0.0488055    0.0626957    0.0233846   0.00503456     0.101208    0.0999238    0.0715718    0.0791326   0.00845395    0.0389675    0.0738113    0.0383219     0.145113    0.0151708   0.00816626  -0.00231961     0.108672    0.0472143    0.0758875     0.114456   -0.0487201     0.157288    -0.063399    0.0293591   -0.0212916    0.0195525     0.144109
   0.0188933     0.169713     0.188704     0.127563     0.116096    0.0252203    0.0210391    0.0632531     0.089814      0.06042    0.0309362    0.0374231   0.00499781    0.0385423    0.0650806     0.083075    0.0549908    0.0827269   0.00581276    0.0328457    0.0901398     0.136923    0.0543652     0.103013    0.0300002    0.0967325    0.0882377    0.0348475    0.0253055    0.0826793   -0.0127722     0.105889    0.0643773   0.00770651    0.0895148  -0.00650508   -0.0236727    0.0399173     0.109993     0.113157    0.0895737   0.00661514   -0.0261856      0.11336     0.119181    0.0256051    0.0177948   -0.0462306
   0.0908299     0.084587     0.095428    0.0529095    0.0286327     0.126431   -0.0246331    0.0925195     0.105456    0.0202198    0.0741419    0.0495118    0.0604098    0.0237242     0.046762    0.0571774      0.12831    0.0737373    0.0152659    0.0427683     0.121036    0.0995116     0.119755   -0.0338383  -0.00791305   -0.0242109     0.107071   -0.0180144   0.00505452  -0.00275242  -0.00406263    0.0893976    0.0628335    0.0368396     0.116639   -0.0186892    0.0151044     0.151769    0.0963708  -0.00359731     0.132507    0.0230306    0.0127702    0.0437882   -0.0171709    0.0605205  -0.00661384    0.0830527
   0.0591089     0.128475     0.162698     0.120628     0.167149   0.00422233    0.0422715    0.0472416    0.0333554  0.000327121    0.0747409    0.0250289    0.0188331    0.0184794      0.02496    0.0174902    0.0876238  -0.00906903  0.000439006   0.00329117     0.100151     0.122516    0.0536263  3.89085e-05    0.0366197    0.0355411      0.14689    0.0957906     0.033649   0.00209473   -0.0167096    0.0142329     0.053522    0.0697216     0.104945   -0.0174917     0.114989     0.105721     0.111896    0.0496233     0.069104     0.010435    0.0565267    0.0960321    0.0443493     0.113002    0.0710451    0.0168883
    0.115239    0.0157588    0.0138807    0.0317569    0.0574765    0.0124991  -0.00383061    0.0365578  -0.00601024     0.132405    0.0901916      0.02708    0.0146469   -0.0176182    0.0252925    0.0733542    0.0811293    0.0115054   -0.0466682    0.0723916   -0.0390279    0.0478304  0.000913925   -0.0618289   -0.0125629    0.0602244    0.0689429     0.134596    0.0400226   -0.0415519   0.00734359     0.137375    0.0676578     0.156868 -0.000218552   -0.0233012   -0.0185346     0.045028    0.0778875     0.101296    0.0805758  -0.00819842    0.0905963    0.0490015    0.0301614    0.0867897    0.0750118    0.0169948
    0.103872    0.0123243    0.0711589     0.128534    0.0795145     0.117248    0.0686974    0.0874618    0.0756508    0.0187726    0.0479943     0.125119     0.052557      0.10297    0.0957504     0.113086     0.112979   -0.0027236     0.108103    0.0016102    0.0315253    0.0652782    0.0352413    0.0771913    0.0910518    0.0681056     0.100913    0.0180529    0.0221261    0.0711582    0.0440106    0.0848405    0.0544537     0.025714     0.052333  -0.00118112    0.0909666     0.116767      0.11348    0.0722514    0.0764475    0.0221855    0.0334214    0.0867208     0.150603     0.134711    0.0891963    0.0883678
   0.0864899   -0.0173894    0.0169857 -0.000920772    0.0497018  -0.00325195    0.0610782    0.0370783    0.0447378    0.0126491    0.0348753    0.0368492    0.0548816    0.0933352    0.0832975    0.0719078    0.0526763   -0.0101718    0.0718423  -0.00734516   -0.0015217    0.0457464   -0.0529691    0.0849203   0.00882367     0.117534    0.0962136    0.0547173    0.0641993    0.0894697    0.0714075    0.0231738    0.0715435     0.051811    0.0858858    0.0243225    0.0558632   -0.0570322      0.07806     0.041769   -0.0627698    0.0305816    0.0675847     0.137202     0.203275     0.151791     0.068428    0.0263531
   0.0344993    0.0509909    0.0723298    0.0504856    0.0287003     0.102216    0.0807071    0.0185958    0.0441463  -0.00710298    0.0300293    0.0688153    0.0845783    0.0805395    0.0333984    0.0443449    0.0747238    0.0573889   0.00173012      0.10115    0.0644404    0.0817486     0.034955    0.0681335    0.0730067       0.0931     0.101769    0.0163783   -0.0209699     0.111471  0.000969121    0.0985833     0.141955    0.0362392    0.0026627    0.0750208    0.0978442     0.064335     0.164722    0.0715086    0.0679327    0.0724678    0.0480099     0.083632    0.0818697     0.109612    0.0541627     0.041086
    0.101077    0.0259046    0.0910654     0.116536     0.145118    0.0482609    0.0726628    0.0717263    0.0707848   0.00449724     0.120592   0.00919382    0.0530188    0.0438862    0.0841974    0.0548041     0.121822   -0.0511346    0.0911401    0.0726425   0.00787096    0.0649423    0.0254573   -0.0389003    0.0108019    0.0964663    0.0783288    0.0430544     0.118048   0.00499182    0.0137443     0.117066    0.0420424  -0.00471831     0.043865   -0.0278544     0.115109    0.0292863     0.103464 -0.000676881    0.0984627    0.0671896    0.0411325     0.137711     0.141805     0.088497    0.0524366    0.0598411
    0.134119     0.103764    0.0932312     0.153035     0.110438    0.0616604     0.107067    0.0154954   -0.0108638    0.0474267    0.0232658    0.0839856      0.03695     0.035693    0.0597765     0.103974    0.0308478  -0.00130714     0.154628   -0.0190165   0.00267344     0.117197    0.0831497    0.0629917      0.15052    0.0560327   -0.0101505     0.048222    0.0252957    0.0476663     0.140681    0.0328686   -0.0605164     0.024624     0.028641     0.105758     0.144835    0.0433944    0.0345673     0.109114  -0.00962578    0.0846862    0.0461568    0.0730977    0.0504774    0.0942799     0.167183     0.063302
    0.172183     0.026238     0.050531   0.00843675    0.0976333     0.113348     0.136893      0.09533    0.0799884     0.011917     0.100015    0.0571968    0.0142452    0.0727516    0.0650958     0.033661     0.151401   -0.0287335    0.0658548    0.0881035     0.103158    0.0996155    0.0997755    0.0498985    0.0565312     0.105643     0.103891    0.0473771     0.036144    0.0594195    0.0284597     0.108788    0.0471928    0.0558162     0.103533     0.061871    0.0508208    0.0959932     0.180372    0.0854624    0.0692523    0.0162006  -0.00131373    0.0877215    0.0575647    0.0264979   -0.0289365   0.00936416
    0.108994    0.0661667    0.0252217    0.0536181     0.100039    0.0560908     0.149187    0.0647394    0.0520524    0.0897824    0.0524311    0.0294306     0.104838    0.0722548    0.0907926    0.0627924    0.0121941    0.0350173     0.131902     0.011798    0.0179984   -0.0311671   -0.0314177      0.10599     0.157291     0.116552     0.042874    0.0275515     0.118625    0.0441059     0.171952   0.00514703   0.00712232    0.0548899    0.0101534     0.100925     0.051881   -0.0959474    0.0435499    0.0325823   -0.0427306     0.119676    0.0661407     0.144365     0.147598     0.135222     0.151048    0.0989754
  0.00486884    0.0325332     0.131397     0.120958     0.128384    0.0484606    0.0393094    0.0252574    0.0855542    0.0127167   0.00831319     0.018391    0.0356547    0.0130563    0.0453656    0.0820466    0.0819914  0.000206203  -0.00796646     0.103256     0.105237     0.122782     0.048209  -0.00142108    0.0235788     0.106835    0.0863668    0.0611684    0.0345466    0.0521067   0.00773143     0.110297     0.136554    0.0387911   -0.0167194     0.015521    0.0130107     0.093096     0.094255     0.110327   -0.0168207    0.0447173   -0.0208451    0.0841336      0.15218     0.127833   0.00507155   0.00868396
   0.0828047    0.0695723    0.0164395   0.00376702    0.0272954   -0.0357774    0.0953197     0.104507    0.0545146    0.0396487     0.118079    0.0537722       0.1419    0.0891199    0.0357864    0.0381892    0.0346136     0.069167    0.0279551     0.120684     0.101464    0.0972614    0.0454067    0.0475851    0.0638351     0.114101     0.111561     0.102673   0.00283101    0.0790508    0.0665772    0.0228419     0.129509    -0.005451   -0.0228496    0.0549385     0.105393    0.0951893     0.103553    0.0436032    0.0251553    0.0716069    0.0541387    0.0247673    0.0863048    0.0315358    0.0733546    0.0757136
   0.0141963    0.0846183    0.0163413  -0.00380506      0.09707    -0.039833     0.126037    0.0926685     0.116542    0.0225626    0.0626699    0.0121688     0.132948    0.0605289    0.0674805    0.0812024    0.0701504     0.080539     0.114045    0.0340848    0.0714484    0.0471756    0.0147935    0.0350009    0.0865387    0.0799567    0.0566454    0.0739571    0.0165276    0.0496704     0.119108    0.0844599     0.121508    0.0302156    0.0943992    0.0174842    0.0981875    0.0682297    0.0657125    0.0971734    0.0946116    0.0779623    0.0212821    0.0474222    0.0886492    0.0870157     0.104748    0.0929551
   0.0944028    0.0275156  -0.00405415     0.070651    0.0262223     0.064011    0.0551671  0.000350237  -0.00904479    0.0234941    0.0447004    0.0433832    0.0824617   0.00306546  -0.00841415     0.123524    0.0839649    0.0774454     0.107832    0.0730036   -0.0301511    0.0822879    0.0023992   0.00346074    0.0279538    0.0952875   0.00694581     0.138124   0.00942363    0.0348138    0.0782467     0.113697    -0.020232     0.060211    0.0576811    0.0340584     0.122797     0.140556    0.0773052    0.0771246    0.0286546    0.0612685     0.113424   -0.0356409     0.012592   0.00707727    0.0929984     0.157172
   0.0171452    0.0544004     0.161256    0.0824622     0.083456     0.133236    0.0307878    0.0572694     0.111031     0.040137    0.0192288      0.12011   -0.0465135    0.0163333     0.114483     0.127272   -0.0129098    0.0487551    0.0695531    -0.021492    0.0423254    0.0208394      0.06645    0.0205828   -0.0124532   -0.0453818    0.0977539    0.0403015     0.019035    0.0866223    0.0128433    0.0247784     0.039896    0.0436298    0.0958996     0.134553    0.0588532    0.0792603    0.0494467     0.100268    0.0133245     0.122785    0.0664141    0.0649546    0.0841873     0.109848     0.104105     0.102829
     0.01318    0.0948776     0.179304     0.113811      0.13612    0.0712074    0.0627601     0.117679    0.0985929    0.0306032    0.0560759    0.0548572   0.00118021    0.0719656     0.039065     0.111207     0.113345    0.0169225    0.0333923  -0.00159115     0.112257     0.089893    0.0668447   -0.0133508   -0.0335706     0.102928     0.153007     0.052501    0.0408355   0.00499966     0.052956    0.0186586    0.0858991     0.102535    0.0214688    0.0113722  0.000162046    0.0981451     0.129895     0.111634     0.092363   0.00697902    0.0437147    0.0573096    0.0700121    0.0310836    0.0169952    0.0727643
  -0.0258634    0.0556618     0.166555     0.149663    0.0568008    0.0696442    0.0194154     0.122202    0.0640848    0.0517611    0.0447293     0.129568   -0.0410137    0.0987236    0.0427058    0.0229684    0.0809901     0.105589  -0.00138294   -0.0256203     0.107612    0.0674017    0.0617204    0.0663639    0.0441526    0.0393223     0.103122    0.0134538     0.103617      0.10409    0.0905868    0.0107569  -0.00902781    0.0293803     0.113065    0.0703412   0.00977051    0.0829301     0.121561    0.0725465    0.0388426    0.0607333  0.000343882     0.149713    0.0936458     0.135792    0.0459104   -0.0419094
    0.174902    0.0626008    0.0851938    0.0954254    0.0258684     0.166485    0.0665915    0.0146146     0.102053    0.0356517    0.0347632    0.0341425     0.058694     0.105231    0.0315395    0.0262132    0.0897794    0.0698431    0.0994698     0.086871     0.027438    0.0714746     0.033026    0.0122223     0.123392    0.0468768     0.104379    0.0148994   0.00751084     0.109518     0.113912    0.0287449   0.00711591   0.00798894    0.0856927    0.0794168    0.0739103     0.125983    0.0524548    0.0456641    0.0108068    0.0822604    0.0820057     0.150787    0.0148116     0.028508    0.0906172    0.0746303
    0.022282    0.0361788    0.0587501     0.134602     0.110228    0.0240317    0.0777477    0.0763206    0.0665403     0.111034    0.0377215    0.0810829    0.0103417     0.059065     0.110354     0.107501    0.0769335    0.0697913    0.0215545    0.0768553    0.0324151    0.0691514    0.0282136   0.00811741    0.0708422    0.0296838    0.0011199    0.0746088  -0.00206228    0.0600972     0.034932    0.0860777     0.129161    0.0983521    0.0111566    0.0194258    0.0130103    0.0986204     0.128127     0.107633    0.0405245    0.0405492   -0.0186153    0.0905866     0.207997     0.104341    0.0726745    0.0869706
    0.101962    0.0692966    0.0202085    0.0357869    0.0642748    0.0314422    0.0878975    0.0717731    0.0606224    0.0575116    0.0753659    0.0126768     0.153179    0.0799835    0.0389125    0.0737898     0.029063    0.0473282      0.18385    0.0890395     0.118127   -0.0269831     0.119915     0.115166     0.150918    0.0532206     0.065715    0.0819964    0.0945606    0.0861308     0.172374   -0.0251098   0.00739255   -0.0114736    0.0325771    0.0398512      0.10129    0.0555492    0.0132933   0.00876896    0.0219401    0.0402396     0.139945    0.0803422   -0.0147351    0.0053661    0.0527676    0.0973656
  -0.0439673    0.0303662     0.147556     0.127187    0.0905917    0.0482275    0.0107753  -0.00568929    0.0384265    0.0934133    0.0269852     0.129564    0.0235257     0.020959    0.0948231    0.0183968    0.0135226    0.0906161    -0.011688     0.138436     0.083911     0.093228    0.0976119    0.0700377    0.0763159    0.0512872    0.0355659     0.127502     0.106907    0.0499988    0.0191045    0.0540032    0.0092769     0.120875    0.0177762     0.022556    0.0643746     0.139057   -0.0092646    0.0515169     0.130265    0.0360597    0.0857584    0.0495693    0.0765217    0.0664581    0.0857675    0.0592532
   0.0314867    0.0580046     0.108128    0.0880464     0.125315  -0.00880448    0.0627444    0.0489047     0.100596      0.11175    0.0676285    0.0369502    0.0900571  -0.00446361     0.102103      0.10853    0.0904886    0.0272011    0.0278634    0.0243569    0.0665318     0.101781   -0.0336925    0.0570796    0.0872282     0.116225  -0.00531716     0.107919     0.023692    0.0234976    0.0501949    0.0126565    0.0782617      0.09605    0.0212264     0.102625    0.0107287   -0.0307012     0.118883     0.127351    0.0722105    0.0987002   -0.0361274     0.107293      0.14595     0.074725     0.139451   0.00812001
   -0.153331    -0.102668     -0.14141    -0.111985    -0.163899    -0.114827    -0.130435    -0.161284    -0.117597    -0.141694    -0.145923    -0.146378     -0.14499   -0.0985511   -0.0824584   -0.0828837    -0.091423   -0.0978184    -0.121615    -0.135858    -0.116685    -0.129494    -0.171455   -0.0806314   -0.0825128    -0.111333    -0.114862    -0.154147    -0.182861   -0.0738343    -0.128996    -0.111823     -0.16382    -0.165905   -0.0992506     -0.13052   -0.0675364   -0.0898769    -0.115969    -0.121451     -0.10068    -0.111775
  -0.0996016    -0.178356   -0.0254483   -0.0811946    -0.110734    -0.198018   -0.0794581    -0.269688    -0.200309   -0.0556212    -0.138213    0.0969241    -0.145838   -0.0527404    -0.199274   -0.0564785    -0.133955   -0.0243548    -0.255928   -0.0202418    -0.019932   -0.0810922     -0.12982   -0.0795027   0.00340116   -0.0469798    -0.101752    -0.284525   -0.0557614    -0.131983     0.010957   -0.0598356   -0.0906235    -0.281821   -0.0329063   -0.0167955    0.0101201    -0.182753   -0.0613945    -0.189551    -0.155942   -0.0745901
  -0.0434739    -0.207834      -0.1659    -0.166041    -0.236114    -0.205058   -0.0315354    -0.142699   -0.0758232    -0.136856    -0.117118   -0.0439448    -0.105253    0.0485022   -0.0655792    -0.120529    -0.115474    -0.171318  -0.00773387   -0.0471577   -0.0585282   -0.0319072   -0.0683519   -0.0818315    -0.184207   -0.0709027   -0.0573526    -0.136207   -0.0536333    -0.270534    -0.108965    -0.067054   -0.0779061   -0.0220537    -0.139149   -0.0543832     -0.10205     -0.14616     -0.12042    -0.221546   -0.0998016    -0.126008
  -0.0277482     -0.10211    -0.120623    -0.173676   -0.0909356    -0.127101    -0.117359    -0.156444   -0.0962172    -0.170815    -0.143497   -0.0531437    -0.139642   -0.0541237    -0.118037    -0.107014    -0.114358     -0.13516   -0.0738626   -0.0510506    -0.110419    -0.159817   -0.0737848   -0.0920246    -0.162364    -0.121548     -0.17012   -0.0781147   -0.0495262    -0.194129    -0.108048    -0.119777    -0.168011    -0.131904    -0.031181   -0.0794852   -0.0634084   -0.0635364    -0.117497    -0.106015    -0.171503    -0.128747
   -0.059367     -0.11297    -0.114594    -0.145055   -0.0439279   -0.0368266   -0.0345311    -0.127567   -0.0779418   -0.0839139   -0.0465643    -0.138946    -0.107753   0.00895841    -0.039579    -0.195711   -0.0390289    -0.163873   -0.0721818    -0.133162   -0.0950259    -0.188958 -0.000241139    -0.180703    -0.117116    -0.148575    -0.133557    -0.154303    -0.139685   -0.0769861    -0.118618    -0.167166   -0.0940074    -0.158249    -0.159571    -0.184459    -0.163611    -0.183894   -0.0827368    -0.170135   -0.0709038   -0.0580169
   -0.125793    -0.101772    -0.138527   -0.0927688    -0.110794    -0.139134    -0.122656     -0.10256    -0.160548   -0.0978933    -0.119606    -0.168881    -0.104293    -0.131253   -0.0724204    -0.118164    -0.129788    -0.131138    -0.175592     -0.10377    -0.107053   -0.0709465   -0.0969071    -0.178003   -0.0911225     -0.11914   -0.0640089    -0.103562    -0.148263   -0.0984153    -0.132733    -0.152968    -0.145991    -0.110815   -0.0867287    -0.111438    -0.138353   -0.0816364    -0.174691    -0.118428   -0.0934784    -0.101053
    -0.09076    -0.120163    -0.122841    -0.092299    -0.125086    -0.104822   -0.0770335   -0.0973401    -0.164339   -0.0999293      -0.1252    -0.174769    -0.150572    -0.199162    -0.103815    -0.143964    -0.128163    -0.100858    -0.209696    -0.142148    -0.142615    -0.132805   -0.0954175    -0.132966    -0.040424    -0.122136   -0.0772149    -0.135021     -0.15041   -0.0301505   -0.0870075    -0.113081    -0.108925    -0.136399   -0.0958596    -0.148195   -0.0421762   -0.0497008     -0.15753   -0.0713773    -0.125235   -0.0600667
  -0.0194791    -0.208228   -0.0701497   -0.0414428    -0.132746    -0.189932    -0.126256    -0.203371   -0.0533368    -0.232775    -0.210433     -0.11807    -0.188135    0.0198997   -0.0950474    -0.122494   -0.0921587   -0.0735713   -0.0705928   -0.0011329    0.0381372   -0.0232725   -0.0368903    -0.103258    -0.138356    -0.124047   -0.0510948    -0.101591   -0.0937987    -0.207441   -0.0370943    -0.180736    -0.213273   -0.0946206   -0.0691554   -0.0124315   -0.0380534   -0.0080351    -0.146653    -0.204181    -0.132266    -0.177531
   -0.136122    -0.111192    -0.108246   -0.0824673    -0.166681    -0.148681   -0.0823707     -0.13456    -0.100139   -0.0771443     -0.16017   -0.0624698   -0.0889886    -0.111145   -0.0754758   -0.0712856    -0.148978    -0.126715     -0.11628    -0.099196   -0.0945315    -0.125997   -0.0894681    -0.157813    -0.213862    -0.130546    -0.177847    -0.155406    -0.137989    -0.200983    -0.107642   -0.0863704   -0.0762094   -0.0873036    -0.167248   -0.0615598   -0.0454863     -0.15284    -0.124295    -0.161437   -0.0648551   -0.0613653
   -0.165092    -0.122573   -0.0618959   -0.0592812    -0.179098    -0.131897     -0.12093   -0.0432647    -0.150101    -0.199926     -0.18434     -0.11565    -0.145016    -0.143908   -0.0739725   -0.0778912    -0.148455     -0.11227    -0.164059     0.012761   -0.0677585      -0.1389    -0.157636    -0.094515   -0.0862556   -0.0854531     -0.13882    -0.166086    -0.106618    -0.116722   -0.0943005   -0.0858562    -0.113142     -0.15168     -0.11285    -0.143063   -0.0250931    -0.167534    -0.096506   -0.0841991   -0.0701929   -0.0807223
   -0.105197    -0.116545    -0.145581    -0.160958   -0.0950743    -0.110714   -0.0454734    -0.107642   -0.0706464    -0.122804    -0.113111    -0.122956   -0.0763149   -0.0899722   -0.0829938     -0.15169    -0.101242    -0.167713     -0.13283    -0.145762   -0.0922189    -0.142721     -0.14379    -0.164082   -0.0678181   -0.0677521    -0.175888    -0.152046    -0.167611    -0.107743    -0.140519    -0.154113   -0.0820586   -0.0649381   -0.0441518    -0.153543    -0.165916    -0.112517    -0.102851    -0.101558    -0.145579    -0.117043
   -0.102272   -0.0756108    -0.132054     -0.14075    -0.113058    -0.124065    -0.173479    -0.105821    -0.139448    -0.140616    -0.170553    -0.140625    -0.139418    -0.144842     -0.15777    -0.131473    -0.122378     -0.10046    -0.123061    -0.137279    -0.114449   -0.0833581    -0.175668    -0.155252   -0.0782117    -0.104385    -0.147188    -0.138565    -0.160158    -0.153332    -0.132107   -0.0786276   -0.0827311    -0.115713   -0.0871016    -0.089138   -0.0671367    -0.101149    -0.123605   -0.0857857    -0.117595   -0.0870786
   -0.204048    -0.122805    -0.131343   -0.0630176   -0.0968132     -0.09627    -0.125161     -0.15994    -0.191188   -0.0878481    -0.100545    -0.122939   -0.0368161    -0.210213    -0.111992   -0.0509488    -0.100057   -0.0696738    -0.149118   -0.0718748    -0.173683   -0.0647685   -0.0922687    -0.124626   -0.0848156    -0.156892   -0.0512459   -0.0169158    -0.178562   -0.0357591   -0.0628937    -0.134378    -0.046002    -0.126837    -0.162307    -0.155898    -0.130495    -0.133168   -0.0529077    -0.109656    -0.155009   -0.0784985
   -0.189772   -0.0498626   -0.0833816    -0.121917    -0.130447    -0.105624    -0.143294     -0.10609    -0.129748    -0.133322     -0.15346   -0.0835905     -0.14947    -0.132363    -0.108039   -0.0922885    -0.104722     -0.14168    -0.163332   -0.0725625    -0.165225    -0.102111     -0.10103    -0.158044   -0.0944992    -0.129587     -0.12156   -0.0494215    -0.174509   -0.0908455    -0.128065    -0.145659    -0.127867    -0.130797   -0.0707597    -0.162952    -0.124145   -0.0856474    -0.127891   -0.0656569    -0.105106   -0.0946495
   -0.140074    -0.111471    -0.150615   -0.0789814   -0.0930498    -0.139959    -0.101226    -0.103753    -0.144112    -0.109331   -0.0978983    -0.101337    -0.074843    -0.116821     -0.18769   -0.0885826    -0.150854      -0.1073    -0.125994    -0.122226    -0.121574    -0.116573    -0.160311    -0.139873    -0.110113    -0.157823   -0.0761665     -0.14178   -0.0946323     -0.10996    -0.130009    -0.179173    -0.151978    -0.169978   -0.0856768   -0.0893674    -0.178232    -0.128666   -0.0843115   -0.0957004   -0.0905081    -0.102118
   -0.117351    -0.141385     -0.15348   -0.0564605   -0.0994301    -0.119754   -0.0982393   -0.0627717   -0.0664668   -0.0938835   -0.0982423    -0.185794   -0.0617027    -0.132879    -0.127519   -0.0938431    -0.158164    -0.156794    -0.142041   -0.0833386   -0.0629876   -0.0775193   -0.0921929    -0.125778    -0.198713    -0.127325    -0.119078   -0.0384052    -0.126589     -0.12668   -0.0585243    -0.114151    -0.159223    -0.062486    -0.163984    -0.135648    -0.156378   -0.0751674    -0.159073   -0.0100973    -0.117068    -0.179372
   -0.149222    -0.129181    -0.182119    -0.131671    -0.134044    -0.175595    -0.107781   -0.0592005    -0.151646   -0.0646352     -0.15158     -0.11868    -0.136146    -0.194026    -0.123159    -0.105763    -0.104265    -0.130689    -0.107447   -0.0713355    -0.108318    -0.139031    -0.155236    -0.155846      -0.1104    -0.123078   -0.0838045   -0.0823677   -0.0823696    -0.110148    -0.062138   -0.0706861    -0.131108    -0.144989   -0.0667392   -0.0810992    -0.105958    -0.122201    -0.146313    -0.141254   -0.0737391    -0.114519
   -0.118231   -0.0857683   -0.0946932    -0.124565    -0.130127    -0.135733    -0.177917   -0.0162889   -0.0451119   -0.0628416    -0.133856    -0.171878   -0.0546565    -0.126008   -0.0522358   -0.0994103    -0.134747   -0.0823743   -0.0860194    -0.162674    -0.123659    -0.197496    -0.160997   -0.0950743    -0.131745   -0.0552411    -0.203665    -0.116634    -0.101354    -0.107819    -0.158951   -0.0543689    -0.157913   -0.0621173   -0.0647396    -0.188719    -0.109375   -0.0567881    -0.168318   -0.0711654   -0.0855025    -0.176417
  -0.0513911    -0.142466   -0.0513601    -0.108352    -0.165445    -0.192452   -0.0398074   -0.0997863   -0.0813897    -0.219761    -0.117662   -0.0998905   -0.0871222    -0.115289    -0.115238    -0.141754     -0.04217    -0.027374    -0.122734   -0.0636503    -0.197289    -0.099035    0.0542754    -0.106204   -0.0726146    -0.157958    -0.171864   -0.0592518    -0.237278    -0.146567   -0.0376896    -0.194142    -0.170565   -0.0487346   -0.0174801   -0.0478671    -0.101456    -0.226579   -0.0109275    -0.254161    -0.062916    0.0316377
    0.023909   -0.0674858    -0.204721   -0.0932781   -0.0506426    -0.146531     -0.01318    -0.165255   -0.0961728    -0.237253    -0.150935    -0.137094    -0.115253    0.0288085    -0.185186    -0.189209   -0.0430102    -0.119147   -0.0630397    -0.121492   -0.0232815   -0.0482821    -0.112897   -0.0360119    -0.116923    -0.145077   -0.0198114    -0.179934   -0.0906191    -0.208058     -0.11544    -0.216508    -0.167039    -0.105132   -0.0263248    -0.105843  -0.00565673    -0.146503   -0.0637665      -0.1946   0.00142948    -0.171232
  -0.0806155   -0.0535665   -0.0773079    -0.125345    -0.103366    -0.144097    -0.143586     -0.11982    -0.113499   -0.0671516   -0.0979162    -0.114203    -0.100378    -0.187164    -0.154045    -0.181355    -0.165828    -0.151484    -0.028249    -0.211694   -0.0733483    -0.164308    -0.162235   -0.0974382   -0.0574508    -0.125809   -0.0721074   -0.0414686   -0.0583166   -0.0542431    -0.186653   -0.0988543   -0.0953747    -0.026205   -0.0500506    -0.113289    -0.153415   -0.0932722    -0.144377   -0.0230194    -0.155508    -0.175375
   -0.187271    -0.119959   -0.0984171    -0.135665   -0.0603029   -0.0768042    -0.126183    -0.161921    -0.217539    0.0435648   -0.0929235   -0.0637132   -0.0998141    -0.231739    -0.203035    -0.015434   -0.0718304    -0.163729   -0.0265217    -0.238141    -0.147282    -0.162383   -0.0235315    -0.024602    0.0317708    -0.117622   -0.0565081   -0.0547546    -0.170531    0.0234781    -0.169708   -0.0964535    -0.060221  0.000960148    -0.149238      -0.1856    -0.208154   -0.0678601    -0.138094   -0.0166184      -0.1841    -0.122254
  -0.0463096    -0.152457    -0.140707    -0.165394   -0.0377252     -0.10776   -0.0409953     -0.13722   -0.0331328    -0.135206    -0.130031   -0.0972764    -0.106734     -0.16131    -0.101351    -0.135688   -0.0728053   -0.0996586   -0.0846325    -0.143774    -0.099886    -0.116489   -0.0737433    -0.155039    -0.153742    -0.206538   -0.0865349    -0.124028    -0.118986    -0.112033    -0.199403   -0.0935239   -0.0900227   -0.0652923    -0.165627    -0.120496    -0.102076    -0.142115    -0.172745   -0.0137537    -0.147396    -0.112547
  -0.0356444    -0.153876    -0.201254    -0.122051   -0.0756076   -0.0408661   -0.0481149    -0.078162    -0.102668   -0.0654718    -0.082225    -0.141997   -0.0707622    -0.164438    -0.154194    -0.168245    -0.149167    -0.127048   -0.0675776    -0.156397    -0.106042   -0.0566021    -0.145671    -0.119089     -0.13263    -0.145937   -0.0923333   -0.0774632   -0.0702776    -0.116193    -0.160675   -0.0714349   -0.0648687    -0.130646     -0.18009    -0.130341    -0.126903   -0.0907701     -0.19682   -0.0155257    -0.151804    -0.170213
   -0.221865   -0.0310928   -0.0821576   -0.0858578    -0.106141   -0.0843687    -0.158684   -0.0756454     -0.19874   -0.0783421    -0.156866    -0.100274    -0.132835    -0.160283    -0.132389   -0.0863741   -0.0951918   -0.0988702    -0.174337   -0.0638812    -0.192917    -0.132906    -0.182813    -0.151573   -0.0497965   -0.0688447    -0.113705   -0.0722778    -0.168082     -0.12142    -0.150788   -0.0876599   -0.0974193   -0.0905719    -0.127976    -0.173925   -0.0517065    -0.152521   -0.0925072   -0.0741708   -0.0742641   -0.0706817
  -0.0940368    -0.127496    -0.134329   -0.0575269   -0.0469765   -0.0950962    -0.139995    -0.153087    -0.139454    -0.146672    -0.155407    -0.169737     -0.13507    -0.155999   -0.0997445   -0.0358508    -0.155866    -0.110999    -0.028058    -0.120361    -0.189959   -0.0689147   -0.0812159    -0.147578    -0.088279    -0.176685    -0.157957    -0.100929   -0.0972382   -0.0376309    -0.157887    -0.105147    -0.122638   -0.0755024    -0.165542   -0.0596294    -0.110656    -0.115747    -0.192488   -0.0264589   -0.0497701     -0.16792
   -0.114859     -0.11673   -0.0474884    -0.127705     -0.17045   -0.0995777    -0.110334    -0.166832    -0.180006    -0.137565    -0.144465    -0.113731   -0.0950001   -0.0905395     -0.12205   -0.0954967    -0.160312    -0.167688   -0.0794667    -0.103284   -0.0784642   -0.0822945    -0.135157    -0.120571    -0.111145    -0.115655    -0.145678   -0.0737419    -0.132464    -0.113178    -0.123848    -0.118071   -0.0758873    -0.119829    -0.156663   -0.0877858    -0.103527    -0.132736    -0.125437   -0.0893347    -0.117159    -0.148293
   -0.144576   -0.0945608      -0.0841   -0.0957998    -0.103316   -0.0655394   -0.0632652    -0.139421   -0.0849506    -0.109839    -0.131684    -0.161259    -0.165173    -0.133117     -0.14893   -0.0762258    -0.166002     -0.16789   -0.0509183   -0.0825757    -0.161745    -0.113643    -0.145118    -0.141587   -0.0997242    -0.131298    -0.122247    -0.104284    -0.152768   -0.0600344    -0.146805   -0.0791855    -0.106538    -0.137381    -0.124621    -0.119968    -0.109863    -0.176348    -0.160852       -0.131   -0.0732875    -0.127956
   -0.203048    -0.106924     -0.10619   -0.0621108    -0.197019    -0.128562    -0.143636   -0.0933298    -0.162081    -0.150663    -0.151979    -0.156126   -0.0546902    -0.095971   -0.0815849   -0.0464707    -0.131707   -0.0440877    -0.156673    -0.112104   -0.0943183   -0.0516627    -0.163205    -0.174668   -0.0868326   -0.0786296   -0.0671848   -0.0772814    -0.155011     -0.14899   -0.0650304   -0.0518514    -0.146237    -0.167498    -0.119702    -0.144299    -0.121906    -0.102854    -0.101502    -0.153241    -0.064121    -0.128743
   -0.242186   -0.0360736    -0.100178   -0.0713581   -0.0893903   -0.0956312     -0.18417   -0.0661122    -0.124378   -0.0391051    -0.131535    -0.077056    -0.109244    -0.145758    -0.115815   -0.0839026    -0.127295    -0.119313    -0.198772    -0.140534    -0.137409    -0.226782    -0.161308   -0.0630201   -0.0864783   -0.0514643    -0.190163   -0.0710565    -0.144039   -0.0228713    -0.136819   -0.0768414   -0.0791875   -0.0592581   -0.0658514     -0.22286   -0.0831585   -0.0857366   -0.0785901    -0.134874     -0.12057    -0.072267
   -0.169185    -0.049013    -0.149731   -0.0825796     -0.13246    -0.159496    -0.140862    -0.134981    -0.127852   -0.0310054    -0.184636   -0.0881843    -0.105714    -0.120134    -0.119402    -0.123924   -0.0666552   -0.0999132   -0.0760069    -0.149388    -0.165497    -0.179815    -0.106461    -0.107705   -0.0335016    -0.105456    -0.163583     -0.14177    -0.144254   -0.0293949    -0.126013   -0.0740775    -0.120423   -0.0478354    -0.102088    -0.198479     -0.10271   -0.0506654   -0.0813124    -0.140744    -0.134621   -0.0998684
  -0.0601077    -0.225553    -0.143564     -0.14698   -0.0994373   -0.0732586    -0.184689   -0.0497531   -0.0976779    -0.163698   -0.0869084   -0.0863045    -0.222171   0.00923709   -0.0863654    -0.104188       -0.176   -0.0394911  -0.00131227    -0.122881    -0.090934     -0.13973    0.0242234     -0.17072   -0.0233103   -0.0682971   -0.0465315    -0.205798    -0.012142    -0.172532   -0.0556503   -0.0754133   -0.0844127   -0.0215093    -0.245493    -0.148343    -0.214323    -0.156608   -0.0517057    -0.162281    -0.108736   -0.0726125
  -0.0719458    -0.155839   -0.0914806    -0.158186   -0.0760999    -0.149459    -0.116589    -0.170036    -0.129003   -0.0751082    -0.139763    -0.052691   -0.0896621    -0.113965    -0.139268    -0.150153    -0.174535    -0.199182   -0.0621347   -0.0997297     -0.05626   -0.0651469   -0.0767405    -0.107615   -0.0679917   -0.0849721   -0.0420539    -0.149239     -0.12287    -0.135801    -0.114739   -0.0978299    -0.119856    -0.152035    -0.150592    -0.114326   -0.0805282    -0.102847    -0.156338   -0.0812631    -0.203072    -0.124539
   0.0815011    -0.147857    0.0739912    -0.200915   0.00446397   0.00203204   0.00494428   -0.0721043   -0.0164609   -0.0272012   -0.0967037    -0.043841    -0.127492    0.0326724     -0.06335    -0.131743   -0.0932495    -0.123128    0.0525946    -0.185962   -0.0121717    -0.150961    0.0059668     -0.20803    -0.201662    -0.127715    -0.203331     -0.28844    -0.205867    -0.297188     -0.13419   -0.0449398    -0.111965   -0.0173567    -0.157567    -0.105413     -0.23351    -0.156454    -0.134062   -0.0919469   -0.0120174     -0.21007
  -0.0702613    -0.132791   -0.0820957     -0.20847  -0.00656813   -0.0905303    -0.234612    -0.086766   -0.0965357    -0.201389    -0.129458   -0.0709433    -0.151339     0.025566   -0.0508373   -0.0764914    -0.135312    -0.102661   -0.0545101   -0.0886171    -0.173003   -0.0964937    -0.036847    -0.144029   -0.0410653   -0.0885116   -0.0583849    -0.189101   -0.0207108   -0.0907188   -0.0360637   0.00909753     -0.11736     -0.10735    -0.237281    -0.111175    -0.212104     -0.16149   -0.0868984    -0.173804    -0.209267   -0.0327617
  -0.0845297    -0.135688    -0.167678    -0.128141    -0.181918    -0.158312   -0.0650099    -0.130816   -0.0910705    -0.125617    -0.138812    -0.137104    -0.129792   -0.0906355     -0.12758    -0.159172    -0.164195   -0.0883373   -0.0683624    -0.114525   -0.0484572    -0.103956   -0.0354861   -0.0762082   -0.0521492    -0.123125   -0.0962688   -0.0694482   -0.0795808    -0.139934   -0.0609832    -0.168662    -0.184491    -0.060479    -0.103166    -0.108862    -0.149743    -0.124152   -0.0959113    -0.176688     -0.12773    -0.140664
