no weights
   0.0688404     -0.30475   -0.0223975    -0.010808     0.206965     0.149687    -0.309332     0.131438    0.0952086      0.21085     0.554826    -0.289596    -0.209711     0.329253     0.245849     0.288792     0.385484    -0.148652     -0.17831  -0.00574423    -0.112413   -0.0702073     0.402525    -0.367045    -0.160349     0.162327     0.324881     0.508064     0.391018    -0.256629   -0.0808537      0.15459       0.2789     0.284092     0.210398   -0.0851589    -0.201953     0.467693     0.175078     0.119098      0.53673    -0.119224     0.164944    -0.458787    -0.238563    -0.118512    -0.209256    0.0130121
   -0.163499     -0.16538     -0.10275   -0.0295312    0.0568553     0.270705    -0.158619  -0.00193547   -0.0511638    0.0473228    0.0550474     0.251409   0.00808086    0.0391248   -0.0143921     0.166868    -0.286477     0.269791    0.0775939    0.0470492   -0.0158473    -0.388833     0.408144     0.202374    0.0437596    -0.027781    -0.434549   -0.0353598     0.142141     0.404231     0.175781    -0.495674  -0.00659716    -0.141291     0.186091     0.343301    -0.114471    0.0180954    -0.268117   0.00979862     0.164428     0.283054    0.0645671    -0.158365     0.143548     0.195961     0.165323     0.152832
    0.161397    -0.141754  -0.00898194    -0.185914    -0.237575   -0.0932475    -0.223125     0.219117      0.16767     0.197152    -0.400394     0.151134     0.169739   -0.0136417     0.268473      0.32575    -0.461458     0.541911    -0.109675     0.244212   -0.0402705    0.0350407    -0.154573     0.321258    -0.133979    0.0906936     0.367017     0.242582    -0.390558     0.272129   -0.0993387    -0.142124     0.411249     0.375934    -0.316952    0.0915984    -0.350937     0.169206    0.0821814     0.191624    -0.171252     0.161486     0.208478     0.264977    0.0172398    -0.045504    -0.194383     0.461795
   0.0431663     0.127798     0.315473     0.216227     0.193386     0.308777    -0.185083     0.131178     0.109382   -0.0394102    -0.515327     0.558261    -0.126915    -0.116935    -0.122162    -0.109565    -0.137849     0.181932     0.107626     -0.10164     0.281783     0.042839    -0.176794     0.276412   0.00675795   -0.0686217  -0.00220351   -0.0851567    0.0611487    -0.040795   -0.0842097   -0.0696921     -0.32424     -0.11979   -0.0173631   -0.0902292   -0.0392289   -0.0644275    -0.395937    -0.150522    -0.320496     0.105067   -0.0220167     0.400497     0.157806     0.282704     0.160124    -0.131651
    0.335898    -0.581856      -0.4484    -0.455214    0.0533064     0.228718    -0.204881     0.123496     0.141299    0.0509708     0.274479    -0.141293     0.164448     0.158922     0.221096     0.004844     0.128364   -0.0802105     0.177477       0.1773   -0.0835439    -0.573343     0.355295       -0.137     0.131234     0.224229    -0.106242     0.259891     0.445266    -0.178655     0.176783    -0.420796     0.530877   -0.0902902     0.335543    -0.069338    -0.257551    0.0760575    -0.126319    -0.433811     0.166491   -0.0798544     0.359218   -0.0940777     0.165381     0.171964   -0.0259057     0.299341
    0.135383    -0.221819    -0.455262     -0.30909    0.0881853   -0.0911003    0.0478505    -0.117333   -0.0237314    -0.037755     0.134702     0.106969     0.391811    0.0301151   0.00198611    -0.150575    0.0490961     0.288913     0.103768     0.350426    -0.140053    -0.363223     0.224221     0.172991     0.192619     0.204997    -0.232846     0.242583     0.189935    0.0166367     0.253307    -0.162991     0.199172     0.160715     0.232475     0.165124   -0.0686234   -0.0552668   -0.0921465    -0.286556     0.178751    0.0986922     0.286173    -0.200274    -0.018761    -0.135035    0.0936913     0.159732
   -0.684477   0.00309297      0.31609     0.222313   -0.0571682    -0.328655    -0.293327     0.169336     0.186148     0.298453     0.102572    -0.312816    -0.305761    0.0807485     0.191292     0.019804  -0.00606772   -0.0766006    0.0167404    -0.268425     0.135571    -0.386868     0.232525    -0.139876   0.00621471    -0.213454     0.307845     0.135893     0.463819    -0.323573   -0.0235586    0.0755326     0.134685     0.421107      0.45394    -0.186205      0.14466     0.250281    -0.119331     0.252061     0.737035    -0.208934     0.283872    -0.302611    -0.114631     0.239973     0.305323     0.152945
  0.00558904   -0.0553978    -0.303604   -0.0347328    0.0701854     0.108258     0.120329    -0.217563    -0.208475     0.027939    0.0624118    0.0292558     0.256491     0.203464    -0.290951     0.168972    -0.123526     0.304747   -0.0948058     0.456318    0.0972436     0.360754     0.332023     0.238437    -0.121902     0.106495     -0.49107     0.381271   -0.0708973      0.37002   -0.0852838    -0.068432     -0.21022     0.294375    0.0296178      0.25387    -0.114396    -0.126151    -0.185743     0.202076   -0.0791178     0.335026     0.115082     -0.49767  -0.00913961    -0.318995    0.0539576    0.0392944
    0.141133    0.0357509   -0.0613821      0.12411     0.167554     0.355554   -0.0546021   -0.0337633    -0.151683     0.170383     0.227211     0.110601   -0.0720062     0.134458    0.0206337     0.118575     0.334542     0.142847    -0.194559      0.40127     0.196287     0.452282     0.503165    0.0458292    -0.140568    0.0964621    0.0252249     0.240775      0.10288     0.142282   -0.0763268     0.332833  -0.00131288       0.2104     0.116474     0.206924    -0.132137     0.301719    -0.139333    0.0784552     0.291565     0.174366     0.212127    -0.542654      -0.5606    -0.650927    -0.330546    0.0654018
   -0.087113    -0.179077    -0.341254    -0.531701    -0.631529    -0.101656  -0.00894015     0.249528     0.218969  -0.00393656    -0.130956     -0.33996     0.191857     0.026113     0.329155   -0.0721368    -0.316145    0.0930341     0.296532    0.0619997     0.100248    -0.463312      0.10156   -0.0331456     0.411559     -0.19756     0.236325    -0.216783   -0.0911449    0.0407998     0.372712   -0.0624639     0.469951   -0.0341363    -0.162126     0.234439     0.284929   -0.0422739    0.0853967     -0.26338    0.0940033     0.175737     0.365469     0.282445    -0.143739     0.161475       0.2099      0.47923
   -0.141864    -0.140896    -0.154205    -0.083424   -0.0631886    -0.192578     0.121194  -0.00669644    0.0338307     0.182245     0.305706    -0.513798    0.0285721     0.108228     0.184989     0.155884     0.061575    -0.190732       0.1617     0.120897    0.0430546   -0.0157689     0.160984    -0.257023     0.174014    0.0294936  -0.00966317     0.149476    0.0936977    -0.192025     0.183905      0.09285     0.104359     0.323812     0.074751    -0.037058     0.272513    -0.118582     0.188148     0.102929     0.231068   -0.0473506     0.292439    -0.284853    0.0619962     0.132177     0.158754     0.209329
  -0.0461857    -0.189443   -0.0109034    -0.301102    -0.533374    -0.407565     0.163855     0.241133     0.214577     0.007615     0.186736    -0.454186    0.0591988    -0.143717     0.230716     0.158568   -0.0880319    0.0418013   -0.0582822     -0.15878     -0.12787    -0.159235     -0.21575    -0.142319   -0.0833533    -0.110108     0.404618   -0.0546688    -0.297558  -0.00220305   -0.0235483    -0.174148     0.601923    0.0226847    -0.134263     -0.21301    0.0226404     0.227436     0.662238     0.360964     0.273913    -0.146169     0.036047     0.245399     0.141187     0.348842   -0.0886657     0.231626
   -0.264564    0.0467833    0.0658027     0.121093    -0.124617   -0.0786195     0.108434    0.0319399   -0.0645834     0.116767    0.0907267   -0.0759516     0.109305    0.0768714    0.0525906     0.135427    -0.136693   -0.0164137     0.170317    0.0128515     0.146613     -0.10871     0.279029    0.0144082     0.251426    -0.246202    -0.199568    -0.177439     0.147272     0.124041     0.214832     -0.25898     0.133226   -0.0803427     0.185789      0.14862      0.34514    0.0323812   -0.0745435     0.151911     0.337421     0.108708     0.200773    -0.186679    0.0520124     0.234005     0.275087      0.17764
   -0.250397   -0.0659297     0.118939   -0.0351801   -0.0297768    0.0136591    -0.202271    0.0727427     0.131019    0.0295969     0.363808    0.0925343     -0.19627    -0.180649     0.184791    -0.109581     0.519568    0.0625658    -0.561895     0.441024    -0.125409     0.213397     0.084254    0.0135235    -0.369531     0.139235     0.380238     0.076813    0.0155104    -0.152435    -0.389625     0.425221     0.515233     0.325226     0.190091    -0.047796    -0.548257     0.513937     0.380059     0.115831     0.382264    -0.150232    -0.344446    -0.172003   0.00651854    -0.165731    -0.468239   -0.0396827
  0.00851536     0.285482    -0.127765    0.0798368    0.0586035   -0.0324951    0.0386981   -0.0944756    -0.155099     0.184057   -0.0472512     0.207007    0.0395455   -0.0453504   -0.0908866    0.0383523     0.117948      0.39102    -0.156001      0.49717    0.0897855      0.48667    0.0410233      0.37379    -0.142125    0.0945191    0.0253823     0.125536   -0.0981181     0.293586   -0.0867421     0.364985    0.0459676     0.327006    -0.110018     0.455991    -0.193073    0.0864567  -0.00879693      0.22783   -0.0207506     0.308355    -0.206159    -0.294909    -0.424785    -0.663213   -0.0895504    -0.208138
    0.225744     0.371392     0.211521    0.0584923    -0.197747    -0.303775     0.303239     0.102295    0.0610224   -0.0883648    -0.511559     0.189216     0.267773    -0.358404    -0.225802    -0.230003    -0.244967     0.283894    0.0746329     0.252023      0.25505      0.36123    -0.379876     0.226572   -0.0855715     0.123255     0.220674   0.00957073    -0.379374   -0.0298621   -0.0607009   -0.0860146     0.177545    -0.175645    -0.414949    -0.269126    0.0442975     0.012853     0.224267    0.0452794    -0.351948    -0.113926     0.126679     0.369103     0.229296     0.061623  -0.00998118     0.147561
    -0.24177    -0.173085  -0.00650114     0.110547    0.0433238    0.0117674    -0.245663    0.0340081 -0.000383174     0.320212   -0.0370288     0.211163    -0.179001   -0.0224513   0.00232917   -0.0409875     0.121565     0.115297    0.0189809   -0.0432896   -0.0375608    -0.103868   -0.0280095     0.115647    0.0375395   -0.0958115   -0.0385486    0.0781667     0.157706 -0.000693317   -0.0244319     0.066483      0.02034     0.186783     0.168359     0.127286   -0.0794712     0.116578    -0.218079    0.0342427     0.222849    0.0789924    0.0148186     0.102231     0.218932      0.27559     0.432556     0.112896
    0.117522    -0.110538    0.0802876   -0.0698732     0.167955     0.212525    -0.173764      0.21908     0.165395     0.139417    -0.427314     0.326089    0.0868523    -0.119399   -0.0767714   -0.0420316   -0.0616064      0.14608    -0.194085     0.241628     0.311066     0.330375    -0.160229     0.177907    -0.299506     0.147125    0.0142219     0.245777    -0.150697    0.0234274    -0.383954     0.010336   -0.0328057    0.0835214    -0.178475   -0.0577296    -0.354934   -0.0686218    -0.127259    -0.145899    -0.456753     0.116712   -0.0150008      0.33631     0.577008      0.33977     0.130642   -0.0142059
    0.409679   -0.0366594    -0.230654    -0.110359    -0.204933   -0.0668372     0.243178    -0.247518    -0.298697   -0.0824245     0.524618    -0.160993     0.236957     0.095982    -0.112036     0.184652     0.357721    -0.103143    0.0432929    0.0873417    -0.363005    0.0771333     0.207191    -0.165159   0.00533319     0.159671     0.131909     0.205472     0.108063    -0.167264    0.0647024     0.273917   -0.0850987     0.285501   -0.0169321    -0.174903     0.140713     0.344805    0.0871894     0.104845     0.403651     -0.24037     0.690817     -0.54506    -0.361657    -0.401011    -0.229725     0.655751
   -0.241768     0.659035      0.74883     0.581823     0.505504    -0.165284  -0.00871179     0.156775     0.114312     0.107608    -0.051254     0.121262     -0.18919    -0.163916    0.0489785    0.0435935    0.0787547    0.0402849    -0.154245   -0.0567773     0.169471     0.311475    -0.152093      0.17554    -0.142563      0.10658     0.121303    -0.110863   -0.0415447    0.0728478    -0.164187      0.16271    0.0620234   -0.0677323    0.0722905    -0.100869    -0.169906    0.0277786     0.284196     0.253588   0.00354828    -0.108229    -0.480934     0.162645     0.107848  -0.00894506    -0.126017    -0.571356
    0.053105     0.178642     0.170934   -0.0178274    -0.190083     0.471401    -0.217108     0.259479     0.191047     -0.16413     0.149983     0.137681    -0.068496  -0.00710961     0.277842   -0.0966207     0.302935    0.0114266    -0.166965     0.244281     0.487633     0.224709      0.67433    -0.226064    -0.223594    -0.288695     0.462601    -0.482902    -0.014831    0.0692427    -0.233067     0.255227     0.223324    -0.160297     0.264524    -0.027153   -0.0899304     0.482789     0.167193    -0.166402     0.327428    0.0435592    0.0985309     0.103311    -0.418987    -0.172577    -0.553491     0.192265
  -0.0925109     0.495578      0.60261     0.521504     0.526591    -0.390865     0.129669    0.0813089    0.0282431     -0.14621   -0.0045691   -0.0615097    0.0238586    0.0250065    -0.226625    -0.155578     0.241319    -0.248713    0.0293317    -0.217381     0.284173     0.219831   -0.0779293    -0.219804    -0.137153    0.0289794     0.289362     0.206856     0.123309    -0.377349    -0.260971     -0.10322   -0.0409984     -0.14871     0.187179    -0.585526     0.218552     0.144651     0.129244    0.0295735    0.0997223    -0.311931     0.075018      0.15706    0.0470728     0.188012    0.0232278    -0.274089
    0.264135    -0.170571    -0.172237    -0.106603    0.0476123    -0.316901    -0.173277  -0.00973275   -0.0512357     0.424221     0.030458    -0.360829   -0.0830539    -0.103728      0.01653     0.133653     0.249102    -0.223887    -0.185336      0.13223    -0.356768     0.185218    -0.327482    -0.362495    -0.073195      0.14048      0.24036     0.483328   -0.0119063    -0.554752   -0.0941776     0.490003     0.181782      0.62765    -0.127197    -0.352646    -0.123496    0.0357192     0.030021     0.153682    0.0664983     -0.36486      0.29976     0.072855     0.128724      0.14946     0.442978      0.24291
     0.23959   -0.0913092    0.0676113    0.0871797    -0.132888     0.294497    0.0465243     0.141292     0.105943    -0.137227     0.117621     0.119484    -0.123182     0.151464    0.0707135     0.127565     0.202757    -0.251088     0.215848    -0.532524    -0.167142    -0.150684    -0.255235   0.00569366    0.0136297   0.00399105     0.143337    -0.204722    0.0167017   -0.0413036   -0.0348206   0.00687418    -0.141779    -0.321545    0.0207325    -0.217478     0.225847     0.128935     0.120689   -0.0184471   -0.0404578  -0.00428018   -0.0293086     0.268925     0.292451     0.383526    0.0478105    0.0706591
     0.29841    -0.365835    -0.159428    -0.269514    0.0607703    -0.114585    0.0281605     0.117204     0.171816    0.0217776   0.00257685   -0.0678189    0.0587184     0.139165     0.201729     0.174398    0.0538706    -0.268316      0.11062    -0.349685    -0.368159    -0.187571    -0.634707  -0.00709272   -0.0304584     0.326795    0.0488518     0.168968 -0.000264544    -0.062533   -0.0209724   -0.0171243     0.174511    0.0583847   -0.0231441    -0.115279     0.012082    -0.489589      0.16427     -0.17524     -0.53163    0.0305245   -0.0419348     0.565049     0.866215     0.708915     0.364808    0.0929004
    0.114299    0.0865671   -0.0758346    -0.195083    -0.395066     0.166787      0.17603    0.0282587     0.104383    -0.307187   -0.0975399     0.233932     0.122367   -0.0178562   -0.0329452    -0.110461    0.0237488     0.281535    -0.134594      0.21954    0.0793356     0.263266    -0.141031     0.258482    -0.151969     0.116132     0.368073    -0.167219    -0.369672     0.373863    -0.237013     0.203722     0.302175    -0.140277    -0.255124     0.215925    0.0919425    0.0913618     0.463713    0.0181212    -0.125921     0.306941   -0.0773716      0.27411  -0.00926529   -0.0212982    -0.342512     0.139411
    0.183649    0.0310205    0.0712913     0.110222     0.247985    -0.058646     0.208888    0.0995498     0.095986    -0.135293     0.440942    -0.385359   -0.0290594     0.220385     0.193061    -0.079546     0.525337    -0.814502     0.204567     -0.24051    -0.113859   -0.0276615    -0.167081    -0.577904  0.000293875     0.181401    0.0731802    -0.119878     0.272427    -0.476257    -0.109719     0.270973    -0.085975    -0.305413     0.117354    -0.435831     0.340227     -0.11873    0.0991073    -0.353049   -0.0404359    -0.118394    -0.041233      0.30768     0.302076     0.261708      0.12932     -0.11531
    0.334672     0.318595    0.0700036     0.353109     0.180073     0.197937     0.139909    -0.201442    -0.253264     0.148451   -0.0514772    0.0370395    -0.160363      0.12116    -0.117321     0.291712   -0.0217541    -0.284349     0.319406    -0.384879    -0.235435     0.202267    -0.208155 -0.000526984     0.291542   -0.0281275    -0.375924   -0.0975178   -0.0912366     0.070639     0.331299     0.296428    -0.793178    0.0466212    -0.172696     0.194402      0.37388   -0.0874851    -0.285596     0.191741    -0.248991     0.135478    0.0290397   -0.0867117    -0.216347   -0.0840857     0.453185   -0.0419276
    0.458502  -0.00847612    -0.131958    -0.248516   -0.0120902     0.492023      0.22087     0.182248     0.155716    -0.226903     0.528944  -0.00145841    -0.134018     0.221003     0.258065   -0.0710274     0.495474    -0.327689   -0.0382318     0.159676     0.402188     0.271384     0.336791   -0.0712047    -0.074154     0.200816      0.10276    -0.242589    0.0954938     0.186695   -0.0666996     0.256935 -0.000147836    -0.384815     0.179754      0.17629   -0.0170583    0.0705334      0.47626   -0.0852915    0.0277041     0.122583    -0.278925   -0.0325699    -0.233798    -0.386584    -0.515671    -0.335057
    0.335763    -0.174203    -0.275867    -0.256096     0.201533  -0.00592248     0.118958     0.101205     0.084602     0.250183   -0.0113575    -0.125876     0.060045     0.113263     0.282641    0.0917684   -0.0308742    -0.226483     0.325699      -0.1289    -0.102676    -0.227179    -0.358222     0.111537     0.408106     0.262635    -0.257736   -0.0114681     0.191809   -0.0517006     0.395667   -0.0354826    0.0438297   0.00945405  -0.00953567     0.185256       0.1069    -0.722517    -0.122989    -0.267309    -0.483229     0.169607    0.0410822      0.26927      0.33668      0.26821     0.507354    0.0578912
    -0.19871      0.22408     0.432598     0.355515     0.330634    -0.032609   -0.0755376     0.066668     0.186433   -0.0160773    -0.203272    -0.118297   -0.0909776   -0.0963824   -0.0315735    0.0343492    0.0563038    -0.234017    -0.248425     0.222618     0.210407     0.476328    -0.165544    -0.212401    -0.276514     0.191169     0.162806     0.122624    -0.188443    -0.147745    -0.332739     0.145896     0.215906    0.0163669    -0.191702     -0.23813    -0.211492    0.0219141     0.197435      0.11494    -0.335535   -0.0967785    -0.334615     0.277872     0.421395     0.251975   -0.0543727    -0.263806
    0.150774  -0.00668388     -0.30059    -0.429761    -0.563918    -0.337674     0.500082     0.206548      0.11574    -0.249624     0.118365    -0.142775      0.45531     0.111116   0.00291274    -0.126351    -0.114125     0.252751    0.0421403     0.280348     0.388624     0.195339   0.00623018     0.109184   -0.0401378      0.18423     0.278686     0.133424    -0.278163     0.228566   -0.0570794    -0.179596     0.278812    -0.300917    -0.274011   0.00178942      0.30643    0.0268782     0.471134    0.0879235    0.0209061     0.162846     0.234165   -0.0357224   -0.0757783    -0.242222    -0.222648     0.204969
    -0.26279   -0.0383664    -0.231789    -0.317586    -0.282849    -0.566532     0.457172     0.155648     0.153026   -0.0181555     0.234784    -0.348176     0.290683    0.0948822     0.182402   -0.0399435    0.0178561     0.111783     0.225941   -0.0196737    0.0229527    -0.217295    -0.164564    0.0123248     0.269221    0.0978183    0.0270452    0.0462167   -0.0158774  -0.00522368     0.244815    0.0652925     0.259481      0.03077    0.0777703  -0.00249701     0.336769   -0.0753345     0.332895     0.166256     0.264615     0.038465     0.016531   -0.0663901    0.0624044    0.0477112     0.171561      0.12806
    0.426451    0.0332487     -0.22835    0.0325593     -0.30937     0.136468      0.14177    -0.250352    -0.271244   -0.0528326   -0.0544978   -0.0314028     0.141673    0.0879918    -0.346946     0.267889     0.038462     0.150134      0.16881   -0.0476949    -0.326352     0.298913    -0.256055   -0.0201054   -0.0631493    0.0833772   -0.0220518      0.37952     -0.30659   -0.0198579   -0.0102666     0.386036    -0.538268     0.290422    -0.305264    -0.114073     0.307065     0.297464    -0.106306     0.205903   -0.0468943    0.0494816     0.623478    -0.414783    -0.296272    -0.330742    0.0777991     0.569525
   -0.141972   -0.0733957     0.339719     0.188801    -0.124062     0.717378    -0.548687     0.153389     0.226266    0.0883776     -0.17905     0.407208    -0.490113    0.0981415     0.338688     0.474054    -0.344417     0.118037   -0.0678249    -0.412048   -0.0785934    -0.214311     0.136862     0.118963     -0.26158    -0.293887     0.139605    -0.217579   -0.0943403     0.470983     -0.16913     -0.12824   -0.0285512  0.000274862   0.00483668     0.510751    -0.182048     0.191735    -0.233771      0.06483    -0.182745     0.539593  -0.00990995     0.161035     0.103618     0.344791  -0.00288338     0.223628
   -0.151448     0.427477      0.64712     0.497654     0.337409   -0.0275255   -0.0284957     0.229409     0.173952   -0.0232025   -0.0079522   -0.0853184   -0.0870358    0.0881991    0.0297444     0.204393    0.0671001    -0.115551   -0.0656001    -0.127729     0.278068     0.252381     0.103584    -0.242592    -0.270866     0.104715     0.429176      0.15382   -0.0125043    -0.137087    -0.167727   -0.0982721      0.12667    0.0188825   -0.0720048    -0.271945   -0.0807626     0.291866     0.268713     0.253782     0.142098    -0.184913    0.0430776   0.00964766    -0.036281   -0.0153456    -0.230162   -0.0631443
   -0.391385     0.159852     0.424299     0.341896     0.108759     0.188877    -0.241659     0.314814     0.191363     0.100398   -0.0442716      0.51772     -0.46142   -0.0252152     0.126156   -0.0760414    0.0892733     0.251176   -0.0913577    -0.484621     0.153009    -0.209847    -0.061693     0.321167   -0.0215474    -0.124085     0.217379    -0.385702     0.320922      0.29049    0.0469361   -0.0757925     -0.10134    -0.261104     0.317219      0.23592    -0.117049     0.167494     0.152977     0.150016     0.146894     0.187632    -0.583359     0.362085    0.0174067     0.304632   -0.0239761    -0.591435
     0.60158     0.176847    -0.178586   -0.0445061    -0.185893     0.561155   -0.0296411    -0.116265    0.0389654    -0.319573    -0.162182     0.128987    0.0124337     0.205529    -0.183026   -0.0974673    0.0605964  -0.00681781     0.281838    -0.149242   -0.0985392   -0.0539124   -0.0911291   -0.0283893     0.157923   0.00178377      0.22195    -0.211681    -0.127372     0.161635      0.20826    0.0912076    -0.241658    -0.360651    -0.154999     0.138329     0.203348     0.210323    -0.116573    -0.286853    -0.210431     0.221212     0.221304     0.323446    -0.400507     -0.21363    -0.109365     0.154925
   -0.309448   -0.0960214     0.118456     0.119461     0.128743    -0.149073   -0.0596026     0.118274    0.0881985     0.266048  -0.00567273      0.10385    -0.116905    -0.125529      0.18995     0.117347    0.0380091    0.0640843     -0.20668    0.0538927    -0.224753   -0.0506759    -0.272266    0.0420366   -0.0805423    0.0237571    -0.207429    0.0103568    -0.113098    0.0425219    -0.145287     0.167048     0.223342     0.332011    0.0393992    0.0307907    -0.227862   -0.0163576     0.143605     0.139414   -0.0924425    0.0116754    -0.335565     0.252943     0.719389      0.46521     0.323495    0.0181213
    0.286048    0.0375867    -0.331476    -0.227073    -0.115858    0.0594874     0.136565    0.0196591  -0.00127141    -0.165296   -0.0680856   -0.0837618      0.41136     0.144522   -0.0547346   -0.0158147    -0.271074      0.19738     0.464461      0.08047      0.12919     -0.43034     0.278802     0.177893     0.366633    0.0225019   -0.0713645   -0.0224702    0.0760508     0.189733     0.461637    -0.377261    0.0088104    -0.270499   0.00279884    0.0767193     0.188568   -0.0169296    -0.149475    -0.205986   0.00291483    0.0584104     0.423652    0.0510097    -0.327756    -0.244068   -0.0906407     0.256554
   -0.505494    0.0314652     0.256062     0.322018     0.160423    0.0418883    -0.303443    -0.107384   -0.0588889      0.21927    -0.296081     0.576619    -0.150309      -0.1426    -0.125769    -0.151523   -0.0923585     0.542112    -0.236411     0.416882     0.258947     0.240446     0.303154     0.390225   -0.0809451   -0.0371736   -0.0684109     0.242813     0.234083     0.144289    -0.214468     0.175349    -0.270569     0.514671     0.132288     0.140983    -0.195508     0.259389    -0.412286     0.065991     0.249446     0.157715     0.124053    -0.279877   -0.0752493   -0.0753828    0.0704591    0.0386946
   -0.276779   -0.0861052  -0.00958192   -0.0512155     0.199354    -0.498352     0.105942     0.169452     0.152325     0.439268    0.0874994     -0.25147   -0.0488197    -0.161676     0.263628     0.118454     0.018183    -0.116214   -0.0800653   -0.0479647    -0.055531  -0.00479131    -0.482798    0.0638826     0.123175     0.221708    -0.368847    0.0755085   -0.0130544    -0.018019    0.0778853    0.0202599     0.141538     0.216457    0.0320127     0.193127    -0.132841    -0.448982     0.259321     0.267715     -0.10272    0.0561648     -0.57871     0.173823     0.503952     0.257835     0.577855    -0.448233
   -0.454776     -0.16523    -0.218152   -0.0360523    -0.512658    -0.234385    -0.287498    -0.221558    -0.222768    -0.225547    -0.266079    -0.251968    -0.173134    -0.247985    0.0585364   -0.0284324   -0.0490012   -0.0608275    -0.370957    0.0326198    -0.270644   -0.0774705    -0.352182   -0.0255359 -0.000118985   0.00321775    -0.109932   -0.0905351    -0.250952   0.00229703   -0.0402441    -0.157953    -0.127802    -0.175441   -0.0476855    -0.166998     0.103229   -0.0301798   -0.0359835    -0.217215   -0.0474788    0.0118434
  -0.0152185    -0.567608     0.478169    -0.121452   -0.0570651    -0.665879     0.142797     -1.13082    -0.820529     0.366552    -0.294948       0.8716    -0.411351     0.320883    -0.780617    0.0785853    -0.353394     0.205539    -0.994204     0.166266     0.343123   -0.0604217    -0.112832   -0.0743044       0.4359     0.113695   -0.0863409      -1.2879    0.0227479    -0.171671     0.331183     0.121431   -0.0328862     -1.26777     0.206447      0.24376     0.287579    -0.618451     0.108133    -0.579407    -0.553686    0.0693128
    0.256144    -0.983627    -0.589733    -0.691079     -1.17427    -0.866061     0.453969    -0.494694     0.012192    -0.489258   0.00403234     0.515291    -0.136914     0.549699    0.0460668    -0.190959    -0.344567    -0.791971     0.471105     0.231193     0.215734     0.244358     0.149765   -0.0576679    -0.852907    0.0872809     0.161325    -0.139813     0.160001     -1.15568   -0.0185613      0.21795     0.220906     0.194961    -0.609486     0.220716  -0.00730364    -0.354566    -0.283036    -0.845024    -0.313173    -0.189952
    0.402054     0.171914    -0.153047    -0.404297    -0.221489    -0.315725   -0.0398176   -0.0668181     0.127837    -0.487306    -0.199372    0.0229778    -0.085447    0.0991269    0.0187996    -0.522712    -0.242632    -0.493338     0.143764     0.177588     0.114167    -0.253312    -0.306963   -0.0964617    -0.679469    -0.210156    -0.449138     0.168754     0.208089    -0.562289     -0.18921      -0.3889    -0.449874   -0.0850717     0.412433     0.178424     0.187341    0.0730378    -0.231488   -0.0654176    -0.263194      -0.2358
    0.345568   -0.0956043    -0.349234    -0.603723     0.277634     0.228648     0.419993    -0.155143     0.195692    0.0234497     0.167329    -0.318935   -0.0296116     0.648845     0.284509     -1.02604      0.19804    -0.542566   -0.0153339    -0.211622    -0.018436    -0.663333     0.505842    -0.717494    -0.392666    -0.627791    -0.182011    -0.339868   -0.0797228     0.163957    -0.382492    -0.811801   -0.0244218    -0.703142    -0.365718    -0.531617    -0.138364    -0.716051      0.18316    -0.356246     0.217553     0.415521
   -0.375581   -0.0626757     -0.25286   -0.0276102      -0.2651    -0.265924    -0.337602   -0.0158224     -0.18058    -0.206449     -0.19181    -0.326797     -0.10156     -0.34912   -0.0303019    -0.068557    -0.183998    0.0134296    -0.469495  -0.00560097   -0.0735956   -0.0242372     -0.29418    -0.196731   -0.0982196   -0.0590549    0.0101523   -0.0595841    -0.041854   -0.0497325    0.0407169     -0.15602    -0.290127    -0.222955   0.00954524   -0.0931065    -0.134014   -0.0328989    -0.179124    -0.144235    -0.115904    -0.078846
   0.0444325   -0.0599922    -0.210917   0.00173101     0.147266    -0.119083     0.113609    -0.303321    -0.369431   -0.0112797   -0.0636441    -0.305086    -0.230668    -0.443756    -0.376706    -0.424091   -0.0176426   -0.0418979    -0.607576    -0.228857    -0.446738    -0.152457   -0.0553974   -0.0384221     0.291225    -0.290327     0.174994    -0.097251    -0.211928     0.167124    0.0326255    -0.383903    -0.151001    -0.375285     0.129153    -0.125839     0.176221    0.0263054   -0.0997789   -0.0709082    -0.208455     0.117543
    0.111813     -0.83323   -0.0406387     0.375042    -0.661303    -0.757877     -0.57253    -0.661875     0.188998    -0.861181    -0.977201    -0.510935    -0.921175      0.49112     0.175248   -0.0448157    -0.269516     0.189552    -0.209068     0.286261     0.480207     0.152891     0.102263   -0.0186583    -0.481997   -0.0188276    0.0464671    0.0699934     0.187237    -0.720661     0.258885    -0.742889     -1.06355    -0.090668     0.164093     0.197619     0.228272     0.548214    -0.352915    -0.641577    -0.102777    -0.627153
   -0.109061   -0.0130042   -0.0503559    -0.174592    -0.497781    -0.116783    -0.109238    0.0507593     0.126578    -0.274677    -0.232604    -0.117055   0.00413774    0.0956905     0.152903     0.016422    -0.230513    -0.240605    -0.133743     0.140407     0.141035   -0.0927757     -0.44416    -0.499858    -0.784939   -0.0158742    -0.696347    -0.197813    0.0148688    -0.699311   -0.0323108     0.104773   -0.0386312    -0.190331    -0.282535     0.122332     0.141563    -0.245139    -0.226685   -0.0787024      0.17324    -0.149102
   -0.503743    -0.023731     0.166027     0.108593    -0.481892    -0.203479    -0.266939     0.257653    0.0046796    -0.758503    -0.512125    -0.242114    -0.210323    0.0872477     0.194741     0.114513    -0.212323     0.201141    -0.530875     0.328426     0.116224    0.0063835    -0.498751    -0.361746    -0.433556    0.0257296    -0.612851    -0.450243   -0.0692837    -0.485731     0.208412   -0.0200165    -0.304296    -0.512663    -0.149877    0.0409058     0.189098    -0.485031    0.0537263     -0.19486     0.245363   -0.0381344
   -0.309723    -0.069218   -0.0353566    -0.148689    -0.235202   -0.0252578    0.0551379   -0.0389447    0.0442212   -0.0257311     -0.12259     -0.25437   -0.0382465    -0.208291    0.0713037    -0.148408   -0.0958688    -0.337284   -0.0734893    -0.086503    -0.148959    -0.237098    -0.337142    -0.294935    -0.260602   -0.0212884     -0.46656    -0.109842    -0.371825   -0.0797596    -0.325711    -0.195078   -0.0254575    0.0311083    0.0582514    -0.218521    -0.126421   -0.0912703    -0.132533   -0.0194335   0.00648182    -0.215854
   -0.369876  -0.00342374    -0.158444   -0.0732668    -0.271961    -0.105238    -0.261223   -0.0328656    -0.199075   -0.0725402    -0.171464    -0.289339   -0.0930858    -0.386188     -0.11733   -0.0673524    -0.107804   -0.0311319    -0.391791   -0.0680889     -0.18842   -0.0543331    -0.395398    -0.253582    -0.198139   -0.0898995    -0.289279    -0.119899    -0.317056    -0.115545   -0.0887792   -0.0403942   -0.0877771    -0.207707   -0.0364212    -0.118338  -0.00233091    -0.111127    -0.125366   -0.0205766     0.018381   -0.0829055
   -0.664968    -0.239828    -0.590995    0.0757778    -0.377577     -0.31782    0.0459617    -0.632017    -0.882022   -0.0788232   -0.0225246   -0.0585659    0.0841682    -0.622047    -0.665839     0.147389    -0.144801    -0.203392    -0.512288     0.298471     -0.64866      0.43005   -0.0851044    0.0214362     0.227905     -0.56059     0.510472     0.255492    -0.634265     0.231125     0.249815    -0.487649     0.160608    -0.405478    -0.506537    0.0343382   -0.0044697    -0.266953      0.16082   -0.0856299    -0.533047     0.310158
   -0.558094    0.0605471   -0.0587051   0.00995331    -0.322224   -0.0357838    -0.376829    -0.102752    -0.415431   -0.0674293    -0.300775     -0.25367    -0.118681    -0.442145    -0.119388    0.0202977   -0.0845203     -0.10518     -0.45164    0.0654717    -0.530592   -0.0783821    -0.367696    -0.106165    0.0641079    -0.112267    -0.244565    0.0344862    -0.456781    0.0371081    -0.283103    -0.194076    -0.139639    -0.100391    0.0702662    -0.351702    0.0593133     0.017113    -0.107663    0.0549666   -0.0673581  -0.00730126
   -0.314609    -0.119413    -0.231278   -0.0199566   -0.0813651    -0.174308    -0.173037    -0.113421    -0.219701   -0.0448785   -0.0593402    -0.217109   -0.0469986    -0.328078    -0.322162  -0.00302326    -0.187428   -0.0466549    -0.170023    -0.154715    -0.115668   -0.0367668    -0.198803    -0.132891    -0.121565    -0.216591   0.00667765   -0.0946068    -0.162166   -0.0524179   -0.0647428    -0.200245    -0.205634    -0.144504    -0.146625   -0.0584409    -0.351219   -0.0806011    -0.140161   -0.0222171     -0.13107    -0.205284
   -0.229969     -0.26568    -0.452343    0.0606177    -0.181837    -0.147741    -0.310394    0.0794012     0.177408    -0.168505  -0.00454647      -0.5298   0.00420501    -0.465427   -0.0387189     0.109441    -0.471834    -0.216078    0.0145176    0.0731471     0.177776     0.194622    -0.292988    -0.250154    -0.679498    -0.235516   0.00796122     0.168607     0.102437    -0.133016    0.0656375   -0.0658253    -0.346907    0.0941935    -0.483756    0.0993634    -0.513774     0.149193    -0.586908     0.261253    -0.132353    -0.546141
   -0.484439   -0.0169175    -0.478407   -0.0384419    -0.376676    -0.353726    -0.209468   -0.0196386      -0.2916  -0.00714918    -0.129493    -0.314367   -0.0416785    -0.524686    -0.203958    -0.109021    -0.108902   -0.0751293    -0.523794    0.0702079    -0.167363   -0.0590551    -0.485143    -0.119824     -0.14806     -0.14431    0.0159126    0.0330728   -0.0434706     0.025229    0.0817881    -0.175196    -0.159491    -0.370743      0.11084   -0.0398933    0.0646966   -0.0518462    -0.155734   -0.0769822   -0.0967075 -0.000603183
   -0.620497    0.0711111     0.139311   0.00102151    -0.101365    0.0109086    -0.746002     0.285597     0.469831     0.167395    -0.245258    -0.591357   -0.0458654    -0.372299     0.419566     0.179333    -0.289002   -0.0460384     0.109684    -0.725431     0.166748    -0.910399    -0.647528    -0.437137    -0.824659      0.24617      -1.0721    -0.131682     0.165309    -0.124317    -0.604047     0.247921    -0.281732     0.170027    -0.118259    -0.721873    -0.495924     0.145422    -0.742947     0.127647     0.336009    -0.827706
    0.226121    -0.238618     0.267545    -0.104385    -0.494192    -0.618471     0.362091    0.0447656    -0.264785    -0.865898   -0.0273612    0.0461078    -0.140727    -0.132356    -0.171266    -0.306896     0.124167     0.267505    -0.370785     0.137791    -0.978358   0.00229844     0.868747    -0.327906     0.269273    -0.737513    -0.431945     0.124835     -1.13419    -0.107474     0.321463    -0.816453     -0.45856  -0.00625585     0.185376       0.1763    -0.175292     -1.11303     0.397124     -1.03466      0.25335     0.597999
     0.53689     0.321904    -0.870494    0.0706607     0.417752    -0.161301     0.512154    -0.418515   -0.0384176    -0.945157    -0.323003    -0.449382   -0.0224928     0.501946    -0.730295     -0.97407      0.18566    -0.140269   -0.0922512   -0.0275289     0.339123     0.166086     -0.36177     0.187851    -0.352357    -0.677193     0.256406     -0.49373    -0.063594    -0.723423    -0.116175     -1.03223    -0.679603    -0.663546     0.331165    0.0261313     0.454451    -0.503867    0.0718907    -0.627728     0.362365    -0.478896
   0.0737022     0.113892   -0.0067414    -0.669011     0.222577    -0.124775    -0.498118    0.0370136     0.149002      0.28815    0.0954733    -0.111867   -0.0316091    -0.515753    -0.284952    -0.770171    -0.511174    -0.782048     0.480441    -0.908292    0.0262042     -1.00963    -0.570498    0.0163893   -0.0312618   -0.0735734    -0.110846     0.144187     0.290911     0.145477    -0.701031     0.076424    -0.024365     0.244495     0.397569    -0.451496    -0.677384     0.168751    -0.536962     0.182789    -0.842697    -0.643192
   -0.643471    -0.247833   -0.0315244    -0.265521     0.253547   -0.0604057    -0.251284    -0.529222     -1.03857     0.508162     0.091558     0.439653   -0.0826364    -0.613836     -0.98767     0.317635    -0.196575    -0.255829     0.212039    -0.941097    -0.635795    -0.264713     0.499791    0.0816597     0.671278    -0.334163     0.359655    0.0188835    -0.730096     0.320013     -0.37135    0.0380607      0.15308     0.219127     -0.66862    -0.600717     -1.03091   -0.0480992    -0.100091     0.183732    -0.868869   -0.0384935
    0.241568    -0.110883    -0.553325    -0.311891     0.246413  -0.00477296      0.36723    -0.330976    0.0829718     0.095004    0.0210601     -0.21444    0.0188567    -0.528612     -0.34287    -0.534354   -0.0300779    -0.397333    0.0463224    -0.408408    0.0579594   -0.0479239   -0.0685219     -0.13491    -0.286792    -0.744367     0.188516   -0.0161132    0.0905046     0.114452    -0.655788     -0.12952    0.0641802    -0.329821    -0.528718    -0.239499    -0.138484     -0.30823    -0.445733     0.214195    -0.396589    0.0170472
    0.415524    -0.133704      -0.8551    -0.390924     0.252989     0.164954     0.273952     0.207963     0.126755    -0.165112    0.0684212    -0.565092   0.00082422    -0.581658    -0.288717    -0.653504    -0.158377    -0.521893      0.31488     -0.64898    -0.336245     0.249699   -0.0601627    -0.208614    -0.302173    -0.686005     0.222577    0.0721468    0.0785379   -0.0377111    -0.617457   -0.0264207    0.0684925     0.145661    -0.878971    -0.266515    -0.590668   -0.0451497    -0.693468     0.240528    -0.296452    -0.427791
   -0.674869     0.150279    -0.118313    0.0694596    -0.546195   -0.0920848    -0.329315    -0.112489    -0.670348   -0.0691882    -0.404823    -0.272409   -0.0726072     -0.49102   -0.0987365  -0.00480137  -0.00627129   -0.0891324    -0.697896     0.284873    -0.688914    -0.102251    -0.594018    -0.118717    0.0867647   -0.0460721    -0.338734    0.0271445    -0.619342     0.029147    -0.178062    -0.277686   -0.0326773      -0.3554    0.0968623    -0.368945     0.315035    -0.164973     0.113273    -0.011963     0.121851     0.233535
   -0.116065    -0.202874   -0.0917233    0.0591712    -0.049263 -0.000753825    -0.161441    -0.187498   -0.0872989    -0.286941    -0.250391    -0.370931    -0.236279    -0.357107   -0.0237848     0.113361     -0.28112    -0.207187     0.162062    0.0205566    -0.438398     0.100295    -0.138593     -0.18105    -0.159744    -0.256701    -0.224929   -0.0326294    -0.218561    0.0321129    -0.272983   -0.0624678    -0.144502    0.0718528    -0.394861    0.0609412   -0.0856853   -0.0360996    -0.463345     0.135473     0.037931     -0.33981
   -0.236771    -0.054547    0.0876693    -0.176105    -0.434489   -0.0799408    0.0278619    -0.132124    -0.121122    -0.127468    -0.164231   -0.0441533   -0.0410076      -0.1287      0.01066   -0.0591561    -0.144341    -0.412187    0.0591172    0.0146088    -0.150035    -0.112276    -0.332912    -0.172325    -0.452429   -0.0589422    -0.491574  -0.00173905    -0.299365    -0.303159    -0.308175   -0.0903913    0.0235035     0.026368    -0.107794   -0.0048203    0.0217327    -0.150851      -0.1142   -0.0132442    0.0329224    -0.185667
  -0.0537124    -0.140875    0.0582387   -0.0560785   -0.0733655    0.0265638     0.104344     -0.14463   0.00482425    -0.143814    -0.130228    -0.285091    -0.203888    -0.244242   -0.0881821    0.0138557    -0.192538      -0.3024     0.193807   -0.0774643    -0.312481   -0.0130328   -0.0646075    -0.210827    -0.250864    -0.221458    -0.268993   -0.0784881     -0.38067   -0.0699525    -0.336377   -0.0732944   -0.0969005    0.0269978    -0.308244   -0.0114401    -0.232376    -0.157281    -0.349257   -0.0184976    0.0780736    -0.325124
   -0.541379   -0.0241025    -0.217597    0.0268277    -0.521833    -0.281363    -0.303377    0.0452148     -0.22571    -0.371773    -0.286819    -0.327827   0.00324814    -0.289431    0.0231255    0.0253387    -0.133336     0.178257    -0.568387    0.0615801   -0.0717331    0.0699284    -0.418345    -0.306153    -0.158309    0.0243924   -0.0682653   -0.0754873    -0.187388    -0.175855     0.222691   -0.0131206    -0.289945      -0.4851   0.00793629   -0.0715984   -0.0122772     -0.26904    0.0277566    -0.368964     0.124164    0.0160766
   -0.707702     0.173429   -0.0909438     0.125504   -0.0937163   -0.0128245    -0.743083  -0.00155727       -0.556     0.208225    -0.443165    -0.123318    -0.161895    -0.419549    -0.135043   -0.0455145    -0.100017    -0.020525    -0.837876    -0.508042    -0.560462    -0.995967    -0.525922    0.0986671     0.367375     0.164732    -0.492452    0.0350228   -0.0679147     0.215763    -0.504216  -0.00578024    -0.060491    -0.167281     0.154231    -0.931158     0.306152     0.102149    0.0208339  -0.00122155      -0.4006     0.217372
   -0.671322     0.157085     0.152951     0.112728    0.0997714   -0.0136448    -0.532051   -0.0323503    -0.513979     0.280984    -0.278898    -0.100941   -0.0673494    -0.436861    -0.351575    0.0205685    0.0656438  -0.00865536    -0.254576    -0.875634    -0.565667     -0.91809    -0.427193    0.0375104      0.41189    0.0864468    -0.646471     -0.10341    -0.566262     0.140741    -0.651566    0.0561149   -0.0873701     0.217103     0.242938    -0.818631    -0.175112     0.112029   -0.0956194    0.0115849    -0.212013    -0.316325
    0.167504    -0.793622    -0.263408    -0.510554    -0.213405    0.0156198    -0.718391     0.239657    0.0934106    -0.771712  -0.00998841    -0.306098    -0.810187     0.450877     0.159496    -0.250408    -0.375583     0.155681     0.398251    -0.116216    -0.403159    -0.234007     0.590008    -0.393301     0.252892   -0.0906943     0.150331    -0.176807     0.232386    -0.161782     0.155809   -0.0423084    -0.141124     0.394243    -0.961883    -0.271676     -0.84965    -0.453257      0.12073    -0.659316    -0.212702     0.195398
    0.194915    -0.313367    -0.419982    -0.466768       0.2522   -0.0103365   -0.0182489    -0.663323    -0.327156     0.163121   -0.0276477     0.425523   -0.0669256   -0.0063344      -0.4974    -0.314448    -0.279527    -0.621725     0.083029      -0.1629     0.237836     0.151491    -0.108495    0.0738715     0.150996   -0.0244659      0.27966    -0.493834     0.198761    -0.051941    -0.297724   0.00467526    0.0707156    -0.639703    -0.592706   -0.0950698    0.0660298   -0.0362942    -0.315186     0.121261    -0.802617    -0.198469
    0.611995    -0.245232     0.753126    -0.636946     0.298268     0.209987      0.42577   -0.0499374     0.160851     0.379349    -0.113517      0.35226    -0.250643     0.557465   -0.0604102    -0.221666    -0.154609    -0.221342     0.433021    -0.711792     0.331392    -0.419368      0.40448    -0.744775     -0.71165    -0.138224     -0.88994     -1.26645    -0.758545     -1.15007    -0.335217     0.172328    -0.192571     0.164275    -0.330405   -0.0618034    -0.857132    -0.430901    -0.340553    0.0335576     0.281269    -0.896849
    0.112357    -0.361944   -0.0498134    -0.656072     0.450885    0.0837913    -0.935057   0.00429631    -0.112921    -0.520255    -0.231141      0.22123    -0.452412     0.423622   -0.0593142     0.117191    -0.457949    0.0382771    0.0819172   -0.0652365    -0.394589   -0.0834449     0.191673     -0.29245     0.307352    0.0522529     0.115136    -0.878773     0.255058   -0.0469938     0.265896     0.392674   -0.0613685    -0.335398    -0.900258    -0.088094    -0.745534    -0.469452   -0.0120838    -0.302442    -0.850358     0.208692
   -0.243115    -0.427112    -0.262009     0.116989    -0.486631    -0.530315   -0.0873765    -0.508664    -0.234784    -0.365414    -0.303883    -0.287183    -0.267883    -0.190724    -0.404521  -0.00719275   -0.0700088      0.14313   -0.0416581   -0.0568567     0.145709    0.0562309     0.355371     0.161758     0.331141   -0.0340005     0.197813    0.0945495    -0.235722    -0.042463     0.126144    -0.525042    -0.599063     0.175169     0.145803   0.00683267    -0.138047     0.133944  -0.00296544    -0.544511    -0.162582     -0.39143
