no weights
     1.36779    -0.317201    -0.811544    -0.110398     0.712076     0.249639     0.094386    -0.137097    -0.633602   -0.0374697     0.459811    -0.484155     0.230688    -0.511214    -0.427577    -0.605719  -0.00296243      1.04806      1.28041     -0.77866      0.48821     0.957245    -0.582729     0.380471     0.729298     0.736774      0.97358    -0.368024    -0.444554    0.0567438    -0.544314    -0.467652      0.56312     0.403663    -0.257084    -0.175845     -0.18187     0.735692     0.252247   -0.0324672    -0.441184      1.31369      1.06023     -0.41758    -0.900273    -0.233016   -0.0538871      1.02304
   -0.417829      1.06537     -0.81188     0.249625   -0.0140048      1.49187   0.00760356    -0.827034     0.156205    0.0993039     0.906719    -0.231458    -0.564521     0.215611    -0.893573    -0.812073    -0.202763       1.0637    -0.839796   -0.0222418     0.208355    -0.805402      1.09896     0.180724     0.581549      0.57873    -0.153259    -0.749438     0.876605     0.619947     -0.60822     0.397564     0.302665    -0.513795     0.404839     -0.52703    -0.374855     0.552887    -0.728659     0.889185     0.464777     0.182785     -0.70922     0.766089    -0.508228     0.224402   -0.0166273       1.1342
     1.00867     0.752402    -0.362471   -0.0518423    -0.286375     0.348152     0.692495      0.57472     0.351084    0.0242206      -0.3147      1.20606    0.0477174     0.933451    -0.245068     0.835139    -0.653452     0.256423     0.305088     0.965484     0.994595     0.644072    -0.256156      1.09807      0.23023    -0.117739     -0.65353    -0.805835     0.919758     0.493049     0.170933     0.167383     0.943059    -0.984364     0.550214    -0.409815     0.326023     0.742028     0.946141     -0.63395    -0.299909    -0.900967      1.61038     -1.02901     -1.51516     -1.11372     -1.46118    -0.148862
     1.24023     0.401188     0.267248    -0.361534    -0.790869      1.42328    -0.278095    -0.403206     0.158289    -0.597922    -0.256817    -0.796599   -0.0486212    -0.803008    -0.533102    -0.575859    -0.799897    -0.481364     0.676881     0.657848     0.633261     0.102348     0.443483    -0.090709    -0.311132    -0.732736    -0.915635    -0.754847    -0.748693      0.63115     0.446763      1.23945   -0.0813172     0.983931      0.11017    -0.120989    -0.971881    -0.562086     0.489301   0.00788379    -0.422675    -0.785703      -1.0306      1.28156  -0.00808844    -0.802393   -0.0354336     -1.29323
    0.586517    -0.689609      1.02517     0.251753     0.112449    -0.435978    -0.247623    -0.284609    -0.722876   0.00109462   -0.0687356    -0.833502     0.847863    -0.602718    -0.384611   -0.0807165     0.341369    -0.549348     0.187351    -0.145701     0.384579     0.879641     -1.20991    -0.140328     0.284439     0.999099     0.503069       1.1738     0.136614    -0.994989    -0.813628     0.410549     0.511444    -0.566039     -0.10792    -0.135127    -0.477515     0.403808      1.03898    -0.551193    0.0553024   -0.0557298     0.836916     -1.16133    -0.451302    -0.565299     0.194515     -1.06725
    -1.17586     0.251596       1.0834    -0.609731    -0.436661    -0.437078    -0.506976     0.488634      -1.0047     -1.08819   -0.0698209    -0.740738      0.70945    -0.462162    -0.465393    -0.611841     0.366332    -0.548862     -1.10418    0.0582463     0.841671       1.2222     0.723395     0.126567     0.656205    -0.779919      1.00299    -0.719812    -0.756247    -0.877134     0.673303      1.68312    0.0503601     0.377345    0.0746126     0.329377    -0.512277     0.895951      1.08023    -0.720588     0.830492     0.348404     0.790335    -0.623137    -0.888326     0.890503     0.863888     0.307334
   -0.370849    -0.468736     0.167702   0.00886073     0.450154    -0.777396     0.551988    -0.300768    -0.481725     0.622158     0.366707     0.365478     0.232645     0.428605    -0.994045    -0.535549     0.238081     0.220966    -0.503687     -0.23327      0.18065   -0.0625725    -0.135805     0.454189     0.110848    -0.389268    -0.571447     0.501001      1.10343      0.38463   -0.0788328    -0.866288     0.749057     0.499961     0.778792       1.0906     0.208271      0.19177      0.57872    -0.568836    -0.356307     0.925497     -1.16278     0.481578      1.06134    -0.365923     0.575332     -1.45939
    0.280485     0.286329    -0.426746     0.255601     -1.08402    -0.805453     0.327719     0.685916    -0.404515   0.00136736    -0.445721   -0.0147767     0.101199      0.26447     0.370444     -0.52707    -0.462468     0.500773    -0.613875    -0.294236    -0.358353     0.362565     -1.08714    -0.541965     0.958766     0.587039     0.625107     0.411338     -0.14956      0.20571    -0.571005     -1.03685     0.100552     0.923714     0.186327   0.00295449    -0.817939     0.829839     0.656545     0.164316      1.34025    -0.620066    -0.502768     -1.26136     0.200738    -0.918628     -1.02123      0.27418
   -0.261581     -0.35275     0.319023    -0.604227    -0.171375       1.5881     0.894466     0.746662     0.348502      1.07983   -0.0449593     0.598748     0.669008     -1.18526     -0.44369      0.14409     0.943615    -0.008463     0.219542    0.0819589     0.198807     0.720557    -0.566181    -0.827085     -1.13961   -0.0175575     0.588637    -0.377595    -0.826674     0.501696      -1.0393    -0.100234   0.00762814     0.158791    -0.260696     -1.19591     0.133751     0.155084    -0.118944     -1.02223   -0.0661032    -0.797233      0.58196     -0.25463     0.733769    -0.122485     0.994642     0.359409
    0.391034     0.474273    -0.333419     0.856094      0.46774    -0.328303      0.23263      -1.0331     0.726024    -0.372665     0.109643     -1.20799     0.013368      1.33504    0.0592351      0.86131    -0.749532     0.237303     0.234703     0.552295    -0.343071     -1.12176    -0.160929    0.0454413    -0.561435    -0.155691    -0.810103      1.10577   -0.0350515     0.561443      1.06745    -0.692786     0.151037     -1.46836     -1.05902    -0.622669     0.732844     -1.10212     0.169629    -0.682059     -1.02727     0.304376    -0.601448     0.352028    -0.424383      -1.2572     0.615622     -1.74126
   -0.178677    -0.149469    -0.256133     0.402898     0.595776    -0.098545     0.717418    -0.622388    -0.649089    -0.701201     0.763766     0.403239    -0.312121      1.14431    -0.772905     0.177929     -0.12093    -0.243512     0.479393     -1.35033    -0.484632     -1.25338    -0.784578    -0.130733    -0.115059     0.211221     0.683808    -0.062997     0.686887    -0.341797    0.0312723     0.250895     0.497152      1.12726     0.293132     0.259689    -0.499102     0.448625     0.377409      0.20307    -0.203521     0.122434    -0.405099     0.396611    -0.620521     0.135616     0.120573      1.45581
    0.384146    -0.545651   -0.0816143      1.23598     0.882567     0.923751    -0.410419     0.642852    -0.305592     0.163987     0.928662    -0.977421      0.35854    -0.855422     0.445134    -0.100442     -0.17739     -1.20644     -1.11368     0.271994     0.952683    0.0116874   -0.0619235   -0.0314395    -0.364675     0.867031    -0.644894     0.650007     0.930364     0.967774    0.0528798      1.09947    0.0520656    -0.514457     0.880265     0.134174    -0.744223     0.559572    -0.495458   -0.0033937      0.88518     0.872003     -1.04761     0.288793    -0.911732    -0.173946     -0.82581    -0.681177
    0.583858    -0.250928   -0.0718766     0.268341   -0.0755867     0.301749   -0.0581131     0.327571      0.32121     0.111345    -0.207104    -0.446915     0.237536    0.0232164     0.643456     0.712886     -0.96236    -0.388628     0.748608    0.0984323      0.75913    -0.727727    -0.522226     -1.19318      1.26044     0.679108     0.280149      1.04534    -0.482913     0.633103     0.670152     -1.01075     0.143947    -0.567945    -0.446845    -0.761457     -0.26177     0.270903       1.0288     -0.38159    0.0518372     0.046578      1.32248    -0.804136     0.471664     0.953665     0.722902     0.267274
  -0.0497698      1.05961    -0.126994     0.597234    -0.512661     -0.18709    -0.729595     0.712711     0.752884     -0.78922     0.289406    -0.302946     -0.73375     0.555688     0.458808     0.965443     0.740303     -1.00527    -0.159524     0.425842     0.245996     -0.82474    -0.269729     0.395712     0.409203     0.437839     -0.11213     0.761188     0.919683    0.0864973     0.290655     0.218509    -0.888809   -0.0863465     0.669956     -0.41888     0.830437    -0.198838    -0.254823   -0.0243899      0.95526   -0.0970361     0.785105      -1.1662    -0.813834     0.825501    -0.232241    -0.868369
     1.58389     0.648476    -0.992782      -1.0571   -0.0463023    -0.323821     0.817521    -0.481491     0.280974     0.638152     0.897293    -0.510469      1.02372     0.624648     0.763178    -0.809571    -0.226959     0.153517     0.866999     0.129522   -0.0575655    -0.519234     0.743659   -0.0113933     0.302315    -0.439819    -0.678869     0.951502     0.375365     -1.08727     0.654877       1.0113     0.271213    -0.388392     0.566162     -1.30955     0.781665    -0.547382     0.106897     0.912746    -0.292432      0.20907     0.334721     0.319893    0.0337303    -0.939722    -0.967108    -0.166464
    0.987199     0.806829      0.76044     0.737359     0.545157     0.524096     0.533368    -0.111002    -0.400007     0.108554    -0.499552    -0.583717    -0.390866      -1.3791      1.35359    -0.331649     0.706289     0.701594    -0.636255      1.07879    -0.834574    -0.807779     0.897813    -0.196687      0.22104     0.714287     0.591748    -0.870559    -0.111338     0.523403    -0.961401    -0.249085      0.94117    -0.622522     0.247137     0.504773    -0.556408     -0.69532      0.48797      0.29835     0.607706   -0.0903184     -0.13883    -0.771831    -0.326619     0.592811    -0.294387    -0.479462
    0.284615    -0.518167    -0.998883     0.412623     0.142851      0.57078    -0.518665    -0.640189     0.767206     0.290452    -0.491476    -0.484111     -0.65583     0.218315    -0.751276    0.0439556     0.158386    -0.157646     0.408103    -0.809499     0.645401   -0.0849471    0.0421529    -0.403196      1.59783      -0.1941    0.0106083    -0.239374     0.992236      1.11005     0.831838     -0.16889    -0.519129     -0.54598     -1.03009   -0.0877831    -0.669046     -0.64343    -0.541841     0.607521    -0.499272      1.23187    -0.650884      1.07288     0.595149    -0.713868     0.262838    -0.107173
   -0.218209     0.338441     0.557681      0.94318   -0.0872222    -0.952424    -0.943282      0.21236    -0.498697    0.0807618    -0.584873      0.39587   -0.0742543     0.517461    -0.940673     0.431188     0.720187     0.740336     0.378948     0.651008    -0.177831     0.698747     0.203673     -1.49501     0.244408    -0.100358      1.47747      1.16907     0.676989   -0.0281326      1.14483    -0.722951    -0.489309    -0.614517     0.563046     -1.05864    -0.434311     0.287208    -0.791398     0.736504    -0.113057    0.0894811    -0.902255    -0.319137     -0.26688    -0.106334    -0.794045    -0.239196
    -1.39097     0.287495    -0.579785     0.737774     0.173774     0.288628    0.0363915    -0.767852    -0.531455    -0.652578   -0.0676938   -0.0938756     -0.77459     0.401908     0.280326     0.803561    -0.794844    -0.814821     0.785991     0.426943     0.137647     0.331958   -0.0238214     0.396174   -0.0352676     0.215531     0.487524     -1.09232     -0.20969     0.318309    0.0654815    -0.528082      1.14203     0.367872     0.549031     0.138809   -0.0529146     0.805497   -0.0401983    -0.241381     0.184434     0.343093     0.239452     0.323533     0.404351     0.547901    -0.573873      1.39532
  -0.0731206    -0.246933      0.54678     0.647155    -0.472003    -0.148739     0.200052     0.178201    0.0589174    -0.287062     0.140645     -1.12582    -0.492557     0.861799     -0.69357    -0.585215     -1.32777     0.670057     0.312295   -0.0839389    -0.985783    -0.335867     0.222175     0.576274     0.446732     0.397983     0.358619    -0.778998      1.05545     0.124383     0.614172    -0.616613   -0.0462587      0.90093     0.597442     -0.41374     -1.49882    -0.559926     0.583371    -0.263566     0.317314    -0.340735      0.13193      1.07877      1.31125     0.108438     0.874411    -0.744023
    -1.37484      0.44905    -0.761317      1.03661     0.835176     0.691533    -0.598869      0.63746     0.658813    -0.553376    0.0859557    -0.574195     0.791004     -1.16177     0.761516     0.160383     0.973417   -0.0392428     0.676393     0.650926     0.608554    -0.189842     0.640678    -0.628338    -0.396621      1.15928     0.731625    -0.351997    -0.669887     0.248928     0.901926     0.652196     0.315382    -0.561042    -0.292288     -1.22695     0.428054      1.03855     0.199714    -0.103403    -0.786972     -1.24686    -0.150612    0.0556843  -0.00436236    -0.254962     0.030751      1.58325
   -0.572477    -0.395971      1.00972     0.730145     0.750154    0.0947412     0.203124     0.135463     0.153557    -0.294702      0.24915    -0.384685     0.535977     0.590546      -1.2047     0.166576     0.522701   -0.0255426   -0.0414418     -1.04661    -0.261734    -0.225587    -0.602784     0.640977    -0.419898    -0.358067   -0.0596882      0.97636    -0.677273     0.533755     0.719442     0.114559     -1.22533    -0.690361      -0.1252    -0.832291    -0.757126      0.59695     0.989807       1.1761    -0.673312     0.259306    -0.338938    -0.294004    -0.352669     -0.10901     0.177176     -1.44476
   -0.903221     0.117871    -0.600447      1.12973     0.649411     -1.00663      1.37387    -0.655965     0.798077      -1.0162    -0.799413     0.620422     0.183912     0.927943    -0.310489     0.537349    -0.738343     -0.11633    -0.858827      0.34897      1.06575    -0.251936     0.586917    -0.636336    -0.875959    -0.939844    -0.971683    -0.479866    -0.428265  -0.00449206    -0.668789     0.272761   -0.0752703    -0.419154    -0.260298    -0.990644     0.749298     0.808503    -0.300478    -0.152768    -0.439578    -0.539376     0.544602     -1.08728    0.0404203    -0.557561    0.0682608     -1.54642
    0.708451     0.803059     0.182893      1.22569   -0.0475241    -0.340652     0.454928    -0.155543    -0.458321      0.60639     0.346053      0.63439    -0.392119    -0.631726     0.352972     0.638987        0.995     0.130539      1.16779    -0.158762   -0.0427721     0.215999     0.388094    -0.102937    -0.133532     0.365651     0.222777    0.0687189    -0.183656     0.982545     -0.18321    -0.540102      0.50406    -0.763666     -0.49461    0.0217228     0.484222    0.0960495     0.553785     0.994859     0.577316     0.525529    -0.123211    -0.282624    -0.500318     0.542544      1.15787     0.851759
   -0.877489      1.45593     0.165089      1.06063     0.929831    -0.184462    -0.429615    -0.563352    -0.419549     0.131101     0.128671    -0.160617     0.536393    -0.797803    0.0234484     0.345697    -0.591548     0.436951     -0.28605     0.422924     0.438174    -0.834261     0.386558    -0.884525    -0.938006     0.519796      -1.4422     0.156375    -0.362656     0.799724    -0.141549     -1.12554      1.14171    -0.442323     0.146958     0.806621    -0.849633    -0.266448    -0.557207     0.613823     0.506071     0.846639    0.0991584     -0.73306     0.849438    -0.788271    -0.571277     -1.34623
   -0.288702    -0.363758   -0.0547681     0.296951    -0.753658    -0.922188    -0.191274     0.257433     0.686896      1.02459    -0.866715      1.58873    -0.306174    -0.473324     0.832843    -0.666916     0.695065     0.841558     0.659516    -0.772786    -0.479557   -0.0998008    -0.178979     -0.14955     -1.09288     0.218105    -0.763809      1.06571       0.8457      0.50315     0.476803    -0.245379     0.246483     0.875666     0.800259     0.952078     -1.01625  -0.00626303     -0.55754    -0.339726     0.666224     0.617746     0.879303      1.13579     0.346346    0.0549857    -0.302609    -0.263537
   -0.800167    -0.369447     0.787277      -0.5179    -0.266378    -0.636701      1.10128    -0.510737     0.747349     0.279058     -0.41533     -1.18996    -0.463046     0.598045     0.206109     0.190371     0.257811     0.738712    -0.879686   -0.0978341     0.456071      0.45763     -0.14745     0.034625    -0.139853   -0.0686978    -0.666537     0.494031    -0.848932     0.123613   0.00267761      1.07766     0.931246     0.971582     -0.42678    -0.584581     0.309992    -0.756507    -0.115305       0.5324    -0.711334     -1.08504    -0.843497     0.280485       1.1438     0.588201    -0.484816    -0.937401
   -0.977016     0.700493     0.468934     0.801274       1.0313   -0.0418678    -0.875991    -0.577248     0.168368    -0.338353    -0.207766    -0.207523     0.471257    -0.548169    -0.571793     0.248279     0.313697    -0.856844    -0.302331    -0.885198    -0.440176     0.923084     0.408018     0.647474     0.265128    0.0155914    -0.797716     0.520985     0.345141     0.182587      1.28834    -0.350735    -0.330417     -1.01076     0.325386    -0.490343     0.504222     0.617774      0.54786    -0.630256    -0.062071     -1.27689   -0.0334494      0.35047    -0.365571    -0.700618    -0.801836    -0.733777
     1.93831    0.0789167     0.646229      1.07554     0.589508      -0.6992    -0.964373    0.0919448     0.488609    0.0874728     -1.02963    -0.948764    -0.598744     0.498646      1.07252     0.665164    -0.280405     -1.26705     0.731275    -0.117071    -0.264398    -0.684358     0.337626     0.262157   -0.0674729     0.450659    -0.809288     0.344008    -0.862688     0.247582    -0.958366      1.06563     0.347729    -0.740443    -0.123581     0.527355    -0.125365    -0.605006    -0.100927    -0.318471     -1.14768     -1.21205      1.41586     0.779632    -0.513264    -0.207832     0.161429    0.0636863
   -0.496501     0.665329      1.05351    -0.612985    -0.571002      1.10195    -0.131935    -0.873369     0.922921     0.917299     0.616733      0.45677     0.512993    -0.126446    -0.030734     0.576127     0.585176     -1.16682     -0.88097   -0.0914293    -0.764824      1.25581    -0.897135    -0.392446     0.544417    0.0452495    -0.300519      1.21613    -0.423387     0.592743     0.689738     0.657968    -0.111486     0.915176    -0.535272     0.565197      1.07199     0.166587     0.226419    -0.593859     0.268435      0.36963     -1.13559    -0.477926    -0.705301     -1.19557     0.150946    -0.283601
      1.1942     0.950502     0.378661     0.314154    -0.919814     0.658981    -0.158368     0.155354     -0.46932     -1.00499   -0.0227683      1.09813     -0.89487    -0.711088     0.720192    -0.618672     0.885263     0.958157    -0.882165    -0.301154     0.583054     -0.47338   -0.0837564      1.15909    -0.587428   -0.0683837     0.629204    0.0142987    -0.185189    -0.438897     -1.50351     -0.86699    -0.682527   -0.0587071     0.193436     0.732523    -0.125277      0.61048   -0.0281975    -0.953141      0.19966     0.369784    -0.619848      1.15536   0.00485698    -0.510918    -0.060841    0.0043481
     1.36136    0.0956979     0.504278    -0.648607    -0.496477     0.184627     0.427683     -1.24186     0.783975     -1.14869      0.90627    -0.498516     0.646453      1.11559    -0.670385    -0.644273     0.603348      0.50641    0.0862625    -0.503909    -0.709745    -0.770332     -1.15439    -0.335225    -0.599401     0.243558    -0.829008    -0.452145    -0.219954     -0.79028    -0.651703     0.971002     0.421063     0.773124     -1.10468     -1.19877     0.395887    -0.858753    -0.394522    -0.784159    0.0816704     -1.26272      1.30027      1.06802    -0.373496     0.502543     0.718106      0.79054
  -0.0872124     0.450229    -0.360712     0.671771     0.047535     0.958301     0.618101   -0.0455883     0.148145     0.306261     0.587066     0.960484     0.938487      0.25459     0.628569     0.781597    -0.430916    -0.550076    -0.238993     0.839512    0.0966155    -0.644447    -0.769561     0.401287    -0.278899    -0.609776     0.921157     0.745659    -0.774349      0.28309     0.632256     0.184488    -0.520442    -0.741899    -0.985507     0.727397    -0.708617   -0.0232574     0.462703      1.07161     -0.70674    -0.292578     0.640234     -0.21102     0.875537       1.0513     -1.00875   -0.0332494
   -0.289974      1.03045    -0.594307    -0.365624     0.243014     0.520994    -0.722805   -0.0493092     0.950519      0.38789       0.9688     0.250353     0.183813    -0.823644     0.141612    -0.393343    -0.693863   -0.0733109     -1.15573    -0.468511     0.691418    -0.611017     -0.67675     0.353852     -0.51014      1.07829      1.04649     0.271056    -0.149344     0.944215     0.796664      1.14912     -1.04003     0.633401    -0.281252     -0.51412     0.838287     0.602265    -0.168062     -0.49732      1.04322    0.0580788    -0.998431    -0.986672   -0.0617817    -0.622724    -0.114067     0.787169
   0.0107643   -0.0376023     0.222909     0.462849     0.764037    -0.353743     -1.05878    -0.527353  -0.00989553    -0.601578    -0.525006    -0.204359    -0.403218      1.07659    -0.248351    -0.487146     0.456354    -0.747596     0.337097    -0.848395    -0.913505     -0.41547     0.552154     0.861038      0.62852     0.178526     -1.29805    -0.653731     0.304883     -1.04051    -0.680364     0.161563    -0.298587      1.35209     0.166884    0.0449643     0.994089    -0.743424    -0.536939     0.210468      1.68846     -1.16064     -1.20345     0.883376    0.0745557     0.783924    -0.456802      1.10035
    0.358845     0.795416    -0.963133    -0.513787    -0.488434    -0.406244    -0.353825     0.363786   -0.0498159    -0.641697     0.192912    -0.905822     0.804401     0.688188    -0.841635    -0.268403    -0.416033    -0.606592     0.978982    -0.658893     -0.85294    -0.720001    -0.912145    -0.885774    -0.639771     -0.47012    0.0883797     0.742139     0.646786     0.273174    -0.721834    -0.179862     0.892131    -0.502977     0.133989    -0.347192     0.179436     0.892507     0.627517    -0.656945     0.550466     0.493793      0.64613    0.0837613    -0.474846    -0.319895     0.972401     0.642476
    0.173374    -0.598848     -1.30796    -0.506789      0.03834   -0.0523844    0.0785161    -0.596234     0.911935     0.271518    -0.407764     0.992754     0.218397   -0.0877113     0.573148    -0.207221     0.385576     0.923627    -0.776537     0.829742       0.7257    -0.353168     0.985474    -0.229289     0.888321    -0.470841     0.649896     0.773975     0.249992    -0.545131    -0.101884     0.999734    -0.145887    -0.532362     0.924702     0.933196    -0.759543     0.255326     -1.13446    -0.660638     0.495586     0.339219      1.57919    -0.573097     0.308732    -0.930275    -0.350019      0.28241
    0.944581     0.820031    -0.389669    -0.477338    -0.357649     0.290571     0.786921     0.437606     0.737255     0.819146     0.783579     0.577948     0.666355     0.386699    0.0143596    -0.347601    -0.210231     0.145153     0.891945    0.0541608      1.06124    -0.718955    -0.382502     0.067886    -0.107739     0.859568    -0.438929     0.375902     0.256432     0.163148      0.35842     0.687708    -0.540178   -0.0306264    -0.167964    -0.103148       0.1868     0.272128     0.950329     0.410227    -0.182603     0.893868     -1.10151     0.404685   -0.0383497    -0.981063     0.676406    -0.246722
  -0.0024549    0.0605988    -0.540577     -1.32839    -0.577843     0.029881      0.54759    0.0955072     0.600818     0.314298     0.123822     0.802341    -0.149716   -0.0931365     0.435572     0.237108     -0.63445    -0.683964     -0.79297     0.446802     0.261459     0.350764    -0.573434     0.224008     -1.11311      0.95648    -0.708392   -0.0904686    -0.523259     0.102172    -0.508926    -0.819567    -0.057549     -1.09891    -0.397715      1.00903     0.195574      0.15765     -0.55171     0.253965     0.147766    -0.631951     -1.13719     0.109085      0.76691    -0.347361      1.01093    -0.997926
    0.268933     0.789898     0.675236     0.288273    -0.939894    -0.318721   -0.0100834     0.777839    0.0373931   0.00985689     0.701951     0.418869    -0.451313    -0.321327     0.733732    -0.700213    -0.490505    -0.350192  -0.00547595    -0.489002   -0.0220503       1.3392    -0.624667    -0.343828     0.427725     0.529971    -0.422529    -0.494837   -0.0655753    -0.491413    -0.278541    -0.390338     -1.40212      1.10495    -0.972287    -0.762763     0.601071     -1.01034     0.409116    -0.475468    -0.571478      0.94517      1.71882    -0.177179   -0.0863676     0.128848    -0.463243     0.276762
    0.215089   -0.0727926      0.30054    -0.395113      1.18772    -0.808636    -0.850646     0.366907     0.357797     0.254884    -0.562862     0.591383    -0.851132     0.294359     0.821221     0.024254      -0.2771    0.0653124     -0.61419    -0.438511    -0.670331    -0.593842     0.354849    -0.253411    -0.118349    -0.312919   -0.0312055      1.17289      -0.7254    -0.199096     0.155614    -0.794466     0.435796      1.08772    -0.226041     0.368542    -0.666632    0.0723824    -0.219306    -0.523028     0.586735     0.131252    -0.186337    -0.402098     -0.89385     -0.62903      1.16462     0.369688
  -0.0360769    -0.769174     0.273466   -0.0127153     -1.31417     -1.66809    0.0485637     0.576339     0.930641     0.766759    -0.891647    0.0577209     0.112704    -0.618893     0.423342     0.480158     0.100873     0.723151     0.580135     0.312196    -0.584891     0.520556    -0.632411      1.19975    0.0240892   -0.0950766      1.03428     0.536776     -1.02961     0.488201     0.455645     0.996341    -0.698913    -0.333613     0.837678    0.0870151     0.181029    -0.189347     0.908539    -0.437475      1.20092     0.227901    -0.209224    -0.323494     0.673074     0.419743     0.139303    -0.403019
   -0.272471     0.619607     -1.03366   -0.0722457     0.831674     -1.13443    -0.179282     0.352542     0.870756      1.02272       1.1098     0.554759     0.443494     0.502216     0.421416     0.532694     0.783206     0.041727     0.196178     0.784553     -1.24143    -0.917877     -0.45711     -1.19004    -0.799016     0.398867  0.000226558    -0.521713   -0.0450588     -1.07446    -0.920314    -0.314601   -0.0649647    -0.950134     0.873506     0.126004     0.752253     0.165399     0.723993    0.0477838     -1.11777     0.509452     0.509177    -0.488305     0.820869      1.71763     0.785863      1.28359
     0.40827     0.831312    -0.687409     0.945852    -0.251555     0.752737     0.265323    -0.543004    -0.406355     0.623917     0.134796    -0.438323     0.497158    -0.710584     0.115353    -0.840465    0.0179273     0.680241     0.852098      0.42352     -1.15578     -0.30096     0.574926    -0.243991    -0.266999     -0.90072    -0.959024     0.576056    -0.716045     -0.20885    -0.834007    -0.607872      1.27819     0.788685     0.328208     0.592406    -0.396086    0.0860537    -0.194034    -0.146296       1.1444    -0.552246     -2.23835     0.251151     0.804022    -0.799263     0.127641     -1.42448
    -1.06633    -0.675994     0.960203    -0.351304    -0.494373     -0.24688     0.297635     0.179689     0.739081     0.758428     0.782081     0.879318    0.0960678    -0.580702   -0.0721102     0.575823      0.12913    -0.173229    -0.932769     -1.23714     0.332396      0.58596    -0.394079     0.751343      1.14173     -0.25389    -0.466405     0.314598     0.930051    0.0511972     -0.48439     0.619762     -1.50993     0.995525      0.31901    -0.739814  -0.00920822     0.241684    -0.561729     0.115518       1.1332   -0.0558572     -1.45298    -0.225507      1.21696     0.197743      1.12077    -0.252844
   -0.383548      1.09188    -0.303258      0.41708   -0.0136564     -1.29029     0.124519    -0.933608     0.124415     0.569038     0.434014    -0.168918     0.767191    -0.407156    0.0436964     0.303553      -1.3899   -0.0656207     0.133691    0.0738394     0.530557    -0.312077    -0.621833     0.248183     0.696553    -0.769861   -0.0889642     -0.70991    -0.718719    -0.727441     0.831891     -1.11751     -1.13897    -0.194695     0.161579    -0.132323       0.6677     0.740974     0.104073     0.289144    -0.197633    -0.294054      1.57436     0.290095    -0.858597     -1.14833    -0.253926    -0.423863
     1.03131     0.163326     0.712359     0.361014     0.622093    0.0389716    -0.431544     0.571392     0.419207    0.0603357      0.28273    0.0628386     0.713718     -0.89606     0.561075    -0.114094    -0.780481     0.653255    -0.355995    -0.108133    -0.950184     -1.06757    0.0942108      1.21487     -1.02466     0.489459     0.689595     -1.27605     0.593895    -0.763981    -0.696662    -0.574594     0.944334    -0.816417    -0.217595   0.00217252     0.719432      0.39908    -0.835431    -0.082163      1.32672   -0.0859147    -0.122128      0.42783    -0.794038     0.803349    -0.620589     0.235614
    0.279488    -0.247408    -0.681141    -0.724311     0.800101    -0.799684     0.472797     0.713855     0.535019    0.0114611    -0.700941    -0.805767     0.233308    0.0416985    -0.141666    -0.660577    -0.388818     0.614556     0.586102    -0.207438     0.459049    0.0532906       -0.668     0.550578       0.9965     0.222685     0.898279     0.727529     0.981488    -0.496246     0.609027     0.989892    -0.437397     -0.91476     0.737468    -0.878691     0.197951      1.07084     0.288153   -0.0432712    -0.206944    -0.677216    -0.247919    0.0851531     0.966991     0.864828    -0.235614     0.583514
    -1.26422   -0.0921083     0.797632    -0.201379     0.306538     0.226807   -0.0404749       0.1071     0.703579    -0.814264     0.951484    -0.983603    -0.168319    -0.561909    0.0932203    -0.222583   -0.0201303    -0.751164    -0.568765 -0.000453018      1.42031      1.12724     0.954777    -0.230673    -0.762973     -0.23922     -0.35704      1.31412     0.235386      1.21325     0.298625    -0.796062    -0.657777     0.581253    -0.710624      1.04145    -0.649299     0.565395     0.542138    -0.308201     0.386335    -0.203298     0.784397     -1.10135     0.138061   -0.0475912   -0.0353089     0.537713
    0.990606    -0.103401    -0.641126     0.473691     0.773173     0.937814    -0.724181     0.537662      0.68147     0.179761    -0.601491    -0.692653    -0.379867      0.70681    -0.593447    -0.486471     0.109148      0.80457    -0.757219    -0.109277     0.792515    -0.367838    -0.646913   0.00608792     0.468864     0.272095     0.132542    -0.629515      1.36018     0.588981      0.74512      0.32121     0.711763     -0.44205     0.863994    -0.646408    -0.542284     0.331768     0.432365     0.335877    -0.536541    -0.490944    -0.331073    -0.565342     -1.43096    0.0879599    -0.164191    -0.933751
    0.846685     0.422726     0.675568     0.658714     -1.01389     0.515647     0.150967     0.102284    -0.521663     0.910029     0.752937     -1.15816    -0.995933    0.0784523     0.569695     0.223341    -0.419257    -0.475901    -0.218678     0.810322     0.827857    -0.448059      0.78364      0.10314    -0.105057    -0.511275     0.280578     0.728615     0.591798     -0.93087    -0.281937    -0.874717     0.898457    0.0447471     0.101353   -0.0366625     0.188779    -0.625608   -0.0848969     0.812716     0.705037     0.398731      1.30113    -0.525261     0.580041    -0.840319    -0.858516      0.85265
   -0.228645    -0.367417    -0.614168   -0.0106468     0.114972    -0.433777     0.297152    -0.355286      0.30523    -0.274971     0.092926    -0.979133     -0.94039    -0.301351    0.0949371    -0.863397        0.358    -0.546625      1.03732       0.7939     0.911659    -0.203643     0.274475    -0.294227  -0.00848913    -0.703382     -0.34268    -0.543382      0.74183      0.09809     0.210213    -0.834103     0.484259   0.00365433     0.247609     0.488505     0.720453   -0.0153585    -0.908588     0.300683     0.358158    -0.374587    -0.740855     0.506851     0.821982      1.04428    -0.444803     -1.31219
   -0.700781    0.0206007    -0.615255    0.0769088    0.0243902     0.178449     0.199758    -0.323421    0.0210741      1.11281     0.868065     0.321604     -1.43328     0.488872    -0.471084      1.26845    -0.169331    -0.286317     0.189159     -0.12886    -0.789898     0.706772    -0.317496    -0.444687      0.49615     0.884264  -0.00729995    -0.575593   -0.0802221      0.02117    -0.126688    -0.699627      1.38895     0.532606   -0.0761319    -0.568467     0.322231    -0.849004    0.0914469     0.376017     0.436415       1.3525      0.20523     0.637576     -0.36426    -0.144196    -0.763937    -0.181915
    0.359419    -0.497685     0.958842     0.804826     0.601119     0.566399     0.272976      0.44647    -0.609764     0.894657     0.881309    -0.881615     0.220575     0.149168    -0.739906    -0.099023    -0.276701      1.03346    0.0247567    -0.340185     0.359038    -0.270121     0.196323     0.841132     0.120183    -0.385156     0.915933     -0.40864    -0.677246     0.530769     0.223872     0.367168    -0.322197    -0.775848     0.508479     0.629233     0.285569    -0.248269     0.851396     -0.14765    -0.320543    -0.732831     0.618935     0.245123    0.0412551       0.3646     0.924928      1.08724
    0.302116    -0.392682     0.662315     0.234944      1.26407     0.566563    -0.677971     0.520869     0.671219    -0.927609     -0.63639      1.00088    -0.306051    -0.207278    -0.583215     0.709686     0.109864     0.996431     0.738222    -0.837815    -0.695393     0.357059    -0.531637     0.962498     0.515331     0.752197     0.563593     0.369701    -0.709185     0.401114      0.72775    -0.776021    0.0687959     0.262254     0.682799    -0.538522    -0.570339    -0.639382     0.743138     0.144992   -0.0811144      1.02953   -0.0943623     0.737467    -0.950532  -0.00734817     -1.28499    -0.811063
   -0.104095  0.000205967    -0.509245    -0.701522      1.06313    -0.687792     0.912007     0.203136     0.568472    0.0191789    -0.549408      1.17437     0.827229     0.886733     0.471101     0.337546    0.0411086     -0.39345     0.836464   -0.0313842    -0.828994      1.13187    -0.496395    -0.447282     0.510187     0.407099    -0.114643     0.872799     0.256433    -0.166668     0.626784    -0.294607     0.831181    -0.524075     0.869921     0.990879     0.591983     0.123371     0.212428   -0.0189283    -0.102121     0.943593     0.142574      0.92647    -0.673977    -0.437756    -0.173614     0.391779
   -0.336949    -0.177374     -1.14407    -0.806298     0.439526     0.428828    -0.720613    -0.909788     0.781851     0.283119    -0.586462    -0.749057     0.808976     0.714404     0.490975    0.0162701     -0.41465      1.18287    -0.209589    -0.140039     0.333927     0.488591     0.642134    0.0391276     0.194646      1.04832     0.675238    -0.546111     -1.07407     0.459451   -0.0109663    -0.404187     0.614418       1.4735     0.248719     0.959566   -0.0339814     0.213153     0.145475     0.609939    -0.314693     0.860442       0.1909    -0.076689      0.87098     0.820551     -1.04299     0.104424
    -1.56092     0.366941     0.193577     0.624635    -0.253093    -0.198911    -0.934058     -1.03576      0.35579     0.394374    -0.745141     0.892417   -0.0512967    -0.702212     0.376423   -0.0894895     -1.05257     0.969675     0.728192    0.0473217     0.671685    -0.207629     -0.13849     0.164966    -0.849884    -0.577133     0.801388    -0.378544     -1.01065    -0.319897    -0.402632    -0.654277    -0.454261    -0.136935     0.867199  -0.00798316     0.611301    -0.833357    -0.878639    -0.420205    -0.695894    -0.794574      1.24722     0.413187      1.11086    -0.374884    -0.270098    -0.582978
    0.814978    -0.268054      1.15926      1.10879     0.576189    -0.560964     0.992759    -0.679423     -0.24113     0.865333     0.275589   -0.0145824    -0.220642    -0.865575    -0.457107    -0.102621    -0.697318    -0.961049    -0.549096    -0.778974    -0.554096     0.488211    0.0673709     -1.20031    -0.920902     -1.01061    -0.419061    -0.986159    -0.809559    -0.781432     0.360281      0.51751      0.27528    -0.709022    -0.117369    -0.540837    0.0348548     -0.30281    -0.358642     0.301276      0.94353     0.745251      1.56328    0.0288914     -0.28199    -0.253607    -0.233169     0.363163
   -0.847888     0.841475     0.514028    -0.489005    0.0806988    -0.437919    -0.842021     0.207277    0.0647579    -0.483232    -0.643767    -0.543529    -0.813059    0.0307002     0.176642    -0.426918     0.492768     0.950408    -0.664398     0.246951    -0.421415    -0.852183        0.831    -0.628954    -0.798659     0.297519     -0.85731     0.929769    -0.460536    -0.352583      0.13518    -0.959714   0.00389254    -0.803081    -0.444173     0.157586    -0.944363     0.815945     0.610333    -0.538148    0.0706053     0.597548     -0.17494    -0.850973     -1.10076     -0.55676   -0.0363037     0.772088
    0.732752    -0.823825     -1.42737    -0.507821     -0.46937      1.51727     0.505106     0.326441   -0.0567339    -0.545995     0.558543    -0.162392     -1.63153     -1.11982     -0.24297    -0.607135      1.00881      1.11575      0.77617    -0.202564     0.750014     0.820705    0.0377932    -0.711469     -1.02363    -0.506417    -0.342406    -0.208751     -1.21455    -0.409739     0.119572    -0.853249     0.763014     0.145254    -0.874173     -1.29281    -0.252576    0.0773639     -1.00313    -0.954906    -0.348168     0.797042     0.689339     -0.76583   -0.0228053     -1.39629      -1.0779     0.997035     -1.33156    -0.051592     -1.82211    -0.156408     0.193861    -0.161916    -0.701936    -0.492077     0.245665     0.246138     -0.14983    0.0834626
    -1.24871     -1.37216    -0.457959     0.224717     0.438204     0.609755     -1.01436     0.865163     0.213978    0.0190738     -1.08104    -0.681512    -0.870084    -0.272087    -0.708682     0.242746   -0.0166756    0.0767933     0.283546     0.918763   -0.0490743     -1.08134    -0.862357     -0.84211    -0.971853     0.429692      1.26064    -0.708938     0.542489    -0.711348     0.814075     0.140475     0.276051    0.0364038     0.140467    -0.744292    -0.995972     0.391794     0.410519     -1.03248   -0.0249459      0.60795      0.16569     -1.25747    -0.953147    -0.791602     0.738432     0.611498     0.546759    -0.108538     0.583887      1.26282   -0.0681083    -0.613491     0.408245     -1.15965      0.24713     0.159822     -1.26693     -0.88345
   -0.732196     0.357512     0.518387    -0.965587     0.718906     0.249799    -0.706185      1.17357    -0.843787     -1.22173    -0.475984     0.237055     -1.14024     0.454078    0.0768874   -0.0889963     -1.28156     0.297249    -0.887565    -0.948426    -0.521761       1.0702    0.0635975    -0.759365    -0.796153     -1.78147      1.21677     0.320075     -1.44556    -0.477935      0.53096     0.320023   -0.0024744     0.210542     -1.04201     0.770772    -0.947203     0.320058    -0.702036     0.898636    0.0328129    -0.739673     -0.52449    -0.625001    -0.106174     0.915248     0.669181     0.103808     0.534715    0.0076592     -0.47856     0.564874       1.0611    0.0595746     -1.21345    -0.297165    -0.701288     0.296058     0.992073    -0.813929
   -0.831535      0.23653    0.0856492      1.07716     -1.27056    -0.358231     -0.95608     -0.79058     -1.11249     0.317817      0.86344    -0.195079     0.806896    -0.624731    -0.872417     0.335774    -0.287214     0.329203     0.578047   -0.0911216    -0.981683     0.453472    -0.585743     0.643746     0.559976     -1.16838    -0.620182   -0.0461012     0.062465   -0.0649395    -0.642176       0.4389    -0.861312      1.08834     0.348943    -0.777844     -1.38941   -0.0854364     0.381818    -0.822836     0.768569     -1.23524   0.00523893     0.371499    -0.587354    0.0115949     0.664995     -1.53903     0.601949     0.648501     0.310472     -1.34282    -0.181056    -0.176605    -0.755845     -1.12004     0.179548    -0.613721     0.846034      1.17721
    -1.27013    -0.361012    -0.753492     0.418781    -0.438716      1.11216    -0.760724   -0.0141183    -0.150768    -0.493075    -0.311452     0.157444     -0.69852     0.113321      0.96401   -0.0577799     0.270852     0.159074    0.0169633     0.394852    -0.728437    -0.475016     0.407896     0.485987      0.59413    -0.781144      0.60814    0.0830324     0.372004     0.747389    -0.966102    -0.458492     -1.55741    0.0464005     0.535743    -0.899864      1.04628     0.232395    -0.432887     -1.44376      1.37705    -0.358047   0.00180682    -0.273581     0.254689     -1.05378     0.161797    -0.369346    -0.346513     0.766662    -0.616337     0.232344     0.716486     -1.06221     -1.35318     0.619458    -0.341327    -0.295819      -1.3114     0.134254
    0.901918     0.124312     -1.22488      1.12933    -0.393053     -1.40758      0.04189   0.00251702     0.323073     0.782772    -0.978181     0.936537    0.0281994      -1.0499    -0.152456     0.459109     0.775433     -1.20564     0.440566    -0.710611    -0.959313    -0.540043     0.340482     0.369304     0.928175     -1.20393   0.00426056     -1.64964      1.44557     -1.28403      1.09462    -0.613013     0.215436    0.0715617    -0.403602    -0.710302    -0.683646     -1.02041     0.185976    -0.221109     0.562491     -1.14081    -0.375107     0.986559     -1.94312    -0.910508   -0.0587329    -0.437813     0.335449     -0.28997   -0.0599662     0.665751    -0.604559    -0.296224     -0.51228      0.22596    -0.324109    -0.680408    -0.190752  -0.00633141
    0.494277       0.3204    -0.246049   -0.0988068    0.0809263     -1.54856     0.618404     0.213173    -0.876354     0.684872     0.609769  -0.00917168    -0.874616    -0.564068    -0.328063     -1.52702   -0.0279941     0.972873     0.655141    -0.158844     0.191909    -0.155511    0.0139035    0.0548724      -1.3095     0.217114    -0.299072     0.551984    -0.157554   -0.0127571    -0.855366    -0.963727    -0.292566     0.125936    -0.458988    0.0230019    0.0955721    -0.565411     -0.32067    -0.851925   -0.0331601    -0.549856     0.564437    -0.387029     0.380009    -0.037853     0.165625    -0.303705   -0.0867889     0.569474    -0.965127   -0.0363982      1.14898     -0.84421     0.185581    -0.446974     0.752393    0.0387202     0.029244     0.679944
    0.209054     0.108787     0.718662      1.07032     0.581617     0.120743   -0.0040829    -0.175425     0.331231    -0.689548    -0.481212      1.24422     -1.83133     -1.09653    -0.939615    -0.401303    -0.196144     0.311273    -0.701281     -1.39247    -0.782913     0.177839    -0.843429     0.287195     0.240218     0.376794      -0.8836     0.424249     0.412688     0.550698      1.30284     0.538642     -1.12201      0.27539    -0.449073     0.262394    0.0593827     0.260742     -1.03239    -0.361948    -0.637624    -0.610268    -0.736643    -0.345849    -0.640824     -0.57393    -0.652728    0.0125093     -1.05454      1.09796     -1.27464    -0.258373     0.591778    -0.837374     0.700477   -0.0757406    -0.634234    -0.194333     0.590918    -0.305417
   -0.156426   -0.0894683    -0.346264      -0.0805    -0.311941     0.730243    0.0433814       1.4821     -1.42145     -1.00698    -0.560135      1.17911    -0.568109    -0.425814    -0.489039    0.0816973     0.488581      1.46727    -0.884833    -0.710762    -0.888277     0.525013      1.35868    -0.506062    -0.110253     -0.84316     -0.82588    0.0241866    -0.702735     0.734871    -0.209263    -0.948746    -0.380769     0.174473     -1.26688    -0.184529      1.17455   -0.0862412    -0.262418    -0.764038    -0.501325     0.619029    -0.807994    -0.303505   -0.0668421      1.19922     -1.15706    0.0854978     -0.55476     0.720687    -0.671091    0.0255102     -1.07305    -0.956104     0.566459    -0.637115     0.727825    -0.990011   -0.0136451     0.155346
    -1.09822     0.714977    -0.484931     0.494611    -0.979958     -1.52242     0.182247     -1.02002      0.13253    -0.637335    -0.997904   -0.0694888     -1.76991    -0.575552     0.631678     -1.14005     -1.00973      0.95725     0.399651       0.4917    0.0168378        0.512     0.527214   -0.0174069    -0.101765    -0.970039     0.441864     0.900365    -0.665678     -1.21248     0.338506    -0.840244     0.428842     0.292454     -1.38673      0.58591     0.743147      0.11138     0.786697    -0.779429    -0.150003     0.417918     -1.28709     0.140948     0.577398     0.570102   -0.0607181     0.107664    -0.484707    -0.298421    -0.137858    -0.557623     0.319892    -0.710668     0.364141    0.0693143       -1.003      1.31811    -0.101947    -0.979317
    0.835046    -0.973139    0.0277163    0.0353983   -0.0659047    -0.619356     0.131465    0.0780269      0.39932     0.568656    -0.955614     -0.29734    -0.253716     0.425409    -0.660501     0.378948    -0.360301     0.336904     -1.11713     0.290267   -0.0334753    -0.344779     0.224482      0.16949    -0.650271      0.38691    -0.121875     0.527454     0.588569    -0.793151    -0.301108    -0.560381    -0.810902    -0.488205      -0.5928      -1.0127    -0.376104   -0.0528069     0.221436    -0.703174     0.881212     -1.01519    0.0553815    0.0712861    -0.343316     -0.19438     0.355153    -0.879744     0.165577    -0.679488     0.330113    -0.318096     0.687948    -0.642916    -0.942566     -1.01115   -0.0465871     0.186402    -0.348564     0.437158
   -0.687716    -0.741571     0.332941    -0.614329    -0.348821     0.150322     0.606914     0.495161     -1.09738     0.563512     -1.32787     -1.96331     0.833482    -0.903578    -0.851694     0.478553    -0.267111       1.1386      0.27437     0.210735     0.316882    -0.994966     0.564187    -0.631454     0.491875     0.060617    -0.165469     0.242874   -0.0344144     -1.58594     -1.38335     -1.48355    -0.234076    -0.922817     -1.11355    0.0848048     0.982272   -0.0790748   -0.0476579     0.358611    -0.714548     0.997783     0.689013     -1.00932    -0.998832     0.948855     -1.42933     0.415373     0.966531    -0.680911     -1.14439     0.286927     0.194628    -0.527093    -0.319233     -1.00607    -0.646198      1.25317     0.369306    -0.503352
    -1.61535     -0.26439     -1.58042     -0.61372  -0.00214642    0.0464746     0.887412     0.194148     0.247527     0.982252    0.0978529    -0.303196   -0.0526509     0.080574     0.951982     0.034983    -0.245712     0.487862     -0.80974     0.636834     0.696583    -0.173176     0.916326      -1.1154     0.447822     -1.42132     0.770519      1.13244     0.750634    -0.135387    -0.973433      1.33944     0.531288    -0.290337     0.460588     0.453246     -1.54054   -0.0378064    -0.600361    -0.903644    -0.936796    0.0872701    -0.917932     0.555534    -0.318584    -0.192137    -0.530485     0.437673     -1.38167    -0.982683     -1.49185    -0.509604    -0.936481   -0.0754545     0.392811    -0.830015     -1.48458     0.458999     0.640352    -0.574019
    0.606595    -0.969436      0.75306     -1.29512    -0.733438     -0.22558    -0.210177    -0.602643    -0.964641     0.229436    -0.876248     -0.83048    -0.336193    -0.908092     0.474017      1.07012     0.661568     -1.43127     -1.08746      1.16329     -2.26418     0.991737    -0.379323    -0.996462      1.31628     0.129723     -1.07078     -0.25972      1.65894    -0.872773      1.14584     0.660883    -0.979221    -0.368744    -0.752077    -0.390036    -0.636737     0.238487     0.280319     0.292085     0.335793    -0.787032    -0.184257    -0.844971    -0.423921      1.02411    -0.125149    -0.756035     -1.15499     0.173273   -0.0945284    -0.103562    -0.282413    -0.720639   -0.0268382    -0.619538     0.661689     0.803656       1.4238     0.622992
   -0.653523     0.416983      1.27729      0.67814     -1.47121     0.994032    -0.921249    -0.231157     0.564638    -0.370898     -1.54178     -1.41735    -0.274671     -1.00861     0.943495     0.864127      1.09687     0.399315    -0.155466     0.901738    -0.283308      0.16197     -1.29407    -0.619782    -0.843607     -1.77713     0.503844     0.524487     0.950539    -0.748701    -0.829425     0.569876    -0.622205     0.434529    -0.134002      -1.1781    -0.648466    0.0151344    -0.580064     -1.01678   -0.0245356    -0.803757       1.0947    -0.825698     -1.12212     0.294171    -0.661507     0.487857     0.536966    -0.732312      1.14423     0.517825     -1.00454     -1.10762     -1.04059      -1.0394    -0.341163     0.673418    -0.426084     0.382619
   0.0405087    -0.420455      0.56441    -0.242595     0.912029     0.473258     -1.76667    -0.685615     0.121603      1.27525    -0.798215    0.0228607     0.252443     0.392305    0.0566063     0.819541    -0.554753     0.362941   0.00150774    -0.896007    -0.929972   -0.0655472      1.39884    -0.761699     0.860302     -1.20717    -0.593147     0.203202     0.226833     0.153169    -0.615174     -0.91222      0.23741     -1.27098     -0.68061   -0.0313631     0.433717   -0.0217919     0.498443      1.04314    -0.033057     -1.34834       -1.685    -0.619792    0.0491377     0.799367    -0.509988    -0.222879    -0.462642     0.219201     0.754577     0.586164    -0.963574    -0.820308    0.0300614     -1.14441      -1.1701     0.307282    -0.119736     0.775468
    0.467876   -0.0450978     -1.60512    0.0382121     -1.54181      0.26257    -0.756873     -1.15335    0.0993144    0.0965714     -1.05841      0.97872     0.278529     -0.27018    -0.439746    -0.433404      1.30466    -0.288934    -0.551853     0.538353     0.785076     0.840418     -1.20812    -0.476343      1.13947    -0.948613   -0.0860697     0.828252     -1.25601     0.263531     -1.34706    -0.977202    -0.446888     -1.00033    -0.942805     0.570699      -1.5691    -0.380246    -0.951861     0.891174     -1.04526    -0.441705     -1.87583      0.71537      1.01016    -0.509889     -1.78126     0.754858     0.749714     0.590436     0.165844     0.363724    -0.479756    -0.689983     0.535336    -0.153786   -0.0857045    -0.242446    -0.961934     0.176889
    0.581573     0.737293     0.301898    -0.211364   -0.0694519    -0.198726    -0.130087    -0.971691      0.07332     -1.01378     -1.47951    -0.185392    -0.674119     -1.13291     0.413636    -0.482196      0.83151    -0.464794    -0.677501     -1.57912    -0.394074     -1.07396    -0.403289    0.0311705    -0.940806    -0.392574     0.403384    0.0256157     -1.15727     0.277633     0.498243     -1.42966     0.254145    -0.215981     0.566612     -0.52023      1.29431     -0.26608     0.228336     0.419024     0.568994     0.827548      -1.7615    -0.558573     -1.02771     0.708666     -0.98908     0.363056     0.334017     0.141466       1.0082    -0.496499    -0.289983    -0.614549     0.429602     -0.77821     0.809947    -0.502051     -1.18321    -0.163181
   -0.855573     -1.14677    -0.607307     0.288383     0.333744    -0.340542     0.586051   -0.0397645     0.108698    -0.721173     0.563809     0.431029    -0.012437     -0.11615     -1.27043     -0.49586   -0.0616205      1.31288    -0.752959   0.00397452    -0.592847     0.703042   -0.0623606     0.358075     0.510522     0.234038     0.865684     0.549356   -0.0233112     0.234465    -0.918589     0.328314    -0.211038     -1.22611     -0.18211     -1.05036     -1.15719     -1.08967    -0.460796     0.365072      1.45531     0.300375     0.200702    -0.684625     -0.22701    -0.409533     -1.29667    -0.267774     0.445615    -0.945149   -0.0570161   0.00560318      1.32715    -0.446876    -0.430731    -0.822785    -0.458739    -0.141167    -0.488833    -0.281289
    -1.22274    -0.490552     -1.44578    -0.592996    -0.660679   -0.0805719   -0.0228116   -0.0532918     0.538632     0.463919     0.953944    0.0416128     -1.09472      0.56918    0.0740295   -0.0785401     -1.18357     0.375819    -0.312537   -0.0218318   -0.0164607   -0.0166282     0.646713     0.568762     0.858113    -0.315768     -1.12736     0.937586    -0.676403     -1.29545   -0.0575649    0.0856801     0.142727    -0.709623       0.2905     0.203994     0.833406    -0.689102    -0.330963    -0.577114    -0.345386     -1.34257     0.467562     0.454193     0.589503     -1.18147     0.954124    0.0359367      1.00439     0.215062    -0.765773     0.178979    0.0154985    -0.849392     0.666413     -1.54995     -1.38932    -0.682438    -0.126214       0.2591
   -0.788058   -0.0655805      1.15373      0.37581     0.364926     -1.40802    -0.693193     0.266328       -1.187      1.29578     0.875957    -0.611426    -0.711639   -0.0954896    -0.367434     0.183156     0.716068     -0.82384      0.18767     -1.16438    -0.817024     -1.31254    -0.911026     -1.09125    -0.847298    -0.613504   0.00251794    -0.675821      1.06791    -0.300509     -1.23165     0.296079     0.198658     0.409118    -0.154125     0.456375      1.05531 -7.94947e-06     0.288183   -0.0157898    -0.272075     -1.12798      0.17117    -0.445281    -0.790771    -0.558465    -0.382703     -1.32095   -0.0630142    -0.118719     0.695828    0.0270257     0.798823    -0.263751    0.0382437      0.62103     0.845274    -0.371612     0.397319     0.348976
    -0.47628     -1.01138     -1.12275    0.0557825   -0.0232657     0.366613      -0.5866    -0.453973    -0.109354     0.334578     0.266759     -0.92113   0.00225965    -0.181115     0.241424     -1.93849    0.0450762     -1.00126     0.404916     0.468019     0.807833    -0.478689    -0.783371      -1.0358     0.189286    -0.274056    -0.883249     -0.97582       1.0645     -1.61339    -0.101125     0.398119    -0.258383       0.4281     0.150604      1.08338     0.306067    -0.414957      0.19211    -0.126115    -0.296721      1.01712     0.297497     -1.10029     -0.42663      1.21164    -0.135956    -0.182908     -1.64142     -1.21588     0.189006     0.723229     -1.04289    -0.010903     -1.37579     0.262261    -0.109098    -0.772022     0.572943     0.887134
  -0.0570237    -0.378727     0.557239    0.0193424    -0.234124    -0.508816     0.165471     0.144225     0.614277     -1.45148    -0.826705     0.884203     0.673584      0.57935   -0.0290621      0.96011     -0.25435    -0.229289     -1.65888    -0.986468     0.111076    -0.852683     -0.79249     0.600596    -0.954187     0.814563     0.487845    -0.669483    -0.419262    -0.714194    -0.270978     -1.03184    -0.576331    -0.183104     -1.01037    -0.265623     0.499493    -0.352495     0.194306   -0.0510835    -0.225539    -0.679984      0.10386    -0.824169     -0.31619     0.914028     0.840758     0.889269    -0.572019     0.829742     0.159668    -0.163655    -0.896209    -0.925216     -1.80624    0.0542417      -1.1547     -1.30625     0.656939    -0.292014
   0.0824415     0.280916     0.540884     0.563082     0.888305     0.170154    -0.418309       0.6124     -1.43372     0.434124     0.313909     0.198377     0.468668      0.81539   -0.0333829     -1.84114     0.115329     0.190099      -1.4022    -0.312525     -1.18462      0.45148   -0.0604458     0.319362    -0.676981    -0.400195   -0.0861901     0.745165    -0.867971     0.263687      0.12406      1.07288     -1.41175     -1.30965    0.0892847     0.295496     0.170293    -0.608663     0.540234    -0.924503    -0.289019    -0.772391     0.483009     -0.64801     0.329106     0.302579     -1.58115    -0.361762     0.392137     0.276588     0.184723     0.809243     -1.09773     0.384404    -0.690173    -0.670807     -0.14435     0.379145    -0.685236    -0.510431
    0.602908     0.821004     -1.58915     -1.11175      -0.8493    -0.875832   0.00745392     -1.08894      -1.0072        1.553     0.296275    -0.603436    -0.930299    -0.258025      -1.3922     -0.87752      0.66923    -0.820267     0.575876     0.696993     -0.67788     0.613517     0.128009     -1.13829      1.84759     0.275054    -0.318046   -0.0227702      -1.0492    -0.506484    0.0919755     -1.44552     -1.18165    -0.625322     0.518812     0.438704     -1.70162    -0.766493    -0.360352     -0.40905     0.182984    0.0146845      1.00023      1.30217      1.31057      1.08829     0.864191    -0.538136     -0.29436     -0.75029     -1.73485    -0.409869     0.710389     -1.21207      0.32074    -0.117797     0.170774     0.428525     -1.70526    -0.693968
    0.341243    -0.683161    0.0707051    -0.748996      1.21077     -1.56041     0.164323     0.193026    -0.149009      1.47916    -0.237061     -1.26483    -0.622609     0.683812     0.229956     0.735836     0.485144     0.431511     -1.38105     0.116061     0.328923     0.891976   -0.0373478     0.296573    -0.407715     0.350422     0.206156     0.921384     0.525159    -0.776205  -0.00293348      0.51092    -0.200382     0.390814     -1.62913     0.769063    -0.500259     -1.25503     0.597624    0.0603924    -0.664267    -0.335174     -0.98611      -1.3294       -1.356     0.233084    0.0979763    0.0901907     -1.22976      1.38449    -0.171469     -1.00127    -0.633519    -0.735033     0.496775     -1.08926    -0.859037     0.425593     -1.02276    0.0384919
   -0.782509     0.246497     0.841406     -1.26383     -1.13367    -0.162325     0.375108      1.62087    0.0136753    -0.294758     0.747593     -1.44019    -0.724739    -0.673211    -0.171484     -1.13981     -1.14685   -0.0125592    -0.697736     -0.33801     0.595914     0.790349    -0.796554    -0.777373     0.174305 -7.38511e-05    -0.425876     0.355038    -0.580694   -0.0543899    -0.364473     -1.43651     0.321556     0.043896      1.39331   -0.0974296     -1.83574    -0.243635    0.0226195     -0.58284    -0.156102     0.641599    -0.808194     -0.50749    -0.092387     0.764955     0.605257    -0.139071     0.824048    -0.280179     -1.16037     -1.30193    -0.665862     0.531962     -0.28269   -0.0699274      0.62077    -0.372137    -0.546117    -0.116128
   -0.754029     0.227981    -0.378595    -0.857959     0.311145     -1.80157     -1.18292      1.70571     -1.08658    -0.832475    -0.286149    0.0467735     0.558716     0.353131     -0.19098    -0.403441     -1.26079     0.512051     0.134184     0.557171    0.0453288     -1.21468     0.431479    -0.886482    -0.749486     0.577441    -0.533673     0.349813    -0.824346    -0.331487     0.327783      1.27655    -0.569522     0.956344      1.71791     0.159048     0.584687    -0.489293     0.790952      1.28158     0.855927    0.0969082     -1.19655     -1.01639     0.509117     0.781499    -0.639832    -0.718429     -1.02975    -0.622337     0.293886    -0.399441     0.608604     -1.25487     0.268244    -0.540249    0.0673662    -0.857226      0.35221    -0.464943
    -1.64198     0.322306      0.20712     0.168553    -0.383399     0.401753    -0.372205      0.58965     0.361033     0.326106    -0.261402     0.213996    -0.201867     -1.06556     -1.28122     0.113763    -0.912955    -0.521999    -0.776197     -1.30079    -0.401673    -0.884984      1.44442    -0.637703      0.99703     0.660885     0.124817    -0.656345    -0.410924     0.526549     0.919467    -0.595401     -0.73021   -0.0592567     0.238657    0.0441882   -0.0139814    -0.665371      1.71988     0.924823    -0.847989    -0.237698     0.958803    -0.539174     0.611023    -0.126549    -0.925178     -1.33371     0.682421     0.210237     -1.49472     0.173372    -0.416781    -0.166024     -1.16848     0.771957    -0.469474     0.669935     0.270137   -0.0152009
   0.0298577     0.710307    -0.649653      1.20365    -0.302144   -0.0505672      0.72384     0.714767     0.191744    -0.140937     -1.13283     -0.15752      0.48004     0.183049      0.80158    -0.372889     0.954057      -1.0959     -1.30915     0.196041     -1.85753    -0.504791     -1.10167     -1.17142     -0.81674    -0.704158      0.44448     -0.20486     -1.16636     0.373172     0.876444     -0.20263     -0.22598    -0.457039    -0.947548    -0.229202    -0.185753     0.122983      1.53836     -1.33959    0.0977023      -0.5134    -0.638518     0.830267      1.26224     -1.12213     0.471284    -0.230715     -1.16597    -0.508958      -1.2819      1.23149     -0.21842    -0.468604     0.845216     0.686167     -0.86541    -0.872638     -1.27538     0.446588
     0.88156     0.825486     0.572984    -0.998559   -0.0428975     -1.44629     0.495029     0.710375     0.862383     -1.97943    0.0126331      -0.5807    -0.733681     -1.16984     0.541555    -0.367673     0.510545     -1.31565    -0.173667   -0.0578637      -1.0165      -1.1446     0.659301    -0.811948     0.247831      0.89986    -0.517574    -0.825835     -1.39077     -1.29557     0.385038      1.41732    -0.593466      -1.0082    -0.639902   -0.0295384     0.869554    -0.706304    -0.914843     0.858038    -0.478374     0.104653      1.28664     -2.10853    -0.135955    -0.202723    0.0593585     0.634341     -1.31305     0.396236     -1.19138     -1.60943     -0.63516     0.352196     0.226818    -0.980305     0.166963     0.135791     -1.37565     0.605767
     1.05034     -1.37705    -0.791931     0.526001    -0.369163     0.343707     0.851942     0.614059    -0.604953     -1.23842    -0.082624      0.26072    -0.412591    -0.726348    -0.471596     0.477605     -1.16737    -0.994289      -1.3365     0.113891    -0.266342      1.03031     -0.20432    -0.534904      -1.2327      -0.9304     0.689549    -0.644427     0.289747     0.667778    -0.663538       1.1029    -0.758352     0.322154     -1.01337    0.0818675    -0.205779     0.703018    -0.976103      1.19117    0.0218103    -0.314706     0.592636     0.576853      1.21919   -0.0351856     -1.34882    -0.299372      1.09822   -0.0378619     -1.21262    -0.943036    -0.974143     -1.14853     -0.49178    -0.640633     0.790094    -0.787288    -0.843264    -0.825223
    0.579979    -0.778137     0.936603    -0.627027    0.0441105     0.481115     0.663196     0.550018    -0.513858    -0.283384    -0.239851     0.695195     0.489515    -0.492105    -0.224371    -0.664969    -0.227082     0.425855     0.620901   -0.0426292    0.0826447    -0.763853     -1.08502    -0.405761     -1.10964     -1.17556    -0.033871     0.656991     -1.33253     -1.23586    -0.162928    -0.181382    -0.998977     -1.30587      1.27202     0.323748    -0.945512   -0.0650957   -0.0885986     -1.08773     -1.07582     -0.54055    -0.353984     0.269245       -1.299    -0.681886      1.02734      -0.2513     -1.66016     0.772356    -0.595634      1.12419      1.26468     0.386661     0.501022     -1.04011     0.398208    0.0476453    -0.301507     0.388751
   -0.366066   -0.0376318    -0.233958     0.147454     0.141637     0.618742    -0.821675      1.13924     0.727096     -1.12714   -0.0433868    -0.692819    -0.247461   -0.0473047     0.221071    -0.828037     0.432331     0.636084    0.0381312    0.0333597     0.404811     -1.02754    -0.180944    -0.571747    -0.303967     0.764551    -0.116444     0.335889     -1.03307    -0.815115    -0.320926     0.315941     0.124788     0.152712    -0.382893     0.519916    -0.491231     -1.64346    -0.371383    -0.270422      1.51025     0.184538    -0.697613     0.243866     -1.39015    -0.190962     0.301569    0.0413179     0.918815    0.0499956    -0.300877    -0.890421    -0.586972    -0.443269    -0.239923      0.16907     -0.68121     -0.13846     -1.14131      1.65786
   -0.281227    -0.163378     0.757091    -0.859767    -0.234765     -1.50735    -0.520553      1.01161    0.0665867     0.578678     -0.32623     0.478289     0.277508    -0.728104   -0.0837639     0.434376    -0.474164     0.426882     -1.07961    -0.812531   -0.0660577     0.146465     0.139012   -0.0955399     0.861955    -0.858948      0.92462       0.5048    -0.555866    -0.207492    -0.189126     0.704738    -0.521283    -0.887146     -1.29317     0.658179    -0.550779    -0.274193      1.07459    -0.805827    -0.259179    -0.463952     0.231369     0.227534     -1.02431     -1.16848    -0.694179  -0.00713422     0.390164    -0.306517     0.845299    -0.362163     0.463699   -0.0912592   0.00317852    -0.259263     0.131923    -0.341208     -0.64726    -0.687145
    0.623118    -0.105743    -0.953773     -1.30879    -0.944078     0.321042     -1.57197    -0.338843    0.0629806     -1.06591    0.0481154    -0.929407    0.0355778     0.213711      -1.4187     0.313202    -0.539481    0.0383275     0.214655     -1.06973     0.773409     -1.29197      -1.0713    -0.292133     -1.01143     -1.26682    -0.276802   -0.0335641     0.772245     0.958891      1.15826      1.10109    -0.387723    0.0719968     0.892583     0.458145     -1.03866     -1.03537     0.718838    -0.351939     -1.09459    0.0614435     0.916612     -1.40448     0.154545    -0.754572     0.489556      0.63152     -0.35129    -0.546314    0.0392295    -0.648366     0.366578     -1.20274     0.686401     0.144103     -0.74839   -0.0668655    -0.143763    -0.268055
