no weights
   0.0481773   -0.0669222    0.0359388    0.0138961     0.114082    0.0596638    -0.144838    0.0979978    0.0251937     0.107708     0.138487   -0.0529562   -0.0841317     0.073001    0.0812515    0.0688886     0.155032    0.0215127     -0.14436    0.0916221   -0.0224836    0.0525424     0.176371    -0.131584    -0.115222    0.0923618     0.173703     0.204437      0.12214    -0.120526   -0.0627478     0.129166     0.150325     0.124968    0.0632275    -0.089015   -0.0968425      0.25411     0.090083    0.0890181     0.225765    -0.113258     0.105104    -0.173148   -0.0922164   -0.0449489     -0.12859    0.0538905
   0.0171948    0.0687679    0.0314266    0.0420982    0.0977071     0.109146    0.0753317     0.057174    0.0125933    0.0462936     0.041787     0.108666    0.0631826     0.016089   0.00647594    0.0784292   -0.0633348     0.138548     0.139354    0.0573197     0.036335   -0.0477076     0.134069     0.123428    0.0900239    0.0550109   -0.0609216    0.0293172    0.0335649     0.182964     0.157702   -0.0682259   -0.0153578   -0.0225106     0.048843     0.132445    0.0826671   0.00810137   -0.0268268    0.0682289    0.0692255     0.155661    0.0621183    0.0510373    0.0767019     0.125395     0.155822    0.0948954
   0.0227914  0.000332163    0.0457136  -0.00693844   0.00915818   -0.0440587   -0.0462317     0.111219    0.0663506     0.108606   -0.0310028   0.00487251     0.114217    0.0486041     0.134879      0.11439   -0.0866753     0.177643  -0.00546973     0.151301   0.00429093   -0.0110012    0.0153962    0.0817785  -0.00264851    0.0826879     0.179749    0.0990471   -0.0746667    0.0599947    0.0127231   0.00801922     0.163047     0.192297    -0.047928   -0.0135813   -0.0472601     0.131789    0.0639655    0.0699672    0.0866741    0.0664385    0.0562776     0.120522    0.0254038    0.0359166   -0.0219701      0.12893
   0.0682944      0.10762     0.197169     0.122307     0.146402      0.11845    0.0447101    0.0767479    0.0799994    0.0032943   -0.0265084     0.183586   -0.0154725    0.0101268    0.0254261    0.0793702    0.0113279    0.0646291    0.0924859    0.0124868     0.133566    0.0532023  -0.00644505     0.107527    0.0784791   0.00192738     0.036064     0.020936    0.0643995    0.0254549    0.0566669    0.0180716   -0.0664991   -0.0142211   0.00911871    0.0686343    0.0919785   0.00764132   -0.0280799    0.0688053    -0.014852    0.0995971    0.0197303     0.177073    0.0622947     0.151525     0.125556   -0.0102178
    0.150578   -0.0425947   -0.0645345   -0.0633217     0.115018    0.0388668    0.0192995    0.0737184    0.0706644    0.0967357    0.0765316   -0.0476203     0.129312    0.0715362     0.099751    0.0472251    0.0683657     0.024413     0.112821     0.149036   0.00163209    -0.112453      0.11399    0.0130174    0.0827976     0.114537    0.0104187     0.154555     0.119661    0.0112441     0.120477   -0.0418061     0.189647    0.0530372     0.105196   0.00939462    -0.048684    0.0909208  -0.00124115   -0.0556905    0.0659368     -0.01839     0.137792   -0.0145799    0.0338381    0.0430982    0.0430217     0.135301
   0.0866924    0.0541946   -0.0574614   0.00141751     0.114022   -0.0178865    0.0714025   -0.0267678     0.054622    0.0385314    0.0799967    0.0466249     0.214458    0.0144405     0.066068   -0.0149474    0.0645944     0.123275    0.0572104     0.170359   -0.0266553   -0.0571089     0.107971    0.0827752    0.0978148     0.097939   0.00944991     0.157442    0.0429326   0.00392804     0.166534   -0.0147069     0.128308     0.114707      0.10401       0.1005    0.0525863    0.0360578    0.0461315   -0.0319538     0.121361    0.0772225      0.16481   -0.0250965    0.0134957   -0.0125387     0.137317    0.0735453
    -0.10348    0.0855449     0.162811    0.0868193    0.0174439    0.0129674   -0.0845081    0.0629326     0.098134     0.115681    0.0288698   -0.0310647   -0.0512551    0.0145669    0.0911939    0.0230864    0.0193781   -0.0067167    0.0197322  -0.00270312     0.104536    -0.026435     0.123784    0.0249785   -0.0313467   -0.0222962      0.18214    0.0690985     0.154394   -0.0378314   -0.0236704    0.0944125    0.0759108     0.177416      0.17101   -0.0147479    0.0247666     0.155544   -0.0293189    0.0920976     0.252936   -0.0202123     0.121144   -0.0468461   -0.0231494    0.0737321     0.095357    0.0852272
   0.0753951    0.0871039   -0.0621186    0.0608718     0.112902     0.068222     0.135174  -0.00110399   -0.0406705    0.0227326    0.0695992    0.0263447     0.193233     0.107378   -0.0739575    0.0679561    0.0438578     0.131836    0.0610409     0.172625    0.0247684     0.174591      0.15728     0.118071    0.0508288    0.0602586   -0.0712284     0.118805     0.057389     0.126269    0.0714668    0.0260935    0.0104095     0.125408    0.0641405    0.0856197    0.0763927   -0.0161588   0.00801351      0.10102   0.00255101     0.162376    0.0911598   -0.0710059    0.0670868  -0.00419961    0.0708474    0.0852241
   0.0887501   0.00789446    0.0229948    0.0953642     0.111032     0.135765    0.0467104    0.0537879    -0.026904     0.121117    0.0829448    0.0276204   0.00955317    0.0543238    0.0321373     0.061484     0.172501    0.0601387   -0.0498129     0.132116    0.0519255     0.137654     0.158564    0.0355811   -0.0112362    0.0866915    0.0666433     0.161883    0.0698688    0.0203085    0.0445891     0.154844     0.119414     0.110924    0.0597815    0.0700037    0.0357372     0.154479   -0.0027617    0.0617924     0.186184    0.0580503    0.0833816   -0.0684783   -0.0930698    -0.106767   -0.0364087    0.0909775
  0.00676172    0.0107795   -0.0449411     -0.10549    -0.151223   -0.0197768    0.0782877     0.107786    0.0859864    0.0461394    0.0122307   -0.0737731     0.175996    0.0433021    0.0989514    0.0474845    -0.108598    0.0587732      0.17548    0.0855485     0.056607    -0.112047     0.083099    0.0626993     0.217083   -0.0389154     0.054634 -0.000579174  -0.00748488    0.0608277     0.192114   0.00962525     0.157899    0.0142771   -0.0382445     0.104245     0.146818     0.040787    0.0305602   -0.0618289    0.0277196     0.113041     0.185076     0.137463   0.00785949     0.082655      0.14725      0.20866
   0.0309813    0.0410595  0.000181643    0.0618272      0.11362    0.0349639    0.0808453   0.00245425     0.039059     0.108499     0.109972   -0.0450667    0.0621893    0.0463659     0.110422     0.089801    0.0839576    0.0439181     0.127489     0.106987    0.0877675    0.0782115     0.104989  0.000419704     0.128949    0.0425646    0.0913943    0.0867138    0.0662799   -0.0032816     0.150086    0.0670801    0.0929245      0.15822    0.0844821    0.0369165     0.137328   0.00230991     0.116903    0.0716086    0.0905824    0.0382033     0.142701   0.00558617    0.0884328     0.102776    0.0629732    0.0903297
   0.0161513   -0.0368476    0.0850397   -0.0428735   -0.0408899   -0.0471863     0.023209     0.103082     0.148588    0.0159421    0.0866833   -0.0445728  -0.00308725   -0.0173374     0.122936    0.0594243    0.0432131    0.0722611   -0.0278192     0.017212    0.0646314     0.022081   -0.0234548  -0.00723005  -0.00647826   -0.0106777     0.173634     0.026587   -0.0646197    0.0697537     0.016971    0.0169846     0.212388     0.104773    0.0236531   -0.0513075   -0.0558322     0.111645      0.22588      0.12121     0.101996   0.00654626    0.0129309     0.138702    0.0706209     0.153492   -0.0106491    0.0281132
  0.00878542     0.107478    0.0654735     0.115542    0.0437229    0.0112526    0.0608288    0.0592006  -0.00117577    0.0651057    0.0191616    0.0499191     0.122683    0.0790008    0.0498377     0.100838  -0.00799405  -0.00274631     0.102241    0.0597506     0.101991     0.062662    0.0730725    0.0621448     0.153006   -0.0392971   -0.0154815   -0.0326263    0.0923738    0.0856337     0.114738  -0.00265633     0.086016    0.0348547    0.0842687    0.0949886     0.156127    0.0438085  -0.00127077    0.0524964     0.111124    0.0935344    0.0992847   0.00490905    0.0901007     0.104119     0.139975    0.0865341
  -0.0548791   0.00109996    0.0811642    0.0219054 -0.000597269    0.0782937   -0.0752903    0.0485083     0.082065    0.0287958      0.17509    0.0396941   -0.0694983   -0.0552848    0.0907531  7.35473e-05     0.267305   0.00330438    -0.243596     0.202782   -0.0392618      0.13327     0.030513    0.0237576    -0.152064    0.0910649     0.198922    0.0848763   -0.0181249   -0.0880483    -0.144143     0.198788     0.189275     0.163094    0.0797603   -0.0452133     -0.20293     0.249621     0.151585     0.110724     0.200636   -0.0735998   -0.0853678    -0.115821    0.0218938   -0.0562091    -0.164341    0.0491769
   0.0814753     0.136355    0.0153602      0.11608    0.0786419    0.0227988    0.0806228    0.0305516   -0.0233922    0.0903599    0.0639646    0.0785862      0.10881    0.0362394  0.000982517    0.0741885     0.135252     0.101842    0.0562011     0.164827      0.05739     0.158106    0.0601042     0.116389   -0.0100183    0.0536713    0.0882489    0.0647069     0.077888    0.0362508    0.0340081     0.119941    0.0993486     0.153427    0.0205861     0.149629    0.0143457     0.086681    0.0464638     0.120524    0.0582286     0.110974  -0.00366876   -0.0081728    0.0189091   -0.0849984     0.059484    0.0116737
    0.116083     0.153766     0.132769     0.102206  0.000323136    -0.052223     0.152366    0.0298625    0.0718742    0.0393941    -0.013312    0.0924182    0.0815576   -0.0238991   0.00327481    0.0245265   -0.0559392    0.0696843     0.118748    0.0917542     0.112748    0.0781632  -0.00285373    0.0804887    0.0529811    0.0953817    0.0606626    0.0376097    0.0121585    0.0615947     0.108869  -0.00887527    0.0899172   -0.0287033   -0.0652702    0.0195416    0.0476261    0.0358146     0.125105    0.0529587   -0.0685118    0.0502382    0.0615495     0.119842     0.166452     0.103966    0.0744622    0.0676287
-0.000970899   0.00598305    0.0679647     0.149644    0.0848716    0.0614887   0.00284095    0.0194437    0.0296397     0.159052      0.07308      0.10415   0.00674355    0.0714233    0.0327451    0.0330084    0.0910217    0.0416189    0.0999062    0.0724797    0.0626122    0.0571597    0.0539013    0.0654513    0.0829977    0.0186038    0.0582633    0.0938454    0.0559861    0.0618012    0.0543921    0.0546271    0.0521898    0.0730242    0.0556852     0.102445    0.0392781     0.081913    0.0316131    0.0879529     0.145528    0.0523332    0.0279501     0.100473     0.115631     0.109682     0.156217    0.0948757
   0.0421989    0.0784828     0.125424    0.0349604     0.141502    0.0821229    0.0523398     0.119558     0.100373      0.12199  -0.00963791    0.0544815    0.0838137    0.0399174    0.0388682    0.0708475    0.0387608   0.00487033   -0.0355735    0.0827294     0.142675     0.106737    0.0266799    0.0602172   -0.0217013    0.0673304    0.0628924    0.0925997    0.0222909    0.0481243   -0.0495005    0.0798393    0.0423842    0.0346369   -0.0276286    0.0743548   -0.0429907    0.0572529    0.0803487    0.0641562   -0.0304446    0.0482998    0.0105808     0.107733     0.213151     0.173017     0.053506   0.00888661
     0.15322    0.0134259   -0.0383331  -0.00068843   -0.0297239   -0.0166614    0.0879423    -0.086519    -0.113584   0.00560299      0.20386    0.0142246     0.137773    0.0130037   -0.0359163     0.102592     0.160452   0.00647096  -0.00693409    0.0813155    -0.136903    0.0500415    0.0920061  -0.00662852   -0.0186003     0.114787    0.0942617     0.115341    0.0859388    -0.033184    0.0176657    0.0992314    0.0260114     0.187101    0.0172816   -0.0364512   -0.0229085     0.161898    0.0255839    0.0772429     0.173684   -0.0969186     0.214263    -0.167445   -0.0650919    -0.123752   -0.0309775     0.204013
  -0.0216494     0.228491     0.269307     0.189214     0.163086     0.014159   -0.0110155    0.0780144     0.104815    0.0625733    0.0188623     0.049281   -0.0747261     0.016234    0.0620285    0.0793512    0.0671298     0.041345   -0.0441135  -0.00310302     0.109298      0.17395   0.00356755     0.101006   -0.0218679    0.0981306    0.0888617   -0.0022909    0.0173136    0.0722579   -0.0592865     0.121778    0.0423931   -0.0273526    0.0864274   -0.0278658   -0.0655604    0.0270888     0.144153     0.141948    0.0579948    -0.020738    -0.123195     0.123353     0.118804    0.0198639   -0.0138902    -0.141687
   0.0611592    0.0851869     0.102317    0.0388335  -0.00335968     0.144272   -0.0872835      0.10999     0.118535 -3.42842e-05    0.0780941    0.0430938     0.014718    0.0223106    0.0669654     0.039669     0.151628    0.0562042   -0.0437619    0.0544097     0.144371    0.0963334     0.163172   -0.0734908   -0.0672138   -0.0551284     0.161122    -0.048199    0.0027648   -0.0272258   -0.0635577     0.114909    0.0915471    0.0352131     0.133018   -0.0502291    -0.035091     0.208732     0.107289   -0.0144537     0.170166   -0.0102248   0.00760474    0.0304865   -0.0795588    0.0147323    -0.082761    0.0879483
   0.0304554     0.171964     0.220107     0.172911     0.208724   -0.0196324    0.0238551    0.0522384    0.0371998  -0.00521014    0.0765795    0.0177079   -0.0300721    0.0138561     0.012748   0.00802054     0.113602   -0.0621316   -0.0270607   -0.0282848     0.111358     0.143759    0.0293134      -0.0329  -0.00183534    0.0366785     0.158197    0.0820929    0.0460429   -0.0393109   -0.0578439    0.0216814    0.0324518    0.0399063     0.111579   -0.0668109     0.101266     0.110445     0.125188    0.0591577    0.0645267   -0.0304854    0.0147959    0.0918222    0.0316603      0.10801    0.0479724    -0.039026
    0.112646   -0.0254522   -0.0225897   0.00675026    0.0573926   -0.0282704   -0.0665236    0.0256971     -0.01825     0.163529     0.103566   -0.0391065   -0.0223756   -0.0353236    0.0111189    0.0848364     0.113229   -0.0272974    -0.119099    0.0957159   -0.0962139    0.0620487   -0.0231582    -0.122833   -0.0772705    0.0797951    0.0931924     0.198025    0.0362293    -0.128589    -0.056178     0.166683    0.0969821     0.219183   -0.0122631   -0.0950695   -0.0916999    0.0751161    0.0887258      0.11499     0.103582   -0.0853874    0.0879261  0.000207743    0.0111367    0.0535647    0.0614897    0.0220952
    0.121624    0.0176826    0.0922192     0.144526    0.0750578      0.14273    0.0780162    0.0912477    0.0806251    0.0128627    0.0506205     0.141668    0.0149379     0.105837    0.0961281      0.11985     0.116364   -0.0409359     0.127022   -0.0606123    0.0329784    0.0621302 -0.000220557    0.0838025     0.104683    0.0556865    0.0742384   -0.0357316    0.0261988    0.0765716     0.060922    0.0805927   0.00722761   -0.0296259    0.0581774   -0.0037767     0.113597    0.0927889     0.115532    0.0826148    0.0454232    0.0222213   0.00784687     0.111677     0.170452     0.165781    0.0975169    0.0666359
    0.105549   -0.0579762  -0.00310822   -0.0393799    0.0436116   -0.0249156    0.0752854    0.0551533    0.0701033    0.0108122     0.021398    0.0260378    0.0384398    0.0979805     0.103091    0.0732867    0.0355547   -0.0580312    0.0956066   -0.0598992  -0.00797948    0.0229057    -0.138623    0.0941839    0.0211764     0.142758    0.0516381    0.0319616     0.057831    0.0862853    0.0769413   0.00852202    0.0558849    0.0175007    0.0772932    0.0213834    0.0650276    -0.157368    0.0879179    0.0124215    -0.157758    0.0457511    0.0336848     0.190819     0.283465     0.213876     0.102629   0.00652461
   0.0337237    0.0553182    0.0701459    0.0372594   0.00570603     0.101492    0.0942047    0.0221433    0.0548033     -0.02868    0.0210899    0.0775836    0.0827337    0.0756737    0.0313673    0.0334624     0.064716    0.0631409  -0.00185013     0.102901    0.0736518    0.0911978    0.0121667    0.0839123    0.0645642     0.096521     0.102646  -0.00427945   -0.0454158     0.133618  -0.00724606     0.104141     0.145984     0.019244   -0.0123686    0.0902043     0.101533    0.0488781     0.191158    0.0695854    0.0424235    0.0910752    0.0265767      0.10106    0.0900764     0.110151    0.0338012    0.0350701
    0.115254    0.0386604     0.104154     0.132279     0.176279    0.0482039    0.0872153    0.0736358    0.0730359  -0.00498622     0.158196   -0.0112943    0.0145466    0.0521063    0.0884531    0.0443207     0.169253    -0.141451    0.0908078    0.0280722   0.00267818    0.0758954   -0.0137779   -0.0772472    0.0024828     0.111621    0.0508306    0.0029415     0.135728   -0.0294066   0.00127752     0.135529    0.0014124   -0.0597423    0.0558561   -0.0590235     0.125068  -0.00287228     0.118555   -0.0164833    0.0655875    0.0468419  -0.00876979     0.156334     0.164033      0.10219    0.0542981   0.00792391
    0.167089     0.150924    0.0876168      0.20345     0.143887      0.09006     0.142994   -0.0386621   -0.0659432    0.0585187    0.0101304     0.104234   -0.0033201     0.046894    0.0117065      0.12688    0.0140039   -0.0623041     0.212402    -0.107921   -0.0341838     0.125873    0.0302288    0.0781225     0.206786    0.0377547    -0.128675   -0.0325519    0.0282042    0.0776736      0.20287    0.0285609    -0.203546   -0.0494879    0.0258259     0.136696     0.209239   -0.0275413   -0.0346801     0.127093   -0.0776438     0.106852   0.00950709    0.0591969    0.0108192    0.0795451     0.219638    0.0132807
    0.206118    0.0321444    0.0462041  -0.00714331     0.103146     0.135509     0.150087     0.106093    0.0882818   -0.0110138     0.151275    0.0514061   -0.0202953    0.0820985    0.0816873    0.0233955     0.194823   -0.0827531    0.0477504    0.0729948      0.12387     0.117607    0.0860584    0.0374468    0.0378866      0.12902     0.086505    0.0112805    0.0446707    0.0571186    0.0158751     0.129636    0.0266706  0.000933726     0.111737    0.0555814    0.0408798    0.0758964     0.227956    0.0778074    0.0501306   0.00422051   -0.0401726     0.070001    0.0382725   -0.0165219   -0.0815146   -0.0332481
    0.136726    0.0403744   -0.0242143    0.0138368      0.10013    0.0436289     0.180448    0.0607746    0.0501976    0.0962898    0.0212718    0.0189045    0.0891068    0.0831955    0.0994331    0.0618084   -0.0363124   -0.0172263     0.198223   -0.0543528    0.0188849   -0.0750444    -0.105966     0.132699     0.226074     0.128797    -0.069017   -0.0365417     0.127423    0.0615339     0.236704   -0.0364441   -0.0586085   -0.0147503   0.00965246     0.127714     0.089886    -0.239021   0.00504221  -0.00178528    -0.152174     0.144451     0.034221     0.164544     0.166858     0.154325      0.20068    0.0585417
  -0.0290597    0.0489532     0.177202     0.146504     0.153574    0.0387358  -0.00140919    0.0390271     0.109587    0.0115386   -0.0088113   0.00285889   -0.0234179  -0.00420461    0.0444132    0.0791966    0.0889158   -0.0478589    -0.065924    0.0991984     0.117347     0.163347   0.00197846   -0.0299967   -0.0356641     0.119075    0.0959763    0.0566005    0.0117464    0.0220839   -0.0511466      0.12355      0.14506    0.0292263   -0.0360307   -0.0161495   -0.0403768    0.0799968     0.131253     0.120384   -0.0581449    0.0146511   -0.0939307     0.100938     0.182771     0.141227   -0.0185336   -0.0496645
   0.0875419    0.0529457   -0.0352298   -0.0545556   -0.0214102   -0.0746963     0.131923     0.111715    0.0605164     0.015141     0.111014    0.0243508     0.187033    0.0920435    0.0362856    0.0202027   0.00640511    0.0932373      0.03733     0.149858     0.121343     0.088407    0.0406376    0.0568665    0.0686844     0.132362     0.114781     0.117539   -0.0223286     0.092912    0.0704261  -0.00126315     0.152843   -0.0159825   -0.0497012    0.0590403     0.118085    0.0700025     0.131322    0.0316966    0.0158158     0.082721    0.0711068    0.0161316    0.0696416  -0.00261636    0.0512487     0.089416
 0.000109065    0.0718758   -0.0153358   -0.0362344    0.0722028   -0.0826431     0.161318    0.0962751     0.119168     0.017232     0.065326   -0.0163663     0.158152    0.0669533    0.0754072    0.0698017    0.0476771    0.0843859     0.141378    0.0295216    0.0747827    0.0134541  0.000773019    0.0407337     0.119831     0.085061    0.0323564    0.0668075    0.0166251      0.05393     0.148743    0.0689044     0.122123    0.0253405    0.0951903    0.0241091     0.124264    0.0341653     0.076471    0.0940002    0.0927685    0.0805804    0.0250304    0.0423836    0.0873507    0.0827999     0.116897    0.0946121
    0.133991    0.0254087   -0.0661026    0.0693203    0.0120079    0.0752241    0.0891598   -0.0604773     -0.07414    0.0250868    0.0519621    0.0440809     0.124479   0.00534325   -0.0701001     0.135507    0.0872594     0.102058     0.130668     0.086723   -0.0996981     0.101004   0.00357903   0.00941994    0.0443087     0.101776    -0.031973     0.167111  -0.00657807    0.0380757    0.0928827      0.12807   -0.0756905    0.0876533    0.0406061    0.0318774     0.153598     0.162606    0.0277682    0.0888675    0.0394411    0.0672715     0.166693   -0.0982991   -0.0358119   -0.0478337     0.100614     0.206529
  -0.0218924    0.0666756      0.21398     0.121397    0.0580317       0.1836   -0.0273565    0.0694086     0.128414    0.0456673   -0.0302806     0.154611    -0.123943    0.0188675     0.129473     0.155674   -0.0683177     0.038669    0.0735255    -0.099076    0.0559371  -0.00781578    0.0594033    0.0361034   -0.0169773    -0.099754    0.0891435   -0.0321721    0.0131849     0.123659    0.0157941  0.000333954   0.00211069   0.00428778    0.0957605     0.168052    0.0590554    0.0710147   0.00866187      0.11359   -0.0171832     0.156144    0.0427593    0.0940608    0.0799352     0.156656     0.111099    0.0910814
  -0.0252076     0.122561     0.235387     0.149963      0.15237    0.0555839    0.0108173      0.13644     0.115816    0.0320257    0.0527431    0.0326411    -0.061212    0.0691118    0.0495835     0.123163     0.121054   -0.0225997   -0.0208044   -0.0224454     0.129671      0.11305    0.0585967   -0.0540441   -0.0934931     0.101573     0.193352     0.055057    0.0385515   -0.0309291  -0.00349869    0.0245749    0.0924669    0.0962414     0.012444   -0.0324226   -0.0481611     0.123249     0.158945     0.134814     0.097755   -0.0381196   0.00905884    0.0357912    0.0386122   0.00771674   -0.0352732    0.0369369
  -0.0709229    0.0883068     0.236424      0.20142    0.0683813     0.096681    -0.020455     0.146851    0.0914869    0.0514928    0.0195764     0.177937    -0.139472    0.0970556    0.0577172    0.0240642     0.067508    0.0745601  -0.00829067    -0.119024     0.139997    0.0500479    0.0260355    0.0863676    0.0379043   0.00732709    0.0925279   -0.0745469     0.125238     0.126966    0.0895359    -0.001911   -0.0649747   -0.0478753     0.131437    0.0880979   0.00326367    0.0614708     0.120505     0.092614    0.0095844    0.0712928   -0.0834386     0.184176    0.0887913      0.16834    0.0369227    -0.126316
    0.214444    0.0892422    0.0618767     0.100076     0.017088     0.208138    0.0801941  -0.00973991    0.0825315   0.00814182    0.0151946    0.0583693    0.0536224     0.114641   0.00385649    0.0138638    0.0796066    0.0581846     0.139015    0.0520113     0.016304    0.0588732    0.0214291    0.0232426     0.154347    0.0352132     0.076911   -0.0384179   0.00411365     0.133602     0.150563    0.0293186   -0.0507963   -0.0493584    0.0769753      0.10394     0.111474     0.113971    0.0162177    0.0238029   -0.0199681     0.107025    0.0882722     0.167916   -0.0276333   0.00632165    0.0912022    0.0718987
 -0.00916034    0.0294839    0.0793154     0.143706     0.121017    0.0117217    0.0608213    0.0813162    0.0733858      0.12265    0.0354562    0.0786509   -0.0202673    0.0439272     0.113903     0.116193    0.0737636    0.0497215  -0.00830473    0.0665802     0.020422    0.0759424  -0.00687421   0.00410467    0.0463951     0.030228   -0.0257134    0.0631518   -0.0179533    0.0575993    0.0110669     0.089897     0.127831     0.104798   0.00827497    0.0159995   -0.0169055    0.0793067     0.144064     0.120512    0.0149141    0.0328209   -0.0676141     0.100305     0.255222     0.137284    0.0838257    0.0605945
    0.114069    0.0595317   -0.0588407   -0.0121629    0.0261299    0.0176606     0.109994    0.0488264    0.0364562    0.0312347    0.0393202  -0.00575013     0.197962    0.0948024    0.0181298    0.0562187   -0.0375044    0.0692977     0.247398    0.0834345     0.115456   -0.0997249     0.141037     0.134011     0.208841    0.0425861    0.0108454    0.0519746    0.0975958     0.108834     0.233569   -0.0786015    -0.027279   -0.0454539    0.0322814    0.0580219     0.140391   0.00863139    -0.046197   -0.0296395   0.00358132    0.0575328     0.190032    0.0619365   -0.0780144    -0.039517    0.0531005     0.123986
   -0.103187    0.0433889     0.161242     0.159864     0.092895    0.0489148   -0.0286056    -0.027222    0.0190702     0.101283  -0.00401901     0.156059   0.00623845    0.0103559    0.0696219    0.0138704  -0.00962661     0.126608   -0.0367965     0.156074    0.0773401    0.0914248     0.129653    0.0819914    0.0552925    0.0352008    0.0329111     0.135956     0.117367    0.0544017  -0.00642894    0.0486703   -0.0118823     0.150783    0.0244245    0.0267123    0.0413959     0.166046   -0.0597904    0.0593275     0.154864    0.0383795    0.0863734    0.0106668     0.045763    0.0485305    0.0779256    0.0596047
   0.0143436    0.0535417     0.117136    0.0941303     0.154846   -0.0420967    0.0727654    0.0563307     0.110527     0.136167    0.0670225    0.0197909    0.0532258   -0.0131442     0.107772     0.117919    0.0837564   -0.0152097    0.0215111  -0.00466278    0.0682037     0.116991   -0.0994705     0.059593     0.089686     0.134031   -0.0642726    0.0887387    0.0183551    0.0270035    0.0529773   0.00842259    0.0534018    0.0761195    0.0185478     0.113004  0.000115654    -0.103691     0.143041     0.147973    0.0168534    0.0990839    -0.109831      0.12077     0.196215     0.105827     0.176907     -0.05768
   -0.197807   -0.0999738    -0.147513    -0.105121     -0.18911    -0.121535    -0.142142    -0.162379     -0.12955    -0.142577    -0.152685     -0.15215    -0.145129    -0.116309   -0.0786358   -0.0802262   -0.0903516   -0.0969413    -0.146699    -0.125927    -0.131827    -0.130618    -0.195445   -0.0788904   -0.0744071    -0.106934    -0.117308    -0.146437    -0.191725   -0.0646852    -0.125737    -0.114875    -0.161898    -0.170822   -0.0938733    -0.138144   -0.0553659   -0.0881086    -0.114649    -0.125904    -0.102509    -0.105743
  -0.0334105     -0.24538    0.0634785   -0.0711945    -0.109652    -0.276706   -0.0180404    -0.419883    -0.276869   -0.0109268    -0.152062     0.269777    -0.181401    0.0663257    -0.270912   -0.0204957    -0.150901    0.0521438    -0.392063    0.0697994    0.0690437   -0.0322685   -0.0903125   -0.0512465     0.104051  -0.00393464   -0.0639789    -0.449744   -0.0199741    -0.142035     0.123009   -0.0359437   -0.0781022     -0.47249    0.0356213    0.0817994     0.104406    -0.245584   0.00350065    -0.276676    -0.196627   -0.0252421
    0.046477    -0.278436    -0.181531    -0.191754    -0.320804    -0.258519    0.0195904    -0.174832   -0.0366472    -0.201079    -0.118175   0.00262754    -0.123692     0.184748   -0.0381398    -0.133128    -0.118421    -0.187979     0.057862    0.0195552   0.00942376    0.0303286   -0.0112611   -0.0689827    -0.248596   -0.0470192   -0.0242898    -0.148494  -0.00797366    -0.386886   -0.0705798   -0.0650263   -0.0809986 -0.000211096    -0.148382    0.0134382   -0.0747164    -0.156996    -0.113717    -0.301133   -0.0980111    -0.133869
   0.0260103   -0.0969306    -0.125949      -0.1856    -0.100369    -0.145502    -0.109161    -0.167737   -0.0776097    -0.209106    -0.158409   -0.0455767     -0.15133   -0.0109594    -0.117515    -0.127885    -0.122044    -0.146002   -0.0534859   -0.0246653   -0.0814982     -0.15565    -0.063002   -0.0955713    -0.218216    -0.130126    -0.183192   -0.0706783   -0.0334669    -0.240049    -0.104833    -0.144832    -0.197487    -0.132664  -0.00825337    -0.048516   -0.0452159   -0.0603716    -0.120064    -0.122467    -0.178898    -0.137482
   0.0207421    -0.127384    -0.115198    -0.187883  0.000457292  -0.00316751    0.0157279    -0.135906   -0.0351752   -0.0770383   -0.0215594    -0.136859    -0.102512    0.0866807   -0.0211909    -0.259647   -0.0213216    -0.188977   -0.0432428    -0.146061   -0.0782993    -0.210434    0.0576518    -0.211608    -0.147426    -0.175527    -0.136436    -0.185833    -0.131811   -0.0874544    -0.135006    -0.190749   -0.0905807    -0.177461    -0.183059    -0.195904    -0.179688     -0.21468   -0.0757978    -0.180739   -0.0539157   -0.0470327
   -0.167083   -0.0943919    -0.153232   -0.0837726     -0.12715    -0.152674    -0.136879   -0.0953879    -0.170051    -0.101899    -0.128243    -0.184403    -0.101506    -0.164952   -0.0710107    -0.112438    -0.132102    -0.119407    -0.214516   -0.0967245    -0.110256   -0.0680971    -0.124267    -0.181224   -0.0917302    -0.115134    -0.059679   -0.0940024    -0.148241   -0.0933531    -0.121186    -0.156191    -0.156118    -0.123502   -0.0761476    -0.117361    -0.135453   -0.0760623    -0.176766    -0.121265   -0.0968571   -0.0977599
   -0.102259    -0.117621    -0.134776   -0.0851664    -0.121278    -0.112705   -0.0777935    -0.114146    -0.181355   -0.0974029    -0.126601    -0.191311    -0.158981    -0.239103    -0.123593    -0.155885    -0.120778    -0.102584    -0.261916     -0.15425    -0.178539    -0.139554    -0.106406     -0.12808   -0.0134034    -0.129846   -0.0648228    -0.127493    -0.162906  -0.00251572   -0.0800694    -0.125848     -0.11095    -0.151371   -0.0833674     -0.15179   -0.0253722   -0.0429996    -0.160294   -0.0698149    -0.131846   -0.0499957
     0.05889    -0.271815   -0.0752685  -0.00203537    -0.185358    -0.254592    -0.114067    -0.252218   -0.0104894    -0.339369    -0.257336    -0.117248    -0.237078     0.137852   -0.0678906    -0.132654   -0.0929104   -0.0488822   -0.0550568     0.079225     0.129327    0.0407969    0.0204259   -0.0715774    -0.173452    -0.114818   -0.0136713   -0.0909246   -0.0467843    -0.286888    0.0228259    -0.231366    -0.283266   -0.0949376   -0.0365246    0.0553006    0.0164158    0.0359068    -0.140007    -0.281823    -0.117765    -0.204257
   -0.127184    -0.108386    -0.106108   -0.0869798    -0.187026    -0.151798   -0.0874585    -0.129667   -0.0920506   -0.0948585    -0.169998   -0.0618833   -0.0889302   -0.0888698   -0.0668917   -0.0696577    -0.152813    -0.129141    -0.119938   -0.0803475    -0.082981    -0.127109    -0.110385    -0.173876    -0.269665    -0.127485    -0.209764    -0.159735      -0.1362     -0.23703    -0.102136    -0.083251   -0.0819225   -0.0948912    -0.173496   -0.0510035   -0.0334635    -0.158243    -0.124374    -0.165413   -0.0511237   -0.0650871
   -0.188728    -0.117565   -0.0574444   -0.0504623    -0.211969    -0.148187    -0.127395   -0.0268298    -0.156083    -0.245307      -0.2062    -0.119453    -0.150172    -0.121833   -0.0619021   -0.0684818    -0.153842   -0.0973734    -0.191587    0.0573695   -0.0614971    -0.131291    -0.187893    -0.108396    -0.100221    -0.083844    -0.161878    -0.178415    -0.106765    -0.143261   -0.0735331   -0.0910016     -0.12431    -0.182581    -0.111063    -0.133017 -0.000877147    -0.181844   -0.0883439    -0.098445   -0.0515567   -0.0772297
   -0.134255    -0.109683    -0.140505    -0.163189   -0.0999386    -0.101609   -0.0415323   -0.0999139   -0.0683309    -0.110636    -0.114483    -0.136723   -0.0695203    -0.107273   -0.0762917    -0.152979     -0.10652    -0.185821    -0.131128    -0.151983    -0.106935    -0.157704    -0.172365    -0.174263   -0.0771917   -0.0677991    -0.201189     -0.14718    -0.186553    -0.100446    -0.161257    -0.158618   -0.0758884   -0.0549451   -0.0356206    -0.167173    -0.171044    -0.112919    -0.110009    -0.091847     -0.14365    -0.126092
   -0.145891   -0.0647038    -0.137071    -0.131533    -0.125965    -0.123742      -0.1842   -0.0990239    -0.151431    -0.131619    -0.171732    -0.151476    -0.132213    -0.188271    -0.157657    -0.122607    -0.121182   -0.0968934    -0.153916    -0.135214    -0.128456   -0.0857019    -0.207157    -0.160696   -0.0798622    -0.101854    -0.154987     -0.12975    -0.174286    -0.144766    -0.130507   -0.0756569   -0.0820682     -0.12163   -0.0794271   -0.0988505   -0.0580807   -0.0983155    -0.123569   -0.0780848    -0.109608   -0.0844853
   -0.279695    -0.113181     -0.15444   -0.0419831    -0.113279    -0.104749    -0.137558    -0.180446    -0.254593   -0.0672037   -0.0994297    -0.133845   -0.0202186     -0.28775    -0.141951   -0.0280858    -0.101604   -0.0691703    -0.200217    -0.058747    -0.219763   -0.0421319    -0.115992    -0.112884   -0.0575508    -0.169046   -0.0269942    0.0238209    -0.216329    0.0118269   -0.0511794    -0.151961   -0.0276917     -0.14729    -0.162065    -0.162465    -0.117749    -0.131554   -0.0401247   -0.0976631    -0.167071   -0.0523028
   -0.259576    -0.029093   -0.0839965    -0.102805     -0.13903   -0.0972274    -0.163722   -0.0995335    -0.155469     -0.11605    -0.159231   -0.0946136    -0.138605    -0.200305    -0.108184   -0.0751688    -0.101768    -0.138959    -0.191563   -0.0712556    -0.202331    -0.108239    -0.137093    -0.151848   -0.0745495    -0.124607    -0.127299   -0.0265568     -0.19362   -0.0614835    -0.140591    -0.143865    -0.122067    -0.129486   -0.0535495    -0.185643    -0.108887   -0.0721644    -0.126853   -0.0483426    -0.104772   -0.0841693
   -0.164304    -0.110558    -0.163378   -0.0752287   -0.0941378    -0.145846    -0.108988    -0.103479    -0.153686    -0.101395   -0.0974358    -0.116816   -0.0720331    -0.151951     -0.19846   -0.0831182    -0.155497    -0.106579    -0.138224     -0.12973    -0.125058    -0.115218    -0.175127     -0.14177    -0.113734      -0.1634   -0.0741993    -0.134003    -0.101843    -0.102864    -0.130293     -0.18386    -0.157389     -0.17181   -0.0890274   -0.0947712    -0.189066    -0.124463   -0.0899085   -0.0877665   -0.0933382    -0.109769
   -0.120439    -0.143827    -0.178529   -0.0511181   -0.0975595    -0.119625    -0.108735   -0.0492491   -0.0555131   -0.0909038   -0.0897204    -0.223084   -0.0536998    -0.164739    -0.127671    -0.085432    -0.177235    -0.165645    -0.140681   -0.0850331   -0.0530089   -0.0693941    -0.116974    -0.137164    -0.237628    -0.137289    -0.121245   -0.0172424     -0.11905    -0.128462   -0.0623971    -0.115281    -0.171262   -0.0560366     -0.18233    -0.133617    -0.178799   -0.0595032    -0.188365    0.0194444    -0.117825    -0.204611
   -0.207434    -0.113971    -0.204049    -0.118499    -0.154429    -0.187238    -0.118683   -0.0522151    -0.166681   -0.0542197    -0.152113    -0.133069     -0.12452    -0.249404    -0.127382   -0.0984319    -0.101719    -0.121582    -0.160556   -0.0626068     -0.12092    -0.134874    -0.201103    -0.153575       -0.107    -0.118544   -0.0823635   -0.0615309   -0.0891789    -0.091358   -0.0516228   -0.0753785    -0.129698    -0.160175   -0.0496664   -0.0852466   -0.0887022    -0.112684    -0.145149    -0.133126    -0.074186    -0.103083
   -0.157997   -0.0513746   -0.0875358    -0.115787    -0.118011    -0.115244    -0.211294    0.0244434   -0.0203089   -0.0185059     -0.12639    -0.200266   -0.0373305    -0.164849    -0.032404   -0.0848833    -0.135968   -0.0924945   -0.0729846    -0.213376    -0.121377    -0.256142    -0.220437    -0.101137    -0.148658   -0.0374424    -0.250742   -0.0958035   -0.0905212   -0.0860796    -0.202717   -0.0228309    -0.153417    -0.026297   -0.0587993    -0.235534     -0.13208   -0.0245063    -0.200606   -0.0200896   -0.0778964    -0.211162
  0.00838215    -0.162897   -0.0298804   -0.0979825    -0.197589    -0.242955  0.000874157    -0.105407   -0.0884321    -0.305527    -0.115984   -0.0829928   -0.0973042   -0.0707627    -0.116865    -0.156045   -0.0182727    0.0130658    -0.131521   -0.0155685    -0.236008   -0.0680258     0.156764    -0.112122   -0.0491157    -0.195318    -0.182284   -0.0447577    -0.295973    -0.161975     0.023511    -0.249115    -0.199936   -0.0518744    0.0183394  -0.00324424   -0.0853685      -0.3013     0.049218    -0.358432    -0.024299    0.0992582
    0.134303   -0.0677183    -0.252493   -0.0825204   -0.0375707    -0.166475    0.0541966     -0.19305   -0.0660311    -0.337529    -0.163819    -0.138681    -0.120142     0.144314    -0.204759    -0.243342   -0.0165494    -0.109866   -0.0368217   -0.0835664     0.050202  -0.00594791   -0.0822812  -0.00671216    -0.147879    -0.169335    0.0211504    -0.205917   -0.0687735    -0.279827   -0.0860728    -0.292663    -0.213161    -0.136387    0.0138939   -0.0593027    0.0640328     -0.17066    -0.044373    -0.259568    0.0495464    -0.190725
  -0.0847873   -0.0244604   -0.0728183    -0.148883   -0.0636502    -0.126733    -0.171202   -0.0915627   -0.0943099  -0.00334779    -0.078591    -0.132174   -0.0798472    -0.243357     -0.16168    -0.199869    -0.178065    -0.185435    0.0158569    -0.295267   -0.0783653    -0.232295    -0.199652   -0.0874811   -0.0486683    -0.122973   -0.0808853  -0.00804054   -0.0422855   -0.0111749     -0.25212   -0.0741669   -0.0810152    0.0142542   -0.0281251    -0.150474    -0.197267   -0.0556033    -0.173382    0.0378665    -0.192037    -0.207962
   -0.263993    -0.100066    -0.101601    -0.134445   -0.0197222   -0.0592839    -0.158802    -0.172563    -0.288576     0.140671   -0.0712576   -0.0524469   -0.0739865    -0.344498    -0.261562    0.0222258   -0.0750007     -0.17862  -0.00349613    -0.339309    -0.203902    -0.195097    -0.010082   0.00336466     0.112307    -0.125172   -0.0321106  -0.00666254    -0.204689     0.113339    -0.216663   -0.0755261   -0.0194425    0.0409717     -0.16799    -0.255686    -0.271658    -0.035579    -0.142306    0.0457572    -0.237136    -0.126775
  -0.0165057    -0.153369     -0.16321    -0.180958  -0.00529772   -0.0913072     -0.01851    -0.142437   -0.0189863    -0.117733    -0.115612    -0.109909   -0.0973342    -0.183668    -0.108919    -0.161516   -0.0752667    -0.122352   -0.0682524    -0.173576   -0.0911208    -0.121523   -0.0680412    -0.159901    -0.163088    -0.240231   -0.0763386    -0.120603     -0.10697   -0.0971499    -0.246378   -0.0929645   -0.0763141    -0.068144    -0.190666    -0.131624    -0.117666    -0.147446    -0.196052     0.016204    -0.160308    -0.118922
  0.00385256    -0.154305    -0.240003    -0.137927   -0.0354183   -0.0137148    -0.026956   -0.0660247   -0.0813286   -0.0527878   -0.0636768    -0.167635   -0.0610287    -0.196071     -0.16076    -0.197025    -0.147936    -0.158245    -0.030291     -0.19782    -0.103805   -0.0524735     -0.13767    -0.125264    -0.138843    -0.174987   -0.0793079   -0.0701478   -0.0536757    -0.104187    -0.210887   -0.0631727   -0.0459492    -0.114862    -0.221626    -0.142504    -0.152531    -0.088053    -0.233383    0.0247462    -0.161988    -0.185799
   -0.317729 -0.000510037   -0.0826984   -0.0586461    -0.131701   -0.0793704    -0.181937   -0.0682675    -0.238012   -0.0597917    -0.166965    -0.111936    -0.116963    -0.232213     -0.13007   -0.0654508   -0.0855576   -0.0926317    -0.234082   -0.0484446    -0.241563     -0.13866    -0.241235    -0.142915   -0.0272573   -0.0593006     -0.12241   -0.0417563    -0.199044   -0.0831106    -0.153516   -0.0880468   -0.0840765    -0.100623     -0.10177     -0.19674   -0.0193761    -0.141998   -0.0807345   -0.0592885   -0.0665713   -0.0466335
  -0.0946232    -0.128368    -0.133999   -0.0493669   -0.0408714   -0.0832682    -0.143366    -0.154957    -0.141042     -0.15395    -0.160421      -0.2007    -0.143371    -0.187056   -0.0990003   -0.0242314    -0.170801     -0.12928  -0.00860929    -0.119266    -0.219636   -0.0658648   -0.0920715    -0.155457   -0.0901144    -0.192056    -0.167047   -0.0900229     -0.10884   -0.0216442    -0.179241    -0.101632     -0.12455   -0.0638946    -0.184855   -0.0605146    -0.115323     -0.11458    -0.222807  -0.00134686   -0.0460607    -0.181665
   -0.128781    -0.111701   -0.0390737    -0.132449    -0.186516    -0.100122    -0.108927    -0.168211    -0.183003    -0.138871    -0.151653     -0.11598   -0.0943558   -0.0908504    -0.118548   -0.0977319    -0.162285    -0.185388    -0.071636    -0.102656   -0.0884123   -0.0913401    -0.159546    -0.125853    -0.140901     -0.11708    -0.175378   -0.0691684    -0.143168    -0.121118      -0.1418    -0.123136   -0.0740627    -0.111403    -0.154741   -0.0865269    -0.101876    -0.137251    -0.127336   -0.0861516    -0.111879    -0.152815
    -0.13458   -0.0981496   -0.0757956   -0.0977234   -0.0981895   -0.0576776   -0.0531184    -0.142453   -0.0805354    -0.113639    -0.133651    -0.179415    -0.170964    -0.142019    -0.149366   -0.0766195    -0.173208    -0.187471   -0.0252898   -0.0918194    -0.176404    -0.115784    -0.144084    -0.150946    -0.111802     -0.14586    -0.133565    -0.105543    -0.166196      -0.0568    -0.172173   -0.0821281    -0.108803    -0.126748    -0.141099    -0.118361    -0.124972    -0.182674     -0.18128    -0.119153   -0.0669028    -0.141438
   -0.253501   -0.0960867    -0.119011   -0.0472643    -0.233637    -0.141814    -0.156137   -0.0833995    -0.176772    -0.161111    -0.166852    -0.171368   -0.0459608    -0.120635   -0.0773931   -0.0358138    -0.130329   -0.0246575    -0.207454   -0.0947754    -0.102854   -0.0412344    -0.194204    -0.182523   -0.0892338   -0.0693721   -0.0673765   -0.0694036    -0.166091    -0.149935   -0.0433628    -0.049423    -0.155506    -0.193953    -0.104145    -0.146547    -0.105095    -0.110076   -0.0943843    -0.168695   -0.0506033    -0.116983
   -0.358343    0.0144701   -0.0970849   -0.0396558   -0.0924145   -0.0811671     -0.24763   -0.0458193    -0.164256    0.0131148    -0.143047   -0.0801304   -0.0937316    -0.235164    -0.115648   -0.0613088    -0.114949    -0.114639    -0.250678    -0.180763    -0.190118    -0.290901    -0.219253   -0.0368427   -0.0310902    -0.024353    -0.210803   -0.0281642    -0.151184    0.0451876    -0.173746   -0.0603832   -0.0602718   -0.0453836   -0.0355619    -0.302827   -0.0616254   -0.0449911   -0.0762225   -0.0967713    -0.139574   -0.0554211
   -0.257364  -0.00786067    -0.140349   -0.0604863    -0.121885    -0.141438    -0.178591    -0.115321    -0.152071    0.0223541    -0.184836    -0.093659   -0.0882445    -0.200787    -0.125241    -0.103321   -0.0553608   -0.0990153   -0.0890348    -0.204516      -0.2054    -0.234727     -0.15021    -0.087965   0.00911079   -0.0858308    -0.182215    -0.109846    -0.160543    0.0242653    -0.169772   -0.0576263    -0.104436   -0.0195595   -0.0728511    -0.260555    -0.101642   -0.0166098   -0.0839852    -0.101435    -0.143812    -0.100568
   0.0205295    -0.287162    -0.132853    -0.201316   -0.0756605    -0.051831    -0.231633   -0.0140112   -0.0603298    -0.231098   -0.0746476   -0.0709879    -0.277865     0.130842   -0.0520077    -0.113585    -0.193667    -0.010884    0.0812697    -0.110202   -0.0928639    -0.133263     0.129991    -0.186947   0.00982688   -0.0565102  -0.00499984    -0.254486    0.0477744    -0.190894  -0.00903098   -0.0425611   -0.0806924    0.0175354    -0.353485    -0.133791    -0.289732    -0.197841   -0.0239913    -0.215461    -0.132065   -0.0350254
  -0.0503685    -0.168203     -0.10471    -0.178867   -0.0552012    -0.140938    -0.114814    -0.184072    -0.129624   -0.0654829    -0.129659   -0.0344999   -0.0941804    -0.110516    -0.151279    -0.165959     -0.18199    -0.223762    -0.049344    -0.117157   -0.0430718    -0.058326   -0.0699961    -0.107118    -0.060393   -0.0904113   -0.0252878      -0.1622    -0.104145    -0.131698    -0.130235   -0.0984332    -0.109223    -0.168062    -0.180658    -0.118963   -0.0880637    -0.106196    -0.173671   -0.0686357    -0.237142    -0.136143
     0.32694    -0.159052     0.266776    -0.298891     0.128517     0.111422     0.147621   -0.0309005    0.0974213    0.0828235   -0.0586508    0.0574758    -0.134265     0.246513   -0.0184603    -0.156068    -0.078208    -0.135902     0.240001    -0.278144     0.107895    -0.179221     0.161161    -0.307695    -0.319566    -0.114224    -0.317591    -0.526187    -0.275351    -0.494934    -0.157129    0.0335745   -0.0981382     0.062961    -0.203177   -0.0720333    -0.380493    -0.208284    -0.151744   -0.0540797    0.0906028    -0.341728
  0.00948095    -0.184122   -0.0743868    -0.270412    0.0410974   -0.0600876    -0.306167   -0.0571295    -0.064494    -0.253505    -0.126024    -0.041574    -0.198064     0.141457   -0.0261445   -0.0678778    -0.157406   -0.0770418    0.0126871   -0.0767359    -0.177358   -0.0875348     0.047342    -0.162277  -0.00245383   -0.0696021    -0.018133    -0.256714    0.0358822    -0.111538    0.0162746    0.0633116     -0.10688   -0.0914787    -0.346889   -0.0938376    -0.290363    -0.203382   -0.0605244    -0.214359    -0.254606   0.00681331
  -0.0788754    -0.154382     -0.18519    -0.115398    -0.210628    -0.186472   -0.0599551    -0.151685   -0.0957152    -0.152906    -0.149303     -0.14678    -0.140723   -0.0755955    -0.138014    -0.162689    -0.164208   -0.0804005   -0.0720879    -0.102369    -0.032995   -0.0846105   -0.0144026   -0.0642436   -0.0425914    -0.122087   -0.0795873   -0.0640836   -0.0846946    -0.148075   -0.0466767    -0.193314    -0.209994     -0.06085   -0.0863731    -0.096231    -0.142076    -0.119515   -0.0935971    -0.214003    -0.128622    -0.151039
