no weights
   0.0660834    0.0390727    0.0708998    0.0152769    0.0130807    0.0413746  -0.00635249  -0.00469503     0.074785 -0.000153398    0.0285565    0.0775409   0.00705635    0.0616219    0.0134887    0.0382881    0.0346085     0.071188    0.0692441    0.0504429    0.0428788    0.0750562   -0.0218399   0.00693137    0.0287839    0.0618859    0.0656006    0.0666557    0.0224333   0.00507292    0.0265575     0.111067     0.093515    0.0593699   -0.0184707    0.0394914    0.0259675    0.0580132    0.0304224    0.0136694   -0.0217044      0.10946    0.0784867    0.0903447     0.135001    0.0519597   0.00186315     0.115648
   0.0264703     0.084552    0.0793434   0.00372286   0.00350737    0.0759111     0.034596    0.0565711    0.0359935    0.0241134    0.0964653     0.062703     0.079965   0.00193499     0.055806    0.0853759    0.0109223     0.110712    0.0828194    0.0414721   0.00863125    0.0895134    0.0753354    0.0423588    0.0684251    0.0599697    0.0231917     0.111846     0.064617    0.0572683    0.0460637    0.0943358    0.0638178    0.0773571    0.0423025    0.0944793    0.0624851     0.027315    0.0881174    0.0865562  -0.00860477       0.0252   -0.0125451      0.11777    0.0605652    0.0738829  -0.00215316    0.0637645
   0.0681409    0.0984035    0.0107234    0.0356407    0.0206478     0.100545    0.0907345    0.0551105    0.0342343   -0.0110732    0.0599076    0.0800427    0.0239103      0.09607  -0.00106013    0.0691582    0.0740931   -0.0380343    0.0659158    0.0844249    0.0971255    0.0996671    0.0429175    0.0688175   0.00913432   0.00686697    0.0688446     0.062519    0.0951796     0.036115  -0.00493938    0.0803601    0.0518428    0.0299749    0.0682124    0.0246825    0.0507049    0.0818697    0.0769881    0.0727405    0.0329596    0.0974385    0.0440448     0.107292     0.083573    0.0727301    0.0962327   0.00970237
   0.0867714     0.110711    0.0851383    0.0498398    0.0557243     0.101308    0.0187253    0.0269978   0.00190414    0.0708489     0.015018    0.0936025   0.00127334     0.102598    0.0572841     0.105379    0.0703635    0.0281304     0.108619   0.00181876    0.0101788    0.0288647  -0.00204143  -0.00344392    0.0159042    0.0453256     0.113513    0.0778841    0.0572719    0.0397933    0.0671944    0.0977355  -0.00510877    0.0962257    -0.021913    0.0303781    0.0904923     0.113016    0.0580911    0.0260128    0.0440459    0.0845444    0.0611296     0.092605   -0.0155425    0.0784558    0.0371915     0.100592
    0.121491    0.0655539      0.12313    0.0439504    0.0460126    0.0209461    0.0699694    0.0399024     0.114718   -0.0124467    0.0443297    0.0529001    0.0717713    0.0936855    0.0431814    0.0166498     0.063292    0.0455807   -0.0167718    0.0366862    0.0475703     0.119423    0.0889465  -0.00139079    -0.019095     0.123155    0.0390921     0.106974  -0.00228255    0.0751683    0.0588598    0.0460663    0.0309785    0.0336359   -0.0247502   -0.0159278    0.0450524    0.0517446     0.147596    0.0638216    0.0247274  -0.00518654     0.104407    0.0926296    0.0411549    0.0201455    0.0371616    0.0441127
   0.0889938  -0.00260294    0.0717649    0.0641045    0.0614235    0.0201412    0.0583846    0.0790206     0.111092    0.0916919  -0.00663876    0.0758299      0.11003    0.0603101    0.0225364    0.0391734   -0.0107017    0.0347104     0.131853    0.0289607     0.103374    0.0925158    0.0641148    0.0649956    0.0379788    0.0696145    0.0703049      0.08206    0.0718779     0.030946    0.0371364    0.0729902    0.0354967  -0.00168247   0.00714385    0.0651924     0.087977    0.0307255    0.0829069    0.0502687    0.0338179    0.0985462      0.10205    0.0968134     0.102741    0.0709504    0.0832931    0.0402954
   0.0375108   -0.0105209    0.0295293   -0.0265602    0.0141708    0.0664945  -0.00395578     0.051342    0.0716883    0.0477095    0.0189594   -0.0425368   -0.0325171    0.0419791     0.119931    0.0662664     0.015331   -0.0358529    0.0156796   0.00635809    0.0530688    0.0234171   -0.0260396   -0.0260378   -0.0375427    0.0615948    0.0960597    0.0649117    0.0761808   -0.0458377   -0.0376872     0.117582     0.141841    0.0863563    0.0403873    0.0398399   -0.0172267  -0.00537452    0.0901335    0.0569583   -0.0221673    0.0377988    0.0633107    0.0542299     0.120745    0.0622136    0.0297617    0.0907481
   0.0503976      0.03746  -0.00262379    0.0134164    0.0574712    0.0244397    0.0496688    0.0757045    0.0628157   -0.0183799    0.0688768    0.0168711    0.0427435     0.025206    0.0319439    0.0270249    0.0541969    0.0899088    0.0402039    0.0381273    0.0432702     0.032294    0.0811357    0.0236712    0.0948314    0.0565089    0.0883355    0.0440522   0.00254845    0.0523068    0.0412232     0.066865    0.0392178    0.0650838    0.0378965   0.00358651    0.0752265    0.0738898    0.0490706   0.00894032     0.106055    0.0504129   0.00977242     0.109721    0.0187689    0.0827218    0.0749352    0.0161538
   0.0378531   0.00292878     0.038983    0.0321167    0.0106925    0.0591122      0.13228    0.0297622    0.0303287     0.063424    0.0210003    0.0848225     0.078525    0.0938274     0.083119    0.0265888    0.0636563     0.062324    0.0523821   0.00806996   0.00554971    0.0548066      0.10191     0.110446     0.127538    0.0196911    0.0473058    0.0168774     0.110253     0.102334     0.111006  -0.00194689     0.027409    0.0403698     0.088003     0.090469    0.0347247    0.0109659    0.0155492      0.10745    0.0358261    0.0477979    0.0898325    0.0385661    0.0356092    0.0193056    0.0900022    0.0289611
   0.0193965    0.0171064    0.0191817    0.0981832   0.00713603    0.0092491    0.0419178    0.0848212    0.0575931    0.0116654    0.0109316    0.0866587    0.0758368    0.0884302  -0.00546529    0.0994519    0.0636544    0.0797688    0.0522233    0.0409154    0.0149139    0.0916474    0.0245752    0.0505187    0.0906204    0.0253687    0.0749457     0.116325   -0.0111909    0.0598107    0.0576697    0.0403471    0.0069137     0.102567    0.0829344    0.0366418     0.029511     0.115448   -0.0108829    0.0228157    0.0540399    0.0191303     0.108848    0.0518437    0.0207643      0.10141     0.108624     0.136622
  0.00407688   -0.0106855    0.0712643    0.0307415    0.0270138    0.0543454    0.0361029    0.0561413     0.080409    0.0842352    0.0264419    0.0219288    0.0121876     0.075263    0.0907235    0.0924666    0.0257245    0.0143524     0.025087    0.0925833    0.0364037     0.122875    0.0948758   0.00307957   -0.0270757  -0.00360214    0.0425547    0.0715629    0.0313832    0.0469702   -0.0112261   0.00411147    0.0718796    0.0931385    0.0210399    0.0336739    0.0322541     0.023495    0.0284465    0.0262791    0.0355734    0.0520202    0.0612208    0.0857434     0.113647    0.0454265  -0.00588216    0.0704834
   0.0422691     0.128753    0.0972781     0.111102    0.0416644    0.0794873    0.0767324      0.05917     0.035334  -0.00413664    0.0754453    0.0901675    0.0272094     0.069503    0.0509879    0.0160279    0.0696668    0.0719095    0.0825022      0.02943    0.0606448     0.118207    0.0310067    0.0155731    0.0145275    0.0974244      0.13716    0.0957113    0.0517307    0.0889959   -0.0149495      0.09246   0.00832722    0.0494707    0.0315769    -0.013485    0.0674965    0.0680244    0.0979164    0.0375149    0.0294492    0.0699244    0.0172841    0.0182025    0.0668157    0.0194598    0.0635408   0.00830049
   0.0239788    0.0122375    0.0324695    0.0577917    0.0288623    0.0248084   0.00291638    0.0417402    0.0554689  -0.00661516    0.0677698     0.043504   -0.0157783    0.0176692    0.0704197    0.0646839    0.0993122    0.0271711    0.0428741  -0.00220421    0.0919455    0.0245028     0.094646      0.10673    0.0944319    0.0536961    0.0588675    0.0760699    0.0997911    0.0991014    0.0293566    0.0708422    0.0168595    0.0334561    0.0832501    0.0912452    0.0548502    0.0732484     0.106293     0.041207    0.0451624    0.0203641     0.054065    0.0959085    0.0457148    0.0800277     0.018963    -0.025555
   0.0441615    0.0956767      0.05097    0.0376544    0.0820877    0.0726385     0.112918     0.057039    0.0763499    0.0703879    0.0219523    0.0135218     0.120442    0.0572733    0.0107779    0.0843646    0.0913868     0.082781    0.0470304    0.0515694   0.00669304     0.114088    0.0545402    0.0624379   0.00101698    0.0523551    0.0331037    0.0720357    0.0750542    0.0669193   0.00790841    0.0151053    0.0990958   0.00656125    0.0407401    0.0177888    0.0603901    0.0263787    0.0163278   0.00211872    0.0755199    0.0582359    0.0743673    0.0908642     0.094349     0.106379      0.02194    0.0786218
   0.0905887     0.100342    0.0937643     0.124062    0.0483708     0.085812    0.0643323    0.0218199    0.0179261    0.0698021      0.08759    0.0282122     0.092364    0.0487082    0.0684445    0.0873974     0.054483     0.023913    0.0673588    0.0145482  -0.00831732    0.0677845    0.0777765    0.0278733    0.0181269    0.0444858    0.0668777    0.0988399    0.0154105     0.091379    0.0630242     0.104804    0.0181344    0.0744591    0.0301986     0.107218    0.0782821    0.0975064   0.00287862    0.0640704    0.0653184    0.0780638  -0.00773724    0.0609161    0.0587535    0.0920828    0.0979386    0.0524852
    0.110515    0.0427758    0.0282414    0.0294996    0.0194847    0.0237998    0.0767013    0.0664101    0.0481126   0.00437535    0.0802312    0.0152829     0.072547     0.114176    0.0785054    0.0374861    0.0430274     0.105757    0.0700446     0.101395     0.104968    0.0761807     0.106791      0.01381     0.056418    0.0692617    0.0804358     0.052544  0.000604049    0.0614102    0.0902928    0.0236277      0.10875    0.0434995     0.033628      0.04641    0.0552319    0.0505554    0.0477185    0.0393987     0.088705    0.0040661    0.0742095    0.0626041    0.0146278    0.0494343   -0.0189164    0.0227806
 -0.00550481    0.0569688    0.0991354    0.0813534    0.0241055    0.0593676    0.0407492    0.0600258    0.0847078   0.00684388   0.00162737    0.0880403    0.0628362   0.00795243    0.0847055  -0.00183407   0.00166471     0.119074  -0.00146517    0.0716052     0.108279    0.0331528    0.0480958     0.118381    0.0840925    0.0111749    0.0210611    0.0052735    0.0928265     0.107702   0.00848176     0.011301    0.0597165   0.00185405    0.0667107    0.0952305    0.0360665     0.079435    0.0401173    0.0759507    0.0172087     0.107621    0.0309922     0.101359    0.0886221    0.0884782    -0.019548   0.00343593
    0.016169    0.0260197    0.0547333    0.0777497    0.0285971    0.0498068    0.0546995    0.0264623    0.0794621    0.0270457    0.0448816    0.0662529  -0.00988037    0.0376613    0.0922447    0.0368186    0.0257142    0.0875224  0.000754418    0.0576286    0.0218871    0.0211374   -0.0261839    0.0907357   -0.0191604    0.0463046     0.103126     0.107259    0.0296228    0.0406261    0.0570524    0.0878253     0.126743    0.0894498    0.0337972    0.0660843   -0.0199468    0.0400013     0.111532    0.0759419   0.00146151    0.0490973    0.0549534    0.0578767    0.0912822    0.0566629     0.108651   0.00739821
   0.0716517   0.00834743    0.0539041    0.0538083    0.0489571   -0.0224919    0.0813711    0.0852927    0.0815524    0.0696198    0.0450819   -0.0203444    0.0150055    0.0489264  -0.00372026    0.0842547    0.0650807    0.0516264     0.062746    0.0527169    0.0212516    0.0618744  -0.00334975    0.0487742   -0.0318598    0.0812667  -0.00347907    0.0947263    0.0087862    0.0491843   -0.0201223    0.0702158     0.105375  -0.00351653    0.0332737   0.00953427   -0.0138968    0.0663272    0.0766958    0.0405521  -0.00534786    0.0473316  -0.00807867 -0.000551383    0.0913834    0.0368703    0.0274816    0.0242974
   0.0260438     0.054133    0.0856604    0.0797344    0.0682054   -0.0106307    0.0537235    0.0592171    0.0240282    0.0138031   0.00671408     0.066321    0.0392283    0.0767289    0.0836601    0.0332176     0.110085    0.0469944    0.0097617    0.0236157     0.120186    0.0529057   -0.0116129    0.0494942   -0.0160147    0.0452774     0.107589    0.0894453    0.0825787    0.0235153   -0.0162844    0.0901992    0.0428309    0.0226156    0.0208744   -0.0132487    0.0970001     0.034285     0.088349   0.00365104   0.00164992 -0.000462781  -0.00299818     0.125369     0.135909    0.0254984    0.0811738    0.0954156
     0.15194    0.0779675    0.0845605     0.119013      0.10038     0.107791      0.11212    0.0291071    0.0391002    0.0392718    0.0327398     0.115362     0.056342    0.0858569    0.0659764    0.0374802    0.0928281    0.0466194    0.0582844    0.0576368    0.0400931    0.0522731    0.0716843     0.100188     0.113551    0.0807183    0.0030156    0.0314981    0.0901498    0.0659432    0.0961324    0.0680108   -0.0198231    0.0728232    0.0198643     0.111425     0.031079     0.113751  -0.00950047    0.0129998    0.0893527    0.0916583     0.050717 -0.000304577   -0.0353479  -0.00808359    0.0425145    0.0919512
   0.0412983    0.0683185      0.11385     0.045359    0.0126506    0.0358397  -0.00503059     0.057694    0.0531794    0.0165964    0.0279906    -0.010169    0.0128562    0.0517665    0.0974938     0.045915     0.054679    0.0140643   -0.0339075    0.0772282  -0.00432486    0.0420725 -3.76732e-05   -0.0051666     0.028126    0.0512061     0.090306    0.0924308   0.00429232    0.0234028  -0.00559614    0.0260986     0.116986     0.090339    -0.024804    0.0800229    0.0165512    0.0581328     0.128891     0.106308    0.0282452    0.0231514  -0.00392989    0.0144485    0.0718507    0.0208732   -0.0110263    0.0982477
    0.106629    0.0119327    0.0953151    0.0756134     0.029083     0.113498    0.0980079    0.0702903    0.0910121    0.0897586    0.0910625     0.062393   0.00810735    0.0942172     0.042781    0.0619033    0.0858312      -0.0202     0.121428     0.019404    0.0963579    0.0258471    0.0532498     0.017347      0.11518     0.086707    0.0842957    0.0173999    0.0636615    0.0151892    0.0858377    0.0307647    0.0208615   -0.0182026    0.0422647    0.0832472    0.0862214    0.0892633    0.0142753   -0.0303144    0.0332306    0.0555776      0.06848     0.104193    0.0364197    0.0664006    0.0487397    0.0722017
   0.0826348    0.0953955    0.0146767     0.124997     0.061485     0.082641     0.052576    0.0018728    0.0413207    0.0561199    0.0220088    0.0596957    0.0407874     0.088983    0.0169492    0.0857699    0.0599924  -0.00900333     0.132228  -0.00538943   -0.0124939   -0.0174134       0.0118    0.0215815    0.0784088   0.00239807   -0.0414389   -0.0136103    0.0720748     0.118154    0.0953688    0.0633455   -0.0153915    0.0730919    0.0871872    0.0503976    0.0597522   0.00394007    0.0140689     0.104079     0.033811    0.0537691    0.0246883    0.0522347    0.0671567    0.0493859     0.131579    0.0778587
   0.0690669    0.0497093    0.0581448    0.0158834   -0.0303856    0.0169468    0.0443806    0.0467239    0.0407608  -0.00395193   -0.0138098    0.0209252    0.0325224    0.0472754    0.0319838     0.043819    0.0485648    0.0334945    0.0141492      0.01991    0.0548255    0.0878252    0.0166087    0.0786418      0.06758    0.0594181     0.103931    0.0251513   -0.0185519    0.0496508   -0.0221952    0.0812712    0.0851662    0.0199718  -0.00988457    0.0432478    0.0718832    0.0498637    0.0757161    0.0417094   0.00451787    0.0923409     0.020613     0.113406    0.0972146     0.113987    0.0587582      0.10206
   0.0284358    0.0371342    0.0417138   -0.0103776     0.086106    0.0666736  -0.00426165    0.0137049    0.0373618    0.0670737    0.0724803    0.0980922    0.0279712    0.0429659    0.0412268    0.0846409     0.136703    0.0963454    0.0466063    0.0992771    0.0748588     0.032521     0.030615   0.00478944    0.0679078    0.0344667      0.13612     0.102014     0.089395    0.0198494    0.0371197    0.0433845    0.0515432    0.0795175     0.111342    0.0534959    0.0767897     0.056561    0.0312639    0.0342462     0.115576    0.0038833     0.057685    0.0605064   -0.0223251  -0.00312336    0.0500756    0.0421047
   0.0984426    0.0571653    0.0847403    0.0784922    0.0586867    0.0848607    0.0804794     0.067284    0.0827613    0.0211913     0.131908    0.0925012    0.0488816    0.0488589    0.0202831     0.011604    0.0548273    0.0744274    0.0649496    0.0665367    0.0433158    0.0591383    0.0252936  -0.00236477  -0.00534602     0.036545    0.0823064    0.0299248     0.102193    0.0093113   0.00189674     0.119297    0.0882087    0.0668004    0.0646724    0.0197795   0.00350828     0.113487    0.0849722     0.036266     0.113676    0.0674483    0.0327484    0.0423472     0.115686    0.0756716    0.0463129    0.0602269
   0.0512025    0.0718796    0.0512972    0.0810523    0.0972214   0.00556584    0.0789468    0.0144454    0.0122724    0.0164721    0.0196047  -0.00434192    0.0738714    0.0867279 -0.000297823    0.0241548    0.0232271     0.101037    0.0418589     0.133412     0.065105    0.0885099      0.03513    0.0871984   0.00988987    0.0356643     0.106066    0.0552546    0.0166395    0.0528105    0.0637633   -0.0188265    0.0966576     0.115008    0.0261584   -0.0201788    0.0494168    0.0656225    0.0289356    0.0785066    0.0171929    0.0799553     0.031107    0.0175023    0.0722278    0.0979334    0.0776476    0.0881236
    0.124677   -0.0056339   -0.0263306    0.0196773  -0.00378054    0.0185415     0.123072   0.00298328    0.0446926   -0.0103295     0.101093    0.0204645     0.105636    0.0604489    0.0645829     0.041194  -0.00460367     0.102522      0.10089    0.0926422    0.0215961    0.0183267    0.0750452    0.0696203    0.0396964    0.0509612    0.0410065    0.0793061    0.0433069    0.0608618    0.0945893    0.0404152    0.0839106     0.084832   0.00949453    0.0588398    0.0334432    0.0252269   0.00541279   -0.0220245    0.0350183     0.104967     0.112809    0.0755156    0.0977033    0.0435804    0.0327179     0.057027
   0.0840725    0.0445835     0.101049     0.102007    0.0979771     0.111789    0.0386514    0.0511179    0.0697409    0.0992555     0.102419    0.0575874    0.0468909    0.0476524    0.0016071    0.0601898    0.0991987     0.088874    0.0454032     0.024394      0.08673     0.128664     0.099204     0.042403     0.028177  -0.00352725    0.0357842    0.0850768    0.0323792    0.0864867    0.0386159    0.0720418  -0.00747988    0.0759672    0.0430396    0.0673112     0.110474    0.0151444   0.00144811    0.0898261    0.0164847    0.0862555     0.066496    0.0194807    0.0427285    0.0852448     0.040116    0.0211511
   0.0113969     0.118532    0.0678886    0.0587415    0.0770597     0.117325     0.025461    0.0165897    0.0659552    0.0833514   0.00306343    0.0479376    0.0743227    0.0710366    0.0919966    0.0554515    0.0718571    0.0577633    0.0570826    0.0425781     0.082004    0.0746846     0.042637    0.0275648   0.00432652   -0.0202742    0.0692247   -0.0046372   -0.0115607    0.0906267     0.047917     0.103046    0.0520187  -0.00581413   0.00521529     0.068432    0.0480586    0.0833057  -0.00630618    0.0946262   0.00762267    0.0232702    0.0535536     0.143697    0.0465983      0.11042    0.0330261    0.0107943
   0.0617459    0.0387419    0.0929545    0.0854581    0.0329326    0.0318283    0.0193921     0.102944     0.102384    0.0826129    0.0375685    0.0269708    0.0539767    0.0905326    0.0484271     0.108662    0.0196849    0.0812624    0.0357758    0.0103973   0.00194279    0.0809654    0.0267693     0.018811   0.00714062    0.0221762      0.12529     0.123753   -0.0119482    0.0347052     0.021381    0.0561786    0.0336134     0.067596    0.0636653    0.0589192    0.0530791     0.100468     0.085607     0.108536   0.00909359    0.0840028    0.0468585    0.0921641    0.0823306    0.0398204    0.0557996   0.00421312
   0.0107665    0.0513088     0.102492    0.0409438    0.0520641    0.0503324    0.0537086    0.0191318    0.0086218    0.0277847    0.0914638    0.0759733    0.0817649    0.0511052     0.054446    0.0766468    0.0380143    0.0989268  -0.00395324     0.092033   0.00483616    0.0850675     0.117868    0.0251703   -0.0203572    0.0500618     0.094564     0.108268    0.0459785    0.0126758      0.07115    0.0519192    0.0822642      0.11394      0.10212    0.0767868    0.0340804    0.0802864     0.066115    0.0932382     0.098211    0.0153306    0.0294385   0.00980783    0.0516963    0.0723696    0.0702587    0.0144545
   0.0730012    0.0762486    0.0841328    0.0671608    0.0334451    0.0814044    0.0922227     0.011964    0.0781939    0.0148433      0.10076    0.0181355     0.040981    0.0917095    0.0113464    0.0942303    0.0460278     0.011954     0.117292    0.0733657    0.0678007    0.0867291      0.12279      0.03762    0.0684858    0.0905222    0.0640453    0.0531541    0.0125214    0.0824562    0.0783034    0.0515558     0.083243    0.0554268    0.0201015    0.0842759     0.107015    0.0566246    0.0402706      0.09872     0.104694  -0.00501229     0.116657    0.0781249    0.0102791    0.0299671  -0.00399634     0.105465
    0.049508   0.00762619    -0.019776   0.00746908    0.0210462   -0.0141186     0.110827    0.0499997    0.0147664    0.0417011    0.0903787     0.022787    0.0500838    0.0975417    0.0337899    0.0634697    0.0783583    0.0756624     0.016534      0.12735    0.0877354    0.0424136    0.0417291    0.0966003    0.0405428    0.0668598     0.117453    0.0799558   0.00602021     0.117622    0.0704866     0.061188    0.0844468    0.0455716  -0.00940582    0.0130717    0.0812305    0.0755517     0.149438    0.0188998    0.0788566    0.0859235    0.0667027    0.0808265 -0.000861867    0.0168195  -0.00653667  -0.00485163
  -0.0110407     0.123133     0.148242    0.0897079    0.0750078    0.0198652    0.0879379    0.0490756    0.0140162    0.0742325    0.0050857    0.0853918    0.0190856    0.0563207     0.079654    0.0481673    0.0683731    0.0494305    0.0661469    0.0697303    0.0686937     0.123443    0.0784577    0.0833942    0.0758935     0.059916    0.0198801    0.0803506    0.0615133    0.0284003     0.082934    0.0375908    0.0823188    0.0521034   0.00883898 -6.22248e-05    0.0125639    0.0848788    0.0523253    0.0956324    0.0463802    0.0469472    0.0316763     0.010338    0.0938999    0.0650184     0.108823    0.0212662
  -0.0132691  -0.00152382    0.0932767    0.0255489    0.0586259    0.0371924   -0.0403333    0.0576948    0.0978268    0.0388837   0.00784705     0.051823    -0.016862    0.0274916    0.0842685    0.0329103    0.0278566     0.054668    0.0625755    0.0592368     0.053994    0.0700829     0.126015 -0.000272819    0.0347891    0.0432604    0.0619399    0.0769833    0.0259744    0.0561164    0.0195226    0.0549091    0.0654977    0.0736822     0.106713    0.0728101    0.0240034    0.0396831    0.0450153    0.0494236    0.0847748  -0.00826755    0.0834965    0.0488587    0.0302252    0.0703978    0.0127505    0.0275545
    0.111724    0.0614079    0.0755503    0.0540729    0.0411544    0.0150973    0.0584841    0.0442946    0.0778718    0.0886585    0.0397756    0.0495979    0.0841571    0.0367809    0.0255282    0.0229059      0.03799    0.0270136    0.0659447    0.0270497    0.0976653     0.104447    0.0174481  -0.00410035   0.00750824     0.111414    0.0998333     0.124012   0.00665943   -0.0216001    -0.025817    0.0597971    0.0877468    0.0289561   0.00574546   -0.0163696    0.0248853   0.00683035    0.0752562    0.0292321 -0.000677561    0.0848983    0.0914354      0.04946    0.0468458     0.102389     0.102589    0.0122638
   0.0677414    0.0641344     0.021896     0.112611    0.0502417    0.0324999    0.0530744   -0.0107896    0.0472385    0.0471174    0.0145425    0.0576169    0.0579604   0.00936155    0.0215355    0.0376207    0.0364021    0.0919809    0.0547941    0.0161608   0.00081317     0.105529    0.0430668    0.0112213    0.0750337     0.105479    0.0408683     0.037517    0.0209803    0.0179421    0.0160633    0.0317805    0.0160086    0.0700207    0.0172598    0.0764608    0.0173444    0.0541478    0.0275372    0.0593177    0.0190942    0.0852251    0.0774939   0.00190187    0.0609725    0.0201146     0.104748    0.0369293
   0.0337202    0.0765696    0.0718016    0.0215097    0.0629076    0.0424002  -0.00755618    0.0950636       0.0343    0.0203248      0.10908   -0.0056192    0.0324138   0.00460402     0.102592    0.0801092    0.0249135   -0.0162028   -0.0125666    0.0886876    0.0514769     0.130365    0.0974811   -0.0179344    0.0339319      0.07892    0.0364569    0.0713769    0.0146393    0.0459566   -0.0269676    0.0653262        0.137     0.113393    0.0648174    0.0803457    0.0128849    0.0898655     0.100301    0.0424717      0.03645    0.0364589    0.0560483  -0.00686017    0.0229568  -0.00608805    0.0463663    0.0449032
  0.00265896    0.0301747    0.0407619    0.0911716     0.135046    0.0678476    0.0590383    0.0168241     0.013069    0.0347214    0.0481806     0.087075    0.0878575    0.0158668    0.0473693    0.0515328   0.00637645    0.0270622    0.0587751    0.0740571    0.0331781     0.079455    0.0361741    0.0406623    0.0208594    0.0424679    0.0274448    0.0960268    0.0870149    0.0143391    0.0115104    0.0981825    0.0356993    0.0803501    0.0230958    0.0212991    0.0541644    0.0286878  -0.00336597    0.0869273    0.0258507   0.00368245    0.0481313    0.0210845    0.0920935    0.0796876     0.113794    0.0282159
   0.0386816    0.0531495    0.0764528    0.0316925    0.0788921    0.0750436   0.00349588    0.0870603      0.11956    0.0682252    0.0546893    0.0222527   -0.0141409    0.0305038    0.0869623    0.0837924    0.0230387   0.00682274    0.0669887   0.00676268    0.0796466    0.0441276    0.0584783     0.076997   -0.0193447   -0.0149808     0.113531    0.0161045    0.0839542    0.0460611    0.0319294     0.096765     0.110397    0.0788995    0.0944928   0.00410435    0.0307646     0.060994     0.126212    0.0956312     0.122438    0.0278953    0.0471955    0.0190385    0.0675112    0.0518643   -0.0301924     0.088807
  0.00880133     0.125427     0.120783    0.0317118    0.0724057    0.0784196    0.0265589    0.0338808    0.0856491    0.0747005    0.0517404    0.0660412    0.0923063    0.0152932    0.0195752    0.0113623    0.0277784    0.0420336    0.0437858    0.0858947     0.111406    0.0819474    0.0332427    0.0971387    0.0716967    0.0477994      0.03004    0.0752236 -0.000992207    0.0896101    0.0978638    0.0454406  -0.00948872     0.067002     0.074831  0.000568873    0.0915495    0.0629422     0.092225    0.0454162    0.0920799    0.0273053    0.0521324     0.110973    0.0113623    0.0857011    0.0487595    0.0570153
   0.0675666     0.106887     0.125808      0.13755    0.0589263    0.0411287    -0.015525    0.0509045    0.0458383     0.104321   0.00928011    0.0431519    0.0027735    0.0628763    0.0316824    0.0928093  -0.00625639     0.059601    0.0686094    0.0560759    0.0929414    0.0204633    0.0510604    0.0318046    0.0261351    0.0803242    0.0967415    0.0610356    0.0771532    0.0329893    0.0921141    0.0612156    0.0971529    0.0817417  -0.00725667    0.0372321    0.0258687    0.0416617    0.0375219    0.0176383    0.0984204    0.0677967    0.0638395    0.0101947    0.0831089     0.125981     0.054086    0.0792319
   0.0456856    0.0501539     0.106832    0.0370586     0.076481    0.0359702   0.00824894    0.0492968     0.093761    0.0852462     0.075095    0.0484252    0.0156799    0.0790701    0.0112866    0.0500264    0.0145858   0.00841845     0.040894    0.0766699    0.0795664    0.0691297    0.0306244    0.0371239    0.0861927    0.0708676    0.0473242    0.0433272     0.102485   -0.0211898    0.0385936   0.00153594     0.107889    0.0127954    0.0481127    0.0412308  -0.00702772    0.0466141    0.0255928  -0.00250147    0.0793145   0.00372388    0.0754204    0.0301597     0.124956     0.075878     0.089419    0.0305225
    0.022623    0.0533322    0.0415849   -0.0157068    -0.012132    0.0280562    0.0587425     0.106247    0.0254702    0.0478307    0.0758277    0.0534589    0.0861958    0.0321451    0.0449952    0.0368577      0.11356    0.0644136    0.0191415    0.0275781    0.0283296   0.00956097    0.0572149   0.00290235    0.0759214    0.0970764    0.0375991    0.0767773    0.0909406    0.0576546    0.0813821    0.0607882    0.0967385    0.0163918    0.0256196   0.00440467    0.0569481    0.0698908    0.0184545   0.00279923    0.0741982   0.00191897    0.0691916    0.0610582    0.0946804    0.0929074    0.0121111     0.104697
   0.0450299   0.00131874    0.0852648    0.0395023     0.103101    0.0162932     0.007322    0.0189457    0.0417376    0.0460773    0.0307616 -0.000361403     0.049758    0.0632116  -0.00313417    0.0295255    0.0787631     0.031013    0.0189302    0.0346629    0.0487038     0.035848   0.00258832     0.048257    0.0447342    0.0805117    0.0957611     0.102021    0.0294431    0.0530754    0.0324698    0.0214932     0.111639    0.0901294    0.0645748   -0.0145454   -0.0162636    0.0332762     0.142235    0.0684696    0.0952769   -0.0133886   -0.0530632    0.0184285    0.0816356    0.0927634    0.0515062   -0.0384979
   0.0968866    0.0375603     0.110213     0.099396    0.0946197     0.105384    0.0757071    0.0875336    0.0638647  -0.00137329    0.0505888     0.105871    0.0428482    0.0319013    0.0275115    0.0283447    0.0750221     0.030739    0.0690968   -0.0186081    0.0461793    0.0104636    0.0571469     0.059922    0.0970708     0.022518    0.0947884    0.0584827    0.0851017    0.0185866    0.0758764     0.107102    0.0486669    0.0725999    0.0570531    0.0414304    0.0566124     0.102155    0.0367234  -0.00239096    0.0403481    0.0370703    0.0402349    0.0282227    0.0870407    0.0788089     0.022647    0.0582616
   0.0997415    0.0189852    0.0978576 -0.000247222    0.0588296   0.00332993    0.0210391    0.0219793    0.0502042    0.0404578    0.0998173    0.0806574    0.0613615    0.0678295    0.0185447    0.0161644    0.0412243    0.0953246    0.0520128     0.101878    0.0868357    0.0782897    0.0581322  -0.00610942     0.044162    0.0393518     0.026466     0.116754    0.0678496     0.074834    0.0439092    0.0342103    0.0788053    0.0136321    0.0320721    0.0294867    0.0546888    0.0388832    0.0296398    0.0501116    0.0419113    0.0388247    0.0796471    0.0698004    0.0248518    0.0124326   -0.0239459    0.0129438
    0.110224     0.055725     0.110977     0.040012    0.0544559    0.0993982    0.0846234    0.0320151     0.058143    0.0177104    0.0664544    0.0785112    0.0410905    0.0748815    0.0999772    0.0602081 -0.000559872    0.0853033      0.10538   -0.0174076    0.0555619    0.0356535    0.0912568    0.0307935    0.0451842    0.0229674    0.0151051    0.0349291     0.102364    0.0757373    0.0699292  -0.00449385    0.0744306  -0.00155903    0.0754603    0.0854857    0.0772153  -0.00771842    0.0108497    0.0314928    0.0129925    0.0515066    0.0681837    0.0884739     0.123192     0.067225    0.0458892    0.0200037
  -0.0135618    0.0542986    0.0821098    0.0938343     0.079855    0.0120292    0.0233092   0.00193317    0.0556898     0.086222    0.0777004    0.0272116    0.0955458    0.0167901    0.0480808    0.0267549    0.0487139   -0.0108769  -0.00709022     0.112773    0.0439326     0.117348    0.0458014  0.000933059   -0.0143841    0.0499086    0.0289608     0.100124    0.0549165    0.0669545   0.00433711    0.0751206    0.0512906    0.0570972   -0.0130048    0.0455674    0.0361523    0.0500591    0.0202011    0.0782876    0.0683386    0.0795338    0.0645593     0.017176      0.10096     0.055658    0.0472764    0.0543899
    0.121474     0.018356    0.0694191   -0.0282079 -0.000925485    0.0382851    0.0217413    0.0383219    0.0398235   -0.0118661    0.0396836    0.0157628     0.119749     0.067687    0.0277574    0.0990288    0.0189201    0.0133612    0.0788686    0.0747496    0.0465825     0.053181  -0.00805798  -0.00606246    0.0195472    0.0521666     0.090914    0.0796311    0.0498562    0.0048999  0.000336489    0.0769591    0.0800899    0.0230027   0.00271319    0.0230873    0.0378293    0.0181583     0.136409    0.0434882    0.0471646    0.0149733     0.061375    0.0271172    0.0746821    0.0525546    0.0404756    0.0486144
   0.0570558   0.00367278    0.0909033    0.0408371    0.0387635  -0.00180516    0.0124369    0.0158292 -0.000845443     0.100459    0.0392972   -0.0225398    0.0902916    0.0353411    0.0528906    0.0840518    0.0783142    0.0043378  -0.00444055     0.032563    0.0158587    0.0749154 -0.000808269     0.032559    0.0346359    0.0894457    0.0982166     0.115938    0.0541168   -0.0652519   0.00807568     0.117836    0.0969499    0.0960108    0.0345693     0.016939   -0.0050907    0.0648964    0.0019166    0.0275057    0.0377276    0.0556451    0.0565865    0.0173837    0.0194298    0.0389937     0.103795   0.00420378
   0.0365406    0.0631584    0.0983966    0.0900026     0.102933    0.0499655   0.00237009    0.0430862    0.0644501     0.111667     0.106894     0.103925   -0.0186513 -0.000207057    0.0672271   0.00695171    0.0755621    0.0871046   -0.0181323     0.056908    0.0207425    0.0505217  -0.00108319    0.0881483 -0.000160075    0.0558408    0.0781198    0.0939194    0.0997204    0.0222366   0.00765897     0.096532    0.0795549     0.104031    0.0687449    0.0458909  -0.00843052    0.0664704    0.0998274    0.0341951    0.0877245    0.0456625    0.0273163   -0.0171819    -0.015339  -0.00333777    0.0714488    0.0794513
   0.0715835    0.0674468    0.0410729    0.0269579     0.104283      0.01107    0.0409949     0.071748    0.0616246    0.0758553    0.0731128    0.0853938     0.036361    0.0361262    0.0774729    0.0868016    0.0153067    0.0769879    0.0673711    0.0414893    0.0702764    0.0362969    0.0998865    0.0819117    0.0296121    0.0630904    0.0438484    0.0251342    0.0920633    0.0257353    0.0653667    0.0751392     0.027516    0.0390999    0.0726357    0.0640359    0.0292119      0.11217    0.0651385    0.0316324    0.0376713    0.0936665    0.0303984    0.0939291     0.106599    0.0253234    0.0962779    0.0458846
   0.0389327    0.0380368    0.0738881    0.0959765    0.0776455    0.0941478      0.05923    0.0375009     0.084868  -0.00647817    0.0363246    0.0975021    0.0457646    0.0934832    0.0580678    0.0393315  -0.00498179    0.0874617    0.0788037    0.0630562      0.10067    0.0642718    0.0928816    0.0636501    0.0451001    0.0482359    0.0615909     0.071877    0.0366423    0.0460534    0.0623058    0.0538423    0.0853498    0.0784221    0.0841114     0.082365    0.0140796  -0.00432081    0.0381178   0.00996955    0.0135331    0.0907119    0.0291088    0.0622025    0.0780484    0.0486058    0.0306607  -0.00493943
   0.0877644   -0.0148885    0.0641425    0.0319584    0.0901066    0.0826062    0.0752575    0.0672293     0.079604    0.0597847    0.0707861    0.0840278    0.0832093    0.0618263    0.0646114    0.0228666    0.0207426    0.0871569    0.0127557    0.0419928    0.0606848    0.0647906     0.117172    0.0233414   0.00183491       0.1005    0.0604539     0.117583    0.0969266  -0.00522982   0.00814665    0.0183437    0.0608506     0.120319    0.0540309    0.0166819  -0.00837882    0.0198654    0.0313679    0.0544136    0.0747179    0.0355621    0.0145532   0.00989148     0.123807     0.105024    0.0752478     0.065757
    0.135116    0.0220581    0.0214534     0.023151    0.0734791    0.0257458     0.124959    0.0969019    0.0262605     0.049194    0.0805585    0.0961597    0.0394245    0.0765198    0.0400395  -0.00684729     0.118512    0.0802288     0.117188     0.020359    0.0894914    0.0382412    0.0246705    0.0112016    0.0995999    0.0547125    0.0831735    0.0419739    0.0902171    0.0291954    0.0501513    0.0719751    0.0471751   0.00344928     0.113753   -0.0229915     0.111308    0.0770526    0.0839165    0.0373118    0.0295963    0.0814506     0.121754    0.0262213     0.110083    0.0491433    0.0419906    0.0346353
 -0.00676751    0.0527294     0.076967    0.0502757    0.0332219  -0.00908374    0.0589811    0.0955897    0.0293977    0.0980862    0.0276542   -0.0335747  -0.00871384    0.0878275    0.0799623     0.061557    0.0656911    0.0694774    0.0442934    0.0488878     0.020781    0.0352977    0.0300455     0.062492    0.0606892    0.0833358    0.0752961    0.0681943     0.039857    0.0590507    0.0465391    0.0409561     0.135428     0.102578   -0.0262469    0.0197998  -0.00632782    0.0511955    0.0391202     0.016177    0.0715892    0.0907795    0.0572313   0.00409284    0.0178462    0.0163421    0.0216923    0.0200326
    0.110342    0.0773629     0.064386    0.0407069   -0.0136629    0.0531086     0.081457     0.044392    0.0419373    0.0240136    0.0701834     0.012764      0.10926   0.00385194    0.0268061    0.0592368    0.0508578    0.0864154    0.0538188    0.0390463    0.0219702    0.0796908    0.0410518    0.0456082    0.0570271    0.0548066     0.112762     0.115878    0.0105841    0.0282963  -0.00539311      0.08477    0.0411908    0.0934236    0.0189224   -0.0237682    0.0785556    0.0724186     0.124189    0.0709875   0.00889737    0.0449025    0.0491884    0.0889554     0.115053    0.0464167    -0.022306    0.0754783
  -0.0598765   -0.0854465   -0.0739453    -0.121445    -0.147299   -0.0483272    -0.110217   -0.0723513    -0.133698    -0.131884   -0.0792631   -0.0778623   -0.0438986   -0.0561804     -0.08089   -0.0903266   -0.0518119   -0.0747427   -0.0403186    -0.126052   -0.0752936    -0.111433    -0.105149   -0.0825012   -0.0942657    -0.070323   -0.0742316   -0.0818713   -0.0770641   -0.0699157    -0.111071    -0.116547   -0.0610424     -0.12457    -0.086008   -0.0473112    -0.134497    -0.116329   -0.0702187   -0.0625207    -0.125873   -0.0827792   -0.0712791     -0.13517    -0.116101   -0.0708531   -0.0458954   -0.0477234   -0.0794895      -0.1127   -0.0520138    -0.104124   -0.0818702    -0.136812   -0.0548258    -0.108661    -0.137567    -0.134984   -0.0961411    -0.128474
  -0.0330313   -0.0655012    -0.115859    -0.140922   -0.0379455   -0.0665353     0.101007   -0.0410165    -0.146241    -0.149303   -0.0106258   -0.0940917   -0.0279111    -0.131524    -0.177093   -0.0676131    -0.035637   -0.0213727   -0.0178235   0.00755488    -0.253741    0.0250419   -0.0712493    -0.201067   0.00970423    -0.116034   -0.0672855    -0.126233    -0.121976     -0.18516    -0.055679   -0.0302025    -0.109984     -0.14844   -0.0539341    -0.098387   -0.0122013   -0.0303106    -0.168029   -0.0325628    -0.169869    0.0301167    -0.104926   -0.0513304   -0.0253862   -0.0601459  -0.00949015   -0.0758254   -0.0938976    -0.102669   -0.0852938  0.000875758    -0.112171      -0.1105   -0.0841418   -0.0449482   -0.0861381    -0.141183   -0.0307656   -0.0442111
   -0.107839   -0.0933562   -0.0323108   -0.0568183   -0.0472692    -0.150401   -0.0916173   -0.0442714    -0.090144   -0.0570985    -0.111225   -0.0263401   -0.0801998      -0.1288   -0.0769029    -0.115862   -0.0902203   -0.0711568   -0.0420393   -0.0504412    -0.122066  -0.00100796    -0.129974    -0.104375   -0.0612256   -0.0477538   -0.0185901    -0.114613    -0.124606   -0.0838504   -0.0779397   -0.0468256    -0.101519    -0.107137   -0.0379358   -0.0569372    -0.144722   -0.0799594    -0.063429   -0.0253791    -0.124836   -0.0261628   -0.0740453    -0.115117     -0.14009   -0.0483638   -0.0478565    -0.100633    -0.109839     -0.14669   -0.0605944   -0.0458988   -0.0293477   -0.0613377    -0.127085    -0.146724    -0.171796    -0.078205   -0.0322713   -0.0297413
   -0.109753   -0.0821359    -0.124002   -0.0396514   -0.0248748    -0.148134   -0.0872064   -0.0723498    -0.111117    -0.156717   -0.0533429     -0.10331   -0.0297043   -0.0867426   -0.0574121   -0.0609606    -0.122447   -0.0927311   -0.0275093    -0.170697   -0.0356427   -0.0451708    -0.100601    -0.011468    -0.136137   -0.0790014   -0.0903099    -0.135511    -0.146424    -0.107527   -0.0697807   -0.0352567   -0.0470799  -0.00927157   -0.0518087   -0.0770698     -0.03813    -0.163065   -0.0961282   -0.0566682   -0.0929237   -0.0133751   -0.0816692   -0.0656105    -0.124483    -0.151621   -0.0338972   -0.0611962    -0.071111   -0.0837538   -0.0807041   -0.0390801     -0.13087   -0.0869517   -0.0602415   -0.0849855    -0.102123    -0.155758   -0.0398291   -0.0567615
   -0.083102   -0.0875773    -0.111291    -0.103876    -0.180036   -0.0843756  -0.00744352   -0.0850408   -0.0365532     -0.12399   -0.0933726    -0.169567   -0.0831249    -0.152036   -0.0727787     -0.11835   -0.0958338   -0.0254646   -0.0894412   -0.0959124   -0.0585364   -0.0715861   -0.0617743   -0.0219418    -0.116064   0.00962912     -0.05925    -0.108743   -0.0863576   -0.0907786    -0.097715    -0.141918   -0.0188985    -0.130723   -0.0803262   -0.0631292   0.00337232    -0.131933   -0.0905702    0.0191583   -0.0375608   -0.0771253    -0.121606   -0.0884553   -0.0694676   -0.0376283   -0.0541181    -0.127989    -0.111252   -0.0922705   -0.0645378    -0.146061    -0.018394   0.00598144   -0.0431317   -0.0812469   -0.0912158    -0.137894    0.0068771     -0.16343
  -0.0565055   -0.0986368   -0.0189312   -0.0854937    -0.117713   -0.0517289    -0.114389    -0.120899    -0.110769   -0.0897624   -0.0535685   -0.0604689    -0.108476   -0.0517059    -0.122323   -0.0802891   -0.0418335   -0.0785437   -0.0428853   -0.0791612   -0.0565751    -0.134381   -0.0671954    -0.046051   -0.0360915    -0.110836   -0.0875113   -0.0586848   -0.0390833   -0.0420371   -0.0277805   -0.0867903   -0.0817165    -0.105262    -0.131584   -0.0724898    -0.132562   -0.0518699    -0.101566    -0.108517   -0.0535992   -0.0705865   -0.0924124   -0.0575503   -0.0507885    -0.139079    -0.120142    -0.150164   -0.0631006    -0.112402    -0.110945   -0.0831431     -0.10944    -0.139592    -0.122007   -0.0683629     -0.13586    -0.128727    -0.133176    -0.133063
  -0.0360289   -0.0927945   -0.0641479   -0.0979465    -0.123431   -0.0320039   -0.0294224   -0.0641623   -0.0824213    -0.109216   -0.0811292    -0.113436   -0.0216321   -0.0552055    -0.122322   -0.0666586    -0.096146   -0.0234288   -0.0525542   -0.0910868    -0.114538    -0.116105   -0.0822458   -0.0856123   -0.0386919   -0.0988735    -0.123274   -0.0479727    -0.101294    -0.132096   -0.0924255   -0.0314757    -0.130675    -0.128596   -0.0746769     -0.13591    -0.095738   -0.0864017   -0.0850061   -0.0934373    -0.120491    -0.102683    -0.113075    -0.100554   -0.0582007    -0.090694   -0.0594249    -0.100978    -0.120821   -0.0970175   -0.0688635   -0.0931181   -0.0398575   -0.0798421    -0.112845   -0.0808356   -0.0485121    -0.119697    -0.072793   -0.0780162
  -0.0404668    -0.122412   -0.0262588  -0.00108872    -0.101034    -0.114944   -0.0326128    -0.111954    -0.164207    -0.085539   -0.0707627   0.00459585   -0.0557031   -0.0638749    -0.103593     -0.13136    -0.126485    -0.100245    -0.109881   -0.0124389   -0.0222503   -0.0848582   -0.0591911   -0.0769566   -0.0241228   -0.0409002   -0.0408095    -0.145855    -0.176889   -0.0677989  -0.00533803   -0.0644612   -0.0663318    -0.131023    -0.100328    -0.111988   -0.0765761   -0.0569734    -0.037411   -0.0851336   -0.0640278    -0.110885    -0.110551    -0.113022   -0.0991594    -0.137426   -0.0552764   -0.0488082   -0.0813049    -0.085651   -0.0990592    -0.109369     -0.01757   -0.0416971   -0.0718558    -0.108653    -0.138429    -0.114742   -0.0856394   -0.0964614
   -0.142395    -0.114283    -0.106088    -0.141187   -0.0995993    -0.131376    -0.143897   -0.0715808   -0.0339237   -0.0582953    -0.135314   -0.0438135   -0.0400986    -0.138074    -0.117816    -0.111059   -0.0307049   -0.0402868   -0.0538973    -0.098134   -0.0203609   -0.0979881   -0.0999349    -0.103746   -0.0558431   -0.0694676   -0.0778358    -0.091324    -0.129456   -0.0637615    -0.106883   -0.0836152   -0.0839153   -0.0812421   -0.0474527    -0.104355   -0.0413597    -0.146664   -0.0939179   -0.0993662   -0.0870379   -0.0699263   -0.0830812   -0.0639439    -0.104894   -0.0496522   -0.0458315    -0.111881   -0.0239452   -0.0996324   -0.0776972    -0.117314   -0.0696937   -0.0396121   -0.0647828   -0.0630679   -0.0886996    -0.110582    -0.104574    -0.109012
  -0.0801285   -0.0511266   -0.0595427    -0.167255    -0.073641   -0.0550378    -0.125109   -0.0680648   -0.0668575   -0.0906835   -0.0682776    -0.114689   -0.0426927    -0.113496    -0.105399   -0.0412547   -0.0192178   -0.0541423   -0.0475772   -0.0700323    -0.126174   -0.0876146    -0.164508   -0.0946502   -0.0918866     -0.05676    -0.137377   -0.0245626    -0.088835    -0.110013   -0.0795773    -0.092581   -0.0477246   -0.0771429   -0.0457539   -0.0526403   -0.0632129    -0.105236   -0.0533043    -0.127028    -0.117115   -0.0560323   -0.0513806    -0.144717   -0.0693138   -0.0722446     -0.12439       -0.121   -0.0945092    -0.100134    -0.116353    -0.106365    -0.114954   -0.0997449   -0.0882907   -0.0687524   -0.0318435   -0.0789387    -0.119384   -0.0452975
  -0.0256319   -0.0384397     -0.13612    -0.118837    -0.135474   -0.0964994   -0.0930431     -0.12725   -0.0612406   -0.0534646   -0.0502642    -0.118784    -0.135621   -0.0834782   -0.0789784    -0.086552   -0.0990743    -0.068002   -0.0341862    -0.093851    -0.109481    -0.115124    -0.115173   -0.0745341   -0.0801208   -0.0800672     -0.13466   -0.0663415   -0.0520571   -0.0747659    -0.112069   -0.0877733   -0.0777701   -0.0917613   -0.0859044   -0.0420167   -0.0992799    -0.137299   -0.0904587   -0.0683618   -0.0398439    -0.043504    -0.110887   -0.0973462    -0.133626    -0.118718   -0.0964351   -0.0543413   -0.0922435   -0.0695526   -0.0803699    -0.123959   -0.0552962    -0.067759   -0.0541134   -0.0302043    -0.139869    -0.107221   -0.0947754   -0.0889573
  -0.0429982   -0.0806879    -0.105243    -0.124856    -0.110412    -0.118364    -0.126081   -0.0541266   -0.0501008    -0.084552   -0.0584175    -0.049228   -0.0508901   -0.0734421    -0.102272   -0.0589403   -0.0846663   -0.0599762   -0.0894688    -0.137867   -0.0985855    -0.118594    -0.116521    -0.116577    -0.128295   -0.0707486    -0.135732   -0.0654631   -0.0381675   -0.0390654   -0.0576949   -0.0880084    -0.130296   -0.0866167   -0.0926943    -0.111916   -0.0820796    -0.109089   -0.0731523    -0.118517   -0.0820949   -0.0693488   -0.0754754    -0.106512   -0.0920579   -0.0729196    -0.104533   -0.0988525   -0.0407635    -0.109998   -0.0910646    -0.138713    -0.129849    -0.143456    -0.067545   -0.0565069   -0.0995469   -0.0878311   -0.0542426    -0.117059
  -0.0943163    -0.114681   -0.0643069   -0.0441255    -0.104675   -0.0733147   -0.0621587   -0.0770987   -0.0636502   -0.0854025     -0.14154     -0.12592    -0.125347   -0.0951745   -0.0322598    -0.125449    -0.122671   -0.0932299   -0.0826117   -0.0391111    -0.117183   -0.0989332   -0.0591607   -0.0216921    -0.061347     -0.11568    -0.105772   -0.0602576   -0.0462031    -0.127105   -0.0702405   -0.0410284   -0.0550992     -0.13755    -0.153436   -0.0527727   -0.0729706   -0.0863597   -0.0791647    -0.106784   -0.0237701    -0.107036   -0.0293689   -0.0972451   -0.0899524   -0.0721696   -0.0798123   -0.0566058    -0.076379   -0.0417399   -0.0555558   -0.0604313   -0.0583323    -0.135428   -0.0602154   -0.0737322    -0.074113    -0.088649    -0.077434    -0.079399
  -0.0838754    -0.105392   -0.0856535   -0.0383457    -0.121578   -0.0839075     -0.10112    -0.115945   -0.0881583    -0.101453   -0.0709925    -0.113561    -0.104846   -0.0652131   -0.0959253   -0.0559938   -0.0525737   -0.0636594   -0.0407406   -0.0510052   -0.0475005   -0.0663945    -0.123397   -0.0450746   -0.0457999    -0.139495   -0.0790653    -0.122865   -0.0764496    -0.120906   -0.0393264    -0.136319     -0.06776    -0.112252    -0.101129    -0.117206     -0.12046   -0.0902998   -0.0534579    -0.132166   -0.0907393   -0.0711931   -0.0911627   -0.0974248    -0.127154   -0.0961586   -0.0851574   -0.0773367   -0.0916166   -0.0548531   -0.0698805   -0.0972805    -0.137141   -0.0950596    -0.110037   -0.0890304   -0.0741225   -0.0706162   -0.0809858   -0.0697215
  -0.0640372     -0.12382   -0.0392976    -0.119576   -0.0421476   -0.0734567   -0.0937633    -0.139921    -0.115128    -0.140496   -0.0337789   -0.0564007    -0.139611    -0.100276   -0.0498592   -0.0701925   -0.0636584   -0.0675393    -0.124999   -0.0501755    -0.112533   -0.0612912   -0.0477727   -0.0840748    -0.116148   -0.0745666   -0.0586263    -0.050114   -0.0639568     -0.12273   -0.0800739    -0.155791    -0.109677   -0.0615017    -0.139441   -0.0691948    -0.126508    -0.112513    -0.103879   -0.0426731    -0.118862    -0.142118   -0.0426815   -0.0560806   -0.0633755    -0.101921    -0.126597   -0.0930393   -0.0983342    -0.112203     -0.04495   -0.0789343   -0.0795264   -0.0770751    -0.127642   -0.0651182     -0.10771   -0.0788448   -0.0865175    -0.094412
   -0.130189    -0.103709   -0.0867573   -0.0446315   -0.0939784   -0.0737465   -0.0611754   -0.0966588    -0.110359   -0.0642819    -0.103385    -0.107634    -0.110665   -0.0778598    -0.103807   -0.0112412    -0.100748    -0.152411    -0.102148    -0.147675   -0.0200464    -0.123539   -0.0313418   -0.0845415   -0.0748781    -0.108941    -0.105713   -0.0883162    -0.112681    -0.105275    -0.113564   -0.0786102   -0.0965936   -0.0130424    -0.105528    -0.100176   -0.0747602   -0.0831794   -0.0433888   -0.0350078    -0.104772   -0.0864666   -0.0683714    -0.055122   -0.0344371    -0.107739    -0.116345      -0.1135   -0.0711956    -0.105836   -0.0622104   -0.0279229   -0.0429055    -0.105112    -0.125494   -0.0218197   -0.0499727   -0.0993709   -0.0953943   -0.0336455
  -0.0897941    -0.103631    -0.045703   -0.0878142   -0.0554531   -0.0929393   -0.0631577   -0.0381341    -0.105368    -0.118754   -0.0517208   -0.0516299    -0.095035    -0.105233    -0.110004     -0.12929   -0.0326184    -0.114839    -0.101325   -0.0949805   -0.0905864   -0.0673006   -0.0511442    -0.100965   -0.0420421     -0.13637    -0.149081    -0.122294   -0.0789073    -0.110038   -0.0222731   -0.0931464    -0.143339   -0.0676923   -0.0828038    -0.063909   -0.0612454    -0.114576   -0.0631707   -0.0385999   -0.0569938    -0.150463   -0.0708584   -0.0574715   -0.0612297   -0.0773917   -0.0677803   -0.0627666    -0.114124   -0.0273664   -0.0508787    -0.142099    -0.119281    -0.124235   -0.0528171    -0.116435    -0.145416      -0.1469    -0.040634    -0.123002
  -0.0752951   -0.0424533    -0.120631    -0.113239   -0.0969272   -0.0721674    -0.125922   -0.0635654   -0.0930469    -0.069529   -0.0360857    -0.130465   -0.0610435   -0.0690124    -0.127306   -0.0773341   -0.0396745    -0.124177   -0.0614037   -0.0781595    -0.100624   -0.0980972     -0.11262    -0.128922   -0.0705815   -0.0740572   -0.0832198   -0.0719506   -0.0327698   -0.0883714   -0.0923427    -0.069091    -0.119436    -0.105694    -0.014802    -0.104012   -0.0332825    -0.108611   -0.0773885    -0.104223   -0.0650281   -0.0652189   -0.0436605    -0.138543    -0.112222   -0.0773981   -0.0962898    -0.100978   -0.0661749   -0.0976636   -0.0728962    -0.112039    -0.121864   -0.0828218    -0.124726   -0.0406294   -0.0718739   -0.0548709   -0.0663617    -0.126038
  -0.0803507   -0.0755156    -0.128995   -0.0602274    -0.134546    -0.103075 -8.15778e-05    -0.152062    -0.145999   -0.0121099    0.0170493   -0.0735324    -0.113672    -0.118112   -0.0495711    -0.171319    -0.144466   -0.0036425  -0.00706766    -0.111811    -0.174733   -0.0355033    -0.165404   -0.0664659   -0.0939321    -0.118187    -0.125367   -0.0315114    -0.157809   -0.0667306   -0.0877669   0.00398933   -0.0798077   -0.0923678    -0.161677  -0.00206558   -0.0387921   -0.0341954   -0.0300831   -0.0564148    0.0215067   -0.0828536    -0.113758   -0.0168394   -0.0596912     -0.14934    0.0108413    -0.146157    -0.113728   -0.0869813   -0.0317498   -0.0902281     0.043293   -0.0526115   -0.0918987   -0.0993797   -0.0240276    -0.167613   -0.0291725    -0.111021
  -0.0822105    -0.112166    -0.028569    -0.114539    -0.115436    -0.138136      -0.1062    -0.110644   -0.0915094   -0.0615926   -0.0298751    -0.119921   -0.0309148   -0.0842677   -0.0506198    -0.134484   -0.0178148    -0.117064    -0.103531    -0.113776   -0.0992944    -0.116426   -0.0488904   -0.0437793   -0.0871907   -0.0878094   0.00505585   -0.0959547    -0.144677   -0.0405998    -0.101765    -0.113316   -0.0660937   -0.0946286    -0.182047   -0.0963249   -0.0128409    -0.154916    -0.119215   -0.0954643     -0.10714   -0.0212044   -0.0961155   -0.0545995   -0.0285563   -0.0261546   -0.0236515   -0.0360008   -0.0406972   -0.0758581   -0.0604388    -0.144632    -0.110938   -0.0394961   -0.0369145   -0.0470567 -0.000852831   -0.0717431     -0.13767    -0.133537
  -0.0439805   -0.0910331   -0.0418751   -0.0227936   -0.0474302   -0.0739692   -0.0802563    -0.100256   -0.0311684   -0.0462786   -0.0349885   -0.0730612   -0.0625419    -0.121415   -0.0770438   -0.0388274   -0.0885124    -0.133099    -0.112944    -0.141368   -0.0363819   -0.0373714   -0.0221966   -0.0153389   -0.0499198    -0.120534    -0.139764     -0.13833  -0.00833177   -0.0688025   -0.0606788   -0.0816299    -0.123831   -0.0236382   -0.0555755    -0.144166   -0.0504233    -0.130449   -0.0831385    -0.104667    -0.147686   -0.0812385     -0.15493     -0.13281    -0.144404   -0.0324244    -0.169496    -0.090251   -0.0934512   -0.0506959   -0.0856351   -0.0434524    -0.128582    -0.164081   -0.0732561   -0.0549726   -0.0738277    -0.113919   -0.0691769   -0.0937304
 -0.00376772   -0.0867818   -0.0657212   -0.0842712    -0.108204   -0.0340062   -0.0585421   -0.0684573   -0.0631518   0.00673069    -0.105178    -0.144015    -0.131092   -0.0760208    -0.126228   -0.0552671    -0.145481   -0.0961909   -0.0637567   -0.0724081   -0.0670202    -0.109824   -0.0511027    0.0157921   0.00537507    -0.124132   -0.0672016    -0.103228   0.00896442   -0.0782851   -0.0850943    -0.112036    -0.151335   -0.0514357    -0.117978   -0.0989539    -0.112807   -0.0725252   -0.0814227    -0.151924    -0.101986   -0.0724711    -0.113817    -0.103052   -0.0987391  -0.00151126   -0.0970998    -0.103066   -0.0671901   -0.0179094   -0.0999491   -0.0278291   -0.0321734    -0.187859   -0.0656334    -0.141647   -0.0965089    -0.035344    -0.102478  -0.00948156
   -0.170778    -0.151057    -0.079729    -0.111864    -0.126218   -0.0870512      -0.1029   -0.0521272   -0.0542809   -0.0487766    -0.118451    -0.102009   -0.0399898    -0.109314    -0.133513   -0.0250516    -0.133574     -0.11289   -0.0638982    -0.074138   -0.0847303    -0.138851   -0.0558013   -0.0470582   -0.0986216   -0.0267655     -0.07064    -0.115336   -0.0778165    -0.113509    -0.123772    -0.107582    -0.123651    -0.123756    -0.057829    -0.122078   -0.0690638    -0.093733    -0.105209   -0.0789802    -0.112515   -0.0363394    -0.109668   -0.0756054   -0.0334159   -0.0537037    -0.056018   -0.0310028   -0.0603251   -0.0406845    -0.113021   -0.0751344   -0.0461081   -0.0439826   -0.0139153    -0.137874    -0.079308    0.0132868   -0.0684003    -0.140783
   -0.140384    -0.105067   -0.0620218   -0.0573689   -0.0596858   -0.0811277   -0.0792345   -0.0359417   -0.0364955    -0.116183    -0.124657   -0.0995515   -0.0568761   -0.0679004    -0.134303   -0.0291006    -0.152357    -0.147627   -0.0383294    -0.110405   -0.0799867    -0.155632   -0.0871476   -0.0565173    -0.123775   -0.0643663    -0.134615   -0.0562394   -0.0360345    -0.072663    -0.105206    -0.107377   -0.0315882   -0.0252841    -0.097112    -0.125693    -0.116278   -0.0731056   -0.0658151    -0.111756    -0.101291    -0.109838   -0.0462493     -0.12313   -0.0658857   -0.0795011   -0.0489484   -0.0971372    -0.073373    -0.113213    -0.107773   -0.0320127   -0.0304766   -0.0762704   -0.0900796   -0.0733199   -0.0797635   -0.0348406    -0.109129    -0.105687
   -0.042968   -0.0418323   -0.0760322   -0.0734439    -0.119458     -0.13053    -0.148998   -0.0559265   -0.0718902   -0.0535525    -0.138524     -0.12316   -0.0508569    -0.123544   -0.0691769   -0.0724099   -0.0195478   -0.0558684   -0.0685106   -0.0678238    -0.133081   -0.0903413    -0.132969   -0.0218197     -0.02463     -0.14419    -0.116758   -0.0702206    -0.125118   -0.0938665    -0.112251    -0.079645   -0.0522212    -0.130983    -0.072629   -0.0637548   -0.0794228   -0.0859642   -0.0934134    -0.139473   -0.0999299    -0.148709    -0.037543   -0.0465925   -0.0475676   -0.0653775   -0.0683244    -0.107748      -0.1048   -0.0924907   -0.0504833    -0.101183   -0.0580978    -0.045812     -0.10493    -0.117067    -0.113867    -0.130341   -0.0334358   -0.0811153
  -0.0805086    -0.127451    -0.145665   -0.0738855   -0.0411303    -0.033045    -0.124534   -0.0990893   -0.0807328   -0.0746632    -0.150001   -0.0161164   -0.0811438   -0.0884776    -0.137634   -0.0498774   -0.0355406    -0.121107   -0.0757395    -0.100782   -0.0534846     -0.10093    -0.119338   -0.0759762    -0.113282   -0.0654435    -0.107499   -0.0843135    -0.106055    -0.129644    -0.123092    -0.043439    -0.124093   -0.0756514    -0.083957   -0.0298768   -0.0922034    -0.019796   -0.0456296    -0.144056   -0.0911143    -0.132227   -0.0512003   -0.0445146   -0.0748335    -0.116394    -0.120634    -0.085522   -0.0436919   -0.0269606    -0.142498   -0.0702997   -0.0756479   -0.0783925   -0.0729948   -0.0391475    -0.117943   -0.0976352   -0.0619998    -0.113844
  -0.0525727    -0.069346   -0.0856738   -0.0267242   -0.0879653   -0.0756114   -0.0944335   -0.0712421   -0.0328306   -0.0944744    -0.143856   -0.0569394   -0.0650677    -0.100241   -0.0952246   -0.0556548   -0.0692007    -0.106718   -0.0758608    -0.131755   -0.0252122   -0.0345661    -0.115253   -0.0627005   -0.0855142    -0.120609    -0.122302   -0.0977202    -0.128267    -0.133985    -0.125141   -0.0390343   -0.0676855   -0.0432654   -0.0743356    -0.120042   -0.0587893    -0.158371   -0.0889533    -0.120827   -0.0999031   -0.0297487   -0.0600885   -0.0495982    -0.138931   -0.0992119   -0.0594936    -0.120305   -0.0544333    -0.133868   -0.0742827   -0.0539074     -0.10709   -0.0171735   -0.0934772    -0.132943   -0.0761038    -0.117648   -0.0936151    -0.121309
  -0.0696967   -0.0850448    -0.109551   -0.0554554    -0.102434   -0.0476979   -0.0901101   -0.0479086   -0.0721077    -0.122388   -0.0956458   -0.0933044   -0.0733656    -0.137271    -0.117508    -0.125856   -0.0732223   -0.0893317    -0.113354   -0.0783454   -0.0254731    -0.111282    -0.057221   -0.0729265    -0.140577   -0.0686444    -0.114688   -0.0665641    -0.101551     -0.11195    -0.134497   -0.0751778    -0.122624    -0.103567   -0.0670284   -0.0839507   -0.0816588   -0.0857439   -0.0351279   -0.0623893   -0.0444628    -0.107643    -0.096487   -0.0731558    -0.103373   -0.0433446   -0.0769774   -0.0745757   -0.0724626    -0.119192    -0.119705    -0.127407   -0.0627954    -0.021963    -0.141983   -0.0945504      -0.0816   -0.0960645   -0.0629389     -0.13035
  -0.0560005   -0.0748432   -0.0167837   -0.0728688    -0.103799   -0.0983466   -0.0814249   -0.0432341    -0.115993    -0.121387   -0.0917159   -0.0993375    -0.118811     -0.04841   -0.0719231    -0.110053    -0.030669    -0.119584   -0.0486194   -0.0474751    -0.130839   -0.0901317   -0.0966956   -0.0734602   -0.0598645   -0.0687653     -0.13251   -0.0559577    -0.124837   -0.0946203   -0.0274166    -0.114494   -0.0599367    -0.113778   -0.0694343     -0.10874   -0.0950257   -0.0499651   -0.0467289   -0.0360054   -0.0472232    -0.142784   -0.0616845   -0.0934799    -0.101098    -0.137446   -0.0721028    -0.113022   -0.0668951   -0.0609306    -0.014711    -0.133463    -0.104346    -0.138342   -0.0821888   -0.0546453   -0.0785355    -0.126119    -0.131304    -0.136341
  -0.0962039   -0.0277513    -0.112265   -0.0712782    -0.134682   -0.0436087   -0.0829402   -0.0338588   -0.0197089   -0.0350174   -0.0699978    -0.127283   -0.0562383   -0.0933052   -0.0358087    -0.125754   -0.0253633   -0.0310155   -0.0577876    -0.138587   -0.0548181    -0.117424    -0.032828   -0.0182684    -0.042359   -0.0902814   -0.0884314    -0.128855   -0.0500908    -0.101049   -0.0624073    -0.115046     -0.14726    -0.132859   -0.0387086    -0.149119   -0.0823341   -0.0998476   -0.0251939    -0.126582    -0.110025    -0.144304    -0.119046    -0.142547   -0.0610272   -0.0590096   -0.0515317    -0.121898    -0.102897   -0.0536946    -0.158111   -0.0508789    -0.144608     -0.14579   -0.0413369    -0.025239   -0.0797021   -0.0763543   -0.0877073   -0.0815233
  -0.0232247   -0.0833023    -0.102579    -0.124828    -0.108959   -0.0389271   -0.0488187   -0.0420925   -0.0638087   -0.0298947    -0.103009    -0.130828   -0.0652001   -0.0472746   -0.0463415    -0.138715   -0.0647701   -0.0459406    -0.121113    -0.138371   -0.0909895    -0.108668   -0.0404039   -0.0548664   -0.0317187   -0.0791004     -0.13839    -0.104701  -0.00913805   -0.0568304    -0.106136    -0.070745    -0.107917   -0.0642355    -0.122676    -0.157581    -0.125129   -0.0948121   -0.0745416   -0.0951795    -0.105953    -0.129702   -0.0512294   -0.0782492    -0.112196    -0.105135    -0.129313   -0.0584738   -0.0669972   -0.0503356   -0.0719317   -0.0606048   -0.0976077   -0.0924589    -0.131911   -0.0628177    -0.128059    -0.125555   -0.0720682   -0.0683251
  -0.0221222   -0.0397632   -0.0620817     -0.14186   -0.0196737    -0.140953   -0.0135705   -0.0846066    -0.107242   -0.0759266    -0.102017   -0.0998147    -0.126969   -0.0816359   -0.0652029   -0.0702224    -0.111465   -0.0676703   0.00573583   -0.0931567    -0.115758   -0.0167784    -0.172802    -0.150465   -0.0640215   -0.0673949   -0.0970406      -0.1169   -0.0721904    -0.100194    -0.150359   -0.0834297   -0.0532261     -0.12525   -0.0239495    -0.145518    -0.105227   -0.0541817   -0.0526037   -0.0143138   -0.0993005    -0.108562    -0.110853    -0.133265   -0.0612829   -0.0994339   -0.0278652    -0.110001   -0.0391572    -0.185695   -0.0271985   -0.0345879    -0.012008   -0.0220445    -0.109286   -0.0854915   -0.0373419   -0.0765739   -0.0847599   -0.0285272
  -0.0939028   -0.0494031   -0.0386911    -0.102704    -0.141373    -0.115719   -0.0559121   -0.0251387    -0.100532    -0.122493   -0.0942801     -0.09628    -0.016696   -0.0609527    -0.114865   -0.0494728    -0.132837   -0.0923476   -0.0527302    -0.135672    -0.134064    -0.115591   -0.0539315    -0.132705   -0.0921707   -0.0162124    -0.109905   -0.0802223      -0.0389    -0.103488    -0.117316    -0.126034   -0.0959158   -0.0370328   -0.0180898    -0.137084   -0.0415062    -0.116209     -0.13679     -0.10883   -0.0679267   -0.0716286    -0.103804    -0.112356   -0.0493886   -0.0886135   -0.0310634    -0.125098   -0.0387965    -0.106506    -0.129811   -0.0460602   -0.0392739   -0.0749924   -0.0996916    -0.066031   -0.0658298   -0.0545712    -0.103759   -0.0802647
  -0.0614144    -0.122081     -0.13734   -0.0842041    -0.108568    -0.144888   -0.0335983   -0.0336645    -0.111377    0.0163741   -0.0493565    -0.107445    -0.135078   -0.0796607    -0.118324   -0.0175985   -0.0846895    -0.046574    -0.101007    -0.120897     -0.14059   -0.0174968    -0.173172    -0.199226   -0.0587935   -0.0173213    -0.109602  0.000491095   -0.0179307    -0.142084    -0.134789   -0.0751015  -0.00597778    -0.104333   -0.0656219    -0.139468   -0.0142774   -0.0526814   -0.0899943    -0.015468   -0.0586944    -0.061042   -0.0845708   -0.0906368   -0.0600694   -0.0684823    -0.089401     -0.12896   -0.0418766     -0.17179   -0.0559413   -0.0192924   -0.0132181   -0.0857213    -0.099787   -0.0941852   -0.0198017    -0.141144    0.0106296   -0.0159222
  -0.0532818   -0.0862304    -0.070871     -0.14096  -0.00526303   -0.0447267   -0.0096334   -0.0555459    -0.149039    -0.150953    -0.081451   -0.0777501    -0.121617    -0.056534     -0.12374   -0.0765154    -0.161003   -0.0348591    0.0491855   -0.0442626     -0.14212   -0.0442637    -0.101355     -0.16067   -0.0688027   -0.0903735    -0.032391   -0.0548612   -0.0399044    -0.115954     -0.15769   -0.0882154   -0.0753146    -0.104317   0.00755674   -0.0888477    -0.104599   -0.0487447   -0.0715037    -0.036522    -0.097578    -0.119731    -0.144967    -0.161051    -0.101611   -0.0374289   0.00895176    -0.132663   -0.0397144   -0.0945714   -0.0228033   -0.0152895   -0.0784825     -0.08988    -0.129529    -0.108466   -0.0672754   -0.0983096   -0.0555312   -0.0242922
  -0.0124805    -0.125668   -0.0854531   -0.0117237   -0.0276781     -0.10501  -0.00171869    -0.124655    -0.157573   -0.0437044    -0.100094   -0.0774393    -0.136847     -0.10587   -0.0670676    -0.127674    -0.129806   -0.0803141   -0.0985055   -0.0565388   -0.0795358   -0.0384758     -0.04489    -0.115321   -0.0219315   -0.0587175    -0.130588    -0.113458    -0.119706   -0.0323386   -0.0287355   -0.0661866    -0.134697    -0.128833    -0.129639   -0.0896123   -0.0368571   -0.0787453   -0.0516958    -0.115898   -0.0301601   -0.0893131   -0.0665191    -0.036668   -0.0966494    -0.122562    -0.121135   -0.0455083    -0.143415    -0.125435    -0.113786   -0.0995374   -0.0713312   -0.0224115    -0.080886    -0.090852   -0.0868859   -0.0967381    -0.133867    -0.113188
