no weights
    0.214354    -0.402475   -0.0670984    0.0700274     0.316593     0.294412    -0.358615     0.124425     0.225047      0.24919     0.683665    -0.308663    -0.253492     0.532034     0.290215     0.426968     0.422417    -0.160558    -0.188051    0.0176645    -0.126795    -0.045692     0.501112    -0.479938   -0.0677754     0.355802     0.539786     0.781813      0.60921    -0.305343    0.0499088     0.100093      0.22829     0.309894     0.165994  -0.00033289    -0.305753     0.638253     0.258122      0.22274     0.746496   -0.0922829    0.0786328    -0.470149      -0.3042    -0.169288    -0.265231    -0.115406
   -0.193651    -0.279239    -0.164467   -0.0758615    0.0734464     0.363965    -0.222527    0.0417395   -0.0357607     0.113478     0.192503     0.198672   -0.0311933     0.090205    0.0392443     0.265882    -0.497898     0.203449   -0.0621908     0.113837     0.117326    -0.543942     0.590479    0.0718418   -0.0742509   -0.0624934    -0.855773   -0.0119551    0.0949413     0.582726     0.122156     -0.91508     0.032083    -0.240635     0.183034     0.530653    -0.284032     0.178347    -0.175339     0.150614     0.283769     0.344977   -0.0421901    -0.202996     0.249306     0.188015     0.259663    0.0950843
    0.360514    -0.187585     0.034467    -0.184448    -0.237425    -0.184236    -0.280385     0.255316     0.205324     0.296832     -0.38621     0.377381     0.140847    0.0184378     0.396765     0.481244    -0.501422     0.825272    -0.143819     0.168238    -0.285348    -0.137967    -0.370656     0.687406    -0.214151     0.129088     0.423961     0.331798    -0.406023      0.36271    -0.156272    -0.201057     0.556398     0.515874    -0.201066    0.0441013     -0.57193     0.270004    0.0793352     0.414153     -0.15367     0.076107     0.321577     0.350741    0.0513448     -0.21214     -0.34728     0.715389
    0.109095    0.0623112     0.329336     0.213342     0.165423     0.430453    -0.232792     0.224271     0.143577   0.00858569    -0.609525     0.678404     -0.16465    -0.166374   -0.0934629    -0.229634   -0.0890182     0.212763     0.137929   -0.0639338      0.42539    0.0903532    -0.177296     0.403544   -0.0688535   -0.0307665    0.0575588   -0.0582135     0.178019    -0.205842    -0.223072    -0.041454    -0.409246    -0.231864    0.0998723    -0.324111    -0.017786    -0.234987    -0.715892    -0.358795    -0.546512       0.1435     0.150019     0.487542      0.29301     0.326408     0.218486    -0.220478
     0.61079    -0.715821    -0.545001    -0.458623   -0.0211118     0.521773    -0.280678     0.114091     0.211985    0.0571269     0.287043     -0.11729     0.110649     0.251795     0.222845    0.0575085    0.0428931   -0.0382376     0.289593     0.173181    -0.112098    -0.731498     0.456452   -0.0652819     0.174497     0.318367    0.0312118     0.374309     0.681728    -0.282005     0.259773    -0.821996     0.720933    -0.447573     0.400471    -0.140583    -0.237768     0.119821    -0.275716    -0.436845     0.216532    -0.100993     0.515969     0.031142     0.207439     0.255528    0.0216761     0.412492
    0.134615    -0.317166    -0.526639    -0.330797     0.127365    -0.312147     0.101302    -0.159363  -0.00637889   -0.0548708      0.14457     0.373056     0.462794    0.0759486   -0.0375231    -0.219241   0.00179878     0.589159     0.109439     0.415483    -0.271841     -0.59638     0.119561     0.360909     0.296651     0.292878    -0.298866     0.351474     0.327778   -0.0282938     0.302584    -0.273328      0.26754     0.175703     0.417681    0.0744271    -0.190959   -0.0118321    -0.111854    -0.238762     0.221535    0.0205621     0.366578     -0.22093   -0.0334185    -0.244687   -0.0514354    0.0862496
    -1.02947   -0.0370385     0.333136     0.297039   -0.0186809    -0.437331     -0.33878     0.240731     0.284675     0.369196     0.111887    -0.328789    -0.391024     0.135673     0.230325   -0.0182811    0.0183863    -0.109129     0.045094    -0.494895    0.0149549    -0.596068    0.0314967     -0.10392    0.0449336    -0.255729     0.299629     0.126774     0.505233    -0.393707   -0.0119255     0.206089     0.198339     0.774976     0.662367    -0.222898     0.268487     0.264347    -0.109126     0.357069     0.975073    -0.241394     0.223808    -0.262034  0.000654474      0.32033      0.42856     0.497019
   0.0260014    -0.151385    -0.351688    -0.139537   0.00769017     0.267218     0.109807    -0.480464    -0.267805     -0.13271      0.11113   -0.0846562     0.267358     0.439428    -0.504679     0.257668    -0.302487      0.21607    -0.237362     0.711539     0.357619     0.451865     0.622217    0.0942777    -0.234777   -0.0657331     -0.92983     0.564082    -0.239477     0.539134    -0.164956    -0.115608    -0.206277     0.382541      0.12713     0.382746    -0.311546    -0.136122    -0.280469     0.239469    -0.148237     0.450244     0.105309    -0.553579    0.0229827    -0.386173      0.12907   -0.0780668
    0.192994   -0.0257052   -0.0825095    0.0717479     0.109273     0.382526   -0.0853182    0.0379328    -0.181502     0.281681     0.242831    0.0882612   -0.0999445     0.135771     0.110321     0.180174     0.337719     0.183733    -0.264185     0.472064      0.32763     0.522807     0.578619    0.0728049    -0.236038    0.0384515   -0.0963814     0.235621    0.0703399     0.182096    -0.159403     0.516609   -0.0406688     0.342964      0.29785     0.164313    -0.348926      0.28062    -0.340908     0.072306     0.261238     0.221486     0.304482    -0.812806    -0.793513      -1.0126    -0.514736   -0.0615666
   -0.342227    -0.266851    -0.428366     -0.60598    -0.759961    0.0148595   -0.0654861     0.361266     0.266285     0.104778    -0.191533     -0.48796      0.14168    -0.105965     0.471293    -0.109958    -0.450307    0.0721259     0.347655    0.0346322     0.141496    -0.464824     0.156725    -0.197331     0.630651    -0.285875     0.137091    -0.459881     -0.20954    0.0379173     0.551409   -0.0882897     0.667709    0.0526199     -0.15308      0.31393     0.246642   -0.0168489     0.120497    -0.302644      0.10085     0.252571     0.396637     0.369116    -0.122183     0.250013     0.207586     0.683498
    -0.24504    -0.163804    -0.156637   -0.0629765    -0.102579   -0.0661103     0.139988   -0.0104522    0.0516471     0.216466     0.356021     -0.79433   0.00881941     0.157211     0.213104     0.202335   0.00660102    -0.421641     0.204486     0.166659     0.186198    0.0858105     0.341486    -0.574974     0.306202   -0.0636857    -0.106945    0.0967831    0.0391739    -0.304274     0.313168     0.153312    0.0422187     0.542689    0.0663963   -0.0807373     0.348843   -0.0860157     0.211479      0.14251     0.413696    -0.105536     0.426253    -0.302795    0.0630196     0.201096     0.246079      0.46706
   0.0225784    -0.232897  -0.00326839    -0.374531    -0.684583    -0.411977     0.299269     0.281199     0.144909     0.104049     0.295302    -0.476674     0.186189    -0.261257     0.341535     0.349146    -0.146825    0.0955732   -0.0118524    -0.290053    -0.383412    -0.306217    -0.267938   -0.0571427   -0.0372383    -0.283219     0.366895    -0.247954    -0.470886     0.121212    0.0766077     -0.58216     0.805624     -0.13086    -0.254655    -0.214636    0.0705995     0.497697     0.959106     0.720264     0.506856    -0.354382    -0.203087      0.39025     0.220288     0.480722   -0.0983307     0.422933
    -0.41094    0.0142705    0.0831816    0.0369027    -0.217992    -0.133729     0.140868    0.0463068    -0.176169     0.165386     0.185294    -0.228366     0.110491   -0.0234464    0.0730977     0.162885    -0.219171    -0.239874    0.0298157    0.0784708     0.256239    -0.130246     0.436023    -0.274655     0.213508    -0.505299    -0.591206    -0.401312   -0.0526811     0.107565     0.174652      -0.4977     0.264804    -0.150709     0.159034     0.124165     0.316991     0.151597    0.0349038     0.194247     0.483849   0.00683902     0.197337    -0.329985   -0.0150633     0.268191     0.306821     0.272501
   -0.283568   -0.0884915     0.166237   -0.0333472    0.0256822   -0.0392086    -0.133804   -0.0286792     0.128016   -0.0208926     0.449189      0.15866    -0.122481    -0.177608     0.122724    -0.070073     0.586184     0.205372    -0.675751     0.611148    -0.117269     0.339402     0.243569     0.106173     -0.37328    0.0977435     0.452509     0.106907    0.0176119    -0.065039    -0.389796     0.430368     0.662106     0.359266     0.339172   -0.0709938    -0.805356     0.662272     0.572832     0.326946     0.499821    -0.257636    -0.614961   -0.0534121    0.0152773    -0.192647    -0.693504    -0.165381
  0.00393785     0.327958   -0.0961502    0.0644714    0.0574714    -0.148591      0.10242    -0.151364    -0.198191     0.227598   -0.0899613     0.341297    0.0898377     -0.05326    -0.109013     0.071866     0.175319      0.55879    -0.169784      0.66735    0.0943986     0.601954   0.00258396     0.569449    -0.169462    0.0278555    0.0259731     0.146252    -0.166097      0.45261   -0.0947461     0.610598    0.0224309     0.445616    -0.088067     0.624124    -0.314636     0.157691   -0.0354547      0.29964   -0.0861609     0.389501    -0.549779    -0.431168    -0.670465    -0.934326    -0.210278    -0.614548
    0.330128     0.431504     0.297233  -0.00541205    -0.353807    -0.535926     0.399224     0.113111   -0.0510971   -0.0931108    -0.674105     0.373782      0.34333    -0.540166    -0.258582    -0.347796    -0.236574     0.416305   -0.0222854     0.428762     0.312759     0.471711    -0.479985     0.314915     -0.15649    0.0210263       0.2231   -0.0909514    -0.494856    -0.203542    -0.214571    -0.278435     0.210996    -0.399125    -0.544973    -0.588714   0.00134514    0.0442164     0.193195     0.058796    -0.377988    -0.399772     0.270313     0.341554     0.172556 -0.000707874    -0.093519     0.208204
   -0.508052    -0.315201    -0.100266    0.0330377   -0.0259044    -0.131451    -0.322953     0.144794    0.0319082     0.448612   -0.0298135     0.430433    -0.265873   -0.0348831    0.0816834    -0.111403     0.292057     0.237639   -0.0730111    -0.165022   -0.0636469     -0.15074    -0.152568     0.272163  -0.00375482    -0.173581   -0.0265466    0.0383571     0.187783    0.0284185     -0.10443     0.270019   -0.0233733     0.379012     0.352279     0.139623   -0.0634383    0.0908217     -0.37505    0.0238761     0.316246     0.182603    0.0997678      0.16376     0.357982     0.317416     0.627693     0.337842
    0.315489     -0.38983    -0.116295    -0.261964  -0.00515374     0.389828    -0.290232     0.261012     0.210795     0.172459    -0.440505     0.463923     0.035627    -0.110115    -0.071403   -0.0989809    0.0434438     0.214041    -0.317288     0.533051     0.470978     0.509914    -0.034921     0.253706    -0.547688      0.16873    0.0816961     0.359422    -0.117253   -0.0553889    -0.667099   0.00770245   -0.0985928  -0.00715702    -0.150369    -0.185012    -0.433568    -0.120264    -0.323283    -0.251348    -0.614256     0.175694     0.172128      0.48453      0.83417     0.448314     0.260295    0.0787256
    0.632533    0.0481758    -0.116919   -0.0717881     -0.18545   -0.0938273     0.329998    -0.274889    -0.394568   -0.0843857     0.580287   -0.0588501     0.315669    0.0298093    -0.133818     0.242406     0.428146   -0.0451439    0.0539643   -0.0209773    -0.525415  -0.00334102      0.12777    -0.061231    0.0806819    0.0949066     0.154855     0.169906    0.0868358    -0.247881     0.168032     0.366788    -0.132622     0.376981    0.0211566    -0.356771     0.202833     0.433855     0.165719     0.222721     0.524867    -0.496267      1.11578    -0.607468    -0.403047    -0.417279    -0.286706      1.09035
   -0.348891     0.832019     0.935881     0.629309     0.573855    -0.413771     0.105332       0.1789  -0.00549071     0.152603   -0.0244965     0.168159   -0.0920639    -0.346891    0.0911994    0.0567194    0.0542541     0.125412    -0.159144    -0.125893     0.103998     0.224925    -0.174923     0.301651    -0.101467   -0.0299143   -0.0200365     -0.30444    -0.142478     0.183625    -0.109673     0.123751     0.161089    -0.140233     0.118022     -0.09747      -0.2347    0.0443867      0.35078     0.291396   -0.0367068    -0.158289    -0.656524    0.0349738   -0.0688859    -0.144382    -0.314796    -0.904641
    0.142035      0.18363     0.184999    -0.075398    -0.317706     0.772408    -0.223991     0.452668     0.146954   -0.0174063     0.136249    0.0489895   -0.0533226    -0.286254     0.488678    -0.079679     0.292096    -0.160831    -0.280675     0.500146     0.748537     0.524188      1.04605    -0.474136    -0.345225    -0.511021     0.426562    -0.951982    -0.203304     0.135528     -0.34965     0.264025     0.319078    -0.338075      0.28116   -0.0423826     -0.11461     0.470243     0.140545    -0.235075     0.241644     0.104241     0.125806     0.244684     -0.39577   -0.0537667    -0.611924     0.223566
   -0.033045     0.566622     0.699378     0.535474     0.525547     -0.68273      0.23959  -0.00405608    -0.071851    -0.270929   -0.0802059    0.0160161     0.130099    0.0253871    -0.381116    -0.267379     0.266509    -0.237643    0.0280729    -0.205311     0.345465     0.225838   -0.0927111      -0.2126    -0.182455   -0.0532471     0.271252     0.244203       0.1267    -0.556094    -0.400749    -0.352904    -0.113569    -0.404842     0.144688    -0.920795     0.264458    0.0664629    0.0104245   -0.0743787    0.0460038    -0.465967     0.215662     0.236416    0.0883413     0.282819    0.0388576    -0.419003
    0.351718    -0.211425    -0.218379    -0.109754   -0.0266091    -0.357561    -0.212258   -0.0427784  -0.00259001     0.447337    0.0053296     -0.43124    -0.154216   -0.0134897    0.0108923     0.121408     0.285664    -0.291236    -0.188116     0.107545    -0.432763     0.145014    -0.444981    -0.407654   -0.0545617     0.196196     0.399561      0.63432    0.0786887    -0.784712   -0.0928145     0.613894    0.0802528     0.837546    -0.149699    -0.519968  -0.00963825   -0.0219986   -0.0772996      0.16783     0.227433    -0.493392      0.46703     0.188248     0.259766     0.255423     0.676714     0.525853
     0.43148    -0.149099    0.0301451     0.059467    -0.216468     0.530359    0.0542408      0.14883     0.111363    -0.182796     0.279903    0.0582187    -0.140894     0.204092    0.0936745     0.218003     0.376162    -0.250017     0.327782    -0.863356    -0.410242    -0.274553    -0.338254     0.205958   -0.0126673  -0.00692849     0.357824    -0.230099    0.0672001     -0.01861  -0.00941079   -0.0740854    -0.228227    -0.523132    0.0235033    -0.324958     0.293198     0.258524     0.226859     0.152356    0.0489075    -0.124159     -0.20171     0.413535     0.405749     0.460559   0.00816505    0.0877495
    0.468729    -0.470721    -0.234646    -0.329262   0.00133044    -0.112489    0.0379756   -0.0368726      0.18718    -0.116016     0.111615   -0.0161549    0.0849119     0.306495      0.15467     0.250626     0.122028    -0.256811    0.0233211    -0.324218    -0.633769    -0.295537    -0.701979     0.110455    -0.195069     0.411584     0.231684     0.335294       0.0706   -0.0654622    -0.205425    0.0297705     0.282081   -0.0161163    0.0363771    -0.148027    0.0449025    -0.600551     0.174654     -0.18963    -0.636006    0.0640754   -0.0477272     0.687343      1.05988     0.884702     0.367998     0.192272
    0.142218   -0.0761053    -0.252039    -0.442565    -0.558578     0.103709     0.221999    -0.047564    0.0559844    -0.384503    0.0114879     0.370486     0.166506   -0.0155342   -0.0429952    -0.128586     0.287926     0.319301     -0.25662     0.296421   -0.0561299     0.345325    -0.118935     0.293425    -0.305887   -0.0443847     0.544996    -0.303218    -0.447237      0.52121    -0.436756     0.390977     0.590991    -0.173467    -0.123634      0.32421    0.0959617     0.127729     0.629234    0.0145319   -0.0792903     0.403989     -0.27916     0.370803   -0.0961101    0.0253397    -0.481039     0.191173
    0.276418    0.0307587    0.0333764     0.117526     0.219969     0.119087     0.339847    0.0877897      0.10352    -0.213063     0.539836    -0.603767    0.0702975     0.335941     0.233132    -0.127771     0.672641     -1.22804     0.212156    -0.166367    0.0111616      0.15064      0.01742    -0.839006    -0.100382     0.176273     0.159558    -0.161443     0.295554    -0.603589    -0.279391     0.324347    -0.146828    -0.492783     0.100894    -0.541564     0.565804    -0.154975    0.0187843    -0.511315    -0.144449   -0.0763707    -0.135799     0.386266     0.371646     0.351868     0.182224    -0.198421
    0.501018     0.352474    0.0637493     0.335459     0.205613     0.243572     0.147209    -0.126347    -0.275472     0.226729    0.0253108    -0.129705    -0.165278     0.140405   -0.0438497     0.378343 -0.000888203    -0.474855     0.367144    -0.494984    -0.259466     0.172565    -0.326785    -0.124962     0.299355    0.0107583    -0.496077   -0.0329878    -0.173424    0.0257434      0.40202     0.600204     -1.22412     0.375228    -0.390288      0.24516     0.473319   -0.0485126    -0.251892     0.161174    -0.239442     0.118319    0.0806436    -0.266033    -0.275968     -0.18285     0.601912    -0.068257
    0.764515    -0.212482    -0.347755    -0.485098    -0.196585     0.958718     0.352498     0.201419     0.143933     -0.22423     0.628586    -0.170164  -0.00219775     0.229471     0.299105   -0.0356696     0.546974    -0.418348    0.0135364     0.210389     0.599256     0.448164      0.59667     -0.12435  -0.00595009     0.170264    0.0856718    -0.280704    0.0868196     0.339093    0.0287692     0.191142   -0.0355986    -0.619338     0.147898     0.308783    -0.101972     0.160135      0.54138   -0.0671607      0.02769     0.229038    -0.838341   -0.0191856    -0.307609    -0.458955    -0.589835    -0.922261
    0.391116    -0.168464    -0.303719     -0.26872     0.210164    0.0205366    0.0982845     0.120036    0.0825387     0.303675    -0.011599     -0.13043    0.0319462     0.103157     0.349235    0.0881088    0.0230546    -0.232059     0.348758    -0.173357    -0.169303    -0.223726    -0.427333     0.164428     0.400211     0.325047    -0.184873   0.00263408     0.237248   -0.0846555     0.374371     0.129546     0.177427   -0.0611456     0.119592     0.156869      0.16465    -0.981645    -0.343152    -0.442541    -0.729281     0.310013     0.213831       0.3597      0.45431     0.326713     0.637184    0.0691844
    -0.31978     0.247534     0.475998      0.41522     0.373603     0.120009    -0.048886   0.00746281      0.21467   -0.0449995    -0.217924    -0.276601   -0.0412689   -0.0419207   -0.0578257   0.00321471     0.119608    -0.404424    -0.308292     0.524525     0.430391     0.799699     0.076845    -0.447829    -0.283235     0.168942      0.21155     0.173064    -0.232248    -0.262796    -0.376305     0.178703      0.27325   -0.0914462    -0.216399    -0.318203    -0.223127   0.00168336     0.130646    0.0658982    -0.427533    -0.121893    -0.438223     0.384065     0.564486     0.347413    0.0375754    -0.365474
    0.186945    -0.146341    -0.421776    -0.640006    -0.843325    -0.512566     0.672192     0.215835     0.066445    -0.281828    0.0817225   -0.0219322     0.583512     0.109993   0.00262386    -0.206145    -0.097297      0.30925   -0.0386424     0.461907     0.597759     0.323898     0.116849   -0.0217728   -0.0592961    0.0851113     0.302535     0.103791    -0.297331     0.199443     -0.16909    -0.460025     0.230992    -0.627374    -0.425866   -0.0903134     0.339818     0.155371     0.550448     0.154129    0.0992026    0.0562265     0.225712   -0.0302994    -0.153785    -0.232827    -0.220669    0.0364608
   -0.689775   -0.0992864    -0.276366    -0.416441    -0.399019    -0.938795     0.649526     0.174268     0.114999    0.0143879     0.262738    -0.249426     0.413798     0.091807     0.243461    -0.112018     0.143819     0.306729     0.283829    -0.202766    -0.105508    -0.292616    -0.365876     0.061772     0.546804    0.0220756     0.042545   -0.0136176   -0.0424656     0.015073      0.41414     0.151535     0.327382     0.093289      0.12233   0.00769302     0.345938    0.0381867     0.458825     0.264354     0.429401   -0.0151309    -0.209199    -0.145711   -0.0259843  -0.00938468     0.137901    0.0957072
    0.613698     0.143449   -0.0852226     0.107861      -0.3814    0.0380411    0.0635015    -0.459004    -0.340707    -0.232688    -0.116047   -0.0157056    0.0448985     0.283062    -0.552952     0.344651    0.0649299     0.202323     0.217353    -0.275912    -0.494612     0.184694    -0.449734     0.126657    -0.103644   -0.0598636    0.0346499     0.533474    -0.383749    -0.100192    -0.026701     0.803396    -0.927454     0.659271    -0.301752    -0.286367     0.391354     0.300564    -0.226571     0.289581   -0.0311861    -0.117504      1.16423    -0.579584    -0.435361     -0.44191    0.0596965     0.898581
   -0.169249    -0.149618     0.318679     0.189429    -0.135536     0.992627     -0.80566     0.190093     0.313938     0.121762    -0.072097     0.362102    -0.694637     0.205712     0.453333     0.646786    -0.386209   -0.0064536    -0.159889    -0.633197     -0.21727     -0.37869     0.144645     0.153908    -0.521725    -0.333833     0.140649    -0.219033    -0.143988      0.73305    -0.343462   0.00474216     0.169724     0.130565     0.139907      0.82785    -0.194121     0.124533    -0.346534    -0.021546    -0.312852     0.943435    0.0092437     0.247204     0.212096     0.431358    0.0681925     0.349963
   -0.136361      0.53479     0.780434     0.588212     0.359039    0.0128216  -0.00416813     0.203142     0.148634   -0.0807314   -0.0478896    -0.204405   -0.0547144    0.0801823   -0.0228924     0.241424   -0.0478095    -0.223566   -0.0694795    -0.125798     0.374067      0.29084     0.208486    -0.365755    -0.274651     0.114825     0.455057     0.202799  -0.00522837    -0.278819    -0.158034    -0.444099    0.0553075    -0.166284    -0.248149    -0.490884   -0.0960569     0.409429     0.362741     0.372557      0.23567     -0.46474   -0.0467681   -0.0082597    -0.092338   -0.0297072    -0.329793    -0.114541
   -0.605968    0.0528233     0.321741     0.279383     0.155377     0.101006    -0.242332     0.473881     0.245209     0.242036    0.0735413     0.562883     -0.46574    -0.102262     0.267086   -0.0782542     0.197136     0.342701   -0.0479699    -0.789877    0.0615827    -0.387794   -0.0677058     0.425594     0.218619   -0.0698594     0.378147    -0.452983     0.532642     0.300845     0.308769    -0.187697   -0.0988228    -0.486756     0.392696     0.267274    -0.189025     0.346213     0.347443     0.286866     0.222778    0.0984725     -1.10726     0.365813    -0.148257     0.225678    -0.162211     -1.15118
    0.996406     0.120064     -0.29946   -0.0993946    -0.238914     0.962981    -0.229908    -0.390029    0.0678636    -0.601092    -0.135028    -0.143492    -0.148598     0.433584     -0.45999   -0.0107536      0.14033    -0.143421     0.403253    -0.298276    -0.267724   -0.0360352   -0.0676773    -0.102099     0.129792   0.00459625     0.473099   -0.0369051    -0.122489      0.13995     0.277439     0.201023    -0.185951    -0.540532    -0.218015     0.187764     0.170414      0.20509   -0.0955425    -0.364646    -0.337082     0.283128     0.255498      0.40833    -0.519086    -0.177999    -0.211034    0.0252718
   -0.565857    -0.182438    0.0770528    0.0388284    0.0347748    -0.313317   -0.0748694     0.107953    0.0705398     0.311109    0.0516143     0.264969    -0.131952    -0.150063     0.251929     0.114663     0.135066     0.121005     -0.34749    0.0349523    -0.464339    -0.201592    -0.441627     0.259305    -0.230385    -0.103612    -0.270801   -0.0929181    -0.212805    0.0806681    -0.317063     0.410841     0.306846     0.593793     0.251655   -0.0124503    -0.205579   -0.0616591    0.0722896     0.193384    -0.120967  6.27333e-05    -0.471568     0.370798     0.935352      0.53889     0.411787      0.23841
    0.495701    0.0746813    -0.332656    -0.208251   -0.0516084      0.20377     0.202786    0.0205692   -0.0153576    -0.198382   -0.0372561    -0.260221     0.506042     0.145069   -0.0988579    0.0242026    -0.489364      0.30775     0.668485    0.0306125     0.167876    -0.589107     0.345014     0.182923     0.570225    0.0677837    -0.277755    0.0200154    0.0625826     0.153576     0.711533    -0.779677     0.125072    -0.452004    0.0437411   -0.0734132    0.0474531     0.104163   -0.0403428   -0.0657159    0.0422666    -0.144045     0.542791    -0.013633    -0.455351    -0.458159    -0.320486     0.205193
   -0.819433    -0.108373     0.200167     0.205777     0.152493    -0.392527    -0.276293    -0.135905   -0.0672897     0.218807     -0.33291     0.958468    -0.121793   -0.0923631    -0.175123    -0.311095     0.067673     0.804972     -0.38399     0.514236     0.316371     0.253797     0.183467     0.592949    -0.042883   -0.0149095   -0.0784758     0.424371     0.339023    0.0738267    -0.301558     0.521594    -0.505473     0.899637     0.254018    0.0689289    -0.296178     0.223651     -0.50403   -0.0186713     0.290986     0.156216     0.273051    -0.439617    -0.135983    -0.210785    0.0326269      0.13654
   -0.519641    -0.185574    -0.125365    -0.139106      0.15563    -0.667738     0.206367     0.451927     0.191579     0.760326     0.154437    -0.318906    0.0165006    -0.292366     0.572579     0.128045    0.0562463    -0.174762    -0.112912    -0.105395  -0.00666482   -0.0358254    -0.550442    0.0739658     0.163897     0.226768    -0.484533   -0.0682738   -0.0232234    0.0430542     0.115686   0.00838048    0.0420309     0.227741    0.0273899     0.281848    -0.126685     -0.40932     0.257175     0.377454   -0.0631716    0.0889596     -1.12779     0.194562     0.605435     0.201914     0.792551    -0.849254
  -0.728808   -0.924187    -0.26248  -0.0149768   -0.977053   -0.457476   -0.409451   -0.700758    -0.44771   -0.395267   -0.561289   -0.420874   -0.592354   -0.351983    0.592285   0.0161969    0.195776  -0.0556055    -0.55605    0.197752   -0.563231  -0.0947123   -0.452309    0.177855     0.24214    0.461044   -0.109838   0.0175456   -0.374364    0.180573   0.0621392   -0.286277    0.256029  -0.0876115   -0.108637   -0.439416    0.454964    0.119204    0.177399    -0.79234    0.259875    0.277373
 -0.0528261   -0.655432    0.579637   -0.150539  -0.0758823   -0.807766    0.137887    -1.24316   -0.927321    0.412922   -0.368112    0.932096   -0.517731    0.364471   -0.880277   0.0922748   -0.408187    0.249708    -1.15803    0.128909    0.366346   -0.148502   -0.135702   -0.116231    0.425167    0.138099   -0.155711    -1.47018  -0.0137414   -0.245979    0.339686    0.141516  -0.0731297    -1.35611    0.273295    0.219128    0.267842   -0.739243    0.113808   -0.719992    -0.64989   0.0740393
   0.244897     -1.2002   -0.759205   -0.855122    -1.30772    -1.03028    0.576001   -0.676362  -0.0623045    -0.54328   0.0616553    0.630874   -0.171364    0.538833  -0.0142869   -0.211169   -0.406148   -0.963047    0.474325    0.184429    0.170392    0.267224    0.227023   -0.033458   -0.943339   0.0856937    0.252644   -0.187468    0.102709    -1.26773  -0.0242956    0.290376    0.334671    0.247144   -0.812279    0.175431  -0.0676644   -0.474228   -0.316022    -1.03938   -0.415257   -0.200738
   0.647579    0.404839   -0.147498   -0.804924   -0.315504   -0.603599   -0.122514   0.0481755    0.181681   -0.694437   -0.226832    0.215574  -0.0734067    0.150993    0.111879    -1.01835    -0.51904   -0.837109    0.199975    0.261113    0.144347   -0.580304   -0.556602  -0.0732876    -0.92331   -0.378065   -0.795619    0.368229    0.347455   -0.810135   -0.358224   -0.744971   -0.823663   -0.105934    0.810149    0.279012    0.299288    0.280115   -0.441569   0.0428337   -0.692342   -0.317025
   0.309512   -0.117355   -0.402284   -0.774961    0.258463    0.241695    0.410703    -0.15619    0.213448   0.0753168    0.170993   -0.412212   -0.066887    0.803204    0.455863    -1.16818    0.239194   -0.670712  -0.0887784   -0.239403  -0.0452069   -0.977299     0.58372   -0.960227   -0.487961   -0.712809   -0.286125   -0.437193   -0.102091    0.216723   -0.465349    -1.04513 -0.00466922   -0.897615   -0.408118   -0.758963   -0.105393   -0.878752    0.310834   -0.521096    0.296992    0.578146
  -0.564406   0.0651964   -0.523611  -0.0155653   -0.315253   -0.633737   -0.778502    0.313002   -0.176517   -0.446359   -0.217818   -0.489774   -0.130948   -0.635624 0.000126003  -0.0790128   -0.498526    0.356352   -0.893038  -0.0477447    0.250519   -0.105961   -0.524551   -0.176098   0.0562467    0.149326    0.367358   0.0249191    0.509752   0.0759653     0.27489  -0.0860866   -0.866537   -0.521238    0.304172  -0.0840742   -0.616127    0.289087    -0.33217   -0.222436   -0.582191   -0.169229
   0.527584  -0.0300705   -0.372811   0.0565455    0.604418   -0.123496    0.337826   -0.588085   -0.627885   0.0886858  0.00257398    -0.68043   -0.621444   -0.706738   -0.689159    -1.13845     0.07635   0.0512196    -1.05998   -0.705971   -0.893426   -0.447737   0.0853937   0.0653694      0.4819   -0.581472    0.368325   -0.104977   -0.281215    0.254554   0.0962098   -0.817872   -0.370137    -0.65718    0.516237   -0.261566      0.3609    0.324555   -0.206447   -0.141775   -0.410073    0.196189
    0.19484   -0.997262  -0.0351274    0.399672   -0.756298   -0.848159   -0.787805   -0.785489    0.313607    -0.94662    -1.21279   -0.651536    -1.17875    0.653494    0.340038  -0.0821479   -0.407309    0.184271   -0.297852    0.282176    0.478451    0.100458   0.0468246  -0.0543397   -0.673398  -0.0108141   0.0150431   0.0385156    0.333364   -0.938887    0.238335   -0.873811    -1.20588   -0.132577    0.145906    0.161577     0.32128    0.646138   -0.527224     -0.7204   -0.119507   -0.744158
  0.0545523     0.06432   -0.190738   -0.649871   -0.785568   -0.079126   -0.298297    0.206472    0.305753   -0.373136   -0.239873   -0.147579    0.163281    0.323239    0.227122   0.0766793   -0.565716   -0.777403  -0.0707203    0.171438    0.329726   -0.207418   -0.754905    -1.06003    -1.12205  0.00252451    -1.10287   -0.346971    0.342121    -1.14245  -0.0491956    0.435544    0.199619   -0.537691   -0.823308    0.166385    0.225539   -0.520084   -0.735028   0.0971777    0.317272   -0.268013
  -0.830184  -0.0881908    0.500253     0.35935   -0.550994   -0.174792   -0.415691    0.349006    0.118717    -1.09821   -0.903219   -0.399354   -0.477416    0.369892    0.277549    0.217014   -0.236009    0.551315   -0.841336    0.322769    0.115227    0.103653   -0.607588   -0.517637   -0.648855   0.0281317    -1.01094    -1.01161   -0.189157   -0.773916      0.3236  -0.0410325   -0.551665   -0.729893   -0.338448    0.050191     0.22901   -0.825379    0.260145   -0.331686    0.320011  -0.0601552
  -0.724904   -0.233961    0.159188   -0.125582   -0.636587    0.163544    0.464426   0.0707217    0.348484    0.250454   -0.137041   -0.743004  -0.0446361   -0.418828    0.366358   -0.355091     0.11709   -0.812221    0.145808    0.148991   -0.313487   -0.567181   -0.528773   -0.780255   -0.457395    0.105948   -0.805273   -0.117987   -0.966929     0.28818   -0.647872   -0.690322     0.17203    0.272634    0.451595   -0.671726   -0.276682   -0.194752    0.115651  -0.0084764    0.266584   -0.494355
  -0.584187    0.165888   -0.333509   0.0389844   -0.423957   0.0265129   -0.388166    0.224344   -0.351645    0.251635   0.0490032   -0.543659    0.123369   -0.728759  -0.0877985   0.0732066 -0.00239383    0.184523   -0.672391  -0.0239259  -0.0452935   0.0738746   -0.562873   -0.728402   -0.492923   -0.186652    -0.47632  -0.0946003   -0.634045   0.0515473    0.138648    0.205888  -0.0332986   -0.442851   -0.151097   -0.137713   -0.186511   -0.293626   -0.239854    0.205216     0.35197   -0.187691
  -0.886349    -0.45755   -0.905768   0.0373772   -0.608585   -0.476499    0.181513   -0.926103    -1.05943   -0.159171   0.0266399   0.0457342    0.140019   -0.727187   -0.938169    0.253551   -0.287871   -0.505086   -0.639276      0.5136   -0.895491    0.646548  -0.0819868   0.0404958    0.250079    -0.88393    0.707632    0.281324   -0.892318    0.221238     0.38727   -0.679473    0.308042   -0.590814   -0.963204    0.191854  -0.0180173    -0.50185    0.216109  -0.0957293   -0.821903    0.475057
   -0.74111    0.177953    0.151146   0.0960425   -0.481056    0.105727   -0.662438   -0.196732   -0.666607    -0.14959   -0.571217   -0.436115   -0.127064   -0.591469   -0.264453    0.195623   -0.128568  -0.0856023   -0.410028    0.330463   -0.855918    0.176192   -0.521475  -0.0414999    0.247765   -0.270943   -0.441659    0.128838   -0.882553    0.113016   -0.612361   -0.355848   -0.348241    0.204265    0.176752   -0.484881    0.083686    0.234656    -0.19061    0.284004  -0.0955328   -0.163606
   -0.68636   -0.191046   -0.477951    0.161221    0.160141   -0.444589   -0.405115  -0.0569582   -0.610434    0.232197    0.237036   -0.395476    0.156636   -0.570773   -0.975991    0.252503    -0.37079    0.385847   0.0247877   -0.417707    0.280062    0.166423     0.01099   -0.174717  -0.0767907   -0.558094    0.252143  -0.0998605   -0.350109    0.073675    0.356266   -0.258154   -0.658643  -0.0793706   -0.548503    0.200927    -1.02667  -0.0536526   -0.384128    0.192001   -0.388712   -0.691247
  -0.346157    -0.57106   -0.859532   0.0627411   -0.375127   -0.313022   -0.614316       0.205    0.473189   -0.374612    0.105223     -0.7957   0.0124376   -0.697404   0.0325072    0.203495   -0.945392   -0.458196     0.11347    0.241836    0.404722    0.353366   -0.571253   -0.576152    -1.20284   -0.517595    0.182131    0.244609    0.367271    -0.30467    0.225725  -0.0427988   -0.676348    0.191299   -0.905595    0.290541   -0.926535    0.267463    -0.98659    0.400721   -0.295119     -0.8306
  -0.697642    0.196125    -1.02051  -0.0852827   -0.618927   -0.782413   -0.326846   0.0955552   -0.509425    0.359589    0.156011    -0.48266    0.199906   -0.773495    -0.51213   -0.526906   -0.214973   -0.287215   -0.887334    0.142523   0.0236791   -0.189357   -0.878427  -0.0442554   -0.414253   -0.414161    0.241175    0.211194    0.363029    0.151915    0.225835   -0.457454   -0.194426   -0.734682    0.402583   0.0187811    0.389754    0.131788   -0.397508    0.145511    -0.47349    0.164828
  -0.818488   0.0755681    0.168998   0.0834926  -0.0932663  0.00812169   -0.954641    0.332561    0.555956    0.182719   -0.364926   -0.776181   -0.109927   -0.456909    0.541791    0.288522   -0.374723    0.108771    0.085797   -0.924392    0.279964     -1.0854   -0.750359     -0.6247    -1.04806    0.314951    -1.27553   -0.226502    0.294927   -0.177939   -0.701966    0.324535     -0.4279    0.170452   -0.190894   -0.898251   -0.647527    0.182852   -0.932664    0.095018     0.47462   -0.956673
   0.315617   -0.240485    0.340822   -0.198015   -0.592031   -0.736143    0.440347    0.143106   -0.277936    -1.00336  0.00290683   0.0700407   -0.175618   -0.108599   -0.160565   -0.435742    0.118529    0.276294   -0.462279    0.107864    -1.16678  -0.0588471     0.95476   -0.469673    0.240093   -0.922279   -0.591664   0.0966564    -1.29771   -0.193521    0.319134   -0.931726    -0.56354  0.00161858    0.200479    0.170951   -0.264389    -1.33354    0.401977    -1.19344    0.298089    0.680711
   0.537568    0.391375    -1.03052    0.146218    0.535686   -0.153637    0.580706   -0.510573  -0.0866293    -1.09436   -0.409187   -0.545333  -0.0137488     0.54221   -0.965017     -1.1029    0.236397   -0.112051   -0.146208  -0.0397402    0.364777    0.249336   -0.502308    0.260629   -0.373088   -0.795155    0.314994   -0.705188  -0.0952998   -0.877907   -0.117702    -1.11913    -0.81099     -0.8245    0.359775   0.0363981    0.482439   -0.649467    0.109711   -0.756125    0.425659   -0.608835
   0.216819    0.117276   0.0035156   -0.989072    0.228005   -0.237294   -0.658493   0.0216927    0.131671    0.316301    0.164936  0.00871408  -0.0741645   -0.593806   -0.435157    -1.11849   -0.715687    -1.05886    0.463175    -1.03572   0.0388166    -1.27877   -0.720962    0.115714   0.0524026  -0.0839227  -0.0389021    0.164632    0.312132    0.137378   -0.773479   0.0324261  -0.0479259    0.269508     0.63533   -0.558718   -0.822651    0.195241   -0.626406    0.108452    -1.21869   -0.757263
  -0.767307   -0.439017  -0.0762077   -0.402663    0.296467   -0.109242   -0.288126   -0.734581     -1.1888    0.522067    0.151378    0.588808   -0.164519   -0.668779     -1.1584    0.341123   -0.291737   -0.317367    0.308769    -1.20116   -0.797584   -0.304563    0.740571   0.0427888    0.666776   -0.467077    0.465021  -0.0675662   -0.935816     0.23234   -0.496443   0.0764886    0.157654    0.315484   -0.934509    -0.78576    -1.34726  -0.0975504    -0.15759    0.118825    -1.08172  -0.0979528
   0.197415  -0.0682992   -0.712084   -0.237688    0.217929   -0.079779    0.494744   -0.825357    0.228692     0.33338  0.00538512   -0.183533     0.10851   -0.957515   -0.572962   -0.641816    0.104623   -0.469869    0.020643   -0.454181    0.478095   -0.103092   -0.145446   -0.159666   -0.659915    -1.13868    0.226611    0.150179    0.148573    0.169057    -0.92451   -0.109392   0.0847732   -0.755013   -0.745371   -0.334089  -0.0244851   -0.890236   -0.661377    0.302896    -0.56154    0.480094
   0.552019   -0.156182     -1.1639   -0.576143    0.306447    0.219422    0.400942    0.583106    0.138868   -0.455826   0.0781751   -0.905667  -0.0443603    -0.68182   -0.439931    -0.93472    -0.21177   -0.633854    0.297174   -0.977546   -0.817653    0.464079   0.0416367   -0.278329   -0.305419    -0.90673    0.331622   0.0368207   0.0838107    -0.11645   -0.724928  -0.0130014   0.0888193    0.430351    -1.12424   -0.324523   -0.922454    0.106677   -0.878028     0.20461   -0.288357   -0.761117
  -0.797723    0.482089   -0.100381   0.0730794   -0.872557 -0.00351003   -0.286745   -0.221137   -0.961161  -0.0766621     -0.7162   -0.307597   0.0306698   -0.630003  -0.0589839  -0.0592762   0.0778959   -0.333758    -1.13989    0.549113    -1.13061   -0.163308   -0.881156   -0.171232    0.123923   -0.164132   -0.774327 -0.00404567    -1.06991   0.0528239   -0.368963   -0.576373    0.161792   -0.872674    0.270752   -0.567903    0.629143   -0.495563    0.320218   0.0902583    0.297386    0.590683
  -0.214728   -0.516891  -0.0241602    0.356128   0.0393093    0.195587   -0.486009   -0.514009   -0.242188   -0.754798   -0.791053   -0.672313   -0.728273   -0.579682   0.0681828    0.321937   -0.670366   -0.301328    0.326294    0.328224   -0.960931    0.385118   -0.393615  -0.0662902  -0.0217121   -0.446515   -0.280918  -0.0357826   -0.440984     0.23919   -0.452564   0.0535701   -0.212329     0.22137   -0.779208    0.235529    0.245936    0.204583   -0.887366    0.303428   0.0828037   -0.543364
  -0.481895   0.0594835    0.325302   -0.660767   -0.937295  -0.0851085    0.396666    -0.32172   -0.377963   -0.148583   -0.237031    0.608301   0.0956152    -0.16401    0.118246  -0.0414939   -0.133195   -0.945717    0.264685    0.176803   -0.663892   -0.327515   -0.644762   -0.140014   -0.904772  -0.0187343   -0.906733    0.169306    -0.84913     -1.0057   -0.839962  -0.0542892    0.368581    0.338506   -0.259134    0.180469    0.399695   -0.457546  0.00642138   0.0702325    0.116954   -0.105187
   0.258128   -0.488574    0.399394  -0.0200952   0.0204852    0.135679    0.657575   -0.462231   0.0570456   -0.333352 -0.00189319   -0.461325   -0.466301   -0.431761   -0.171734    0.116907   -0.116347   -0.608953    0.332412   -0.213983   -0.808888    0.168046    0.478459   -0.336466   -0.375627   -0.568706   -0.669457  -0.0477361   -0.973223   -0.117059   -0.709506   -0.315457  -0.0363938    0.263646   -0.680429    0.146096     -0.7035   -0.256366   -0.624199  0.00603637    0.362372   -0.673139
  -0.746395   0.0847571   -0.673859 -0.00375485   -0.771714   -0.631171   -0.489894    0.225851   -0.477097   -0.607632   -0.367014   -0.519885    0.168165    -0.61426   0.0847853   0.0369337  -0.0338981    0.385081   -0.936435   0.0615156    0.117473    0.130454   -0.568761   -0.686337    -0.11115    0.176924    0.262007   -0.119357   -0.214365     -0.1808    0.433744    0.109153   -0.556377   -0.869159    0.255814  -0.0882744   -0.110324   -0.774534    0.264667    -1.09977     0.40089    0.293895
  -0.769319    0.198574   -0.159665   0.0895815   0.0218134   0.0121564   -0.989872   0.0464515   -0.663379    0.284741   -0.702029  -0.0869353   -0.341994   -0.425621  -0.0138829   -0.221979   -0.168733    0.047341    -1.36347   -0.781685    -0.66916    -1.42837    -0.68309    0.183334     0.43101    0.292219   -0.589812  -0.0509706    0.452136    0.184568   -0.687174   0.0809833  -0.0840171   -0.539833    0.152518    -1.22296    0.698954     0.19323   0.0458729  -0.0103996   -0.716283    0.580855
   -0.81044    0.187092    0.353648    0.134808    0.259223   -0.017235   -0.626814  -0.0617815   -0.767436    0.287419   -0.337183  -0.0401132   -0.127085   -0.482196   -0.767163   0.0295119    0.198304   0.0985215   0.0455458    -1.26244   -0.740192    -1.21913   -0.473697    0.097074    0.545985    0.137548   -0.960463    -0.22568    -1.09802    0.062323   -0.857069   0.0461037   -0.182943    0.556681    0.438048    -1.00103   -0.588984   0.0860307  -0.0729155  -0.0652813   -0.198067   -0.820624
    0.15391    -1.01699   -0.353532   -0.597207    -0.60315   0.0114429   -0.813564    0.373858    0.206742   -0.910328   0.0726904   -0.695514    -1.08059    0.461308    0.305125    -0.46163   -0.357852    0.199611    0.450973   -0.231856   -0.600624   -0.436427    0.707577   -0.576206    0.275809   -0.174819    0.125866    0.189635    0.212479   -0.169684    0.102728   -0.197699   -0.189428    0.848886    -1.08598   -0.501416    -1.04064   -0.564974    0.228201    -0.95965    0.113012    0.257972
   0.267573   -0.569544   -0.650355   -0.786715    0.333015   0.0786659  -0.0868028    -1.07305   -0.717759    0.212268  -0.0736702    0.758629   -0.145855    0.199538   -0.731649   -0.507908   -0.512828   -0.953255     0.14808   -0.186433    0.320711    0.190793   -0.233079    0.194346    0.356798    0.170719    0.280102    -1.00874    0.293822    -0.11677    -0.46847  0.00292194    0.102479    -1.06647   -0.876014   -0.121768    0.275374    0.122824   -0.472239    0.219015    -1.16167   -0.400768
   0.634545   -0.298115    0.767163    -0.72974    0.336457    0.172617    0.436228  -0.0729225    0.119377    0.413043    -0.13015    0.412166   -0.319999    0.614068   -0.136046   -0.261146   -0.176558   -0.183584    0.383062   -0.868731    0.348052   -0.494603    0.468284   -0.827582    -0.75596   -0.143857    -0.96513    -1.46366   -0.888405    -1.29332    -0.35235    0.181107   -0.254554    0.153794   -0.360799  -0.0965608   -0.999751   -0.506645   -0.366576  -0.0253146    0.244665   -0.987775
  0.0887355    -0.28825   0.0172439   -0.783586    0.803563    0.139523    -1.22141   0.0455169   -0.183698   -0.654636   -0.395651    0.473274   -0.471758    0.459438   -0.115825    0.304084   -0.675778   0.0993577  0.00829431  -0.0642372   -0.470222  -0.0386148    0.100789   -0.341069    0.345118    0.127883   0.0891872    -1.39281    0.287686  -0.0671096     0.36087    0.569423   -0.100001   -0.805857    -1.00323  -0.0197493   -0.915544   -0.555133   -0.109656   -0.188972      -1.282     0.22107
  -0.546208   -0.749203   -0.364491    0.116974   -0.623942   -0.788559   -0.040555   -0.848603    -0.59449    -0.55888   -0.368817     -0.4198   -0.466615   -0.563592   -0.980617   0.0298848    0.084137    0.269371     0.15308   -0.282493     0.25023 0.000957697    0.703961    0.287569    0.702763  0.00760016    0.289276   0.0529795   -0.698804    0.185476   0.0868286   -0.771115   -0.943719    0.461368    0.308589  -0.0905976   -0.588278    0.207968    0.137973   -0.941359   -0.251172   -0.784221
